6
6
6
6
6
6
6
6
6
6
6
6
6
6
6
6
6
6
6
6
6
6
6
6
6
6
6
6
6
6
6
6
6
6
6
6
6
6
6
6
6
6
6
6
6
6
6
6
6
6
6
6
6
6
6
6
6
6
6
6
6
6
6
6
6
6
6
6
6
6
6
6
6
6
6
6
6
6
6
6
6
6
6
6
6
6
6
6
6
6
6
6
6
6
6
6
6
6
6
6
6
6
6
6
6
6
6
6
6
6
6
6
6
6
6
6
6
6
6
6
6
6
6
6
6
6
6
6
6
6
6
6
6
6
6
6
6
6
6
6
6
6
6
6
6
6
6
6
6
6
6
6
6
6
6
6
6
6
6
6
6
6
6
6
6
6
6
6
6
6
6
6
6
6
6
6
6
6
6
6
6
6
6
6
6
6
6
6
6
6
6
6
6
6
6
6
6
6
6
6
6
6
6
6
6
6
6
6
6
6
6
6
6
6
6
6
6
6
6
6
6
6
6
6
6
6
6
6
6
6
6
6
6
6
6
6
6
6
6
6
6
6
6
6
6
6
6
6
6
6
6
6
6
6
6
6
6
6
6
6
6
6
6
6
6
6
6
6
6
6
6
6
6
6
6
6
6
6
6
6
6
6
6
6
6
6
6
6
6
7
7
7
7
7
7
7
7
7
7
7
7
7
7
7
7
7
7
7
7
7
7
7
7
7
7
7
7
7
7
7
8
8
8
8
8
8
8
8
8
8
8
8
8
8
8
8
8
8
8
8
8.41421
8
8
8
8
8
8
8.41421
9.41421
8.41421
8
8
8
8
8
8
8
8
8
9.41421
9
9
9
9
9
9
9
9
9.41421
9
9
9
9
9
9
9
9.41421
9
9
9.41421
9
9
9
9
9
9.82843
9.41421
9
9
9
9
9
9
9
9
9
9
9
10.4142
10
10
10
10
10
10
10
10
10
10
10.4142
10
10
10
10
10
10
10
10
10
10.4142
10
10.4142
10
10.4142
10.8284
11.8284
10
10
10
10
10.4142
10
10
10
10.8284
10.4142
10
10
10
10
10
10
10
11.4142
11
11
11
11.4142
11
11
11
11
11
11
11
11
11
11.4142
11.8284
11.4142
11
11.4142
11
11
11
11
11
11
11.4142
11
11.4142
11
11
12.2426
13.2426
39.7279
40.7279
41.7279
42.7279
11
11
11
11
11
11
11
11
11
11
11
11
11
11
11
11
11
11
11
11
11.4142
11.8284
12.8284
11
11
11
11
11
11
11
11
11
11
11
11
11
11
11
11
11
11
11
11
11.8284
12.2426
11.8284
11.4142
11
11
11
11
11
11
13.8284
12.8284
12.4142
12
12
12.4142
12.8284
12
12
12
12.4142
12.8284
13.8284
14.8284
15.2426
14.2426
13.2426
12.8284
12.4142
12
12
12
12.4142
12.8284
12.4142
12
12.4142
12
13.6569
14.6569
15.6569
26.8995
27.3137
28.3137
29.3137
30.3137
31.3137
32.3137
33.3137
34.3137
35.3137
36.3137
37.3137
38.3137
39.3137
42.3137
43.3137
44.3137
45.3137
46.3137
47.3137
12
13.2426
14.2426
12
13.2426
13.6569
14.2426
13.2426
12.8284
12
12.4142
12
12
12.4142
12
12
14.2426
13
13
13.8284
13
13
13
13
13
13
13
13
13
13
13
13
15.2426
15.6569
13.4142
13
13
13
13
13
13
13.8284
13.4142
13.4142
13
16.0711
25.8995
46.8995
13
13
13
13
13
14.6569
13
13
13
13
13
13
13
14.6569
14.6569
13
13.4142
13
13
13.4142
13
15.6569
15.2426
14
14
14
14
14.8284
15.2426
14
14
14
14
14.4142
14
15.6569
16.6569
17.6569
18.6569
19.0711
18.0711
17.0711
16.0711
14.4142
14.8284
14
14
14
14
14
14
14
14.8284
14.4142
14.4142
14
14
16.4853
17.4853
18.4853
19.4853
20.4853
21.4853
22.4853
23.4853
24.4853
25.4853
46.4853
47.4853
48.4853
14
14
14
15.6569
16.0711
17.0711
14
14
14
14
15.6569
16.0711
17.0711
18.0711
19.0711
19.0711
18.0711
17.0711
16.0711
15.6569
14
14
14.4142
14
14
14
14
14.4142
14
14
17.0711
16.6569
15
15
16.2426
16.6569
17.6569
15.4142
15.8284
16.2426
15
15
15
15
15
15
15
15
15.8284
16.2426
15.8284
15.4142
15.4142
15
48.8995
49.8995
50.8995
51.8995
15
15
17.4853
18.4853
19.4853
20.4853
21.4853
15
15
15
15
15
19.4853
20.4853
21.4853
22.4853
22.4853
21.4853
20.4853
19.4853
15
16.8284
15.8284
15.4142
15
15
16.8284
15.8284
15.4142
15
21.4853
20.4853
19.4853
18.4853
18.0711
16
16
18.0711
19.0711
20.0711
16.8284
16.4142
17.2426
17.6569
18.6569
16
17.2426
17.6569
18.6569
17.2426
16.8284
16.4142
16
16
16
52.3137
53.3137
16
16
16
21.8995
22.8995
23.8995
24.8995
25.8995
26.8995
16
16
16
16
16
17.2426
16
16
16
16
17.2426
16
16
25.4853
24.4853
23.4853
22.4853
17
17
17
20.4853
21.4853
22.4853
23.4853
24.4853
17.8284
19.0711
20.0711
21.0711
17
19.0711
20.0711
21.0711
19.6569
18.6569
18.2426
17.4142
17
17
17
53.7279
54.7279
17
17
27.3137
28.3137
29.3137
30.3137
17
17
17.4142
17.8284
18.2426
17
17
18.6569
18.2426
17
17
18.2426
17
27.8995
26.8995
25.8995
18
18
24.8995
25.8995
26.8995
27.8995
20.2426
19.2426
18.8284
21.4853
22.4853
23.4853
18
21.4853
22.4853
23.4853
24.4853
25.4853
24.0711
23.0711
22.0711
21.0711
20.0711
18.4142
18
18
18
18
55.1421
56.1421
57.1421
18
18
18
18
30.7279
31.7279
32.7279
33.7279
19.2426
19.6569
20.0711
18
19.6569
18
18
19.6569
19.2426
18
18
18
30.3137
29.3137
28.3137
19
19
19
19
19
19
28.3137
29.3137
30.3137
21.6569
20.6569
23.8995
24.8995
25.8995
44.3848
45.3848
46.3848
47.3848
48.3848
19
25.8995
26.8995
27.8995
28.4853
27.4853
26.4853
25.4853
24.4853
19.4142
19
19
19
19
19
57.5563
58.5563
59.5563
19
19
34.1421
35.1421
36.1421
37.1421
21.0711
21.4853
21.8995
22.3137
19
19
19
21.0711
20.6569
19
19
20.6569
19
19
31.7279
30.7279
20
20
30.7279
31.7279
32.7279
33.7279
34.7279
24.0711
23.0711
22.0711
26.3137
27.3137
28.3137
29.3137
30.3137
41.5563
41.9706
42.9706
43.9706
47.9706
48.9706
49.9706
20
20.4142
20
59.9706
60.9706
61.9706
62.9706
20
37.5563
38.5563
39.5563
40.5563
23.3137
20
22.0711
20
21.6569
20
33.1421
32.1421
21
21
21
35.1421
24.4853
30.7279
40.5563
49.5563
21
21.4142
21
21.4142
21.8284
22.2426
22.6569
23.0711
23.4853
63.3848
21
21.4142
40.9706
24.3137
24.7279
21
23.0711
21
21
21
22.6569
21
33.5563
22
22
22
22
35.5563
36.5563
37.5563
38.5563
27.8995
26.8995
25.8995
24.8995
31.1421
32.1421
33.1421
34.1421
35.1421
36.1421
37.1421
38.1421
39.1421
40.1421
49.1421
50.1421
51.1421
22
22
22.4142
24.4853
24.8995
25.3137
25.7279
26.1421
26.5563
26.9706
27.3848
27.799
28.799
63.799
64.799
65.799
66.799
67.799
68.799
69.799
70.799
71.799
72.799
22.4142
22.8284
41.3848
42.3848
43.3848
44.3848
45.3848
46.3848
25.7279
26.1421
26.5563
26.5563
22
25.4853
24.4853
24.0711
22
23.6569
22
22
34.9706
33.9706
23
23
23
23
23
38.9706
39.9706
40.9706
41.9706
42.9706
43.9706
44.1421
34.3137
33.3137
32.3137
31.3137
30.3137
29.3137
28.3137
24.6569
25.0711
25.4853
25.8995
26.3137
25.8995
25.4853
25.0711
24.6569
24.2426
23.8284
23.4142
23
23
23
23
51.5563
52.5563
53.5563
23
23
23
29.2132
30.2132
31.2132
32.2132
33.2132
34.2132
73.2132
74.2132
75.2132
76.2132
77.2132
78.2132
79.2132
80.2132
81.2132
82.2132
83.2132
84.2132
23.8284
24.2426
24.6569
25.0711
46.799
47.799
48.799
49.799
50.799
51.799
52.799
27.5563
27.1421
26.7279
23
25.8995
23
23
24.6569
23
35.3848
24
24
24
24
24
24
24.4142
43.7279
42.7279
41.7279
40.7279
39.7279
38.7279
37.7279
36.7279
35.7279
34.7279
24
24.4142
24.8284
25.2426
25.6569
24
24
24
24
24.4142
53.9706
54.9706
24
24
24
34.6274
35.6274
36.6274
37.6274
38.6274
39.6274
40.6274
41.6274
84.6274
85.6274
86.6274
87.6274
26.0711
26.4853
26.8995
53.2132
54.2132
55.2132
56.2132
57.2132
58.2132
27.7279
27.3137
24
26.8995
24
25.6569
24
35.799
25
25
25
25.4142
25.8284
26.2426
26.6569
27.0711
27.4853
25
25
25
25
25
25.4142
25.8284
26.2426
26.6569
55.3848
25
27.4853
27.8995
28.3137
28.7279
29.1421
29.5563
29.9706
30.3848
30.9706
29.9706
25
25
25
42.0416
43.0416
44.0416
45.0416
46.0416
47.0416
88.0416
89.0416
90.0416
27.8995
28.3137
28.7279
29.1421
58.6274
59.6274
60.6274
61.6274
62.6274
63.6274
64.6274
28.3137
27.8995
27.4853
25
28.3137
27.8995
25
25
26.6569
25
36.2132
26
26
28.4853
28.8995
29.3137
29.7279
30.1421
26
26
26
26
27.6569
28.0711
28.4853
28.8995
55.799
26
27.2426
27.6569
28.0711
28.4853
30.9706
30.5563
30.1421
29.7279
26
26
26
47.4558
48.4558
49.4558
50.4558
51.4558
52.4558
90.4558
91.4558
92.4558
30.1421
30.5563
30.9706
31.3848
31.799
65.0416
66.0416
67.0416
68.0416
69.0416
70.0416
71.0416
28.4853
28.0711
26
29.3137
26
27.6569
26
36.6274
27.8284
27.4142
27
31.1421
31.5563
27.8284
27.4142
27
29.8995
30.3137
30.7279
31.1421
31.5563
56.2132
27
28.2426
30.7279
30.3137
29.8995
29.4853
29.0711
28.6569
28.2426
27
27
27
27
27
52.8701
53.8701
54.8701
55.8701
56.8701
92.8701
93.8701
32.799
33.2132
33.6274
34.0416
34.4558
35.4558
71.4558
72.4558
73.4558
74.4558
75.4558
76.4558
77.4558
29.0711
28.6569
28.2426
27.8284
27
30.7279
30.3137
27
27
27
28.6569
27
37.0416
30.8995
30.4853
30.0711
29.6569
29.2426
28.8284
32.5563
32.9706
30.0711
29.6569
29.2426
28.8284
32.5563
32.9706
33.3848
33.799
34.2132
56.6274
28
28.8284
29.2426
29.2426
28.8284
28.4142
28
28
28
57.2843
58.2843
59.2843
60.2843
94.2843
95.2843
35.8701
36.8701
37.8701
38.8701
39.8701
40.8701
41.8701
77.8701
78.8701
79.8701
80.8701
28.8284
28.4142
28
31.7279
28
29.6569
28
37.4558
31.8995
33.9706
31.0711
35.2132
57.0416
29
29.8284
60.6985
95.6985
96.6985
42.2843
81.2843
82.2843
29.4142
29
29.4142
30.4142
33.1421
32.7279
29
30.6569
29
29.4142
37.8701
33.7279
33.3137
32.8995
34.9706
35.3848
32.4853
32.0711
36.2132
36.6274
37.0416
57.4558
30
30.8284
61.6985
62.1127
63.1127
64.1127
65.1127
97.1127
43.2843
43.6985
44.6985
45.6985
46.6985
82.6985
30.4142
30.8284
34.1421
30
30
31.6569
31.2426
30.4142
38.2843
37.8701
37.4558
37.0416
36.6274
36.2132
35.799
35.3848
34.9706
34.5563
34.1421
36.3848
36.799
37.2132
34.3137
33.8995
33.4853
38.0416
38.4558
38.8701
39.8701
40.8701
56.8701
57.8701
31
31.8284
65.5269
66.5269
67.5269
68.5269
69.5269
97.5269
98.5269
99.5269
47.1127
48.1127
49.1127
50.1127
51.1127
52.1127
83.1127
84.1127
31.4142
31
31.8284
32.2426
36.5563
35.5563
35.1421
31.4142
31
32.2426
31.4142
31.8284
89.5269
90.5269
91.5269
38.2132
46.0416
45.0416
44.0416
43.0416
42.0416
41.0416
40.0416
36.1421
35.7279
35.3137
41.2843
42.2843
43.2843
44.2843
54.2843
55.2843
56.2843
57.2843
32
32.8284
69.9411
70.9411
71.9411
72.9411
73.9411
74.9411
75.9411
76.9411
77.9411
78.9411
99.9411
52.5269
53.5269
54.5269
55.5269
56.5269
84.5269
32
32
33.2426
33.6569
34.6569
35.6569
36.6569
37.6569
37.9706
36.9706
32.4142
297.493
297.907
298.321
298.735
299.149
299.564
33.2426
32.8284
32.4142
32.8284
33.2426
34.2426
35.2426
85.1127
86.1127
87.1127
88.1127
89.1127
91.1127
92.1127
93.1127
94.1127
95.1127
39.2132
48.1127
47.4558
46.4558
40.4558
40.0416
39.6274
39.2132
38.799
37.9706
37.5563
37.1421
44.6985
45.6985
46.6985
47.6985
48.6985
49.6985
50.6985
51.6985
52.6985
53.6985
54.6985
33
33.8284
79.3553
80.3553
81.3553
82.3553
83.3553
84.3553
85.3553
86.3553
87.3553
88.3553
100.355
101.355
56.9411
57.9411
58.9411
59.9411
60.9411
84.9411
33
33.8284
33.4142
295.25
295.664
296.078
296.493
298.564
298.978
33.4142
35.6569
36.6569
37.6569
38.6569
39.6569
40.6569
41.6569
42.6569
43.6569
81.6985
82.6985
83.6985
84.6985
94.6985
95.6985
96.6985
97.6985
40.2132
48.5269
39.799
39.3848
38.9706
34
34.8284
88.7696
89.7696
90.7696
101.77
102.77
103.77
104.77
61.3553
62.3553
63.3553
64.3553
65.3553
85.3553
34
35.6569
35.2426
34.8284
294.25
298.564
299.564
300.564
34.4142
44.0711
45.0711
80.2843
81.2843
97.2843
98.2843
41.2132
46.9411
47.9411
48.9411
108.213
107.213
106.213
105.213
104.213
103.213
102.213
101.213
100.213
99.2132
98.2132
97.2132
96.2132
35
35.8284
36.2426
91.1838
92.1838
93.1838
105.184
106.184
65.7696
66.7696
67.7696
68.7696
69.7696
84.7696
85.7696
35
36.6569
292.836
293.25
300.149
35.4142
35
45.4853
77.4559
77.8701
78.8701
79.8701
97.8701
98.8701
99.8701
100.87
42.2132
47.3554
110.799
109.799
108.799
107.799
95.799
94.799
93.799
92.799
36.4142
36
37.2426
37.6569
38.6569
93.598
94.598
106.598
107.598
108.598
70.1838
71.1838
72.1838
73.1838
84.1838
85.1838
36
38.0711
37.6569
291.421
291.836
299.735
300.735
36
36
45.8995
46.8995
76.0417
76.4559
100.456
101.456
43.2132
47.7696
112.385
111.385
110.385
92.3848
91.3848
90.3848
89.3848
88.9706
37.4142
39.0711
40.0711
41.0711
42.0711
43.0711
44.0711
45.0711
46.0711
47.0711
48.0711
49.0711
50.0711
51.0711
52.0711
53.0711
54.0711
55.0711
56.0711
57.0711
95.0122
109.012
110.012
111.012
112.012
113.012
73.598
84.598
37
39.0711
290.421
300.321
37
47.3137
48.3137
75.0417
101.042
44.2132
48.7696
111.971
87.9706
38.4142
57.4853
96.0122
113.426
74.598
75.0122
76.0122
77.0122
78.0122
79.0122
80.0122
81.0122
82.0122
83.0122
84.0122
85.0122
38
40.4853
40.0711
289.421
299.907
38
48.7279
71.6274
72.6274
73.6274
74.6274
100.627
45.2132
49.7696
137.556
136.556
135.556
134.556
133.556
113.556
112.556
111.556
87.5564
86.5564
85.5564
84.5564
83.5564
39.4142
57.8995
58.8995
59.8995
97.0122
97.4264
113.841
114.841
115.841
116.841
117.841
118.841
119.841
119.456
118.456
117.456
116.456
115.456
114.456
113.456
112.456
111.456
110.456
109.456
81.4264
39.4142
39
42.3137
41.8995
41.4853
288.421
299.493
39
39
49.1421
50.1421
51.1421
70.2132
71.2132
100.213
101.213
46.2132
50.3554
50.7696
138.142
137.142
133.142
132.142
131.142
130.142
114.142
113.142
83.1422
82.1422
81.1422
80.1422
79.1422
40.4142
60.3137
98.4264
109.042
108.042
107.042
106.042
105.042
104.042
40.4142
43.7279
43.3137
286.593
287.007
287.421
299.078
40
40
40
51.5564
52.5564
53.5564
65.799
66.799
67.799
68.799
69.799
100.799
101.799
47.2132
51.3554
138.728
137.728
129.728
128.728
127.728
115.728
114.728
113.728
78.7279
77.7279
76.7279
75.7279
74.7279
73.7279
41.8284
41.4142
60.7279
61.7279
99.4264
103.627
102.627
101.627
100.627
99.6274
41.8284
41.4142
45.1421
44.7279
285.593
298.664
41
41
41
53.9706
54.9706
55.9706
56.9706
57.9706
59.3848
60.3848
61.3848
62.3848
63.3848
64.3848
65.3848
84.3848
85.3848
86.3848
87.3848
101.385
48.2132
52.3554
138.314
127.314
126.314
125.314
124.314
123.314
122.314
121.314
120.314
119.314
118.314
117.314
116.314
115.314
73.3137
72.3137
71.3137
70.3137
69.3137
42.8284
62.1421
100.426
99.2132
98.2132
97.2132
43.2426
42.8284
46.5563
46.1421
284.593
298.25
42
42
58.3848
81.799
82.799
83.799
84.799
87.799
88.799
101.799
49.2132
52.9411
53.3554
137.9
104.9
103.9
102.9
101.9
100.9
99.8995
98.8995
97.8995
96.8995
95.8995
94.8995
68.8995
67.8995
66.8995
65.8995
64.8995
44.2426
43.8284
62.5564
101.426
96.799
95.799
94.799
93.799
45.6569
44.6569
44.2426
46.7279
47.1421
47.5563
283.179
283.593
296.836
297.836
43
43
43.4142
43.8284
82.2132
89.2132
102.213
50.2132
50.6274
53.9411
140.314
139.314
138.314
106.314
105.314
94.4853
93.4853
92.4853
91.4853
90.4853
64.4853
63.4853
62.4853
61.4853
47.6569
46.6569
45.6569
45.2426
44
44
44
44
44
44
44
44
44.4142
44.8284
45.2426
45.6569
46.0711
46.4853
46.8995
62.9706
102.426
93.3848
92.3848
91.3848
48.0711
47.0711
46.0711
46.8995
47.3137
47.7279
282.179
296.421
44.8284
45.2426
45.6569
46.0711
46.4853
81.6274
82.6274
90.2132
90.6274
91.6274
102.627
51.6274
52.0416
54.5269
54.9411
140.728
107.728
106.728
90.0711
89.0711
88.0711
87.0711
86.0711
61.0711
60.0711
59.0711
58.0711
57.0711
56.0711
55.0711
54.0711
53.0711
52.0711
51.0711
50.0711
49.0711
48.0711
45
45
45
47.8995
48.3137
48.7279
49.1421
62.3848
63.3848
103.841
103.426
90.9706
89.9706
88.9706
87.9706
56.4853
55.4853
54.4853
53.4853
52.4853
51.4853
50.4853
49.4853
48.4853
46.6569
47.0711
47.4853
47.8995
280.765
281.179
294.007
295.007
296.007
47.4853
47.8995
48.3137
48.7279
49.1421
82.0416
92.0417
103.042
53.0416
55.5269
141.142
108.142
86.4853
46
50.1421
62.799
104.841
87.5564
86.5564
85.5564
84.5564
84.1422
65.8995
64.8995
63.8995
62.8995
61.8995
60.8995
59.8995
58.8995
57.8995
56.8995
47.6569
279.765
293.593
50.1421
82.4559
93.0417
102.456
103.456
54.0416
54.4558
54.8701
55.2843
55.6985
56.1127
56.5269
141.556
140.556
139.556
109.142
86.8995
85.8995
84.8995
47.4142
47
47
51.1421
51.5564
51.9706
63.2132
105.841
83.1422
66.3137
47.8284
48.2426
48.6569
278.765
293.179
51.1421
51.5564
51.9706
52.3848
52.799
82.8701
83.8701
93.1127
93.5269
94.0417
102.87
139.971
110.142
85.3137
84.3137
83.3137
82.3137
81.3137
48.4142
52.9706
53.3848
53.799
54.2132
61.6274
62.6274
63.6274
106.841
119.728
118.728
117.728
116.728
115.728
114.728
113.728
112.728
111.728
110.728
109.728
108.728
107.728
82.7279
81.7279
80.7279
79.7279
78.7279
77.7279
76.7279
75.7279
74.7279
73.7279
72.7279
71.7279
70.7279
69.7279
68.7279
67.7279
66.7279
48
48
48
48.4142
48.8284
276.936
277.35
277.765
291.765
292.765
53.799
54.2132
54.6274
55.0417
55.4559
55.8701
62.2843
84.2843
92.1127
102.284
103.284
140.385
139.385
111.142
81.7279
80.7279
79.7279
78.7279
77.7279
49.8284
49.4142
55.2132
55.6274
56.0417
57.0417
58.0417
59.0417
60.0417
61.0417
62.0417
108.255
107.841
117.983
118.983
119.983
120.142
108.142
107.142
106.142
105.142
104.142
49.4142
49
49
49
275.522
275.936
290.35
291.35
56.8701
57.2843
58.2843
59.2843
60.2843
61.2843
62.6985
63.6985
64.6985
65.6985
66.6985
67.6985
68.6985
69.6985
70.6985
71.6985
72.6985
84.6985
85.6985
86.6985
87.6985
88.6985
89.6985
90.6985
91.6985
102.699
139.799
138.799
137.799
112.142
78.1422
77.1422
76.1422
75.1422
74.1422
73.1422
50.8284
109.255
117.397
118.397
104.556
103.556
102.556
101.556
51.2426
50.8284
50.4142
274.108
274.522
287.936
288.936
289.936
73.1127
74.1127
75.1127
76.1127
77.1127
78.1127
79.1127
80.1127
102.113
103.113
138.213
137.213
136.213
135.213
113.142
113.556
73.5564
72.5564
71.5564
70.5564
69.5564
51.8284
110.255
116.811
117.811
101.971
100.971
52.6569
52.2426
272.694
273.108
286.522
287.522
80.5269
81.5269
82.5269
100.527
101.527
102.527
135.627
134.627
133.627
132.627
131.627
130.627
114.556
69.9706
68.9706
67.9706
66.9706
65.9706
64.9706
52.8284
111.255
115.811
116.225
117.225
101.385
100.385
54.8995
54.4853
54.0711
53.6569
270.865
271.279
271.694
284.108
285.108
286.108
82.9412
83.9412
99.9412
100.941
131.042
130.042
129.042
128.042
127.042
115.556
115.971
116.971
65.3848
64.3848
63.3848
62.3848
61.3848
60.3848
53.8284
112.255
111.841
116.397
116.811
100.799
99.799
56.3137
55.8995
269.037
269.451
269.865
281.694
282.694
283.694
84.3554
100.355
127.456
117.385
118.385
119.385
120.385
121.385
60.799
54.8284
55.2426
112.841
117.397
100.213
57.3137
266.794
267.208
267.622
268.037
281.279
159.64
158.64
157.64
156.64
155.64
154.64
153.64
152.64
151.64
151.225
85.3554
85.7696
86.7696
100.77
127.87
126.87
125.87
124.87
123.87
121.799
61.2132
60.799
60.3848
59.9706
56.2426
113.841
117.983
118.397
100.627
99.6274
98.6274
59.5564
59.1422
58.7279
58.3137
265.794
278.865
279.865
280.865
159.225
150.225
87.1838
100.184
101.184
124.284
123.284
122.284
122.213
122.77
121.77
120.77
119.77
118.77
117.77
116.77
60.9706
60.5564
57.2426
114.841
114.426
118.569
118.983
99.0417
98.0417
86.0417
85.0417
84.0417
83.0417
82.0417
81.0417
80.0417
79.0417
60.9706
60.5564
263.966
264.38
264.794
277.451
278.451
161.811
160.811
159.811
158.811
149.811
148.811
147.811
146.811
88.1838
98.598
99.598
100.598
123.284
122.87
122.456
122.042
116.355
115.355
114.355
113.355
112.355
111.355
110.355
61.5564
61.1422
58.2426
58.6569
59.6569
60.6569
70.4853
71.4853
72.4853
73.4853
74.4853
75.4853
76.4853
77.4853
78.4853
115.426
115.841
116.255
116.669
118.326
118.74
119.154
119.569
98.4559
89.4559
88.4559
87.4559
86.4559
79.4559
78.4559
77.4559
76.4559
75.4559
74.4559
63.6274
63.2132
62.799
62.3848
61.9706
261.723
262.137
262.551
262.966
275.037
276.037
277.037
162.397
161.397
146.397
145.397
144.397
89.1838
99.0122
123.042
122.627
122.213
109.941
108.941
107.941
106.941
105.941
104.941
62.1422
61.7279
61.0711
62.0711
63.0711
64.0711
65.0711
66.0711
67.0711
68.0711
69.0711
70.0711
78.0711
79.0711
117.669
118.083
118.497
118.912
119.326
98.8701
90.8701
89.8701
74.8701
73.8701
72.8701
71.8701
70.8701
69.8701
68.8701
67.8701
66.8701
65.8701
65.4559
65.0417
64.6274
259.895
260.309
260.723
273.622
274.622
162.983
161.983
143.983
142.983
141.983
140.983
90.1838
99.4264
123.213
122.799
122.385
104.527
103.527
102.527
101.527
100.527
62.7279
79.4853
80.4853
99.2843
98.2843
91.2843
257.238
257.652
258.066
258.48
258.895
272.208
273.208
165.569
164.569
163.569
162.569
140.569
139.569
138.569
137.569
136.569
91.1838
98.8407
99.8407
123.385
122.971
122.556
100.113
99.1127
98.1127
63.7279
63.3137
62.8995
80.8995
98.6985
92.2843
254.581
254.995
255.409
255.823
256.238
269.794
270.794
271.794
166.154
165.154
136.154
135.154
134.154
133.154
132.154
131.154
130.154
129.154
128.154
127.154
126.154
125.154
124.154
123.154
122.74
122.326
92.1838
99.2549
123.556
123.142
123.556
123.971
97.6985
96.6985
95.6985
63.8995
81.3137
99.1127
93.2843
251.924
252.338
252.752
253.167
253.581
268.38
269.38
166.74
165.74
121.326
94.598
93.598
93.1838
99.6691
124.971
125.284
124.284
95.2843
94.2843
93.2843
64.8995
80.7279
81.7279
99.5269
94.2843
251.752
251.338
250.924
266.966
267.966
168.326
167.326
166.326
120.326
118.912
117.912
116.912
115.912
114.912
114.498
95.0122
100.083
123.87
92.8701
91.8701
91.4559
67.3137
66.3137
65.8995
81.1422
99.9412
95.2843
251.581
251.167
250.752
266.551
169.912
168.912
167.912
119.912
113.498
96.0122
100.498
123.456
122.456
121.456
120.456
119.456
90.4559
67.7279
80.5564
81.5564
100.355
96.2843
250.581
265.137
266.137
169.498
113.083
112.083
111.083
110.083
97.4264
97.0122
100.912
119.042
118.042
117.042
116.042
115.042
114.042
90.0417
89.0417
88.0417
68.7279
77.9706
78.9706
79.9706
80.9706
101.77
100.77
97.2843
97.6985
249.995
249.581
262.723
263.723
264.723
170.083
169.083
152.083
151.083
150.083
149.083
109.669
108.669
107.669
106.669
105.669
101.841
100.841
99.8407
98.8407
98.4264
100.912
101.326
113.627
112.627
111.627
110.627
109.627
108.627
87.6274
86.6274
70.1422
69.7279
72.3848
73.3848
74.3848
75.3848
76.3848
77.3848
78.3848
102.184
98.6985
249.409
248.995
260.309
261.309
262.309
173.498
172.498
171.498
170.498
155.498
154.498
153.498
152.498
148.669
147.669
146.669
145.669
105.255
104.255
103.255
102.255
101.912
108.213
107.213
106.213
105.213
104.213
86.2132
85.2132
84.2132
83.2132
71.5564
71.1422
70.3137
70.7279
71.1422
71.5564
71.9706
72.3848
72.799
102.598
99.6985
100.113
101.113
102.113
249.238
248.823
248.409
257.895
258.895
259.895
174.912
173.912
156.912
155.912
145.255
102.912
103.799
102.799
101.799
100.799
99.799
98.799
82.799
81.799
80.799
79.799
78.799
75.9706
74.9706
73.9706
72.9706
72.5564
70.0711
70.4853
70.8995
71.3137
103.598
102.527
103.527
248.238
255.48
256.48
257.48
175.326
158.326
157.326
145.669
144.669
118.083
103.498
103.912
98.3848
97.3848
96.3848
95.3848
94.3848
78.3848
77.3848
76.3848
70.2426
70.6569
71.0711
104.598
103.941
104.941
105.941
106.941
107.941
108.941
247.652
247.238
251.066
252.066
253.066
254.066
255.066
176.74
175.74
160.74
159.74
158.74
145.083
130.083
129.083
128.083
127.083
126.083
125.083
124.083
123.083
122.083
121.083
120.083
119.083
118.498
104.498
94.799
93.799
92.799
91.799
70.8284
71.2426
105.598
109.355
110.355
111.355
112.355
113.355
114.355
246.652
248.652
249.652
250.652
177.154
162.154
161.154
145.498
134.498
133.498
132.498
131.498
130.498
118.912
104.669
105.083
105.498
92.2132
91.2132
90.2132
89.2132
88.2132
72.2426
71.8284
106.598
106.184
114.77
115.77
116.77
117.77
245.652
245.238
246.238
247.238
248.238
177.569
163.569
162.569
146.912
145.912
136.912
135.912
134.912
119.326
105.669
88.6274
73.2426
107.184
118.184
119.184
244.652
244.823
177.983
163.983
147.326
137.326
119.74
106.255
106.669
89.0417
88.0417
74.6569
74.2426
108.184
119.598
243.652
241.995
242.409
243.409
244.409
178.397
165.397
164.983
147.74
138.74
138.326
120.154
119.154
118.154
117.154
116.154
115.154
106.841
107.255
88.4559
87.4559
76.4853
76.0711
75.6569
109.184
120.012
121.012
242.652
240.581
240.995
178.811
177.811
167.811
166.811
166.397
148.154
140.154
139.74
115.569
114.569
113.569
112.569
111.569
111.154
107.426
107.841
87.8701
86.8701
77.8995
77.4853
110.184
121.426
122.426
123.426
241.652
239.167
239.581
178.225
177.225
176.225
170.225
169.225
168.225
149.569
148.569
141.569
141.154
112.154
111.74
111.326
110.912
110.498
110.083
109.669
109.255
107.598
107.184
107.598
108.012
108.426
87.2843
86.2843
85.2843
78.8995
111.184
110.77
110.355
123.841
240.652
238.167
176.64
175.64
174.64
173.64
172.64
171.64
170.64
151.983
150.983
149.983
142.569
110.255
109.841
109.426
109.012
108.598
85.6985
80.3137
79.8995
111.355
124.255
125.255
239.652
236.752
237.167
153.397
152.397
144.397
143.983
143.569
86.6985
86.2843
81.3137
112.355
125.669
238.652
235.752
154.811
153.811
145.397
87.2843
82.3137
113.355
112.941
114.598
115.012
115.426
115.841
116.255
126.083
237.652
234.752
156.225
155.225
146.811
146.397
88.2843
83.3137
113.941
115.598
117.255
126.498
236.652
233.752
202.61
201.61
200.61
199.61
198.61
197.61
197.196
159.64
158.64
157.64
156.64
147.811
89.2843
85.1422
84.7279
84.3137
114.941
115.77
116.184
116.598
118.255
118.669
119.083
126.912
235.652
232.752
202.196
196.196
160.054
148.811
90.2843
86.1422
115.941
115.527
116.77
120.083
127.326
235.238
231.752
203.782
202.782
201.782
195.782
194.782
193.782
192.782
161.468
160.468
150.225
149.811
91.2843
87.1422
116.527
117.77
121.083
127.74
234.823
233.823
229.924
230.338
231.338
204.368
203.368
192.368
191.368
190.368
163.882
162.882
161.882
151.225
92.2843
88.1422
117.527
117.113
118.77
122.083
128.154
233.409
228.924
203.953
189.953
188.953
187.953
166.297
165.297
164.297
153.054
152.64
152.225
93.2843
89.1422
118.113
117.699
117.284
119.77
124.498
123.498
123.083
128.569
129.569
232.995
227.924
203.539
187.539
186.539
185.539
184.539
183.539
169.711
168.711
167.711
166.711
154.468
154.054
94.2843
90.1422
118.284
118.699
119.113
120.77
121.184
122.184
123.184
124.184
125.184
124.912
129.983
232.581
226.924
204.125
203.125
183.125
182.125
181.125
180.125
179.125
178.125
177.125
176.125
175.125
174.125
173.125
172.125
171.125
170.125
155.882
155.468
95.2843
91.1422
120.113
120.527
130.397
232.167
231.167
230.167
225.924
225.51
225.096
204.539
156.882
96.2843
92.1422
121.527
121.941
122.355
130.811
229.752
224.096
204.953
158.297
157.882
97.2843
93.1422
123.355
131.225
229.338
223.096
205.368
159.297
98.2843
94.1422
124.355
124.77
132.225
228.924
222.096
205.782
161.125
160.711
160.297
99.2843
95.1422
95.5564
96.5564
125.77
126.184
133.225
228.51
227.51
221.096
206.196
162.953
162.539
162.125
100.284
96.9706
127.184
127.598
128.012
134.225
134.64
227.096
220.096
219.681
206.61
164.368
163.953
101.284
100.87
97.9706
129.012
129.426
135.64
226.681
218.681
207.024
166.196
165.782
165.368
101.87
98.9706
99.3848
130.426
130.841
136.64
226.267
225.267
218.267
217.267
208.439
207.439
193.439
192.439
191.439
190.439
189.439
188.439
187.439
186.439
185.439
168.024
167.61
167.196
102.87
100.385
131.841
132.255
137.64
224.853
216.853
215.853
214.853
213.853
212.853
211.853
210.853
209.853
208.853
197.853
196.853
195.853
194.853
193.853
185.853
184.853
183.853
182.853
181.853
180.853
179.853
178.853
172.853
171.853
170.853
169.853
169.439
169.024
103.87
103.456
101.385
133.255
133.669
134.083
138.64
139.054
140.054
225.267
224.267
223.267
200.267
199.267
198.267
179.267
178.267
177.267
176.267
175.267
174.267
173.267
104.456
102.385
102.799
135.083
140.468
223.681
200.681
105.456
103.799
136.083
136.498
141.468
224.096
203.096
202.096
201.681
106.456
106.042
105.627
104.799
137.498
137.912
142.468
224.51
223.51
204.51
203.51
106.627
105.799
106.213
107.213
138.912
143.468
223.924
205.924
204.924
107.627
107.213
107.627
139.912
140.326
140.74
144.468
144.882
224.338
206.338
108.213
108.627
109.042
141.74
142.154
145.882
224.752
223.752
207.752
207.338
109.213
108.799
110.042
143.154
146.882
147.297
224.167
208.752
109.799
111.042
111.456
144.154
144.569
148.297
224.581
209.752
110.799
110.385
109.971
112.456
145.569
149.297
149.711
150.711
224.995
223.995
211.581
211.167
210.752
110.971
113.456
113.87
146.569
151.125
224.409
212.581
111.971
114.87
147.569
147.983
152.125
224.823
213.581
112.971
112.556
115.87
148.983
153.125
153.539
225.238
224.238
223.238
214.995
214.581
113.556
116.87
117.284
118.284
149.983
154.539
154.953
223.652
215.995
114.556
114.142
118.699
150.983
151.397
151.811
155.953
224.066
223.066
217.409
216.995
115.142
119.699
120.113
152.811
156.953
157.368
223.48
222.48
221.48
220.48
220.066
219.652
219.238
218.823
218.409
116.142
121.113
153.811
158.368
158.782
159.782
221.066
117.142
122.113
122.527
154.811
155.225
160.196
161.196
118.142
123.527
156.225
161.61
162.61
119.142
124.527
157.225
163.024
120.142
120.556
125.527
158.225
164.024
121.556
126.527
159.225
165.024
165.439
166.439
122.556
127.527
127.941
160.225
166.853
123.556
128.941
161.225
167.853
124.556
124.971
125.385
125.799
126.213
126.627
127.042
127.456
127.87
128.284
128.699
129.113
129.527
129.941
162.225
162.64
163.054
163.468
163.882
164.297
164.711
165.125
165.539
165.953
166.368
166.782
167.196
167.61
168.024
168.439
168.853
