70.8406
70.4264
70.0122
69.598
69.1838
70.6691
70.2549
69.8406
69.4264
69.0122
68.598
68.1838
67.7696
67.3553
70.0833
69.6691
69.2549
68.8406
68.4264
68.0122
67.598
67.1838
66.7696
66.3553
66.7696
69.0833
68.6691
68.2549
67.8406
67.4264
67.0122
66.598
66.1838
65.7696
65.3553
65.7696
68.0833
67.6691
67.2549
66.8406
66.4264
66.0122
65.598
65.1838
64.7696
64.3553
64.7696
67.9117
67.4975
67.0833
66.6691
66.2549
65.8406
65.4264
65.0122
64.598
64.1838
63.7696
63.3554
63.7696
66.9117
66.4975
66.0833
65.6691
65.2549
64.8406
64.4264
64.0122
63.598
63.1838
62.7696
62.3554
62.7696
63.1838
65.9117
65.4975
65.0833
64.6691
64.2549
63.8406
63.4264
63.0122
62.598
62.1838
61.7696
61.3554
61.7696
62.1838
65.4975
64.4975
64.0833
63.6691
63.2549
62.8406
62.4264
62.0122
61.598
61.1838
60.7696
60.3554
60.7696
61.1838
63.0833
62.6691
62.2549
61.8406
61.4264
61.0122
60.598
60.1838
59.7696
59.3554
59.7696
60.1838
62.6691
61.6691
61.2549
60.8406
60.4264
60.0122
59.598
59.1838
58.7696
58.3554
58.7696
59.1838
61.2549
60.2549
59.8406
59.4264
59.0122
58.598
58.1838
57.7696
57.3554
57.7696
60.8406
59.8406
58.8406
58.4264
58.0122
57.598
57.1838
56.7696
56.3554
56.7696
59.4264
58.4264
57.4264
57.0122
56.598
56.1838
55.7696
55.3554
55.7696
56.0122
55.598
55.1838
54.7696
54.3554
54.7696
54.598
54.1838
53.7696
53.3554
53.1838
52.7696
52.3554
51.9411
51.7696
51.3554
50.9411
50.5269
82.598
81.598
80.598
79.598
78.598
77.598
76.598
75.598
74.598
73.598
51.1838
50.7696
50.3554
49.9411
49.5269
49.1127
48.6985
83.1838
82.1838
81.1838
80.1838
79.1838
78.1838
77.1838
76.1838
75.1838
74.1838
73.1838
72.1838
71.1838
70.1838
69.1838
50.7696
49.7696
49.3554
48.9411
48.5269
48.1127
47.6985
47.2843
46.8701
82.7696
81.7696
80.7696
79.7696
78.7696
77.7696
76.7696
75.7696
74.7696
73.7696
72.7696
71.7696
70.7696
69.7696
68.7696
67.7696
66.7696
65.7696
65.3553
50.3554
49.3554
48.3554
47.9411
47.5269
47.1127
46.6985
46.2843
45.8701
45.4558
82.3553
81.3553
80.3553
79.3553
78.3553
77.3553
76.3553
75.3553
74.3553
73.3553
72.3553
71.3553
70.3553
69.3553
68.3553
67.3553
66.3553
65.3553
64.3553
49.9411
48.9411
47.9411
46.9411
46.5269
46.1127
45.6985
45.2843
44.8701
44.4558
82.9411
81.9411
80.9411
79.9411
78.9411
77.9411
76.9411
75.9411
74.9411
73.9411
72.9411
71.9411
70.9411
69.9411
68.9411
67.9411
66.9411
65.9411
64.9411
63.9411
62.9411
61.9411
60.9411
49.5269
48.5269
47.5269
46.5269
45.5269
45.1127
44.6985
44.2843
43.8701
43.4558
43.0416
42.6274
82.5269
81.5269
80.5269
79.5269
78.5269
77.5269
76.5269
75.5269
74.5269
73.5269
72.5269
71.5269
70.5269
69.5269
68.5269
67.5269
66.5269
65.5269
64.5269
63.5269
62.5269
61.5269
60.5269
59.5269
58.5269
50.1127
49.1127
48.1127
47.1127
46.1127
45.1127
44.1127
43.6985
43.2843
42.8701
42.4558
42.0416
41.6274
41.2132
81.1127
80.1127
79.1127
78.1127
77.1127
76.1127
75.1127
74.1127
73.1127
72.1127
71.1127
70.1127
69.1127
68.1127
67.1127
66.1127
65.1127
64.1127
63.1127
62.1127
61.1127
60.1127
59.1127
58.1127
57.1127
49.6985
48.6985
47.6985
46.6985
45.6985
44.6985
43.6985
42.6985
42.2843
41.8701
41.4558
41.0416
40.6274
40.2132
39.799
80.6985
79.6985
78.6985
77.6985
76.6985
75.6985
74.6985
73.6985
72.6985
71.6985
70.6985
69.6985
68.6985
67.6985
66.6985
65.6985
64.6985
63.6985
62.6985
61.6985
60.6985
59.6985
58.6985
57.6985
56.6985
55.6985
54.6985
33
33.4142
33.8284
34.2426
34.6569
35.0711
35.4853
35.8995
48.2843
47.2843
46.2843
45.2843
44.2843
43.2843
42.2843
41.2843
40.8701
40.4558
40.0416
39.6274
39.2132
38.799
38.3848
79.2843
78.2843
77.2843
76.2843
75.2843
74.2843
73.2843
72.2843
71.2843
70.2843
69.2843
68.2843
67.2843
66.2843
65.2843
64.2843
63.2843
62.2843
61.2843
60.2843
59.2843
58.2843
57.2843
56.2843
55.2843
54.2843
53.2843
32
32
32
32
32
32.4142
32.8284
33.2426
33.6569
34.0711
34.4853
34.8995
35.3137
35.7279
36.1421
36.5563
46.799
47.799
48.799
47.8701
46.8701
45.8701
44.8701
43.8701
42.8701
41.8701
40.8701
39.8701
39.4558
39.0416
38.6274
38.2132
37.799
37.3848
36.9706
36.5563
36.1421
77.8701
76.8701
75.8701
74.8701
73.8701
72.8701
71.8701
70.8701
69.8701
68.8701
67.8701
66.8701
65.8701
64.8701
63.8701
62.8701
61.8701
60.8701
59.8701
58.8701
57.8701
56.8701
55.8701
54.8701
53.8701
52.8701
51.8701
50.8701
45.8701
44.8701
43.8701
42.8701
41.8701
40.8701
39.8701
38.8701
38.4558
38.0416
31.8284
31.4142
31
31
31
31
31
31.4142
31.8284
32.2426
32.6569
33.0711
33.4853
33.8995
34.3137
34.7279
35.1421
35.5563
35.9706
36.3848
37.3848
38.3848
41.3848
42.3848
43.3848
44.3848
45.3848
46.3848
47.3848
48.3848
49.3848
50.3848
51.3848
52.3848
47.4558
46.4558
45.4558
44.4558
43.4558
42.4558
41.4558
40.4558
39.4558
38.4558
38.0416
37.6274
37.2132
36.799
36.3848
35.9706
35.5563
35.1421
34.7279
73.4558
72.4558
71.4558
70.4558
69.4558
68.4558
67.4558
66.4558
65.4558
64.4558
63.4558
62.4558
61.4558
60.4558
59.4558
58.4558
57.4558
56.4558
55.4558
54.4558
53.4558
52.4558
51.4558
50.4558
49.4558
48.4558
47.4558
46.4558
45.4558
44.4558
43.4558
42.4558
41.4558
40.4558
39.4558
38.4558
37.4558
37.0416
36.6274
36.2132
35.799
30.8284
30.4142
30
30
30
30
30
30.4142
30.8284
31.2426
31.6569
32.0711
32.4853
32.8995
33.3137
33.7279
34.1421
34.5563
34.9706
35.9706
36.9706
37.9706
38.9706
39.9706
40.9706
41.9706
42.9706
43.9706
44.9706
45.9706
46.9706
47.9706
48.9706
49.9706
50.9706
51.9706
52.9706
46.0416
45.0416
44.0416
43.0416
42.0416
41.0416
40.0416
39.0416
38.0416
37.0416
36.6274
36.2132
35.799
35.3848
34.9706
34.5563
34.1421
33.7279
33.3137
32.8995
73.0416
72.0416
71.0416
70.0416
69.0416
68.0416
67.0416
66.0416
65.0416
64.0416
63.0416
62.0416
61.0416
60.0416
59.0416
58.0416
57.0416
56.0416
55.0416
54.0416
53.0416
52.0416
51.0416
50.0416
49.0416
48.0416
47.0416
46.0416
45.0416
44.0416
43.0416
42.0416
41.0416
40.0416
39.0416
38.0416
37.0416
36.0416
35.6274
35.2132
34.799
29.8284
29.4142
29
29
29
29
29
29.4142
29.8284
30.2426
30.6569
31.0711
31.4853
31.8995
32.3137
32.7279
33.1421
33.5563
34.5563
35.5563
36.5563
37.5563
38.5563
39.5563
40.5563
41.5563
42.5563
43.5563
44.5563
45.5563
46.5563
47.5563
48.5563
49.5563
50.5563
51.5563
52.5563
45.6274
44.6274
43.6274
42.6274
41.6274
40.6274
39.6274
38.6274
37.6274
36.6274
35.6274
35.2132
34.799
34.3848
33.9706
33.5563
33.1421
32.7279
32.3137
31.8995
69.6274
68.6274
67.6274
66.6274
65.6274
64.6274
63.6274
62.6274
61.6274
60.6274
59.6274
58.6274
57.6274
56.6274
55.6274
54.6274
53.6274
52.6274
51.6274
50.6274
49.6274
48.6274
47.6274
46.6274
45.6274
44.6274
43.6274
42.6274
41.6274
40.6274
39.6274
38.6274
37.6274
36.6274
35.6274
34.6274
34.2132
33.799
33.3848
32.9706
32.5563
28.8284
28.4142
28
28
28
28
28
28.4142
28.8284
29.2426
29.6569
30.0711
30.4853
30.8995
31.3137
31.7279
32.1421
33.1421
34.1421
35.1421
36.1421
37.1421
38.1421
39.1421
40.1421
41.1421
42.1421
43.1421
44.1421
45.1421
46.1421
47.1421
48.1421
49.1421
50.1421
51.1421
52.1421
43.2132
42.2132
41.2132
40.2132
39.2132
38.2132
37.2132
36.2132
35.2132
34.2132
33.799
33.3848
32.9706
32.5563
32.1421
31.7279
31.3137
30.8995
30.4853
30.0711
65.2132
64.2132
63.2132
62.2132
61.2132
60.2132
59.2132
58.2132
57.2132
56.2132
55.2132
54.2132
53.2132
52.2132
51.2132
50.2132
49.2132
48.2132
47.2132
46.2132
45.2132
44.2132
43.2132
42.2132
41.2132
40.2132
39.2132
38.2132
37.2132
36.2132
35.2132
34.2132
33.2132
32.799
32.3848
31.9706
31.5563
31.1421
27.8284
27.4142
27
27
27
27
27
27.4142
27.8284
28.2426
28.6569
29.0711
29.4853
29.8995
30.3137
30.7279
31.7279
32.7279
33.7279
34.7279
35.7279
36.7279
37.7279
38.7279
39.7279
40.7279
41.7279
42.7279
43.7279
44.7279
45.7279
46.7279
47.7279
48.7279
49.7279
50.7279
51.7279
52.7279
41.799
40.799
39.799
38.799
37.799
36.799
35.799
34.799
33.799
32.799
32.3848
31.9706
31.5563
31.1421
30.7279
30.3137
29.8995
29.4853
29.0711
28.6569
59.6274
58.6274
57.6274
48.799
47.799
46.799
45.799
44.799
43.799
42.799
41.799
40.799
39.799
38.799
37.799
36.799
35.799
34.799
33.799
32.799
31.799
31.3848
30.9706
30.5563
30.1421
29.7279
26.8284
26.4142
26
26
26
26
26
26.4142
26.8284
27.2426
27.6569
28.0711
28.4853
28.8995
29.3137
30.3137
31.3137
32.3137
33.3137
34.3137
35.3137
36.3137
37.3137
38.3137
39.3137
40.3137
41.3137
42.3137
43.3137
44.3137
45.3137
46.3137
47.3137
48.3137
49.3137
50.3137
51.3137
52.3137
40.3848
39.3848
38.3848
37.3848
36.3848
35.3848
34.3848
33.3848
32.3848
31.3848
30.9706
30.5563
30.1421
29.7279
29.3137
28.8995
28.4853
28.0711
27.6569
27.2426
26.8284
26.4142
47.3848
46.3848
45.3848
44.3848
43.3848
42.3848
41.3848
40.3848
39.3848
38.3848
37.3848
36.3848
35.3848
34.3848
33.3848
32.3848
31.3848
30.3848
29.9706
29.5563
29.1421
28.7279
28.3137
27.8995
27.4853
27.0711
25.8284
25.4142
25
25
25
25
25
25.4142
25.8284
26.2426
26.6569
27.0711
27.4853
27.8995
28.8995
29.8995
30.8995
31.8995
38.7279
39.7279
40.7279
41.7279
42.7279
43.7279
44.7279
45.7279
46.7279
47.7279
48.7279
49.7279
50.7279
51.7279
52.7279
53.7279
35.9706
34.9706
33.9706
32.9706
31.9706
30.9706
29.9706
29.5563
29.1421
28.7279
28.3137
27.8995
27.4853
27.0711
26.6569
26.2426
25.8284
25.4142
25
29.1421
29.5563
29.1421
28.7279
28.3137
27.8995
27.4853
44.9706
43.9706
42.9706
41.9706
40.9706
39.9706
38.9706
37.9706
36.9706
35.9706
34.9706
33.9706
32.9706
31.9706
30.9706
29.9706
28.9706
28.5563
28.1421
27.7279
27.3137
26.8995
26.4853
26.0711
25.6569
25.2426
24.8284
24.4142
24
24
24
24
24.4142
24
24
24
24
24
24.4142
24.8284
25.2426
25.6569
26.0711
26.4853
27.4853
28.4853
40.1421
41.1421
42.1421
43.1421
44.1421
45.1421
46.1421
47.1421
48.1421
49.1421
50.1421
51.1421
52.1421
53.1421
54.1421
32.9706
31.9706
30.9706
29.9706
28.9706
28.5563
28.1421
27.7279
32.5563
31.5563
30.5563
29.5563
28.5563
28.1421
27.7279
27.3137
26.8995
26.4853
26.0711
25.6569
25.2426
24.8284
24.4142
24
24
24
27.3137
27.7279
28.1421
28.5563
28.1421
27.7279
27.3137
26.8995
26.4853
26.0711
25.6569
25.2426
43.5563
42.5563
41.5563
40.5563
39.5563
38.5563
37.5563
36.5563
35.5563
34.5563
33.5563
32.5563
31.5563
30.5563
29.5563
28.5563
27.5563
27.1421
26.7279
26.3137
25.8995
25.4853
25.0711
24.6569
24.2426
23.8284
23.4142
23
23
23
23
23
23
23.4142
23
23
23
23
23
23
23.4142
23.8284
25.8995
25.4853
25.0711
24.6569
24.2426
23.8284
23.4142
23
23
23.4142
23
23
23
23
23
23.4142
23.8284
24.2426
24.6569
25.0711
26.0711
41.5564
42.5564
43.5564
44.5564
45.5564
46.5564
47.5564
48.5564
49.5564
50.5564
51.5564
52.5564
53.5564
54.5564
34.5563
33.5563
32.5563
31.5563
30.5563
29.5563
28.5563
27.5563
27.1421
26.7279
26.3137
25.8995
25.4853
30.1421
29.1421
28.1421
27.1421
26.7279
26.3137
25.8995
25.4853
25.0711
24.6569
24.2426
23.8284
23.4142
23
23
23
23
25.4853
25.8995
26.3137
26.7279
27.1421
28.1421
27.1421
26.7279
26.3137
25.8995
25.4853
25.0711
24.6569
24.2426
23.8284
42.1421
41.1421
40.1421
39.1421
38.1421
37.1421
36.1421
35.1421
34.1421
33.1421
32.1421
31.1421
30.1421
29.1421
28.1421
27.1421
26.1421
25.7279
25.3137
24.8995
24.4853
24.0711
23.6569
23.2426
22.8284
22.4142
22
22
22
22
22
22
22
23.6569
23.2426
22.8284
22.4142
22
22
22
22
22
22
22.4142
22.8284
23.2426
23.6569
24.0711
24.4853
24.8995
25.3137
25.7279
26.1421
26.5563
26.9706
27.3848
26.1421
25.7279
25.3137
24.8995
24.4853
24.0711
23.6569
23.2426
22.8284
22.4142
22
22
22
22
22
22.4142
22
22
22
22
22
22.4142
22.8284
23.2426
23.6569
43.9706
44.9706
45.9706
46.9706
47.9706
48.9706
49.9706
50.9706
51.9706
52.9706
53.9706
54.9706
37.1421
36.1421
35.1421
34.1421
33.1421
32.1421
31.1421
30.1421
29.1421
28.1421
27.1421
26.1421
25.7279
25.3137
24.8995
24.4853
24.0711
26.7279
25.7279
25.3137
24.8995
24.4853
24.0711
23.6569
23.2426
22.8284
22.4142
22
22
22
22
22
22
23.6569
24.0711
24.4853
24.8995
25.3137
25.7279
26.7279
27.7279
26.7279
25.7279
25.3137
24.8995
24.4853
24.0711
23.6569
23.2426
22.8284
38.7279
37.7279
36.7279
35.7279
34.7279
33.7279
32.7279
31.7279
30.7279
29.7279
28.7279
27.7279
26.7279
25.7279
24.7279
24.3137
23.8995
23.4853
23.0711
22.6569
22.2426
21.8284
21.4142
21
21
21
21
21
21
21
21.4142
21.8284
23.0711
22.6569
22.2426
21.8284
21.4142
21
21
21
21
21
21
21.4142
21.8284
22.2426
22.6569
23.0711
23.4853
23.8995
24.3137
24.7279
25.1421
25.5563
25.9706
26.3848
27.3848
28.3848
29.3848
25.1421
24.7279
24.3137
23.8995
23.4853
23.0711
22.6569
22.2426
21.8284
21.4142
21
21
21
21
21
21
21
21
21
21
21
21.4142
21.8284
22.2426
45.3848
46.3848
47.3848
48.3848
49.3848
50.3848
51.3848
52.3848
53.3848
54.3848
55.3848
38.7279
37.7279
36.7279
35.7279
34.7279
33.7279
32.7279
31.7279
30.7279
29.7279
28.7279
27.7279
26.7279
25.7279
24.7279
24.3137
23.8995
23.4853
23.0711
24.3137
23.8995
23.4853
23.0711
22.6569
22.2426
21.8284
21.4142
21
21
21
21
21
21
21
21
21.4142
21.8284
22.2426
22.6569
23.0711
23.4853
23.8995
24.3137
25.3137
26.3137
27.3137
26.3137
25.3137
24.3137
23.8995
23.4853
23.0711
22.6569
22.2426
21.8284
21.4142
38.3137
37.3137
36.3137
35.3137
34.3137
33.3137
32.3137
31.3137
30.3137
29.3137
28.3137
27.3137
26.3137
25.3137
24.3137
23.3137
22.8995
22.4853
22.0711
21.6569
21.2426
20.8284
20.4142
20
20
20
20
20
20
20
20.4142
20.8284
22.0711
21.6569
21.2426
20.8284
20.4142
20
20
20
20
20
20
20.4142
20.8284
21.2426
21.6569
22.0711
22.4853
22.8995
23.3137
23.7279
24.1421
24.5563
24.9706
25.9706
26.9706
27.9706
28.9706
24.1421
23.7279
23.3137
22.8995
22.4853
22.0711
21.6569
21.2426
20.8284
20.4142
20
20
20
20
20
20
20
20
20
20
20
20.4142
20.8284
21.8284
46.3848
46.799
47.799
48.799
49.799
50.799
51.799
52.799
53.799
54.799
55.799
38.3137
37.3137
36.3137
35.3137
34.3137
33.3137
32.3137
31.3137
30.3137
29.3137
28.3137
27.3137
26.3137
25.3137
24.3137
23.3137
22.8995
22.4853
22.0711
23.8995
22.8995
22.4853
22.0711
21.6569
21.2426
20.8284
20.4142
20
20
20
20
20
20
20
20
20.4142
20.8284
21.2426
21.6569
22.0711
22.4853
22.8995
23.8995
24.8995
25.8995
26.8995
25.8995
24.8995
23.8995
22.8995
22.4853
22.0711
21.6569
21.2426
20.8284
20.4142
36.7279
35.7279
34.7279
33.7279
22.8995
21.8995
21.4853
21.0711
20.6569
20.2426
19.8284
19.4142
19
19
19
19
19
19
19
19.4142
19.8284
21.0711
20.6569
20.2426
19.8284
19.4142
19
19
19
19
19
19
19.4142
19.8284
20.2426
20.6569
21.0711
21.4853
21.8995
22.3137
22.7279
23.1421
23.5563
24.5563
25.5563
26.5563
27.5563
28.5563
29.5563
23.1421
22.7279
22.3137
21.8995
21.4853
21.0711
20.6569
20.2426
19.8284
19.4142
19
19
19
19
19
19
19.4142
19.8284
19
19
19
19
19
19.4142
20.4142
47.799
48.2132
49.2132
50.2132
51.2132
52.2132
53.2132
54.2132
55.2132
56.2132
39.8995
38.8995
37.8995
36.8995
35.8995
34.8995
33.8995
32.8995
31.8995
30.8995
29.8995
28.8995
27.8995
26.8995
25.8995
24.8995
23.8995
22.8995
21.8995
21.4853
21.0711
20.6569
21.4853
21.0711
20.6569
20.2426
19.8284
19.4142
19
19
19
19
19
19
19
19
19.4142
19.8284
20.2426
20.6569
21.0711
21.4853
22.4853
23.4853
24.4853
25.4853
26.4853
25.4853
24.4853
23.4853
22.4853
21.4853
21.0711
20.6569
20.2426
19.8284
19.4142
21.4853
20.4853
20.0711
19.6569
19.2426
18.8284
18.4142
18
18
18
18
18
18
18
18.4142
18.8284
19.2426
20.0711
19.6569
19.2426
18.8284
18.4142
18
18
18
18
18
18
18.4142
18.8284
19.2426
19.6569
20.0711
20.4853
20.8995
21.3137
21.7279
22.1421
23.1421
24.1421
25.1421
26.1421
27.1421
28.1421
29.1421
22.7279
21.7279
21.3137
20.8995
20.4853
20.0711
19.6569
19.2426
18.8284
18.4142
18
18
18
18
18
18
18.4142
18.8284
19.2426
18
18
18
18
18
48.799
49.2132
49.6274
50.6274
51.6274
52.6274
53.6274
54.6274
55.6274
40.4853
39.4853
38.4853
37.4853
36.4853
35.4853
34.4853
33.4853
32.4853
31.4853
30.4853
29.4853
28.4853
27.4853
26.4853
25.4853
24.4853
23.4853
22.4853
21.4853
20.4853
20.0711
19.6569
20.0711
19.6569
19.2426
18.8284
18.4142
18
18
18
18
18
18
18
18
18.4142
18.8284
19.2426
19.6569
20.0711
21.0711
22.0711
23.0711
24.0711
25.0711
26.0711
25.0711
24.0711
23.0711
22.0711
21.0711
20.0711
19.6569
19.2426
18.8284
18.4142
19.0711
18.6569
18.2426
17.8284
17.4142
17
17
17
17
17
17
17
17.4142
17.8284
18.2426
19.0711
18.6569
18.2426
17.8284
17.4142
17
17
17
17
17
17
17.4142
17.8284
18.2426
18.6569
19.0711
19.4853
19.8995
20.3137
20.7279
21.7279
22.7279
23.7279
24.7279
25.7279
26.7279
27.7279
28.7279
22.3137
21.3137
20.3137
19.8995
19.4853
19.0711
18.6569
18.2426
17.8284
17.4142
17
17
17
17
17
17
17.4142
17.8284
18.2426
17
17
17
17
17
17
50.2132
50.6274
51.0416
52.0416
53.0416
54.0416
55.0416
41.0711
40.0711
39.0711
38.0711
37.0711
36.0711
35.0711
34.0711
33.0711
32.0711
31.0711
30.0711
29.0711
28.0711
27.0711
26.0711
25.0711
24.0711
23.0711
22.0711
21.0711
20.0711
19.0711
18.6569
18.6569
18.2426
17.8284
17.4142
17
17
17
17
17
17
17
17
17.4142
17.8284
18.2426
18.6569
19.6569
20.6569
21.6569
22.6569
23.6569
24.6569
25.6569
24.6569
23.6569
22.6569
21.6569
20.6569
19.6569
18.6569
18.2426
17.8284
17.4142
17.6569
17.2426
16.8284
16.4142
16
16
16
16
16
16
16
16.4142
16.8284
17.2426
18.0711
17.6569
17.2426
16.8284
16.4142
16
16
16
16
16
16
16.4142
16.8284
17.2426
17.6569
18.0711
18.4853
18.8995
19.3137
20.3137
21.3137
22.3137
23.3137
24.3137
25.3137
26.3137
27.3137
20.8995
19.8995
18.8995
18.4853
18.0711
17.6569
17.2426
16.8284
16.4142
16
16
16
16
16
16
16.4142
16.8284
17.2426
16
16
16
16
16
16
52.0416
52.4559
53.4559
54.4559
40.6569
39.6569
38.6569
37.6569
36.6569
35.6569
34.6569
33.6569
32.6569
31.6569
30.6569
29.6569
28.6569
27.6569
26.6569
25.6569
24.6569
23.6569
22.6569
21.6569
20.6569
19.6569
18.6569
17.6569
17.2426
17.2426
16.8284
16.4142
16
16
16
16
16
16
16
16
16.4142
16.8284
17.2426
18.2426
19.2426
22.0711
23.0711
24.0711
25.0711
25.2426
24.2426
23.2426
22.2426
21.2426
20.2426
19.2426
18.2426
17.2426
16.8284
16.4142
16
16
16.6569
16.2426
15.8284
15.4142
15
15
15
15
15
15
15
15.4142
15.8284
16.2426
15
15
15
15
15
17.0711
16.6569
16.2426
15.8284
15.4142
15
15
15
15
15
15
15.4142
15.8284
16.2426
16.6569
17.0711
17.4853
17.8995
18.8995
19.8995
20.8995
21.8995
22.8995
23.8995
24.8995
19.4853
18.4853
17.4853
17.0711
16.6569
16.2426
15.8284
15.4142
15
15
15
15
15
15
15.4142
15.8284
16.2426
15
15
15
15
15
15
15
15
15
40.2426
39.2426
38.2426
37.2426
36.2426
35.2426
34.2426
33.2426
32.2426
31.2426
30.2426
29.2426
28.2426
27.2426
26.2426
25.2426
24.2426
23.2426
22.2426
21.2426
20.2426
19.2426
18.2426
17.2426
16.2426
16.8284
15.8284
15.4142
15
15
15
15
15
15
15
15
15.4142
15.8284
23.8284
22.8284
21.8284
20.8284
19.8284
18.8284
17.8284
16.8284
15.8284
15.4142
15
15
15.2426
14.8284
14.4142
14
14
14
14
14
14
14
14.4142
14.8284
15.2426
14
14
14
14
14
14
14
14
14
14
14
14
14
14
15.6569
15.2426
14.8284
14.4142
14
14
14
14
14
14
14.4142
14.8284
15.2426
15.6569
16.0711
16.4853
17.4853
18.4853
19.4853
20.4853
21.4853
22.4853
14
14
14
14
18.0711
17.0711
16.0711
15.6569
15.2426
14.8284
14.4142
14
14
14
14
14
14
14.4142
14.8284
15.2426
14
14
14
14
14
14
14
14
14
14
40.6569
39.6569
38.6569
37.6569
36.6569
35.6569
34.6569
33.6569
32.6569
31.6569
30.6569
29.6569
28.6569
27.6569
26.6569
25.6569
24.6569
23.6569
22.6569
14.8284
14.4142
14
14
14
14
14
14
14
14
14
14
14.4142
14
14
14
14
14
14
14
14
14.4142
15.4142
14.4142
14
14
14
14
14
14
14
13
13
13
13
13
13
13
13
13
13
13
13
13
13
13
13
13
13
13
14.2426
13.8284
13.4142
13
13
13
13
13
13
13
13.4142
13.8284
13
13
13
13
13
13
13
13
13
13
13
13
13
13
13
13
13
13
13
14.6569
14.2426
13.8284
13.4142
13
13
13
13
13
13
13.4142
13.8284
14.2426
14.6569
15.0711
16.0711
17.0711
18.0711
13
13
13
13
13
13
13
13
13
13
13
13
13
15.6569
14.6569
14.2426
13.8284
13.4142
13
13
13
13
13
13
13.4142
13.8284
14.2426
13
13
13
13
13
13
13
13
13
13
13
13
13
13
13
13
40.0711
39.0711
38.0711
37.0711
36.0711
35.0711
34.0711
33.0711
32.0711
31.0711
30.0711
29.0711
28.0711
13.8284
13.4142
13
13
13
13
13
13
13
13
13
13
13
13.4142
13
13
13
13
13
13
13
13
13.4142
13
13
13
13
13
13
13
13
13
13
13
13
13
13
13
13
13
13
13
13
13
13
12
12
12
12
12
12
12
12
12
12
12
12
12
12
12
12
12
12
12
13.8284
12.8284
12.4142
12
12
12
12
12
12
12
12.4142
12.8284
12
12
12
12
12
12
12
12
12
12
12
12
12
12
12
12
12
12
12
14.2426
13.2426
12.8284
12.4142
12
12
12
12
12
12
12.4142
12.8284
13.2426
13.6569
14.6569
15.6569
16.6569
17.6569
12
12
12
12
12
12
12
12
12
12
12
12
12
15.2426
14.2426
13.2426
12.8284
12.4142
12
12
12
12
12
12
12.4142
12.8284
13.2426
12
12
12
12
12
12
12
12
12
12
12
12
12
12
12
12
40.4853
39.4853
38.4853
37.4853
36.4853
35.4853
34.4853
33.4853
32.4853
31.4853
30.4853
29.4853
29.0711
12.8284
12.4142
12
12
12
12
12
12
12
12
12
12
12
12.4142
12
12
12
12
12
12
12
12
12.4142
12
12
12
12
12
12
12
12
12
12
12
12
12
12
12
12
12
12
12
12
12
12
11
11
11
11
11
11
11
11
11
11
11
11
11
11
11
11
11
11
11
11
11
11
11
11
11
11
11
11
11
11
11
11
11
11
11
11
11
11
11
11
11
11.4142
11
11
11
11
11
11
11
11.4142
11.8284
11
11
11
11
11
11
11
11
11
11
11
11
11
11
11
11
11
11
11
11
11
11
11
12.8284
11.8284
11.4142
11
11
11
11
11
11
11.4142
11.8284
12.2426
13.2426
11
11
11
11
11
11
11
11
11
11
11
11
11
11
11
11
11
11
11
11
11
11
11
13.8284
12.8284
11.8284
11.4142
11
11
11
11
11
11
11.4142
11.8284
11
11
11
11
11
11
11
11
11
11
11
11
11
11
11
11
11
11
11
11
11
39.8995
38.8995
37.8995
36.8995
35.8995
34.8995
33.8995
32.8995
11.8284
11.4142
11
11
11
11
11
11
11
11
11
11
11
11
11.4142
11
11
11
11
11
11
11
11
11
11
11
11
11
11
11
11
11
11
11
11
11
11
11
11
11
11
11
11
11
11
11
11
11
11
11
11
10
10
10
10
10
10
10
10
10
10
10
10
10
10
10
10
10
10
10
10
10
10
10
10
10
10
10
10
10
10
10
10
10
10
10
10
10
10
10
10
10
10
10
10
10
10
10
10
10
10
10
10
10
10.4142
10
10
10
10
10
10
10
10.4142
11.4142
10
10
10
10
10
10
10
10
10
10
10
10
10
10
10
10
10
10
10
10
10
10
10
10
10
10.4142
10
10
10
10
10
10
10.4142
10.8284
11.8284
10
10
10
10
10
10
10
10
10
10
10
10
10
10
10
10
10
10
10
10
10
10
10
10
10
10
10
10
10.4142
10
10
10
10
10
10
10.4142
11.4142
10
10
10
10
10
10
10
10
10
10
10
10
10
10
10
10
10
10
10
10
10
10
10
10
10
11.4142
10.4142
10
10
10
10
10
10
10
10
10
10
10
10
10
10
10
10
10
10
10
10
10
10
10
10
10
10
10
10
10
10
10
10
10
10
10
10
10
10
10
10
10
10
10
10
10
10
10
10
10
10
10
10
10
10
10
10
10
10
10
10
10
10
10
10
10
10
10
10
10
10
10
10
10
10
9
9
9
9
9
9
9
9
9
9
9
9
9
9
9
9
9
9
9
9
9
9
9
9
9
9
9
9
9
9
9
9
9
9
9
9
9
9
9
9
9
9
9
9
9
9
9
9
9
9
9
9
9
9
9
9
9
9
9
9
9
9
9
9
9
9
9
9
9
9
9
9
9
9
9
9
9
9
9
9
9
9
9
9
9
9
9
9
9.41421
9
9
9
9
9
9
9.41421
10.4142
9
9
9
9
9
9
9
9
9
9
9
9
9
9
9
9
9
9
9
9
9
9
9
9
9
9
9
9
9
9
9
9
9
9
9
9
9
9
9
9
9
9
9
9
9
9
9
9
9
9
9
9
9
9
9
9
9
9
9
9
9
9
9
9
9
9
9
9
9
9
9
9
9
9
9
9
9
9
9
9
9
9
9
9
9
9
9
9
9
9
9
9
9
9
9
9
9
9
9
9
9
9
9
9
9
9
9
9
9
9
9
9
9
9
9
9
9
9
9
9
9
9
9
9
9
9
9
9
9
9
9
9
9
9
9
9
9
9
9
9
9
9
9
9
9
9
8
8
8
8
8
8
8
8
8
8
8
8
8
8
8
8
8
8
8
8
8
8
8
8
8
8
8
8
8
8
8
8
8
8
8
8
8
8
8
8
8
8
8
8
8
8
8
8
8
8
8
8
8
8
8
8
8
8
8
8
8
8
8
8
8
8
8
8
8
8
8
8
8
8
8
8
8
8
8
8
8
8
8
8
8
8
8
8
8
8
8
8
8
8
8
8
8
8
8
8
8
8
8
8
8
8
8
8
8
8
8
8
8
8
8
8
8
8
8
8
8
8
8
8
8
8
8
8
8
8
8
8
8
8
8
8
8
8
8
8
8
8
8
8
8
8
8
8
8
8
8
8
8
8
8
8
8
8
8
8
8
8
8
8
8
8
8
8
8
8
8
8
8
8
8
8
8
8
8
8
8
8
8
8
8
8
8
8
8
8
8
8
8
8
8
8
8
8
8
8
8
8
8
8
8
8
8
8
8
8
8
8
8
8
8
8
8
8
8
8
8
8
8
8
8
8
8
8
8
8
8
8
8
8
8
8
8
8
8
8
8
8
8
8
8
7
7
7
7
7
7
7
7
7
7
7
7
7
7
7
7
7
7
7
7
7
7
7
7
7
7
7
7
7
7
7
7
7
7
7
7
7
7
7
7
7
7
7
7
7
7
7
7
7
7
7
7
7
7
7
7
7
7
7
7
7
7
7
7
7
7
7
7
7
7
7
7
7
7
7
7
7
7
7
7
7
7
7
7
7
7
7
7
7
7
7
7
7
7
7
7
7
7
7
7
7
7
7
7
7
7
7
7
7
7
7
7
7
7
7
7
7
7
7
7
7
7
7
7
7
7
7
7
7
7
7
7
7
7
7
7
7
7
7
7
7
7
7
7
7
7
7
7
7
7
7
7
7
7
7
7
7
7
7
7
7
7
7
7
7
7
7
7
7
7
7
7
7
7
7
7
7
7
7
7
7
7
7
7
7
7
7
7
7
7
7
7
7
7
7
7
7
7
7
7
7
7
7
7
7
7
7
7
7
7
7
7
7
7
7
7
7
7
7
7
7
7
7
7
7
7
7
7
7
7
7
7
7
7
7
7
7
7
7
7
7
7
7
7
7
7
7
7
7
7
7
7
7
6
6
6
6
6
6
6
6
6
6
6
6
6
6
6
6
6
6
6
6
6
6
6
6
6
6
6
6
6
6
6
6
6
6
6
6
6
6
6
6
6
6
6
6
6
6
6
6
6
6
6
6
6
6
6
6
6
6
6
6
6
6
6
6
6
6
6
6
6
6
6
6
6
6
6
6
6
6
6
6
6
6
6
6
6
6
6
6
6
6
6
6
6
6
6
6
6
6
6
6
6
6
6
6
6
6
6
6
6
6
6
6
6
6
6
6
6
6
6
6
6
6
6
6
6
6
6
6
6
6
6
6
6
6
6
6
6
6
6
6
6
6
6
6
6
6
6
6
6
6
6
6
6
6
6
6
6
6
6
6
6
6
6
6
6
6
6
6
6
6
6
6
6
6
6
6
6
6
6
6
6
6
6
6
6
6
6
6
6
6
6
6
6
6
6
6
6
6
6
6
6
6
6
6
6
6
6
6
6
6
6
6
6
6
6
6
6
6
6
6
6
6
6
6
6
6
6
6
6
6
6
6
6
6
6
6
6
6
6
6
6
6
6
6
6
6
6
6
6
6
6
6
6
6
6
6
6
6
6
6
6
6
6
6
6
6
6
6
6
6
6
6
6
6
6
6
6
6
6
6
6
6
6
6
6
6
6
6
6
6
6
6
6
6
6
6
6
6
6
6
6
6
6
6
6
6
6
6
6
6
6
6
6
6
6
6
6
6
6
6
6
6
6
6
6
6
6
6
6
6
6
6
6
6
6
6
6
6
6
6
6
6
6
6
6
6
6
6
6
6
6
6
6
6
6
6
6
6
6
6
6
6
6
6
6
6
6
6
6
6
6
6
6
6
6
6
6
6
6
6
6
6
6
6
6
6
6
6
6
6
6
6
6
6
6
6
6
6
6
6
6
6
6
6
6
6
6
6
6
6
6
6
6
6
6
6
6
6
6
6
6
6
6
6
6
6
6
6
6
6
6
6
6
6
6
6
6
6
6
6
6
6
6
6
6
6
6
6
6
6
6
6
6
6
6
6
6
6
6
6
6
6
6
6
6
6
6
6
6
6
6
6
6
6
6
6
6
6
6
6
6
6
6
6
6
6
6
6
6
6
6
6
6
6
6
6
6
6
6
6
6
6
6
6
6
6
6
6
6
6
6
6
5
5
5
5
5
5
5
5
5
5
5
5
5
5
5
5
5
5
5
5
5
5
5
5
5
5
5
5
5
5
5
5
5
5
5
5
5
5
5
5
5
5
5
5
5
5
5
5
5
5
5
5
5
5
5
5
5
5
5
5
5
5
5
5
5
5
5
5
5
5
5
5
5
5
5
5
5
5
5
5
5
5
5
5
5
5
5
5
5
5
5
5
5
5
5
5
5
5
5
5
5
5
5
5
5
5
5
5
5
5
5
5
5
5
5
5
5
5
5
5
5
5
5
5
5
5
5
5
5
5
5
5
5
5
5
5
5
5
5
5
5
5
5
5
5
5
5
5
5
5
5
5
5
5
5
5
5
5
5
5
5
5
5
5
5
5
5
5
5
5
5
5
5
5
5
5
5
5
5
5
5
5
5
5
5
5
5
5
5
5
5
5
5
5
5
5
5
5
5
5
5
5
5
5
5
5
5
5
5
5
5
5
5
5
5
5
5
5
5
5
5
5
5
5
5
5
5
5
5
5
5
5
5
5
5
5
5
5
5
5
5
5
5
5
5
5
5
5
5
5
5
5
5
5
5
5
5
5
5
5
5
5
5
5
5
5
5
5
5
5
5
5
5
5
5
5
5
5
5
5
5
5
5
5
5
5
5
5
5
5
5
5
5
5
5
5
5
5
5
5
5
5
5
5
5
5
5
5
5
5
5
5
5
5
5
5
5
5
5
5
5
5
5
5
5
5
5
5
5
5
5
5
5
5
5
5
5
5
5
5
5
5
5
5
5
5
5
5
5
5
5
5
5
5
5
5
5
5
5
5
5
5
5
5
5
5
5
5
5
5
5
5
5
5
5
5
5
5
5
5
5
5
5
5
5
5
5
5
5
5
5
5
5
5
5
5
5
5
5
5
5
5
5
5
5
5
5
5
5
5
5
5
5
5
5
5
5
5
5
5
5
5
5
5
5
5
5
5
5
5
5
5
5
5
5
5
5
5
5
5
5
5
5
5
5
5
5
5
5
5
5
5
5
5
5
5
5
5
5
5
5
5
5
5
5
5
5
5
5
5
5
5
5
5
5
5
5
5
5
5
5
5
5
5
5
5
5
5
5
5
5
5
5
5
5
5
5
5
5
5
5
5
5
5
5
5
5
5
5
5
5
5
4
4
4
4
4
4
4
4
4
4
4
4
4
4
4
4
4
4
4
4
4
4
4
4
4
4
4
4
4
4
4
4
4
4
4
4
4
4
4
4
4
4
4
4
4
4
4
4
4
4
4
4
4
4
4
4
4
4
4
4
4
4
4
4
4
4
4
4
4
4
4
4
4
4
4
4
4
4
4
4
4
4
4
4
4
4
4
4
4
4
4
4
4
4
4
4
4
4
4
4
4
4
4
4
4
4
4
4
4
4
4
4
4
4
4
4
4
4
4
4
4
4
4
4
4
4
4
4
4
4
4
4
4
4
4
4
4
4
4
4
4
4
4
4
4
4
4
4
4
4
4
4
4
4
4
4
4
4
4
4
4
4
4
4
4
4
4
4
4
4
4
4
4
4
4
4
4
4
4
4
4
4
4
4
4
4
4
4
4
4
4
4
4
4
4
4
4
4
4
4
4
4
4
4
4
4
4
4
4
4
4
4
4
4
4
4
4
4
4
4
4
4
4
4
4
4
4
4
4
4
4
4
4
4
4
4
4
4
4
4
4
4
4
4
4
4
4
4
4
4
4
4
4
4
4
4
4
4
4
4
4
4
4
4
4
4
4
4
4
4
4
4
4
4
4
4
4
4
4
4
4
4
4
4
4
4
4
4
4
4
4
4
4
4
4
4
4
4
4
4
4
4
4
4
4
4
4
4
4
4
4
4
4
4
4
4
4
4
4
4
4
4
4
4
4
4
4
4
4
4
4
4
4
4
4
4
4
4
4
4
4
4
4
4
4
4
4
4
4
4
4
4
4
4
4
4
4
4
4
4
4
4
4
4
4
4
4
4
4
4
4
4
4
4
4
4
4
4
4
4
4
4
4
4
4
4
4
4
4
4
4
4
4
4
4
4
4
4
4
4
4
4
4
4
4
4
4
4
4
4
4
4
4
4
4
4
4
4
4
4
4
4
4
4
4
4
4
4
4
4
4
4
4
4
4
4
4
4
4
4
4
4
4
4
4
4
4
4
4
4
4
4
4
4
4
4
4
4
4
4
4
4
4
4
4
4
4
4
4
4
4
4
4
4
4
4
4
4
4
4
4
4
4
4
4
4
4
4
4
4
4
4
4
4
4
4
4
4
4
4
4
4
4
4
4
4
4
4
4
4
4
4
3
3
3
3
3
3
3
3
3
3
3
3
3
3
3
3
3
3
3
3
3
3
3
3
3
3
3
3
3
3
3
3
3
3
3
3
3
3
3
3
3
3
3
3
3
3
3
3
3
3
3
3
3
3
3
3
3
3
3
3
3
3
3
3
3
3
3
3
3
3
3
3
3
3
3
3
3
3
3
3
3
3
3
3
3
3
3
3
3
3
3
3
3
3
3
3
3
3
3
3
3
3
3
3
3
3
3
3
3
3
3
3
3
3
3
3
3
3
3
3
3
3
3
3
3
3
3
3
3
3
3
3
3
3
3
3
3
3
3
3
3
3
3
3
3
3
3
3
3
3
3
3
3
3
3
3
3
3
3
3
3
3
3
3
3
3
3
3
3
3
3
3
3
3
3
3
3
3
3
3
3
3
3
3
3
3
3
3
3
3
3
3
3
3
3
3
3
3
3
3
3
3
3
3
3
3
3
3
3
3
3
3
3
3
3
3
3
3
3
3
3
3
3
3
3
3
3
3
3
3
3
3
3
3
3
3
3
3
3
3
3
3
3
3
3
3
3
3
3
3
3
3
3
3
3
3
3
3
3
3
3
3
3
3
3
3
3
3
3
3
3
3
3
3
3
3
3
3
3
3
3
3
3
3
3
3
3
3
3
3
3
3
3
3
3
3
3
3
3
3
3
3
3
3
3
3
3
3
3
3
3
3
3
3
3
3
3
3
3
3
3
3
3
3
3
3
3
3
3
3
3
3
3
3
3
3
3
3
3
3
3
3
3
3
3
3
3
3
3
3
3
3
3
3
3
3
3
3
3
3
3
3
3
3
3
3
3
3
3
3
3
3
3
3
3
3
3
3
3
3
3
3
3
3
3
3
3
3
3
3
3
3
3
3
3
3
3
3
3
3
3
3
3
3
3
3
3
3
3
3
3
3
3
3
3
3
3
3
3
3
3
3
3
3
3
3
3
3
3
3
3
3
3
3
3
3
3
3
3
3
3
3
3
3
3
3
3
3
3
3
3
3
3
3
3
3
3
3
3
3
3
3
3
3
3
3
3
3
3
3
3
3
3
3
3
3
3
3
3
3
3
3
3
3
3
3
3
3
3
3
3
3
3
3
3
3
3
3
3
3
3
3
3
3
3
3
3
3
3
3
3
3
2
2
2
2
2
2
2
2
2
2
2
2
2
2
2
2
2
2
2
2
2
2
2
2
2
2
2
2
2
2
2
2
2
2
2
2
2
2
2
2
2
2
2
2
2
2
2
2
2
2
2
2
2
2
2
2
2
2
2
2
2
2
2
2
2
2
2
2
2
2
2
2
2
2
2
2
2
2
2
2
2
2
2
2
2
2
2
2
2
2
2
2
2
2
2
2
2
2
2
2
2
2
2
2
2
2
2
2
2
2
2
2
2
2
2
2
2
2
2
2
2
2
2
2
2
2
2
2
2
2
2
2
2
2
2
2
2
2
2
2
2
2
2
2
2
2
2
2
2
2
2
2
2
2
2
2
2
2
2
2
2
2
2
2
2
2
2
2
2
2
2
2
2
2
2
2
2
2
2
2
2
2
2
2
2
2
2
2
2
2
2
2
2
2
2
2
2
2
2
2
2
2
2
2
2
2
2
2
2
2
2
2
2
2
2
2
2
2
2
2
2
2
2
2
2
2
2
2
2
2
2
2
2
2
2
2
2
2
2
2
2
2
2
2
2
2
2
2
2
2
2
2
2
2
2
2
2
2
2
2
2
2
2
2
2
2
2
2
2
2
2
2
2
2
2
2
2
2
2
2
2
2
2
2
2
2
2
2
2
2
2
2
2
2
2
2
2
2
2
2
2
2
2
2
2
2
2
2
2
2
2
2
2
2
2
2
2
2
2
2
2
2
2
2
2
2
2
2
2
2
2
2
2
2
2
2
2
2
2
2
2
2
2
2
2
2
2
2
2
2
2
2
2
2
2
2
2
2
2
2
2
2
2
2
2
2
2
2
2
2
2
2
2
2
2
2
2
2
2
2
2
2
2
2
2
2
2
2
2
2
2
2
2
2
2
2
2
2
2
2
2
2
2
2
2
2
2
2
2
2
2
2
2
2
2
2
2
2
2
2
2
2
2
2
2
2
2
2
2
2
2
2
2
2
2
2
2
2
2
2
2
2
2
2
2
2
2
2
2
2
2
2
2
2
2
2
2
2
2
2
2
2
2
2
2
2
2
2
2
2
2
2
2
2
2
2
2
2
2
2
2
2
2
2
2
2
2
2
2
2
2
2
2
2
2
2
2
2
2
2
2
2
2
2
2
2
2
2
2
2
2
2
1
1
1
1
1
1
1
1
1
1
1
1
1
1
1
1
1
1
1
1
1
1
1
1
1
1
1
1
1
1
1
1
1
1
1
1
1
1
1
1
1
1
1
1
1
1
1
1
1
1
1
1
1
1
1
1
1
1
1
1
1
1
1
1
1
1
1
1
1
1
1
1
1
1
1
1
1
1
1
1
1
1
1
1
1
1
1
1
1
1
1
1
1
1
1
1
1
1
1
1
1
1
1
1
1
1
1
1
1
1
1
1
1
1
1
1
1
1
1
1
1
1
1
1
1
1
1
1
1
1
1
1
1
1
1
1
1
1
1
1
1
1
1
1
1
1
1
1
1
1
1
1
1
1
1
1
1
1
1
1
1
1
1
1
1
1
1
1
1
1
1
1
1
1
1
1
1
1
1
1
1
1
1
1
1
1
1
1
1
1
1
1
1
1
1
1
1
1
1
1
1
1
1
1
1
1
1
1
1
1
1
1
1
1
1
1
1
1
1
1
1
1
1
1
1
1
1
1
1
1
1
1
1
1
1
1
1
1
1
1
1
1
1
1
1
1
1
1
1
1
1
1
1
1
1
1
1
1
1
1
1
1
1
1
1
1
1
1
1
1
1
1
1
1
1
1
1
1
1
1
1
1
1
1
1
1
1
1
1
1
1
1
1
1
1
1
1
1
1
1
1
1
1
1
1
1
1
1
1
1
1
1
1
1
1
1
1
1
1
1
1
1
1
1
1
1
1
1
1
1
1
1
1
1
1
1
1
1
1
1
1
1
1
1
1
1
1
1
1
1
1
1
1
1
1
1
1
1
1
1
1
1
1
1
1
1
1
1
1
1
1
1
1
1
1
1
1
1
1
1
1
1
1
1
1
1
1
1
1
1
1
1
1
1
1
1
1
1
1
1
1
1
1
1
1
1
1
1
1
1
1
1
1
1
1
1
1
1
1
1
1
1
1
1
1
1
1
1
1
1
1
1
1
1
1
1
1
1
1
1
1
1
1
1
1
1
1
1
1
1
1
1
1
1
1
1
1
1
1
1
1
1
1
1
1
1
1
1
1
1
1
1
1
1
1
1
1
1
1
1
1
1
1
1
1
1
1
1
1
1
1
1
1
1
1
1
1
1
1
1
1
1
1
1
1
1
1
1
1
1
1
1
0
0
0
0
0
0
0
0
0
0
0
0
0
0
0
0
0
0
0
0
0
0
0
0
0
0
0
0
0
0
0
0
0
0
0
0
0
0
0
0
0
0
0
0
0
0
0
0
0
0
0
0
0
0
0
0
0
0
0
0
0
0
0
0
0
0
0
0
0
0
0
0
0
0
0
0
0
0
0
0
0
0
0
0
0
0
0
0
0
0
0
0
0
0
0
0
0
0
0
0
0
0
0
0
0
0
0
0
0
0
0
0
0
0
0
0
0
0
0
0
0
0
0
0
0
0
0
0
0
0
0
0
0
0
0
0
0
0
0
0
0
0
0
0
0
0
0
0
0
0
0
0
0
0
0
0
0
0
0
0
0
0
0
0
0
0
0
0
0
0
0
0
0
0
0
0
0
0
0
0
0
0
0
0
0
0
0
0
0
0
0
0
0
0
0
0
0
0
0
0
0
0
0
0
0
0
0
0
0
0
0
0
0
0
0
0
0
0
0
0
0
0
0
0
0
0
0
0
0
0
0
0
0
0
0
0
0
0
0
0
0
0
0
0
0
0
0
0
0
0
0
0
0
0
0
0
0
0
0
0
0
0
0
0
0
0
0
0
0
0
0
0
0
0
0
0
0
0
0
0
0
0
0
0
0
0
0
0
0
0
0
0
0
0
0
0
0
0
0
0
0
0
0
0
0
0
0
0
0
0
0
0
0
0
0
0
0
0
0
0
0
0
0
0
0
0
0
0
0
0
0
0
0
0
0
0
0
0
0
0
0
0
0
0
0
0
0
0
0
0
0
0
0
0
0
0
0
0
0
0
0
0
0
0
0
0
0
0
0
0
0
0
0
0
0
0
0
0
0
0
0
0
0
0
0
0
0
0
0
0
0
0
0
0
0
0
0
0
0
0
0
0
0
0
0
0
0
0
0
0
0
0
0
0
0
0
0
0
0
0
0
0
0
0
0
0
0
0
0
0
0
0
0
0
0
0
0
0
0
0
0
0
0
0
0
0
0
0
0
0
0
0
0
0
0
0
0
0
0
0
0
0
0
0
0
0
0
0
0
0
0
0
0
0
0
0
0
0
0
0
0
0
0
0
0
0
0
0
0
0
0
0
0
0
0
0
0
0
0
0
0
0
0
0
0
0
0
0
0
0
0
0
