300.836
299.836
298.836
297.836
296.836
295.836
294.836
293.836
292.836
291.836
290.836
290.421
290.007
289.593
289.179
288.765
288.35
287.936
287.522
287.108
177.936
177.522
177.108
176.694
176.279
175.865
175.451
175.037
174.622
174.208
173.794
173.38
172.966
172.551
172.137
171.723
300.421
286.108
176.936
170.723
300.007
285.108
175.936
169.723
299.593
284.108
175.35
174.936
168.723
299.179
283.108
282.694
174.35
167.723
298.765
281.694
173.35
166.723
298.35
280.694
172.35
165.723
297.936
279.694
171.936
164.723
297.522
278.694
171.522
163.723
297.108
277.694
277.279
276.865
171.108
162.723
296.694
275.865
171.694
170.694
161.723
161.309
296.279
274.865
274.451
171.279
160.309
295.865
273.451
170.865
159.309
295.451
272.451
272.037
171.451
170.451
158.309
295.037
271.037
171.037
157.309
294.622
270.622
269.622
170.622
156.309
296.208
295.208
294.208
269.208
268.208
267.208
172.208
171.208
170.208
155.309
295.794
266.794
265.794
171.794
154.309
153.895
295.38
265.38
264.38
172.38
171.38
152.895
294.966
263.966
262.966
261.966
260.966
172.966
171.966
151.895
294.551
260.551
259.551
258.551
174.551
173.551
172.551
150.895
150.48
150.066
294.137
258.137
257.137
256.137
255.137
254.137
175.137
174.137
149.066
293.723
253.723
252.723
251.723
250.723
249.723
248.723
247.723
246.723
245.723
244.723
243.723
242.723
241.723
240.723
239.723
238.723
237.723
236.723
235.723
234.723
233.723
232.723
231.723
230.723
229.723
228.723
227.723
226.723
225.723
224.723
223.723
222.723
221.723
220.723
219.723
219.309
175.723
174.723
148.066
293.309
218.309
175.309
147.066
293.895
292.895
217.895
216.895
215.895
214.895
213.895
212.895
211.895
175.895
174.895
146.066
145.652
293.48
211.48
210.48
209.48
208.48
207.48
206.48
178.48
177.48
176.48
175.48
144.652
293.066
206.066
205.066
204.066
203.066
202.066
201.066
200.066
199.066
182.066
181.066
180.066
179.066
178.066
143.652
143.238
293.652
292.652
198.652
197.652
196.652
195.652
194.652
193.652
192.652
191.652
190.652
189.652
188.652
187.652
186.652
185.652
184.652
183.652
182.652
181.652
142.238
293.238
141.238
140.823
292.823
139.823
139.409
138.995
293.409
292.409
137.995
292.995
136.995
292.581
249.581
248.581
247.581
246.581
245.581
244.581
243.581
242.581
241.581
136.581
135.581
294.995
293.995
292.995
253.995
252.995
251.995
250.995
249.995
241.167
240.167
239.167
238.167
237.167
236.167
135.167
134.167
296.409
295.409
256.409
255.409
254.409
235.752
234.752
233.752
232.752
231.752
133.752
132.752
296.823
257.823
256.823
231.338
230.338
229.338
132.338
131.338
130.338
298.238
297.238
258.238
228.924
227.924
226.924
225.924
129.924
128.924
300.652
299.652
298.652
260.652
259.652
259.238
225.51
224.51
223.51
128.51
127.51
302.066
301.066
261.066
223.096
222.096
221.096
220.096
127.096
126.096
125.096
303.48
302.48
262.066
219.681
124.681
123.681
123.267
303.895
263.066
219.267
218.267
217.267
216.267
215.267
122.267
305.309
304.309
264.066
214.853
213.853
212.853
211.853
121.853
120.853
308.723
307.723
306.723
305.723
265.066
211.439
210.439
209.439
208.439
207.439
206.439
205.439
120.439
119.439
118.439
310.137
309.137
266.066
205.024
204.024
203.024
202.024
201.024
200.024
199.024
118.024
117.024
116.024
311.551
310.551
267.066
198.61
197.61
196.61
195.61
194.61
193.61
192.61
191.61
190.61
189.61
188.61
187.61
186.61
185.61
184.61
183.61
182.61
181.61
180.61
179.61
178.61
177.61
176.61
175.61
174.61
173.61
172.61
171.61
170.61
115.61
114.61
113.61
112.61
314.966
313.966
312.966
311.966
268.066
170.196
169.196
168.196
167.196
166.196
165.196
164.196
163.196
162.196
161.196
160.196
112.196
111.196
110.196
401.392
400.392
399.392
398.392
397.392
396.392
395.392
394.392
393.392
392.392
318.38
317.38
316.38
315.38
269.066
269.48
270.48
159.782
158.782
157.782
156.782
155.782
154.782
109.782
108.782
107.782
106.782
74
74
74
74
74.4142
74.8284
75.2426
75.6569
76.0711
76.4853
76.8995
403.978
402.978
401.978
400.978
391.978
390.978
389.978
388.978
387.978
386.978
319.794
318.794
270.895
271.895
154.368
106.368
105.368
104.953
73
73
73
73
75.8995
76.3137
76.7279
77.1422
77.5564
77.9706
78.3848
405.564
404.564
403.564
386.564
385.564
385.149
384.735
384.321
383.907
320.208
272.309
153.953
152.953
151.953
150.953
149.953
148.953
103.953
72
77.3848
405.149
382.907
322.622
321.622
320.622
273.309
273.723
148.539
147.539
146.539
145.539
144.539
103.539
102.539
101.539
100.539
71
71
71
71
71
76.3848
76.799
77.2132
77.6274
78.0417
405.735
404.735
381.907
381.493
381.078
380.664
380.25
379.836
379.421
379.007
378.593
326.037
325.037
324.037
323.037
274.723
275.137
144.125
143.125
142.125
141.125
100.125
99.1249
98.1249
97.1249
70
70
70
77.0417
77.4559
77.8701
78.2843
78.6985
405.321
377.593
329.451
328.451
327.451
326.451
276.137
276.551
277.551
278.551
140.711
139.711
138.711
137.711
136.711
96.7107
95.7107
94.7107
69
69
77.6985
78.1127
78.5269
78.9412
406.907
405.907
404.907
376.593
331.865
330.865
329.865
278.966
279.966
280.966
281.966
282.966
283.966
136.297
135.297
134.297
94.2965
93.2965
92.2965
91.2965
68.4142
68
77.9412
78.3554
78.7696
79.1838
79.598
406.493
375.593
335.279
334.279
333.279
332.279
284.38
285.38
286.38
287.38
288.38
289.38
290.38
291.38
292.38
293.38
294.38
295.38
296.38
133.882
132.882
131.882
130.882
90.8823
89.8823
88.8823
87.8823
67.8284
67.4142
78.598
79.0122
79.4265
79.8407
80.2549
407.078
406.078
374.593
337.694
336.694
335.694
296.794
297.794
298.794
299.794
130.468
129.468
128.468
87.4681
86.4681
85.4681
85.0539
67.6569
67.2426
66.8284
79.2549
79.6691
80.6691
81.6691
82.6691
406.664
373.593
342.108
341.108
340.108
339.108
338.108
300.208
301.208
302.208
303.208
128.054
127.054
126.054
125.054
124.054
84.0539
83.6397
83.2254
82.8112
82.397
67.0711
66.6569
82.2549
83.2549
84.2549
85.2549
86.2549
406.25
372.593
345.522
344.522
343.522
342.522
303.622
304.622
305.622
306.622
123.64
81.397
80.9828
80.5686
80.1544
79.7402
66.0711
85.8407
86.8407
87.8407
88.8407
89.8407
90.8407
405.836
371.593
345.936
301.936
300.936
299.936
298.936
297.936
296.936
295.936
294.936
293.936
292.936
291.936
290.936
289.936
288.936
287.936
287.522
287.108
286.694
286.279
285.865
307.037
123.225
122.225
121.225
120.225
78.7402
65.0711
90.4265
405.421
404.421
370.593
351.35
350.35
349.35
348.35
347.35
346.35
306.35
305.35
304.35
303.35
302.35
286.865
286.451
286.037
285.622
307.451
308.451
119.811
118.811
117.811
77.7402
77.3259
76.9117
76.4975
76.0833
75.6691
64.0711
90.0122
91.0122
92.0122
93.0122
94.0122
95.0122
404.007
369.593
356.765
355.765
354.765
353.765
352.765
351.765
310.765
309.765
308.765
307.765
306.765
286.622
286.208
285.794
308.865
309.865
117.397
116.397
115.397
114.397
74.6691
74.2549
73.8406
73.4264
73.0122
63.4853
63.0711
94.598
95.598
96.598
97.598
98.598
99.598
99.6397
98.6397
97.6397
96.6397
95.6397
94.6397
93.6397
403.593
368.593
367.179
366.179
365.179
364.179
363.179
362.179
361.179
360.179
359.179
358.179
357.179
313.179
312.179
311.179
286.794
286.38
285.966
285.551
310.279
113.983
112.983
111.983
110.983
109.983
72.0122
71.598
71.1838
70.7696
70.3554
69.9411
69.5269
62.4853
93.2254
92.2254
91.2254
90.2254
89.2254
88.2254
87.2254
86.2254
85.2254
84.2254
83.2254
82.2254
81.2254
80.2254
79.2254
78.2254
77.8112
77.397
403.179
402.179
401.179
368.179
316.593
315.593
314.593
313.593
286.551
286.137
285.723
310.694
311.694
109.569
108.569
107.569
68.5269
68.1127
67.6985
67.2843
66.8701
61.4853
76.397
75.9828
75.5686
75.1544
74.7402
74.3259
73.9117
73.4975
73.0833
401.593
400.593
319.007
318.007
317.007
286.723
286.309
312.108
107.154
106.154
105.154
104.154
65.8701
65.4558
65.0416
64.6274
64.2132
60.4853
72.0833
71.6691
71.2549
70.8406
70.4264
70.0122
69.598
401.007
400.007
320.421
319.421
287.309
286.895
286.48
286.066
312.522
64.8701
65.2843
65.6985
66.1127
66.5269
66.9411
67.3554
67.7696
68.1838
68.598
69.0122
103.74
102.74
101.74
63.2132
62.799
62.3848
61.9706
59.8995
59.4853
68.598
68.1838
67.7696
67.3554
66.9411
400.421
399.421
323.836
322.836
321.836
320.836
287.066
287.48
312.936
62.2132
62.6274
63.0416
63.4559
63.8701
68.0122
68.4264
68.8407
69.2549
101.326
100.326
99.3259
98.3259
97.3259
60.9706
60.5563
60.1421
59.7279
58.8995
65.9411
65.5269
65.1127
64.6985
64.2843
399.836
398.836
397.836
324.25
288.48
313.35
59.5564
59.9706
60.3848
60.799
61.2132
68.2549
68.6691
69.0833
96.9117
58.7279
58.3137
57.8995
57.4853
57.8995
63.2843
62.8701
62.4558
62.0416
398.25
327.664
326.664
325.664
325.25
289.48
289.895
290.309
313.765
58.5564
68.0833
96.4975
95.4975
94.4975
93.4975
56.4853
56.8995
61.0416
398.664
397.664
396.664
329.078
328.078
291.309
291.723
313.179
314.179
56.3137
56.7279
57.1421
57.5564
67.6691
68.6691
93.0833
92.0833
91.0833
90.0833
89.0833
55.4853
55.0711
55.8995
55.4853
60.0416
59.6274
59.2132
397.078
396.078
331.493
330.493
329.493
292.723
293.137
293.551
313.593
54.0711
54.4853
54.8995
55.3137
68.2549
88.6691
87.6691
86.6691
54.0711
53.6569
53.2426
54.4853
58.2132
57.799
57.3848
56.9706
396.493
395.493
394.493
393.493
392.493
333.907
332.907
331.907
294.551
294.966
295.38
313.007
314.007
51.8284
52.2426
52.6569
53.0711
67.8407
68.8407
69.8407
86.2549
85.2549
84.2549
83.2549
82.2549
52.2426
51.8284
51.4142
53.4853
55.9706
55.5563
55.1421
392.907
391.907
390.907
389.907
388.907
336.321
335.321
334.321
296.38
296.794
297.208
313.421
50
50
50.4142
50.8284
69.4264
81.8406
80.8406
79.8406
50.4142
50
52.4853
54.1421
53.7279
53.3137
389.321
388.321
387.321
386.321
385.321
384.321
383.321
382.321
371.735
339.735
338.735
337.735
336.735
298.208
298.622
299.037
299.451
312.836
313.836
49
49
49
69.0122
79.4264
78.4264
77.4264
76.4264
75.4264
49
49
51.4853
52.3137
51.8995
51.4853
382.735
381.735
380.735
379.735
378.735
377.735
376.735
375.735
374.735
373.735
372.735
372.149
342.149
341.149
340.149
300.451
300.865
301.279
310.25
311.25
312.25
313.25
48
48
68.598
75.0122
74.0122
73.0122
72.0122
48
48
48
50.4853
50.4853
50.0711
372.564
342.564
302.279
310.664
47
47
47
47
68.1838
71.598
47
47
49.4853
49.0711
48.6569
48.2426
372.978
345.978
344.978
343.978
343.564
303.279
303.694
304.108
304.522
304.936
308.664
309.078
310.078
311.078
46
67.7696
71.1838
70.1838
69.1838
46
48.4853
48.0711
47.2426
373.392
348.392
347.392
346.392
305.936
306.35
306.765
307.179
307.593
308.007
308.421
308.836
309.25
309.664
45
45
45
45
65.3554
66.3554
67.3554
68.7696
67.7696
66.7696
65.7696
45
45
47.0711
84.9706
85.9706
86.9706
87.9706
88.9706
89.9706
90.9706
91.9706
92.9706
93.0122
92.0122
91.0122
90.0122
89.0122
88.0122
87.0122
86.0122
85.0122
84.0122
83.0122
46.2426
45.8284
45.4142
373.806
351.806
350.806
349.806
348.806
44
44
64.9411
65.3554
64.3554
63.3554
62.3554
44
46.0711
79.5564
80.5564
81.5564
82.5564
83.5564
84.5564
82.598
81.598
80.598
79.598
78.598
44.4142
44
44
374.22
356.22
355.22
354.22
353.22
352.22
43
43
63.5269
64.5269
61.9411
60.9411
59.9411
43
43
45.0711
44.6569
74.1422
75.1422
76.1422
77.1422
78.1422
79.1422
78.1838
77.1838
76.1838
75.1838
74.1838
43
43
374.635
360.635
359.635
358.635
357.635
356.635
42
42
62.1127
63.1127
59.5269
58.5269
57.5269
56.5269
42
42
42
43.6569
48.7279
49.7279
50.7279
51.7279
52.7279
53.7279
54.7279
55.7279
56.7279
57.7279
58.7279
59.7279
60.7279
61.7279
62.7279
63.7279
64.7279
65.7279
66.7279
67.7279
68.7279
69.7279
70.7279
71.7279
72.7279
73.7279
73.7696
72.7696
71.7696
70.7696
42
42
375.049
367.049
366.049
365.049
364.049
363.049
362.049
361.049
41
41
41
60.6985
61.6985
56.1127
55.1127
54.1127
41
42.6569
44.3137
45.3137
46.3137
47.3137
48.3137
70.3554
69.3554
68.3554
67.3554
41
41
375.463
374.463
373.463
372.463
371.463
370.463
369.463
368.463
367.463
40
40
58.2843
59.2843
60.2843
53.6985
52.6985
51.6985
50.6985
40
40
41.6569
42.8995
43.8995
66.9411
65.9411
64.9411
63.9411
40
40
40
39
39
55.8701
56.8701
57.8701
50.2843
49.2843
39
41.2426
40.2426
39.8284
41.0711
41.4853
42.4853
63.5269
62.5269
61.5269
39
39
38
38
55.4559
48.8701
38
38
38.8284
40.0711
61.1127
38
38
37
51.0416
52.0416
53.0416
54.0416
55.0416
48.4559
47.4559
46.4559
45.4559
37
37.8284
38.6569
39.0711
60.6985
59.6985
58.6985
57.6985
56.6985
37
42.6274
43.0416
43.4558
43.8701
44.2843
43.8701
43.4558
43.0416
42.6274
42.2132
41.799
41.3848
40.9706
40.5563
40.1421
39.7279
39.3137
38.8995
38.4853
38.0711
37.6569
37.2426
36
47.6274
48.6274
49.6274
50.6274
45.0416
44.0416
36
36.8284
37.2426
37.6569
56.2843
55.2843
54.2843
53.2843
36
36
39.5563
39.9706
40.3848
40.799
41.2132
41.6274
36.2426
35.8284
35.4142
35
35
35
35
35
35
45.2132
46.2132
47.2132
43.6274
42.6274
35
35.8284
36.2426
52.8701
51.8701
50.8701
35
35
35
36.8995
37.3137
37.7279
38.1421
38.5563
34
34
34
34
34
34
34
41.799
42.799
43.799
44.799
42.2132
41.2132
40.2132
39.799
34
34
34.8284
34.4142
34.8284
35.2426
50.4558
49.4558
48.4558
47.4558
34
34
34.2426
34.6569
35.0711
35.4853
35.8995
33
33
33
33
39.3848
40.3848
41.3848
38.799
38.3848
33
33.4142
33.8284
47.0416
46.0416
45.0416
44.0416
33
33
32
32
32.4142
32.8284
33.2426
32
32
32
32
32
32
36.9706
37.9706
38.9706
32.4142
32.8284
33.2426
33.6569
34.0711
34.4853
34.8995
34.4853
34.0711
33.6569
33.2426
32.8284
32.4142
32
32
37.3848
36.9706
32
32.4142
32
32.4142
33.4142
43.6274
42.6274
41.6274
32
31
31
31
31
31
31
31
31
35.1421
35.5564
36.5564
31
31
31
31
31
31.4142
31
31
31
31
31
31
35.9706
35.5563
31
31
31
31.4142
31
41.2132
40.2132
39.2132
38.2132
31
31
31
30
30
30
30
30
30
30
30
30
34.1421
30
30
30
30
30
30
30
30
34.5563
30
30.4142
30
37.799
30
30
29
29
29
32.7279
33.7279
29
29
34.1421
33.1421
32.7279
29
29.4142
29
37.3848
36.3848
35.3848
29
28
28
28
28
28
28
28
28
28
28
30.8995
31.3137
32.3137
28
28
28
28
28
28
28
31.7279
31.3137
28
28.4142
28
34.9706
33.9706
28
28
27
27
27
27
27
27
29.4853
29.8995
27
27
27
27
27
30.3137
27
27.4142
27
33.5563
32.5563
31.5563
27
26
26
26
26
26
26
26
26
26
28.4853
26
26
26
26
26
26
29.8995
28.8995
26
26.4142
26
31.1421
30.1421
26
26
25
25
25
25
25
25
25
25
27.0711
27.4853
25
25
25
25
25
28.4853
27.4853
27.0711
25
25
25.4142
25
25
25
25
25
25
25
25
25
25
25
25
25
25
25
25
29.7279
28.7279
25
25
25
24
24
24
24
24
25.6569
26.0711
24
24
24
24
24
26.0711
24
24
24
24
24
24
24
24
24
24
24
28.3137
27.3137
26.8995
24
23
23
23
23
35.1421
36.1421
36.5563
35.5563
34.5563
23
23
23
23
24.6569
23
23
23
23
25.0711
24.6569
23
23
23
23
23
23
23
23
23
23
25.8995
25.4853
23
23
22
22
27.7279
28.7279
29.7279
30.7279
31.7279
32.7279
33.7279
34.7279
34.1421
33.1421
32.1421
31.1421
30.1421
29.1421
28.1421
22
22
22
22.8284
23.2426
24.2426
22
22
22
22
22
23.6569
22
22
22
22
22
22
22
22
22
22
22
22
24.4853
24.0711
22
21
21
21
27.3137
27.7279
21
21
21
21.8284
21
21
21
21
21
21
21
21
21
21
21
22.6569
21
21
21
21
21
21
21
21
21
21
21
21
23.0711
21
21
20
24.8995
25.8995
26.8995
27.3137
26.3137
25.3137
24.3137
20
20
20.8284
20
20
20
20
21.6569
21.2426
20
20
20
20
20
22.0711
21.6569
20
19
19
19
21.4853
22.4853
23.4853
24.4853
23.8995
22.8995
21.8995
19
19
19
19.8284
19
19
19
19
19
19
19
19
19
19
20.2426
19
19
19
19
19
19
19
19
19
19
19
19
20.6569
19
18
18
20.0711
21.0711
21.4853
20.4853
20.0711
18
18
18.4142
18.8284
18
18
18
18
18
18
18
18
18
18
19.2426
18.8284
18
18
18
18
18
18
18
18
18
18
18
20.2426
19.2426
18.8284
18
18
18
17
18.6569
19.6569
19.0711
18.6569
17
17
17
17.4142
17
17
17
17
17
17
17
17.8284
17
17
17
17
17
17
17
17
17.8284
17
16
16
16.8284
17.2426
18.2426
17.6569
16
16
16.4142
16
16
16
16
16
16
16
16.8284
16
16
16
16
16
16
16
16
16.8284
16.4142
16
15
15
15
15.8284
17.2426
16.2426
15.8284
15
15
15
15
15
15.4142
15
15
15
15
15
15
16.4142
15.4142
15
15
15
15
15
15
15
15
15
15.4142
15
14
14.4142
14.8284
14.8284
14.4142
14
14
14
14
14
14
14
14
14
14
14
14
14
14
14
14
14
14.4142
14
14
13
13
13.4142
13.4142
13
13
13
13
13
13
13
13
13
13
13
13
13
13
13
13
13
13.4142
13
12
12.4142
12.4142
12
12
12
12
13.2426
14.2426
15.2426
16.2426
17.2426
16.2426
15.2426
14.2426
13.2426
12
12
12
12
12
12
12
12
12
12.4142
12
12
11
11
11.4142
11.4142
11
11
11
11
11.4142
11.8284
12.8284
12.8284
11.8284
11.4142
11
11
11
11
11
11
11
11
11
11
11
11
11
11
10
10
10.4142
10
10
10
10
10
10
10.4142
10.4142
10
10
10
10
10
10
10
10
10
10
10
10
10
9
9
9
9
9
9
9
9
9.41421
9
9
9
9
9
9
9
9
9
9
9
9
9
8
8
8
8
8
8
8
8
8
8
8
8
8
8
8
8
8
8
8
8
8
7
7
7
7
7
7
7
7
7
7
7
7
7
7
7
7
7
7
7
7
7
6
6
6
6
6
6
6
6
6
6
6
6
6
6
6
6
6
6
6
6
6
6
6
6
6
6
6
6
6
6
6
6
6
6
6
6
6
6
6
6
6
6
6
6
6
6
6
6
6
6
6
6
6
6
6
6
6
6
6
6
6
6
6
6
6
6
6
6
6
6
6
6
6
6
6
6
6
6
6
6
6
6
6
6
6
6
6
6
6
6
6
6
6
6
6
6
6
6
6
6
6
6
6
6
6
6
6
6
6
6
6
6
6
6
6
6
6
6
6
6
6
6
6
6
6
6
6
6
6
6
6
6
6
6
6
6
6
6
6
6
6
6
6
6
6
6
6
6
6
6
6
6
6
6
6
6
6
6
6
6
6
6
6
6
6
6
6
6
6
6
6
6
6
6
6
6
6
6
6
6
6
6
6
6
6
6
6
6
6
6
6
6
6
6
6
6
6
6
6
6
6
6
6
6
6
6
6
6
6
6
6
6
6
6
6
6
6
6
6
6
6
6
6
6
6
6
6
6
6
6
6
6
6
6
6
6
6
6
