6
6
6
6
6
6
6
6
6
6
6
6
6
6
6
6
6
6
6
6
6
6
6
6
6
6
6
6
6
6
6
6
6
6
6
6
6
6
6
6
6
6
6
6
6
6
6
6
6
6
6
6
6
6
6
6
6
6
6
6
6
6
6
6
6
6
6
6
6
6
6
6
6
6
6
6
6
6
6
6
6
6
6
6
6
6
6
6
6
6
6
6
6
6
6
6
6
6
6
6
6
6
6
6
6
6
6
6
6
6
6
6
6
6
6
6
6
6
6
6
6
6
6
6
6
6
6
6
6
6
6
6
6
6
6
6
6
6
6
6
6
6
6
6
6
6
6
6
6
6
6
6
6
6
6
6
6
6
6
6
6
6
6
6
6
6
6
6
6
6
6
6
6
6
6
6
6
6
6
6
6
6
6
6
6
6
6
6
6
6
6
6
6
6
6
6
6
6
6
6
6
6
6
6
6
6
6
6
6
6
6
6
6
6
6
6
6
6
6
6
6
6
6
6
6
6
6
6
6
6
6
6
6
6
6
6
6
6
6
6
6
6
6
6
6
6
6
6
6
6
6
6
6
6
6
6
6
6
6
6
6
6
6
6
6
6
6
6
6
6
6
6
6
6
7
7
7
7
7
7
7
7
7
7
7
7
7
7
8
8
8
8
8
8
8
8
8
8
8
8
8
8
9
9
9
9
9
9
9
9
9
9
9
9
9
9
9
9
10
10
10
10
10
10
10
10
10
10
10
10
10
10
10
11
11
11.4142
12.4142
12.4142
11.4142
11
11
11
11
11
11
11
11
11
11.4142
11.4142
11
11
11
11
12
12.8284
13.8284
13.8284
12.8284
12
12
12
12
12
12
12.4142
12.8284
12.4142
12
12
12
13
14.2426
14.2426
13
13
13
13
13
13
13.4142
13.8284
13
13
13
13
13
14
15.2426
15.6569
15.2426
14
14
14
14
14
14
14.4142
14.8284
14.8284
14
14
14
16.4142
15.4142
15
16.6569
17.0711
17.6569
16.6569
16.2426
15
15
15
15
15
15
15
15.8284
16.2426
17.2426
16.2426
15.8284
15
15
15
15.4142
16.8284
18.0711
18.4853
19.4853
20.4853
21.4853
22.0711
21.0711
20.0711
19.0711
18.0711
16
16.4142
16
16
16
16
16
16
16
17.6569
18.6569
19.6569
19.6569
18.6569
17.6569
17.2426
16
16
16
16
16
16.4142
17.8284
21.8995
22.8995
23.8995
23.4853
22.4853
17.4142
17
17
17
17
17
17
20.0711
21.0711
22.0711
23.0711
24.0711
25.0711
24.0711
23.0711
22.0711
21.0711
20.0711
17
17
17.4142
17.8284
18.8284
19.2426
18.8284
18.4142
18
18
18
18
18
18
18
18
18
19.2426
20.2426
19.4142
19
19
19
19
19
19
19
19
19
19
19
20.2426
20.6569
21.2426
20.4142
20.8284
21.8284
20
20
20
20
20
20
20
21.6569
22.0711
22.2426
22.2426
21
21
21
21
21
21
21
21
23.0711
23.6569
23.2426
23.2426
22
22
22
22
22
22
22
22
22
22
22
24.0711
24.4853
25.4853
24.6569
24.2426
23
23
23
23
23
23
23
23
23
23
23
23
25.8995
27.0711
26.0711
25.6569
25.2426
25.6569
24
24
24
24
24
24
24
24
24
26.8995
27.3137
28.3137
28.4853
27.4853
26.6569
25
25
25
25
25
25
25
25
25
25
25
25
25
25
25
28.7279
29.7279
28.8995
27.6569
26
26
26
26
26
26
26
26
26
26
26
26
30.1421
31.1421
32.1421
30.3137
29.8995
28.6569
29.0711
27
27
27
27
27
27
27
27
27
27
27
27
27
27
32.5563
33.5563
34.5563
31.7279
31.3137
30.0711
28
28
28
28
28
28
28
28.4142
28
28
28
28
28
28
28
34.9706
35.9706
36.9706
37.9706
38.9706
32.7279
31.0711
31.4853
29
29
29
29.4142
29
29
29
39.3848
40.3848
41.3848
42.3848
43.3848
44.3848
33.7279
32.4853
30
30
30
30
30
30
30
30
30.4142
30
30
30
30
30
44.799
36.1421
35.1421
34.7279
33.4853
31
31
31
31
31
31
31
31
31
31
31
31.4142
31
31
31
31
31
31
31
31
45.2132
46.2132
47.2132
48.2132
49.2132
37.5564
36.5564
34.4853
34.8995
35.8995
32
32
32
32
32
32
32
32
32
32
32
32
32
32
32
32.4142
32.4142
32
32
32
32
32
32
32
32
49.6274
38.9706
37.9706
36.3137
33
33.4142
33.4142
33
33
33
33
33
33
33
33
50.0416
41.3848
40.3848
39.3848
34
34.4142
34.8284
35.2426
35.6569
36.0711
36.4853
36.8995
37.3137
37.7279
38.1421
38.5563
38.1421
37.7279
37.3137
36.8995
37.3137
37.7279
34
34.4142
34.4142
34
34
34
34
34
34
34
50.4558
42.799
41.799
35
35
35
35
37.8995
37.4853
37.0711
36.6569
36.2426
38.7279
35
35.4142
35.8284
35.4142
35
35
35
35
35
35
35
50.8701
44.2132
43.2132
36
36
36
36
37.2426
36.8284
36.4142
36
39.7279
40.1421
36
36.8284
36.4142
36
36
36
36
36
36
36
51.2843
45.6274
44.6274
37
37
41.1421
37
37.8284
37.8284
37.4142
37
37
51.6985
46.0416
38
38
38
38
38
38
38
42.1421
38
38.8284
38.8284
38
38
38
38
38
38
52.1127
48.4559
47.4559
46.4559
39
39
39
39
39
39
43.1421
43.5564
44.5564
39.4142
39
39.8284
39.8284
40.2426
39.8284
39.4142
39
39
39
39
39
52.5269
50.8701
49.8701
48.8701
40
40
40
40
44.9706
45.9706
40.4142
40.8284
41.2426
42.2426
40.8284
42.4853
42.0711
41.6569
41.2426
40
40
52.9411
52.2843
51.2843
41
41
41
41
41
41
46.3848
41.4142
42.6569
43.2426
42.2426
41.8284
44.3137
43.8995
43.4853
41
41
41
53.3554
55.6985
54.6985
53.6985
52.6985
42
42
42
42
42
47.3848
47.799
42.4142
43.6569
44.0711
43.6569
45.7279
45.3137
42
42
53.7696
59.1127
58.1127
57.1127
56.1127
43
43
43
43
48.799
49.2132
43.4142
45.0711
45.0711
44.6569
47.1421
47.5563
47.1421
46.7279
43
43
43
43
54.1838
61.5269
60.5269
59.5269
44
44
44
44
44
50.2132
50.6274
51.6274
44.4142
46.0711
46.4853
46.0711
47.7279
48.1421
44
44
55.1838
64.9411
63.9411
62.9411
61.9411
45
45
45
52.0416
46.8284
45.8284
45.4142
47.4853
47.4853
47.0711
47.4853
47.8995
48.3137
48.7279
45
45
45
56.1838
69.3554
68.3554
67.3554
66.3554
65.3554
46
46
53.0416
53.4559
47.2426
48.4853
48.8995
48.8995
48.4853
48.4853
46
57.1838
69.7696
47
47
47
47
54.4559
48.2426
49.8995
49.8995
49.0711
49.4853
47
47
47
58.1838
66.0122
67.0122
68.0122
69.0122
70.0122
71.0122
70.1838
48
48
48
55.4559
55.8701
49.2426
50.8995
51.3137
52.3137
52.3137
51.3137
50.8995
49.6569
50.0711
48
48
48
59.1838
60.598
61.598
62.598
63.598
64.598
65.598
49
49
49
49
56.8701
57.2843
50.6569
50.2426
52.7279
53.7279
53.7279
52.7279
49.8284
50.2426
50.6569
49
49
49
49
60.1838
50
50
58.2843
58.6985
59.6985
51.6569
54.1422
55.1422
55.1422
54.1422
50.4142
50.8284
50
50
50
51
51
51
51
60.1127
61.1127
52.6569
55.5564
56.5564
57.5564
56.5564
55.5564
51
51.4142
51
51
51
51
51.4142
52
52
52
61.5269
62.5269
63.5269
64.5269
54.0711
53.6569
56.9706
57.9706
58.9706
59.9706
59.9706
58.9706
57.9706
52
52.4142
52.8284
53.2426
53.6569
54.0711
53
53
64.9411
65.9411
56.4853
55.4853
55.0711
60.3848
61.3848
62.3848
63.3848
63.3848
62.3848
61.3848
60.3848
53
53
53
55.0711
55.4853
55.8995
56.3137
56.7279
54
54
66.3554
67.3554
56.8995
63.799
64.799
65.799
66.799
67.799
68.799
69.799
69.799
68.799
67.799
66.799
65.799
64.799
63.799
54
57.7279
55
55
55
67.7696
57.8995
55
55
58.7279
59.1421
59.5563
59.9706
60.3848
60.799
61.2132
67.598
56
56
68.1838
69.1838
70.1838
71.1838
59.3137
58.8995
56
56
62.2132
62.6274
63.0416
63.4558
63.8701
64.2843
64.6985
65.1127
65.5269
65.9411
66.3554
66.7696
67.1838
68.598
57
57
71.598
72.598
60.7279
60.3137
57
227.966
226.966
225.966
224.966
223.966
222.966
221.966
220.966
219.966
218.966
217.966
216.966
215.966
214.966
213.966
69.598
58
58
73.0122
74.0122
75.0122
61.7279
58
58
233.551
232.551
231.551
230.551
229.551
228.551
227.551
213.551
212.551
211.551
210.551
209.551
208.551
70.598
59
59
59
75.4264
76.4264
77.4264
78.4264
63.1422
62.7279
59
59
59
236.137
235.137
234.137
233.137
208.137
207.137
206.137
205.137
204.137
71.598
60
60
78.8407
79.8407
80.8407
81.8407
65.5564
64.5564
64.1422
60
238.723
237.723
236.723
235.723
203.723
202.723
201.723
72.598
61
61.4142
61
82.2549
83.2549
84.2549
67.9706
66.9706
65.9706
61
61
239.309
238.309
201.309
200.309
199.309
198.309
73.598
62.4142
62
84.6691
85.6691
86.6691
87.6691
88.6691
69.3848
68.3848
62
241.895
240.895
239.895
238.895
197.895
196.895
195.895
74.598
63.4142
63.4142
63
89.0833
90.0833
91.0833
92.0833
93.0833
72.799
71.799
70.799
69.799
63
242.48
241.48
195.48
194.48
193.48
193.066
75.598
64.4142
64.4142
93.4975
73.2132
64
242.066
192.066
76.598
65.4142
65.8284
65.4142
93.9117
94.9117
95.9117
96.9117
97.9117
98.9117
74.6274
73.6274
65
65
244.652
243.652
242.652
241.652
191.652
190.652
189.652
188.652
77.598
66.8284
66.4142
99.3259
100.326
101.326
102.326
103.326
104.326
79.0417
78.0417
77.0417
76.0417
75.0417
66
245.238
244.238
188.238
187.238
78.598
79.0122
79.4264
79.8406
80.2549
80.6691
67.8284
68.2426
69.2426
67.4142
104.74
105.74
106.74
107.74
108.74
109.74
110.74
83.4559
82.4559
81.4559
80.4559
79.4559
67
67
245.823
244.823
186.823
185.823
184.823
81.6691
82.0833
69.6569
68.8284
68.4142
111.154
112.154
113.154
113.699
112.699
111.699
110.699
109.699
108.699
107.699
89.8701
88.8701
87.8701
86.8701
85.8701
84.8701
83.8701
68
246.409
245.409
184.409
183.409
182.409
83.0833
83.4975
83.9117
70.6569
71.0711
69.8284
107.284
106.284
105.284
104.284
103.284
102.284
101.284
100.284
99.2843
98.2843
97.2843
96.2843
95.2843
94.2843
93.2843
92.2843
91.2843
90.2843
69
247.995
246.995
245.995
181.995
180.995
179.995
84.9117
85.3259
72.0711
72.4853
70.8284
70
248.581
247.581
179.581
178.581
177.581
86.3259
73.4853
73.8995
74.8995
73.2426
72.2426
71.8284
71
71
71
249.167
248.167
177.167
176.167
175.752
87.3259
75.3137
76.3137
74.6569
73.6569
72
250.752
249.752
248.752
174.752
174.338
88.3259
76.7279
75.0711
73
250.338
173.338
89.3259
77.7279
78.1422
76.0711
74
249.924
172.924
171.924
170.924
169.924
90.3259
79.1422
79.5564
80.5564
81.5564
77.4853
77.0711
75
250.51
249.51
169.51
168.51
91.3259
81.9706
82.9706
80.8995
79.8995
78.8995
78.4853
76
251.096
250.096
168.096
167.096
166.096
165.096
92.3259
83.3848
84.3848
85.3848
86.3848
82.3137
81.3137
77
250.681
164.681
163.681
93.7402
93.3259
86.799
87.799
88.799
83.7279
82.7279
78
78
251.267
250.267
163.267
162.267
161.267
160.267
94.7402
89.2132
90.2132
91.2132
92.2132
93.2132
88.1422
87.1422
86.1422
85.1422
84.1422
79
250.853
159.853
158.853
158.439
97.1544
96.1544
95.7402
93.6274
94.6274
95.6274
96.6274
97.6274
98.6274
92.5564
91.5564
90.5564
89.5564
88.5564
80
252.439
251.439
250.439
157.439
157.024
97.5686
99.0417
92.9706
81
81
81
81.4142
81.8284
82.2426
82.6569
83.0711
83.4853
83.8995
84.3137
84.7279
85.1422
85.5564
81
252.024
156.024
99.9828
98.9828
98.5686
99.4559
100.456
101.456
102.456
103.456
103.385
102.385
101.385
100.385
99.3848
98.3848
97.3848
96.3848
95.3848
94.3848
93.3848
82
82
82
82
86.5564
86.9706
87.3848
87.799
88.2132
82
251.61
155.61
154.61
153.61
152.61
104.397
103.397
102.397
101.397
100.397
83
83
83
83
83
89.2132
89.6274
90.0417
83
252.196
251.196
152.196
151.196
150.196
149.196
104.811
84
84
84
84
91.0417
91.4559
91.8701
92.2843
84
251.782
148.782
147.782
146.782
105.225
85
85
93.2843
93.6985
94.1127
85
252.368
251.368
146.368
145.368
144.368
143.368
142.368
105.64
86
86
95.1127
95.5269
95.9412
86
251.953
141.953
140.953
139.953
106.054
87
87
87
87
96.9412
96.9412
87
251.539
139.539
138.539
137.539
136.539
135.539
107.054
88
88
97.9412
97.5269
88
252.125
251.125
135.125
134.125
133.125
132.125
131.125
108.054
89
98.5269
89
251.711
130.711
129.711
128.711
127.711
127.297
109.054
93.3137
92.8995
92.4853
92.0711
91.6569
91.2426
90.8284
90.4142
90
90
90
90
90
90
90.4142
90.8284
91.2426
91.6569
92.0711
92.4853
92.8995
93.3137
93.7279
94.1422
94.5564
94.9706
90
90
99.5269
99.1127
90
251.297
126.297
110.054
96.3848
95.9706
95.5564
95.1421
94.7279
94.3137
95.9706
96.3848
96.799
97.2132
97.6274
98.0417
98.4559
98.8701
99.2843
99.6985
91
100.113
99.6985
99.2843
91
250.882
125.882
124.882
123.882
122.882
121.882
120.882
119.882
118.882
117.882
116.882
111.054
99.0416
98.6274
98.2132
97.799
97.3848
100.699
101.113
101.527
101.941
102.355
102.77
92
92
92
100.284
92
252.468
251.468
250.468
116.468
115.468
114.468
113.468
112.468
111.468
100.87
100.456
100.042
103.77
104.184
104.598
105.012
106.012
93
93
101.284
100.87
93
252.882
103.113
102.699
102.284
101.87
106.426
107.426
108.426
108.355
107.355
94
94
101.87
101.456
94
253.297
104.527
104.113
107.77
106.77
105.77
105.355
109.083
109.498
109.912
110.326
110.74
111.154
111.569
111.983
112.397
112.811
113.225
113.64
114.054
114.468
114.882
115.297
115.711
116.125
116.539
116.953
117.368
117.782
118.196
95
102.456
95
95.4142
253.711
195.711
194.711
193.711
192.711
191.711
190.711
189.711
188.711
187.711
186.711
185.711
184.711
183.711
182.711
181.711
180.711
179.711
178.711
177.711
176.711
175.711
106.77
106.355
105.941
105.527
106.355
105.941
105.527
108.012
108.426
108.841
109.255
109.669
110.083
119.196
119.61
120.024
120.439
120.853
121.267
121.681
122.096
122.51
122.924
123.338
96
96
96
103.456
103.042
102.627
96.4142
254.125
201.125
200.125
199.125
198.125
197.125
196.125
176.125
175.125
174.125
173.125
172.125
107.77
106.527
109.012
124.338
97
103.627
97.4142
255.539
254.539
201.539
172.539
109.184
108.77
107.527
107.113
106.699
106.284
108.77
109.184
109.598
110.012
125.338
125.752
126.167
125.297
124.297
123.297
122.297
121.297
120.297
119.297
98
104.627
98.4142
255.953
205.953
204.953
203.953
202.953
202.539
172.953
171.953
170.953
169.953
110.598
110.184
107.284
106.87
108.941
109.355
109.77
119.711
119.297
118.882
118.468
118.054
117.64
117.225
116.811
116.397
99
99
105.627
105.213
99.4142
256.368
208.368
207.368
206.368
170.368
169.368
168.368
112.426
112.012
111.598
107.87
107.456
109.113
109.527
109.941
117.397
116.983
116.569
116.154
115.74
100
106.213
100.414
256.782
211.782
210.782
209.782
208.782
168.782
167.782
113.426
108.456
108.042
107.627
109.284
109.699
110.113
116.74
116.326
115.912
115.498
101.414
101
107.213
106.799
101.414
257.196
215.196
214.196
213.196
212.196
168.196
167.196
166.196
165.196
114.841
114.426
108.627
108.213
107.799
109.87
110.284
116.498
116.083
115.669
115.255
102.414
107.799
102.414
257.61
216.61
215.61
165.61
164.61
116.255
115.841
108.799
110.456
110.87
116.255
115.841
103.828
103.414
108.799
103.414
258.024
219.024
218.024
217.024
165.024
164.024
117.255
109.799
109.385
111.042
111.456
116.841
116.426
116.012
115.598
104.828
109.799
109.385
104.414
258.439
221.439
220.439
219.439
164.439
118.669
118.255
110.385
109.971
109.556
111.213
111.627
112.042
116.598
116.184
105.828
110.385
105.414
259.853
258.853
222.853
221.853
164.853
163.853
162.853
119.669
110.556
112.213
117.184
106.828
111.385
106.414
260.267
223.267
163.267
120.669
111.556
111.142
112.799
113.213
118.184
117.77
108.657
108.243
107.828
112.385
107.414
260.681
224.681
224.267
163.681
162.681
122.498
122.083
121.669
112.142
113.799
118.77
118.355
117.941
109.657
113.385
108.414
261.096
227.096
226.096
225.681
163.096
123.498
113.142
112.728
114.385
114.799
118.941
110.657
114.385
113.971
113.556
109.414
261.51
227.51
163.51
162.51
124.498
113.728
115.385
119.941
119.527
111.657
114.556
110.414
261.924
228.924
228.51
162.924
130.054
125.912
125.498
114.728
114.314
113.9
115.971
116.385
120.527
120.113
113.071
112.657
115.556
111.414
262.338
230.338
229.924
163.338
162.338
161.338
132.125
131.711
131.297
130.882
130.468
131.054
126.912
114.9
116.971
121.113
114.071
116.556
112.414
112.828
113.828
262.752
231.338
161.752
133.953
133.539
133.125
132.054
127.912
115.9
117.971
122.113
121.699
115.071
117.556
114.243
263.167
232.338
162.167
135.782
135.368
134.953
133.054
128.912
116.9
118.971
122.699
116.071
118.556
115.243
263.581
233.338
162.581
136.782
134.054
129.912
117.9
117.485
119.971
123.699
117.071
119.556
116.243
263.995
234.752
234.338
162.995
161.995
138.196
137.782
135.054
130.912
118.485
120.142
120.556
120.971
124.699
118.071
120.556
117.243
264.409
235.752
162.409
139.196
136.054
131.912
119.485
121.142
125.699
119.071
121.556
118.243
264.823
236.752
162.823
140.61
140.196
137.054
132.912
120.485
122.142
126.699
120.071
122.556
119.243
265.238
237.752
163.238
141.61
138.054
133.912
121.485
123.142
127.699
121.071
123.556
120.243
265.652
238.752
163.652
142.61
139.054
138.64
138.225
137.811
137.397
136.983
136.569
136.154
135.74
135.326
135.74
135.74
135.326
134.912
122.485
122.071
121.657
121.243
120.828
120.414
120
120
120
120
120.414
120.828
121.243
121.657
122.071
122.485
122.899
123.314
123.728
124.142
128.699
128.284
127.87
127.456
127.042
126.627
126.213
125.799
125.385
124.971
124.556
124.142
123.728
123.314
122.9
122.485
122.071
124.556
124.142
123.728
123.314
122.9
122.485
122.071
121.657
121.243
120.828
120.414
120
120
120
120
120
120
120
120
120
120
120
120
120
120.414
120.828
121.243
266.066
265.066
264.066
263.066
262.066
261.066
260.066
259.066
258.066
257.066
256.066
255.066
254.066
253.066
252.066
251.066
250.066
249.066
248.066
247.066
246.066
245.066
244.066
243.066
242.652
242.238
241.823
241.409
240.995
240.581
240.167
239.752
164.066
163.066
162.066
161.066
160.066
159.066
158.066
157.066
156.066
155.066
154.066
153.066
152.066
151.066
150.652
150.238
149.823
149.409
148.995
148.581
148.167
147.752
147.338
146.924
146.51
146.096
145.681
145.267
144.853
144.439
144.024
143.61
