73
73
73
73
73
73
73
73
73
73
73
73
73
73
73
72
72
71
71
71
71
71
71
71
71
70
70
70
70
70
69
69
69
69
69
69
68
68
68
68
68
67
67
67
67.4142
66
66
66.4142
66.8284
67.2426
65
65
66.2426
64
64
64
65.2426
65.6569
63
64.6569
62
62
63.6569
61
62.6569
63.0711
60
60
62.0711
59
61.0711
61.4853
58
58
58
60.4853
57
59.4853
56
56
58.4853
58.8995
59.3137
55
58.3137
54
57.3137
53
56.3137
52
52
55.3137
51
54.3137
50
53.3137
49
49
52.3137
49
49
49
49
48
51.3137
48
48
48
48
48
48
48
48
48
48
48
48
48
48
48
48
48
48
48
48
47
50.3137
47
47
47
47
47
47
47
47
47
47
47
46
49.3137
46
46
45
48.3137
45
45
45
45
45
45
45
45
44
47.3137
44
44
44
44
44
44
44
43
43
43
46.3137
43
43
43
43
43
43
42
45.3137
42
42
42
42
42
41
43.4853
43.8995
44.8995
41
41
41
41
41
41
41
40
42.4853
40
40
40
40
39
41.4853
39
39
39
39
39
39
38
40.4853
38
38
38
38
37
39.4853
37
37
36
38.4853
36
36
36
36
36
35
37.0711
37.4853
35
35
35
35
34
34
36.0711
34
34
34
34
34
33
35.0711
33
33
33
33
32
34.0711
32
32
31
31
31
31
31
31
31
31
31
31
31
31
31
31
31
31
31
31
31
31
31
31
31
31
31
31
31
32.6569
33.0711
31
31
31
31
30
30
30
30
30
30
30
30
30
30
30
30
30
30
30
30
30
30
30
30
30
30
31.6569
30
30
30
30
30
29
29
29
29
29
30.6569
29
29
28
28
28
28
28
28
28
28
28
28
28
28
28
28
28
28
28
28
28
28
28
28
28
28
28
28
28
28
29.6569
28
28
28
27
27
27
27
27
27
27
27
27
27
27
27
27
27
27
27
27
27
27
27
27
27
27
27
27
27
27
27
27
27
27
27
27
27
27
27
27
27
27
27
27
27
27
27
27
27
27
27
27
27
28.6569
27
27
27
27
27
26
26
26
26
26
26
26
26
26
26
26
26
26
26
26
26
26
26
26
26
26
26
26
26
26
26
26
26
26
27.2426
27.6569
26
26
25
25
25
25
25
25
25
25
25
25
25
25
25
25
25
25
25
25
25
25
26.2426
25
25
25
24
24
24
24
24
24
24
24
24
24
24
24
24
24
24
24
24
24
24
24
25.2426
24
24
23
23
23
23
23
23
23
23
23
23
23
23
23
23
24.2426
23
23
23
23
22
22
22
22
22
22
22
22
22
22
22
22
22
22
23.2426
22
22
22
21
21
21
21
21
21
21
21
21
21
21
21
21
21
21
22.2426
21
21
20
20
20
20
20
20
20
20.4142
20.8284
21.8284
20
20
19
19
19
19
19
19
19
19
19
19
19
19
19
19
19.4142
19
19
18
18
18
18
18
18
18
18
18
18
18
18.4142
18
18
18
18
17
17
17
17
17
17
17
17
17
17
17
17.4142
17
17
16
16
16
16
16
16
16
16
16
16
16
16.4142
16
16
15
15
15
15
15
15
15
15
15
15
15.4142
15
15
15
15
14
14
14
14
14
14
14
14
14
14
14
14
14.4142
14
14
13
13
13
13
13
13
13
13
13.4142
13
13
12
12
12
12
12
12
12
12
12.4142
12
12
11
11
11
11
11
11
11
11
11
11
11
11
10
10
10
10
10
10
10
10
10
10
10
9
9
9
9
9
9
9
9
9
9
8
8
8
8
8
8
8
8
8
8
7
7
7
7
7
7
7
7
7
7
7
6
6
6
6
6
6
6
6
6
6
6
6
6
6
6
6
6
6
6
6
6
6
6
6
6
6
6
6
6
6
6
6
6
6
6
6
6
6
6
6
6
6
6
6
6
6
6
6
6
6
6
6
6
6
6
6
6
6
6
6
6
6
6
6
6
6
6
6
6
6
6
6
6
6
6
6
6
6
6
6
6
6
6
6
6
6
6
6
6
6
6
6
6
6
6
6
6
6
6
6
6
6
6
6
6
6
6
6
6
6
6
6
6
6
6
6
6
6
6
6
6
6
6
6
6
6
6
6
6
6
6
6
6
6
6
6
6
6
6
6
6
6
6
6
6
6
6
6
6
6
6
6
6
6
6
6
6
6
6
6
6
6
6
6
6
6
6
6
6
6
6
6
6
6
6
6
