139.468
139.882
140.297
140.711
141.125
141.539
141.953
142.368
142.782
143.196
143.61
144.024
144.439
144.853
145.267
145.681
146.096
146.51
146.924
147.338
147.752
148.167
148.581
148.995
149.409
149.823
150.238
150.652
151.066
138.468
150.066
137.468
149.066
136.468
148.652
135.468
148.238
149.238
134.468
148.823
133.468
148.409
131.64
132.054
132.468
147.995
130.64
147.581
129.64
147.167
128.225
128.64
146.752
147.752
148.752
127.225
148.338
125.811
126.225
147.924
124.397
124.811
147.51
148.51
123.397
148.096
122.397
147.681
120.569
120.983
121.397
147.267
119.154
119.569
146.853
147.853
117.74
118.154
147.439
115.498
115.912
116.326
116.74
147.024
148.024
114.083
114.498
147.61
112.669
113.083
147.196
148.196
149.196
110.426
110.841
111.255
111.669
148.782
149.782
109.426
149.368
107.598
108.012
108.426
148.953
104.941
105.355
105.77
106.184
106.598
148.539
149.539
102.699
103.113
103.527
103.941
149.125
150.125
151.125
99.6274
100.042
100.456
100.87
101.284
101.699
150.711
151.711
96.9706
97.3848
97.799
98.2132
98.6274
151.297
152.297
93.8995
94.3137
94.7279
95.1421
95.5564
95.9706
151.882
91.2426
91.6569
92.0711
92.4853
92.8995
151.468
152.468
90.2426
152.054
88.4142
88.8284
89.2426
151.64
152.64
153.64
87
87
87
87
87.4142
153.225
154.225
155.225
86
86
86
86
154.811
155.811
85
85
85
155.397
156.397
157.397
84
84
156.983
157.983
83
83
83
83
157.569
158.569
159.569
160.569
82
82
160.154
161.154
81
81
81
81
160.74
161.74
162.74
80
162.326
79
79
161.912
162.912
163.912
78
78
163.498
164.498
165.498
77
77
77
165.083
166.083
167.083
168.083
76
76
167.669
168.669
169.669
75
75
169.255
170.255
171.255
172.255
173.255
74
172.841
173.841
174.841
175.841
176.841
73
73
73
176.426
177.426
178.426
179.426
180.426
72
180.012
71
71
95.598
96.598
97.598
98.598
99.598
100.598
101.598
102.598
103.598
104.598
105.598
106.598
107.598
108.598
109.598
110.598
111.598
179.598
180.598
181.598
182.598
183.598
184.598
185.598
70
70
89.1838
90.1838
91.1838
92.1838
93.1838
94.1838
95.1838
112.012
113.012
114.012
115.012
116.012
117.012
186.012
187.012
188.012
189.012
190.012
191.012
192.012
193.012
194.012
195.012
196.012
197.012
198.012
199.012
69
85.7696
86.7696
87.7696
88.7696
117.426
118.426
119.426
120.426
121.426
199.426
68
68
82.3554
83.3554
84.3554
85.3554
121.841
122.841
123.841
199.841
67
67
67
80.9412
81.9412
124.255
125.255
126.255
127.255
200.255
66
77.5269
78.5269
79.5269
80.5269
127.669
128.669
129.669
200.669
65
65
76.1127
77.1127
130.083
131.083
132.083
133.083
201.083
64
75.6985
133.498
201.498
63
72.2843
73.2843
74.2843
75.2843
134.498
134.912
135.912
136.912
201.912
62
70.8701
71.8701
137.326
138.326
202.326
61
61
69.4559
70.4559
138.74
139.74
140.74
202.74
60
68.0416
69.0416
141.154
142.154
143.154
203.154
204.569
205.569
206.569
207.569
208.569
59
59
65.6274
66.6274
67.6274
143.569
144.569
145.569
203.569
208.983
209.983
58
64.2132
65.2132
145.983
146.983
147.983
210.397
211.397
212.397
57
62.799
63.799
148.397
149.397
150.397
212.811
213.811
56
60.9706
61.3848
62.3848
150.811
151.811
214.225
55.8284
55.4142
55
59.9706
152.225
214.64
54.8284
58.9706
153.225
153.64
154.64
155.64
215.054
53.8284
57.5564
57.9706
156.054
157.054
215.468
52.8284
56.1421
56.5564
157.468
158.468
159.468
160.468
215.882
51.8284
55.1421
160.882
161.882
215.297
216.297
50.8284
53.7279
54.1421
162.297
163.297
164.297
165.297
215.711
49.8284
52.7279
165.711
166.711
167.711
214.125
215.125
216.125
49.2426
48.8284
50.8995
51.3137
52.3137
168.125
169.125
214.539
48.2426
49.8995
169.539
212.953
213.953
214.953
47.2426
48.8995
170.539
170.953
171.953
172.953
210.368
211.368
212.368
213.368
45
45
45
45
45
45
45
45
45
45
45
45
46.2426
47.4853
47.8995
173.368
174.368
175.368
176.368
209.368
44
44
44
44
44
44
44
44
44
45.2426
46.4853
176.782
177.782
178.782
209.782
43
43
43
43
43
43
43
43
44.2426
45.0711
45.4853
179.196
180.196
181.196
182.196
183.196
210.196
42
42
42
42
42
42
42
42
43.2426
44.0711
183.61
184.61
185.61
210.61
41
41
41
41
41
42.2426
43.0711
186.024
187.024
188.024
189.024
190.024
211.024
40
40
40
40
40
41.2426
41.6569
42.0711
190.439
191.439
192.439
193.439
194.439
211.439
39
39
39
39
39
39
40.2426
40.6569
194.853
195.853
196.853
197.853
198.853
211.853
38
38
38
38
39.2426
39.6569
199.267
212.267
37
37
38.2426
38.6569
200.267
200.681
201.681
202.681
203.681
204.681
205.681
206.681
207.681
208.681
212.681
36
36
36
36
36
36
36
36
36
36
36
36
36
36
36
36
36
36
36
36
36
36
36
36
36
36
36
36
37.2426
36.8284
37.2426
38.2426
209.096
210.096
211.096
212.096
213.096
35
35
35
35
35
35
35
35
35
35
35
35
35
35
35
35
35
35
35
35
36.2426
35.8284
34
34
34
34
34
34
34
34
34
34
34
34
34
34
34
35.2426
34.8284
33
33
33
33
33
33
33
33
33
33
33
33
34.2426
33.8284
33.8284
32
32
32
32
32
32
32
32
32
32
32
32
32
32.8284
32.8284
31
31
31
31
31
31
31
31
31
31
31
31
31
31
31
31
31
31
31
31
31
31
31
31
31
31
31
31
31
31.8284
31.4142
31.8284
31
31
31
31
31
31
31
31
31
31
31
31
31
31
31
31
31
31
31
30
30
30
30
30
30
30
30
30
30
30
30
30
30
30
30
30
30
30
30
30
30
30
30
30
30
30
30
30
30
30.8284
30.4142
30
30
30
30
30
30
30
30
30
30
30
29
29
29
29
29
29
29.8284
29.4142
29
29
28
28
28
28
28
28
28
28
28
28
28
28
28
28
28
28
28
28
28
28
28
28
28.8284
28.4142
28
28
28
28
28
28
28
28
28
27
27
27
27
27
27
27
27
27
27
27
27
27
27
27
27
27
27
27
27
27.8284
27.4142
27
27
27
27
27
27
26
26
26
26
26
26
26
26
26
26
26
26
26
26
26
26.8284
26.4142
26
26
26
26
26
26
25
25
25
25
25
25
25
25
25
25
25
25
25
25
25
25.8284
25.4142
25
25
25
25
25
25
25
25
24
24
24
24
24
24
24
24
24
24
24
24
24
24.8284
24.4142
24
24
24
24
23
23
23
23
23
23
23
23
23
23
23.8284
23
23.4142
23
23
23
23
23
22
22
22
22
22
22
22
22
22
22
22
22
22.8284
22
22
22
22
22
21
21
21
21
21
21
21
21
21
21
21
21
21.8284
21
21
21
21
21
21
20
20
20
20
20
20
20.8284
20
20
20
19
19
19
19
19
19
19
19
19
19
19
19.8284
19
19
19
19
19
18
18
18
18
18
18
18
18
18
18
18.8284
18
18
18
18
18
17
17
17
17
17
17
17
17
17
17
17.8284
17
17
17
17
16
16
16
16
16
16
16
17.4142
16.4142
16
16
16
16
16
15
15
15
15
15
15
15
15
15
15
15
15
15
15
15
15
15
15
15
15
15
15
15
14
14
14
14
14
14
14
14
14
14
14
14
14
14
13
13
13
13
13
13
13
13
13
13
13
13
13
13
13
12
12
12
12
12
12
12
12
12
12
12
12
11
11
11
11
11
11
11
11
11
11
11
11
11
11
11
11
10
10
10
10
10
10
10
10
10
10
10
10
10
10
9
9
9
9
9
9
9
9
9
9
9
9
9
8
8
8
8
8
8
8
8
8
8
8
8
7
7
7
7
7
7
7
7
7
7
7
7
6
6
6
6
6
6
6
6
6
6
6
6
6
6
6
6
6
6
6
6
6
6
6
6
6
6
6
6
6
6
6
6
6
6
6
6
6
6
6
6
6
6
6
6
6
6
6
6
6
6
6
6
6
6
6
6
6
6
6
6
6
6
6
6
6
6
6
6
6
6
6
6
6
6
6
6
6
6
6
6
6
6
6
6
6
6
6
6
6
6
6
6
6
6
6
6
6
6
6
6
6
6
6
6
6
6
6
6
6
6
6
6
6
6
6
6
6
6
6
6
6
6
6
6
6
6
6
6
6
6
6
6
6
6
6
6
6
6
6
6
6
6
6
6
6
6
6
6
6
6
6
6
6
6
