1.30317
1.3115
1.31983
1.32817
1.3365
1.34483
1.35317
1.3615
1.36983
1.37817
1.3865
1.39483
1.40317
1.4115
1.41983
1.42817
1.4365
1.44483
1.45317
1
1
1
1
1
1
1
1
1
1
1
1
1
1
1
1
1
1
1
1
1
1
1
1
1
1
1
1
1
1
1
1
1
1
1
1
1
1
1
1
1
1
1
1
1
1
1
1
1
1
1
1
1
1
1
1
1
1
1
1
1
1
1
1
1
1
1
1
1
1
1
1
1
1
1
1
1
1
1
1
1
1.01036
1.01381
1.01726
1.02071
1.02416
1.02761
1.03107
1.03452
1.03797
1.04142
1.04487
1.04833
1.05178
1.05523
1.05868
1.06213
1.06558
1.06904
1.07249
1.07594
1.07939
1.08284
1.08629
1.08975
1.0932
1.09665
1.1001
1.10355
1.10701
1.11046
1.11391
1.11736
1.12081
1.12426
1.12772
1.13117
1.13462
1.13807
1.14152
1.14498
1.14843
1.15188
1.15533
1.15878
1.16223
1.16569
1.16914
1.17259
1.17604
1.17949
1.18294
1.1864
1.18985
1.1933
1.19675
1.2002
1.20366
1.20711
1.21056
1.21401
1.21746
1.22091
1.22437
1.22782
1.23127
1.23472
1.23817
1.24163
1.24508
1.24853
1.25198
1.25543
1.25888
1.26234
1.26579
1.26924
1.27269
1.27614
1.2796
1.28305
1.2865
1.29483
1.31064
1.31904
1.32744
1.33585
1.34425
1.35265
1.36106
1.36946
1.37786
1.38627
1.39467
1.40307
1.41148
1.41988
1.42828
1.43669
1.44509
1.45349
1.4619
1
1
1
1
1
1
1
1
1
1
1
1
1
1
1
1
1
1
1
1
1
1
1
1
1
1
1
1
1
1
1
1
1
1
1
1
1
1
1
1
1
1
1
1
1
1
1
1
1
1
1
1
1
1
1
1
1
1
1
1
1
1
1
1
1
1
1
1
1
1
1
1
1
1
1
1
1
1
1
1
1
1.01044
1.01392
1.0174
1.02088
1.02437
1.02785
1.03133
1.03481
1.03829
1.04177
1.04525
1.04873
1.05221
1.05569
1.05917
1.06265
1.06614
1.06962
1.0731
1.07658
1.08006
1.08354
1.08702
1.0905
1.09398
1.09746
1.10094
1.10442
1.1079
1.11139
1.11487
1.11835
1.12183
1.12531
1.12879
1.13227
1.13575
1.13923
1.14271
1.14619
1.14967
1.15316
1.15664
1.16012
1.1636
1.16708
1.17056
1.17404
1.17752
1.181
1.18448
1.18796
1.19144
1.19492
1.19841
1.20189
1.20537
1.20885
1.21233
1.21581
1.21929
1.22277
1.22625
1.22973
1.23321
1.23669
1.24018
1.24366
1.24714
1.25062
1.2541
1.25758
1.26106
1.26454
1.26802
1.2715
1.27498
1.27846
1.28194
1.28543
1.29383
1.30223
1.31823
1.32671
1.33518
1.34366
1.35213
1.36061
1.36908
1.37755
1.38603
1.3945
1.40298
1.41145
1.41993
1.4284
1.43688
1.44535
1.45383
1.4623
1.47077
1
1
1
1
1
1
1
1
1
1
1
1
1
1
1
1
1
1
1
1
1
1
1
1
1
1
1
1
1
1
1
1
1
1
1
1
1
1
1
1
1
1
1
1
1
1
1
1
1
1
1
1
1
1
1
1
1
1
1
1
1
1
1
1
1
1
1
1
1
1
1
1
1
1
1
1
1
1
1
1
1
1.01053
1.01404
1.01755
1.02106
1.02457
1.02808
1.03159
1.0351
1.03861
1.04212
1.04563
1.04914
1.05265
1.05616
1.05967
1.06319
1.0667
1.07021
1.07372
1.07723
1.08074
1.08425
1.08776
1.09127
1.09478
1.09829
1.1018
1.10531
1.10882
1.11233
1.11584
1.11935
1.12286
1.12637
1.12988
1.13339
1.1369
1.14041
1.14392
1.14743
1.15094
1.15445
1.15796
1.16147
1.16498
1.16849
1.172
1.17551
1.17903
1.18254
1.18605
1.18956
1.19307
1.19658
1.20009
1.2036
1.20711
1.21062
1.21413
1.21764
1.22115
1.22466
1.22817
1.23168
1.23519
1.2387
1.24221
1.24572
1.24923
1.25274
1.25625
1.25976
1.26327
1.26678
1.27029
1.2738
1.27731
1.28082
1.28433
1.29281
1.30128
1.30976
1.32596
1.33451
1.34305
1.3516
1.36015
1.36869
1.37724
1.38579
1.39433
1.40288
1.41143
1.41998
1.42852
1.43707
1.44562
1.45416
1.46271
1.47126
1.47981
1
1
1
1
1
1
1
1
1
1
1
1
1
1
1
1
1
1
1
1
1
1
1
1
1
1
1
1
1
1
1
1
1
1
1
1
1
1
1
1
1
1
1
1
1
1
1
1
1
1
1
1
1
1
1
1
1
1
1
1
1
1
1
1
1
1
1
1
1
1
1
1
1
1
1
1
1
1
1
1
1
1.01062
1.01416
1.0177
1.02124
1.02478
1.02832
1.03186
1.0354
1.03894
1.04248
1.04602
1.04956
1.0531
1.05664
1.06019
1.06373
1.06727
1.07081
1.07435
1.07789
1.08143
1.08497
1.08851
1.09205
1.09559
1.09913
1.10267
1.10621
1.10975
1.11329
1.11683
1.12037
1.12391
1.12745
1.13099
1.13453
1.13807
1.14161
1.14515
1.14869
1.15223
1.15577
1.15931
1.16285
1.16639
1.16993
1.17347
1.17701
1.18056
1.1841
1.18764
1.19118
1.19472
1.19826
1.2018
1.20534
1.20888
1.21242
1.21596
1.2195
1.22304
1.22658
1.23012
1.23366
1.2372
1.24074
1.24428
1.24782
1.25136
1.2549
1.25844
1.26198
1.26552
1.26906
1.2726
1.27614
1.27968
1.28322
1.29177
1.30032
1.30886
1.31741
1.33382
1.34244
1.35106
1.35968
1.3683
1.37692
1.38554
1.39416
1.40278
1.4114
1.42003
1.42865
1.43727
1.44589
1.45451
1.46313
1.47175
1.48037
1.48899
1
1
1
1
1
1
1
1
1
1
1
1
1
1
1
1
1
1
1
1
1
1
1
1
1
1
1
1
1
1
1
1
1
1
1
1
1
1
1
1
1
1
1
1
1
1
1
1
1
1
1
1
1
1
1
1
1
1
1
1
1
1
1
1
1
1
1
1
1
1
1
1
1
1
1
1
1
1
1
1
1
1.01071
1.01428
1.01785
1.02142
1.025
1.02857
1.03214
1.03571
1.03928
1.04285
1.04642
1.04999
1.05356
1.05713
1.0607
1.06427
1.06785
1.07142
1.07499
1.07856
1.08213
1.0857
1.08927
1.09284
1.09641
1.09998
1.10355
1.10712
1.1107
1.11427
1.11784
1.12141
1.12498
1.12855
1.13212
1.13569
1.13926
1.14283
1.1464
1.14997
1.15355
1.15712
1.16069
1.16426
1.16783
1.1714
1.17497
1.17854
1.18211
1.18568
1.18925
1.19282
1.19639
1.19997
1.20354
1.20711
1.21068
1.21425
1.21782
1.22139
1.22496
1.22853
1.2321
1.23567
1.23924
1.24282
1.24639
1.24996
1.25353
1.2571
1.26067
1.26424
1.26781
1.27138
1.27495
1.27852
1.28209
1.29072
1.29934
1.30796
1.31658
1.3252
1.34182
1.35051
1.35921
1.3679
1.3766
1.38529
1.39399
1.40268
1.41138
1.42008
1.42877
1.43747
1.44616
1.45486
1.46355
1.47225
1.48095
1.48964
1
1
1
1
1
1
1
1
1
1
1
1
1
1
1
1
1
1
1
1
1
1
1
1
1
1
1
1
1
1
1
1
1
1
1
1
1
1
1
1
1
1
1
1
1
1
1
1
1
1
1
1
1
1
1
1
1
1
1
1
1
1
1
1
1
1
1
1
1
1
1
1
1
1
1
1
1
1
1
1
1
1.01081
1.01441
1.01801
1.02161
1.02521
1.02881
1.03242
1.03602
1.03962
1.04322
1.04682
1.05043
1.05403
1.05763
1.06123
1.06483
1.06844
1.07204
1.07564
1.07924
1.08284
1.08644
1.09005
1.09365
1.09725
1.10085
1.10445
1.10806
1.11166
1.11526
1.11886
1.12246
1.12607
1.12967
1.13327
1.13687
1.14047
1.14407
1.14768
1.15128
1.15488
1.15848
1.16208
1.16569
1.16929
1.17289
1.17649
1.18009
1.1837
1.1873
1.1909
1.1945
1.1981
1.2017
1.20531
1.20891
1.21251
1.21611
1.21971
1.22332
1.22692
1.23052
1.23412
1.23772
1.24133
1.24493
1.24853
1.25213
1.25573
1.25933
1.26294
1.26654
1.27014
1.27374
1.27734
1.28095
1.28964
1.29834
1.30703
1.31573
1.32442
1.33312
1.34995
1.35872
1.3675
1.37627
1.38504
1.39381
1.40258
1.41136
1.42013
1.4289
1.43767
1.44644
1.45522
1.46399
1.47276
1.48153
1.4903
1.49907
1
1
1
1
1
1
1
1
1
1
1
1
1
1
1
1
1
1
1
1
1
1
1
1
1
1
1
1
1
1
1
1
1
1
1
1
1
1
1
1
1
1
1
1
1
1
1
1
1
1
1
1
1
1
1
1
1
1
1
1
1
1
1
1
1
1
1
1
1
1
1
1
1
1
1
1
1
1
1
1
1
1.0109
1.01453
1.01817
1.0218
1.02543
1.02907
1.0327
1.03633
1.03997
1.0436
1.04723
1.05087
1.0545
1.05814
1.06177
1.0654
1.06904
1.07267
1.0763
1.07994
1.08357
1.0872
1.09084
1.09447
1.0981
1.10174
1.10537
1.109
1.11264
1.11627
1.1199
1.12354
1.12717
1.1308
1.13444
1.13807
1.14171
1.14534
1.14897
1.15261
1.15624
1.15987
1.16351
1.16714
1.17077
1.17441
1.17804
1.18167
1.18531
1.18894
1.19257
1.19621
1.19984
1.20347
1.20711
1.21074
1.21437
1.21801
1.22164
1.22527
1.22891
1.23254
1.23618
1.23981
1.24344
1.24708
1.25071
1.25434
1.25798
1.26161
1.26524
1.26888
1.27251
1.27614
1.27978
1.28855
1.29732
1.30609
1.31486
1.32364
1.33241
1.34118
1.35823
1.36708
1.37593
1.38478
1.39363
1.40248
1.41133
1.42018
1.42903
1.43788
1.44673
1.45558
1.46443
1.47328
1.48213
1.49098
1.49983
1.50868
1
1
1
1
1
1
1
1
1
1
1
1
1
1
1
1
1
1
1
1
1
1
1
1
1
1
1
1
1
1
1
1
1
1
1
1
1
1
1
1
1
1
1
1
1
1
1
1
1
1
1
1
1
1
1
1
1
1
1
1
1
1
1
1
1
1
1
1
1
1
1
1
1
1
1
1
1
1
1
1
1
1.011
1.01466
1.01833
1.02199
1.02566
1.02932
1.03299
1.03666
1.04032
1.04399
1.04765
1.05132
1.05498
1.05865
1.06232
1.06598
1.06965
1.07331
1.07698
1.08064
1.08431
1.08797
1.09164
1.09531
1.09897
1.10264
1.1063
1.10997
1.11363
1.1173
1.12097
1.12463
1.1283
1.13196
1.13563
1.13929
1.14296
1.14662
1.15029
1.15396
1.15762
1.16129
1.16495
1.16862
1.17228
1.17595
1.17962
1.18328
1.18695
1.19061
1.19428
1.19794
1.20161
1.20527
1.20894
1.21261
1.21627
1.21994
1.2236
1.22727
1.23093
1.2346
1.23827
1.24193
1.2456
1.24926
1.25293
1.25659
1.26026
1.26392
1.26759
1.27126
1.27492
1.27859
1.28744
1.29629
1.30514
1.31399
1.32283
1.33168
1.34053
1.34938
1.36666
1.37559
1.38452
1.39345
1.40238
1.4113
1.42023
1.42916
1.43809
1.44702
1.45595
1.46488
1.4738
1.48273
1.49166
1.50059
1.50952
1
1
1
1
1
1
1
1
1
1
1
1
1
1
1
1
1
1
1
1
1
1
1
1
1
1
1
1
1
1
1
1
1
1
1
1
1
1
1
1
1
1
1
1
1
1
1
1
1
1
1
1
1
1
1
1
1
1
1
1
1
1
1
1
1
1
1
1
1
1
1
1
1
1
1
1
1
1
1
1
1
1.01109
1.01479
1.01849
1.02219
1.02589
1.02959
1.03329
1.03698
1.04068
1.04438
1.04808
1.05178
1.05548
1.05917
1.06287
1.06657
1.07027
1.07397
1.07767
1.08136
1.08506
1.08876
1.09246
1.09616
1.09986
1.10355
1.10725
1.11095
1.11465
1.11835
1.12205
1.12574
1.12944
1.13314
1.13684
1.14054
1.14424
1.14793
1.15163
1.15533
1.15903
1.16273
1.16643
1.17012
1.17382
1.17752
1.18122
1.18492
1.18862
1.19231
1.19601
1.19971
1.20341
1.20711
1.21081
1.2145
1.2182
1.2219
1.2256
1.2293
1.233
1.23669
1.24039
1.24409
1.24779
1.25149
1.25519
1.25888
1.26258
1.26628
1.26998
1.27368
1.27738
1.2863
1.29523
1.30416
1.31309
1.32202
1.33095
1.33988
1.3488
1.35773
1.37524
1.38425
1.39326
1.40227
1.41128
1.42029
1.4293
1.43831
1.44731
1.45632
1.46533
1.47434
1.48335
1.49236
1.50137
1.51038
1.51939
1
1
1
1
1
1
1
1
1
1
1
1
1
1
1
1
1
1
1
1
1
1
1
1
1
1
1
1
1
1
1
1
1
1
1
1
1
1
1
1
1
1
1
1
1
1
1
1
1
1
1
1
1
1
1
1
1
1
1
1
1
1
1
1
1
1
1
1
1
1
1
1
1
1
1
1
1
1
1
1
1
1.01119
1.01493
1.01866
1.02239
1.02612
1.02985
1.03358
1.03732
1.04105
1.04478
1.04851
1.05224
1.05597
1.05971
1.06344
1.06717
1.0709
1.07463
1.07836
1.0821
1.08583
1.08956
1.09329
1.09702
1.10075
1.10449
1.10822
1.11195
1.11568
1.11941
1.12314
1.12688
1.13061
1.13434
1.13807
1.1418
1.14553
1.14927
1.153
1.15673
1.16046
1.16419
1.16792
1.17166
1.17539
1.17912
1.18285
1.18658
1.19031
1.19405
1.19778
1.20151
1.20524
1.20897
1.2127
1.21644
1.22017
1.2239
1.22763
1.23136
1.23509
1.23883
1.24256
1.24629
1.25002
1.25375
1.25748
1.26122
1.26495
1.26868
1.27241
1.27614
1.28515
1.29416
1.30317
1.31218
1.32119
1.3302
1.33921
1.34822
1.35722
1.36623
1.38398
1.39307
1.40216
1.41125
1.42034
1.42943
1.43852
1.44762
1.45671
1.4658
1.47489
1.48398
1.49307
1.50216
1.51125
1
1
1
1
1
1
1
1
1
1
1
1
1
1
1
1
1
1
1
1
1
1
1
1
1
1
1
1
1
1
1
1
1
1
1
1
1
1
1
1
1
1
1
1
1
1
1
1
1
1
1
1
1
1
1
1
1
1
1
1
1
1
1
1
1
1
1
1
1
1
1
1
1
1
1
1
1
1
1
1
1
1.0113
1.01506
1.01883
1.02259
1.02636
1.03012
1.03389
1.03766
1.04142
1.04519
1.04895
1.05272
1.05648
1.06025
1.06401
1.06778
1.07155
1.07531
1.07908
1.08284
1.08661
1.09037
1.09414
1.09791
1.10167
1.10544
1.1092
1.11297
1.11673
1.1205
1.12426
1.12803
1.1318
1.13556
1.13933
1.14309
1.14686
1.15062
1.15439
1.15815
1.16192
1.16569
1.16945
1.17322
1.17698
1.18075
1.18451
1.18828
1.19205
1.19581
1.19958
1.20334
1.20711
1.21087
1.21464
1.2184
1.22217
1.22594
1.2297
1.23347
1.23723
1.241
1.24476
1.24853
1.25229
1.25606
1.25983
1.26359
1.26736
1.27112
1.27489
1.28398
1.29307
1.30216
1.31125
1.32034
1.32943
1.33852
1.34762
1.35671
1.3658
1.37489
1.39288
1.40205
1.41122
1.4204
1.42957
1.43875
1.44792
1.4571
1.46627
1.47544
1.48462
1.49379
1.50297
1.51214
1
1
1
1
1
1
1
1
1
1
1
1
1
1
1
1
1
1
1
1
1
1
1
1
1
1
1
1
1
1
1
1
1
1
1
1
1
1
1
1
1
1
1
1
1
1
1
1
1
1
1
1
1
1
1
1
1
1
1
1
1
1
1
1
1
1
1
1
1
1
1
1
1
1
1
1
1
1
1
1
1
1.0114
1.0152
1.019
1.0228
1.0266
1.0304
1.0342
1.038
1.0418
1.0456
1.0494
1.0532
1.057
1.0608
1.0646
1.0684
1.0722
1.076
1.0798
1.0836
1.0874
1.0912
1.095
1.0988
1.1026
1.1064
1.1102
1.114
1.1178
1.1216
1.1254
1.1292
1.133
1.1368
1.14061
1.14441
1.14821
1.15201
1.15581
1.15961
1.16341
1.16721
1.17101
1.17481
1.17861
1.18241
1.18621
1.19001
1.19381
1.19761
1.20141
1.20521
1.20901
1.21281
1.21661
1.22041
1.22421
1.22801
1.23181
1.23561
1.23941
1.24321
1.24701
1.25081
1.25461
1.25841
1.26221
1.26601
1.26981
1.27361
1.28278
1.29196
1.30113
1.31031
1.31948
1.32866
1.33783
1.347
1.35618
1.36535
1.37453
1.3837
1.40194
1.4112
1.42046
1.42972
1.43897
1.44823
1.45749
1.46675
1.47601
1.48527
1.49453
1.50379
1.51305
1
1
1
1
1
1
1
1
1
1
1
1
1
1
1
1
1
1
1
1
1
1
1
1
1
1
1
1
1
1
1
1
1
1
1
1
1
1
1
1
1
1
1
1
1
1
1
1
1
1
1
1
1
1
1
1
1
1
1
1
1
1
1
1
1
1
1
1
1
1
1
1
1
1
1
1
1
1
1
1
1
1.01151
1.01534
1.01918
1.02301
1.02685
1.03068
1.03452
1.03835
1.04219
1.04602
1.04986
1.05369
1.05753
1.06137
1.0652
1.06904
1.07287
1.07671
1.08054
1.08438
1.08821
1.09205
1.09588
1.09972
1.10355
1.10739
1.11122
1.11506
1.1189
1.12273
1.12657
1.1304
1.13424
1.13807
1.14191
1.14574
1.14958
1.15341
1.15725
1.16108
1.16492
1.16875
1.17259
1.17642
1.18026
1.1841
1.18793
1.19177
1.1956
1.19944
1.20327
1.20711
1.21094
1.21478
1.21861
1.22245
1.22628
1.23012
1.23395
1.23779
1.24163
1.24546
1.2493
1.25313
1.25697
1.2608
1.26464
1.26847
1.27231
1.28157
1.29083
1.30009
1.30934
1.3186
1.32786
1.33712
1.34638
1.35564
1.3649
1.37416
1.38342
1.39268
1.41117
1.42051
1.42986
1.43921
1.44855
1.4579
1.46724
1.47659
1.48593
1.49528
1.50463
1
1
1
1
1
1
1
1
1
1
1
1
1
1
1
1
1
1
1
1
1
1
1
1
1
1
1
1
1
1
1
1
1
1
1
1
1
1
1
1
1
1
1
1
1
1
1
1
1
1
1
1
1
1
1
1
1
1
1
1
1
1
1
1
1
1
1
1
1
1
1
1
1
1
1
1
1
1
1
1
1
1.01161
1.01548
1.01936
1.02323
1.0271
1.03097
1.03484
1.03871
1.04258
1.04645
1.05033
1.0542
1.05807
1.06194
1.06581
1.06968
1.07355
1.07742
1.08129
1.08517
1.08904
1.09291
1.09678
1.10065
1.10452
1.10839
1.11226
1.11614
1.12001
1.12388
1.12775
1.13162
1.13549
1.13936
1.14323
1.1471
1.15098
1.15485
1.15872
1.16259
1.16646
1.17033
1.1742
1.17807
1.18194
1.18582
1.18969
1.19356
1.19743
1.2013
1.20517
1.20904
1.21291
1.21679
1.22066
1.22453
1.2284
1.23227
1.23614
1.24001
1.24388
1.24775
1.25163
1.2555
1.25937
1.26324
1.26711
1.27098
1.28033
1.28967
1.29902
1.30836
1.31771
1.32706
1.3364
1.34575
1.35509
1.36444
1.37379
1.38313
1.39248
1.40182
1.42057
1.43001
1.43944
1.44888
1.45831
1.46774
1.47718
1.48661
1.49605
1.50548
1.51491
1
1
1
1
1
1
1
1
1
1
1
1
1
1
1
1
1
1
1
1
1
1
1
1
1
1
1
1
1
1
1
1
1
1
1
1
1
1
1
1
1
1
1
1
1
1
1
1
1
1
1
1
1
1
1
1
1
1
1
1
1
1
1
1
1
1
1
1
1
1
1
1
1
1
1
1
1
1
1
1
1.00782
1.01172
1.01563
1.01954
1.02345
1.02735
1.03126
1.03517
1.03908
1.04298
1.04689
1.0508
1.05471
1.05862
1.06252
1.06643
1.07034
1.07425
1.07815
1.08206
1.08597
1.08988
1.09378
1.09769
1.1016
1.10551
1.10942
1.11332
1.11723
1.12114
1.12505
1.12895
1.13286
1.13677
1.14068
1.14458
1.14849
1.1524
1.15631
1.16022
1.16412
1.16803
1.17194
1.17585
1.17975
1.18366
1.18757
1.19148
1.19538
1.19929
1.2032
1.20711
1.21102
1.21492
1.21883
1.22274
1.22665
1.23055
1.23446
1.23837
1.24228
1.24618
1.25009
1.254
1.25791
1.26182
1.26572
1.26963
1.27906
1.2885
1.29793
1.30737
1.3168
1.32623
1.33567
1.3451
1.35454
1.36397
1.3734
1.38284
1.39227
1.40171
1.41114
1.43016
1.43968
1.44921
1.45873
1.46825
1.47778
1.4873
1.49682
1.50635
1
1
1
1
1
1
1
1
1
1
1
1
1
1
1
1
1
1
1
1
1
1
1
1
1
1
1
1
1
1
1
1
1
1
1
1
1
1
1
1
1
1
1
1
1
1
1
1
1
1
1
1
1
1
1
1
1
1
1
1
1
1
1
1
1
1
1
1
1
1
1
1
1
1
1
1
1
1
1
1
1
1
1.00789
1.01183
1.01578
1.01972
1.02367
1.02761
1.03156
1.0355
1.03945
1.04339
1.04734
1.05128
1.05523
1.05917
1.06312
1.06706
1.07101
1.07495
1.0789
1.08284
1.08679
1.09073
1.09468
1.09862
1.10257
1.10651
1.11046
1.1144
1.11835
1.12229
1.12624
1.13018
1.13413
1.13807
1.14202
1.14596
1.14991
1.15385
1.1578
1.16174
1.16569
1.16963
1.17358
1.17752
1.18147
1.18541
1.18936
1.1933
1.19725
1.20119
1.20514
1.20908
1.21302
1.21697
1.22091
1.22486
1.2288
1.23275
1.23669
1.24064
1.24458
1.24853
1.25247
1.25642
1.26036
1.26431
1.26825
1.27778
1.2873
1.29682
1.30635
1.31587
1.3254
1.33492
1.34444
1.35397
1.36349
1.37302
1.38254
1.39206
1.40159
1.41111
1.42063
1.43993
1.44954
1.45916
1.46877
1.47839
1.488
1
1
1
1
1
1
1
1
1
1
1
1
1
1
1
1
1
1
1
1
1
1
1
1
1
1
1
1
1
1
1
1
1
1
1
1
1
1
1
1
1
1
1
1
1
1
1
1
1
1
1
1
1
1
1
1
1
1
1
1
1
1
1
1
1
1
1
1
1
1
1
1
1
1
1
1
1
1
1
1
1
1
1.00797
1.01195
1.01593
1.01991
1.0239
1.02788
1.03186
1.03585
1.03983
1.04381
1.04779
1.05178
1.05576
1.05974
1.06373
1.06771
1.07169
1.07567
1.07966
1.08364
1.08762
1.09161
1.09559
1.09957
1.10355
1.10754
1.11152
1.1155
1.11949
1.12347
1.12745
1.13143
1.13542
1.1394
1.14338
1.14736
1.15135
1.15533
1.15931
1.1633
1.16728
1.17126
1.17524
1.17923
1.18321
1.18719
1.19118
1.19516
1.19914
1.20312
1.20711
1.21109
1.21507
1.21906
1.22304
1.22702
1.231
1.23499
1.23897
1.24295
1.24694
1.25092
1.2549
1.25888
1.26287
1.26685
1.27647
1.28608
1.2957
1.30531
1.31493
1.32454
1.33416
1.34377
1.35339
1.363
1.37262
1.38223
1.39185
1.40147
1.41108
1.4207
1.43031
1
1
1
1
1
1
1
1
1
1
1
1
1
1
1
1
1
1
1
1
1
1
1
1
1
1
1
1
1
1
1
1
1
1
1
1
1
1
1
1
1
1
1
1
1
1
1
1
1
1
1
1
1
1
1
1
1
1
1
1
1
1
1
1
1
1
1
1
1
1
1
1
1
1
1
1
1
1
1
1
1
1
1.00804
1.01206
1.01609
1.02011
1.02413
1.02815
1.03217
1.03619
1.04021
1.04424
1.04826
1.05228
1.0563
1.06032
1.06434
1.06837
1.07239
1.07641
1.08043
1.08445
1.08847
1.09249
1.09652
1.10054
1.10456
1.10858
1.1126
1.11662
1.12065
1.12467
1.12869
1.13271
1.13673
1.14075
1.14477
1.1488
1.15282
1.15684
1.16086
1.16488
1.1689
1.17292
1.17695
1.18097
1.18499
1.18901
1.19303
1.19705
1.20108
1.2051
1.20912
1.21314
1.21716
1.22118
1.2252
1.22923
1.23325
1.23727
1.24129
1.24531
1.24933
1.25335
1.25738
1.2614
1.26542
1.27513
1.28484
1.29455
1.30425
1.31396
1.32367
1.33338
1.34309
1.3528
1.36251
1.37222
1.38192
1.39163
1.40134
1.41105
1.42076
1.43047
1.44018
1
1
1
1
1
1
1
1
1
1
1
1
1
1
1
1
1
1
1
1
1
1
1
1
1
1
1
1
1
1
1
1
1
1
1
1
1
1
1
1
1
1
1
1
1
1
1
1
1
1
1
1
1
1
1
1
1
1
1
1
1
1
1
1
1
1
1
1
1
1
1
1
1
1
1
1
1
1
1
1
1
1
1.00812
1.01218
1.01624
1.0203
1.02437
1.02843
1.03249
1.03655
1.04061
1.04467
1.04873
1.05279
1.05685
1.06091
1.06497
1.06904
1.0731
1.07716
1.08122
1.08528
1.08934
1.0934
1.09746
1.10152
1.10558
1.10965
1.11371
1.11777
1.12183
1.12589
1.12995
1.13401
1.13807
1.14213
1.14619
1.15025
1.15432
1.15838
1.16244
1.1665
1.17056
1.17462
1.17868
1.18274
1.1868
1.19086
1.19492
1.19899
1.20305
1.20711
1.21117
1.21523
1.21929
1.22335
1.22741
1.23147
1.23553
1.23959
1.24366
1.24772
1.25178
1.25584
1.2599
1.26396
1.27376
1.28357
1.29337
1.30318
1.31298
1.32278
1.33259
1.34239
1.3522
1.362
1.3718
1.38161
1.39141
1.40122
1.41102
1.42082
1.43063
1.44043
1.45023
1
1
1
1
1
1
1
1
1
1
1
1
1
1
1
1
1
1
1
1
1
1
1
1
1
1
1
1
1
1
1
1
1
1
1
1
1
1
1
1
1
1
1
1
1
1
1
1
1
1
1
1
1
1
1
1
1
1
1
1
1
1
1
1
1
1
1
1
1
1
1
1
1
1
1
1
1
1
1
1
1
1
1.0082
1.0123
1.0164
1.02051
1.02461
1.02871
1.03281
1.03691
1.04101
1.04511
1.04921
1.05331
1.05742
1.06152
1.06562
1.06972
1.07382
1.07792
1.08202
1.08612
1.09022
1.09433
1.09843
1.10253
1.10663
1.11073
1.11483
1.11893
1.12303
1.12714
1.13124
1.13534
1.13944
1.14354
1.14764
1.15174
1.15584
1.15994
1.16405
1.16815
1.17225
1.17635
1.18045
1.18455
1.18865
1.19275
1.19685
1.20096
1.20506
1.20916
1.21326
1.21736
1.22146
1.22556
1.22966
1.23376
1.23787
1.24197
1.24607
1.25017
1.25427
1.25837
1.26247
1.27237
1.28227
1.29218
1.30208
1.31198
1.32188
1.33178
1.34168
1.35158
1.36148
1.37138
1.38128
1.39119
1.40109
1.41099
1.42089
1.43079
1.44069
1.45059
1.46049
1
1
1
1
1
1
1
1
1
1
1
1
1
1
1
1
1
1
1
1
1
1
1
1
1
1
1
1
1
1
1
1
1
1
1
1
1
1
1
1
1
1
1
1
1
1
1
1
1
1
1
1
1
1
1
1
1
1
1
1
1
1
1
1
1
1
1
1
1
1
1
1
1
1
1
1
1
1
1
1
1
1
1.00828
1.01243
1.01657
1.02071
1.02485
1.02899
1.03314
1.03728
1.04142
1.04556
1.04971
1.05385
1.05799
1.06213
1.06627
1.07042
1.07456
1.0787
1.08284
1.08699
1.09113
1.09527
1.09941
1.10355
1.1077
1.11184
1.11598
1.12012
1.12426
1.12841
1.13255
1.13669
1.14083
1.14498
1.14912
1.15326
1.1574
1.16154
1.16569
1.16983
1.17397
1.17811
1.18225
1.1864
1.19054
1.19468
1.19882
1.20297
1.20711
1.21125
1.21539
1.21953
1.22368
1.22782
1.23196
1.2361
1.24024
1.24439
1.24853
1.25267
1.25681
1.26096
1.27096
1.28096
1.29096
1.30096
1.31096
1.32096
1.33096
1.34096
1.35096
1.36096
1.37096
1.38096
1.39096
1.40096
1.41096
1.42096
1.43096
1.44096
1.45096
1.46096
1.47096
1
1
1
1
1
1
1
1
1
1
1
1
1
1
1
1
1
1
1
1
1
1
1
1
1
1
1
1
1
1
1
1
1
1
1
1
1
1
1
1
1
1
1
1
1
1
1
1
1
1
1
1
1
1
1
1
1
1
1
1
1
1
1
1
1
1
1
1
1
1
1
1
1
1
1
1
1
1
1
1
1
1
1.00837
1.01255
1.01674
1.02092
1.0251
1.02929
1.03347
1.03766
1.04184
1.04602
1.05021
1.05439
1.05858
1.06276
1.06694
1.07113
1.07531
1.0795
1.08368
1.08786
1.09205
1.09623
1.10042
1.1046
1.10878
1.11297
1.11715
1.12134
1.12552
1.1297
1.13389
1.13807
1.14226
1.14644
1.15062
1.15481
1.15899
1.16318
1.16736
1.17154
1.17573
1.17991
1.1841
1.18828
1.19246
1.19665
1.20083
1.20502
1.2092
1.21338
1.21757
1.22175
1.22594
1.23012
1.2343
1.23849
1.24267
1.24686
1.25104
1.25522
1.25941
1.26951
1.27961
1.28971
1.29981
1.30991
1.32001
1.33011
1.34022
1.35032
1.36042
1.37052
1.38062
1.39072
1.40082
1.41092
1.42102
1.43112
1.44123
1.45133
1.46143
1.47153
1.48163
1
1
1
1
1
1
1
1
1
1
1
1
1
1
1
1
1
1
1
1
1
1
1
1
1
1
1
1
1
1
1
1
1
1
1
1
1
1
1
1
1
1
1
1
1
1
1
1
1
1
1
1
1
1
1
1
1
1
1
1
1
1
1
1
1
1
1
1
1
1
1
1
1
1
1
1
1
1
1
1
1
1
1.00845
1.01268
1.01691
1.02113
1.02536
1.02959
1.03381
1.03804
1.04227
1.04649
1.05072
1.05495
1.05917
1.0634
1.06763
1.07185
1.07608
1.08031
1.08453
1.08876
1.09299
1.09721
1.10144
1.10567
1.10989
1.11412
1.11835
1.12257
1.1268
1.13103
1.13525
1.13948
1.14371
1.14793
1.15216
1.15639
1.16061
1.16484
1.16907
1.17329
1.17752
1.18175
1.18597
1.1902
1.19443
1.19865
1.20288
1.20711
1.21133
1.21556
1.21979
1.22401
1.22824
1.23247
1.23669
1.24092
1.24515
1.24937
1.2536
1.25783
1.26803
1.27824
1.28844
1.29864
1.30885
1.31905
1.32926
1.33946
1.34966
1.35987
1.37007
1.38028
1.39048
1.40068
1.41089
1.42109
1.4313
1.4415
1.45171
1.46191
1.47211
1.48232
1.49252
1
1
1
1
1
1
1
1
1
1
1
1
1
1
1
1
1
1
1
1
1
1
1
1
1
1
1
1
1
1
1
1
1
1
1
1
1
1
1
1
1
1
1
1
1
1
1
1
1
1
1
1
1
1
1
1
1
1
1
1
1
1
1
1
1
1
1
1
1
1
1
1
1
1
1
1
1
1
1
1
1
1
1.00854
1.01281
1.01708
1.02135
1.02562
1.02989
1.03416
1.03843
1.0427
1.04697
1.05124
1.05551
1.05978
1.06405
1.06832
1.07259
1.07686
1.08113
1.08541
1.08968
1.09395
1.09822
1.10249
1.10676
1.11103
1.1153
1.11957
1.12384
1.12811
1.13238
1.13665
1.14092
1.14519
1.14946
1.15373
1.158
1.16227
1.16654
1.17081
1.17508
1.17935
1.18362
1.18789
1.19216
1.19643
1.2007
1.20497
1.20924
1.21351
1.21778
1.22205
1.22632
1.23059
1.23486
1.23913
1.2434
1.24767
1.25195
1.25622
1.26652
1.27683
1.28714
1.29745
1.30776
1.31807
1.32838
1.33869
1.349
1.35931
1.36962
1.37993
1.39024
1.40055
1.41085
1.42116
1.43147
1.44178
1.45209
1.4624
1.47271
1.48302
1.49333
1.50364
1
1
1
1
1
1
1
1
1
1
1
1
1
1
1
1
1
1
1
1
1
1
1
1
1
1
1
1
1
1
1
1
1
1
1
1
1
1
1
1
1
1
1
1
1
1
1
1
1
1
1
1
1
1
1
1
1
1
1
1
1
1
1
1
1
1
1
1
1
1
1
1
1
1
1
1
1
1
1
1
1
1
1.00863
1.01294
1.01726
1.02157
1.02589
1.0302
1.03452
1.03883
1.04315
1.04746
1.05178
1.05609
1.06041
1.06472
1.06904
1.07335
1.07767
1.08198
1.08629
1.09061
1.09492
1.09924
1.10355
1.10787
1.11218
1.1165
1.12081
1.12513
1.12944
1.13376
1.13807
1.14239
1.1467
1.15102
1.15533
1.15965
1.16396
1.16827
1.17259
1.1769
1.18122
1.18553
1.18985
1.19416
1.19848
1.20279
1.20711
1.21142
1.21574
1.22005
1.22437
1.22868
1.233
1.23731
1.24163
1.24594
1.25025
1.25457
1.26499
1.2754
1.28582
1.29624
1.30665
1.31707
1.32749
1.3379
1.34832
1.35874
1.36915
1.37957
1.38999
1.4004
1.41082
1.42124
1.43165
1.44207
1.45249
1.4629
1.47332
1.48374
1.49415
1.50457
1.51499
1
1
1
1
1
1
1
1
1
1
1
1
1
1
1
1
1
1
1
1
1
1
1
1
1
1
1
1
1
1
1
1
1
1
1
1
1
1
1
1
1
1
1
1
1
1
1
1
1
1
1
1
1
1
1
1
1
1
1
1
1
1
1
1
1
1
1
1
1
1
1
1
1
1
1
1
1
1
1
1
1
1
1.00872
1.01308
1.01744
1.0218
1.02616
1.03052
1.03488
1.03924
1.0436
1.04796
1.05232
1.05668
1.06104
1.0654
1.06976
1.07412
1.07848
1.08284
1.0872
1.09156
1.09592
1.10028
1.10464
1.109
1.11336
1.11772
1.12208
1.12644
1.1308
1.13516
1.13953
1.14389
1.14825
1.15261
1.15697
1.16133
1.16569
1.17005
1.17441
1.17877
1.18313
1.18749
1.19185
1.19621
1.20057
1.20493
1.20929
1.21365
1.21801
1.22237
1.22673
1.23109
1.23545
1.23981
1.24417
1.24853
1.25289
1.26342
1.27394
1.28447
1.29499
1.30552
1.31605
1.32657
1.3371
1.34763
1.35815
1.36868
1.3792
1.38973
1.40026
1.41078
1.42131
1.43184
1.44236
1.45289
1.46342
1.47394
1.48447
1.49499
1.50552
1.51605
1.52657
1
1
1
1
1
1
1
1
1
1
1
1
1
1
1
1
1
1
1
1
1
1
1
1
1
1
1
1
1
1
1
1
1
1
1
1
1
1
1
1
1
1
1
1
1
1
1
1
1
1
1
1
1
1
1
1
1
1
1
1
1
1
1
1
1
1
1
1
1
1
1
1
1
1
1
1
1
1
1
1
1
1
1.00881
1.01322
1.01763
1.02203
1.02644
1.03085
1.03525
1.03966
1.04407
1.04847
1.05288
1.05728
1.06169
1.0661
1.0705
1.07491
1.07932
1.08372
1.08813
1.09254
1.09694
1.10135
1.10576
1.11016
1.11457
1.11898
1.12338
1.12779
1.1322
1.1366
1.14101
1.14542
1.14982
1.15423
1.15864
1.16304
1.16745
1.17186
1.17626
1.18067
1.18507
1.18948
1.19389
1.19829
1.2027
1.20711
1.21151
1.21592
1.22033
1.22473
1.22914
1.23355
1.23795
1.24236
1.24677
1.25117
1.26181
1.27245
1.28309
1.29373
1.30436
1.315
1.32564
1.33628
1.34692
1.35756
1.36819
1.37883
1.38947
1.40011
1.41075
1.42139
1.43202
1.44266
1.4533
1.46394
1.47458
1.48522
1.49585
1.50649
1.51713
1.52777
1.53841
1
1
1
1
1
1
1
1
1
1
1
1
1
1
1
1
1
1
1
1
1
1
1
1
1
1
1
1
1
1
1
1
1
1
1
1
1
1
1
1
1
1
1
1
1
1
1
1
1
1
1
1
1
1
1
1
1
1
1
1
1
1
1
1
1
1
1
1
1
1
1
1
1
1
1
1
1
1
1
1
1
1
1.00891
1.01336
1.01782
1.02227
1.02672
1.03118
1.03563
1.04009
1.04454
1.04899
1.05345
1.0579
1.06235
1.06681
1.07126
1.07572
1.08017
1.08462
1.08908
1.09353
1.09799
1.10244
1.10689
1.11135
1.1158
1.12026
1.12471
1.12916
1.13362
1.13807
1.14253
1.14698
1.15143
1.15589
1.16034
1.1648
1.16925
1.1737
1.17816
1.18261
1.18706
1.19152
1.19597
1.20043
1.20488
1.20933
1.21379
1.21824
1.2227
1.22715
1.2316
1.23606
1.24051
1.24497
1.24942
1.26017
1.27093
1.28168
1.29243
1.30318
1.31394
1.32469
1.33544
1.34619
1.35695
1.3677
1.37845
1.3892
1.39996
1.41071
1.42146
1.43222
1.44297
1.45372
1.46447
1.47523
1.48598
1.49673
1.50748
1.51824
1.52899
1.53974
1.55049
1
1
1
1
1
1
1
1
1
1
1
1
1
1
1
1
1
1
1
1
1
1
1
1
1
1
1
1
1
1
1
1
1
1
1
1
1
1
1
1
1
1
1
1
1
1
1
1
1
1
1
1
1
1
1
1
1
1
1
1
1
1
1
1
1
1
1
1
1
1
1
1
1
1
1
1
1
1
1
1
1
1
1.009
1.01351
1.01801
1.02251
1.02701
1.03152
1.03602
1.04052
1.04502
1.04953
1.05403
1.05853
1.06303
1.06753
1.07204
1.07654
1.08104
1.08554
1.09005
1.09455
1.09905
1.10355
1.10806
1.11256
1.11706
1.12156
1.12607
1.13057
1.13507
1.13957
1.14407
1.14858
1.15308
1.15758
1.16208
1.16659
1.17109
1.17559
1.18009
1.1846
1.1891
1.1936
1.1981
1.20261
1.20711
1.21161
1.21611
1.22061
1.22512
1.22962
1.23412
1.23862
1.24313
1.24763
1.2585
1.26937
1.28024
1.29111
1.30198
1.31285
1.32372
1.33459
1.34545
1.35632
1.36719
1.37806
1.38893
1.3998
1.41067
1.42154
1.43241
1.44328
1.45415
1.46502
1.47589
1.48676
1.49763
1.5085
1.51937
1.53024
1.54111
1.55198
1.56285
1
1
1
1
1
1
1
1
1
1
1
1
1
1
1
1
1
1
1
1
1
1
1
1
1
1
1
1
1
1
1
1
1
1
1
1
1
1
1
1
1
1
1
1
1
1
1
1
1
1
1
1
1
1
1
1
1
1
1
1
1
1
1
1
1
1
1
1
1
1
1
1
1
1
1
1
1
1
1
1
1
1
1.0091
1.01366
1.01821
1.02276
1.02731
1.03186
1.03641
1.04097
1.04552
1.05007
1.05462
1.05917
1.06373
1.06828
1.07283
1.07738
1.08193
1.08648
1.09104
1.09559
1.10014
1.10469
1.10924
1.1138
1.11835
1.1229
1.12745
1.132
1.13655
1.14111
1.14566
1.15021
1.15476
1.15931
1.16387
1.16842
1.17297
1.17752
1.18207
1.18662
1.19118
1.19573
1.20028
1.20483
1.20938
1.21394
1.21849
1.22304
1.22759
1.23214
1.23669
1.24125
1.2458
1.25679
1.26778
1.27876
1.28975
1.30074
1.31173
1.32272
1.33371
1.3447
1.35569
1.36668
1.37767
1.38866
1.39964
1.41063
1.42162
1.43261
1.4436
1.45459
1.46558
1.47657
1.48756
1.49855
1.50953
1.52052
1.53151
1.5425
1.55349
1.56448
1.57547
1
1
1
1
1
1
1
1
1
1
1
1
1
1
1
1
1
1
1
1
1
1
1
1
1
1
1
1
1
1
1
1
1
1
1
1
1
1
1
1
1
1
1
1
1
1
1
1
1
1
1
1
1
1
1
1
1
1
1
1
1
1
1
1
1
1
1
1
1
1
1
1
1
1
1
1
1
1
1
1
1
1
1.0092
1.01381
1.01841
1.02301
1.02761
1.03222
1.03682
1.04142
1.04602
1.05063
1.05523
1.05983
1.06443
1.06904
1.07364
1.07824
1.08284
1.08745
1.09205
1.09665
1.10125
1.10585
1.11046
1.11506
1.11966
1.12426
1.12887
1.13347
1.13807
1.14267
1.14728
1.15188
1.15648
1.16108
1.16569
1.17029
1.17489
1.17949
1.1841
1.1887
1.1933
1.1979
1.20251
1.20711
1.21171
1.21631
1.22091
1.22552
1.23012
1.23472
1.23932
1.24393
1.25504
1.26615
1.27726
1.28837
1.29948
1.31059
1.3217
1.33282
1.34393
1.35504
1.36615
1.37726
1.38837
1.39948
1.41059
1.4217
1.43282
1.44393
1.45504
1.46615
1.47726
1.48837
1.49948
1.51059
1.5217
1.53282
1.54393
1.55504
1.56615
1.57726
1.58837
1
1
1
1
1
1
1
1
1
1
1
1
1
1
1
1
1
1
1
1
1
1
1
1
1
1
1
1
1
1
1
1
1
1
1
1
1
1
1
1
1
1
1
1
1
1
1
1
1
1
1
1
1
1
1
1
1
1
1
1
1
1
1
1
1
1
1
1
1
1
1
1
1
1
1
1
1
1
1
1
1
1
1.00931
1.01396
1.01862
1.02327
1.02792
1.03258
1.03723
1.04189
1.04654
1.0512
1.05585
1.0605
1.06516
1.06981
1.07447
1.07912
1.08377
1.08843
1.09308
1.09774
1.10239
1.10704
1.1117
1.11635
1.12101
1.12566
1.13031
1.13497
1.13962
1.14428
1.14893
1.15359
1.15824
1.16289
1.16755
1.1722
1.17686
1.18151
1.18616
1.19082
1.19547
1.20013
1.20478
1.20943
1.21409
1.21874
1.2234
1.22805
1.23271
1.23736
1.24201
1.25325
1.26449
1.27572
1.28696
1.29819
1.30943
1.32066
1.3319
1.34314
1.35437
1.36561
1.37684
1.38808
1.39932
1.41055
1.42179
1.43302
1.44426
1.4555
1.46673
1.47797
1.4892
1.50044
1.51168
1.52291
1.53415
1.54538
1.55662
1.56786
1.57909
1.59033
1.60156
1
1
1
1
1
1
1
1
1
1
1
1
1
1
1
1
1
1
1
1
1
1
1
1
1
1
1
1
1
1
1
1
1
1
1
1
1
1
1
1
1
1
1
1
1
1
1
1
1
1
1
1
1
1
1
1
1
1
1
1
1
1
1
1
1
1
1
1
1
1
1
1
1
1
1
1
1
1
1
1
1
1
1.00941
1.01412
1.01883
1.02353
1.02824
1.03295
1.03766
1.04236
1.04707
1.05178
1.05648
1.06119
1.0659
1.0706
1.07531
1.08002
1.08473
1.08943
1.09414
1.09885
1.10355
1.10826
1.11297
1.11767
1.12238
1.12709
1.1318
1.1365
1.14121
1.14592
1.15062
1.15533
1.16004
1.16474
1.16945
1.17416
1.17887
1.18357
1.18828
1.19299
1.19769
1.2024
1.20711
1.21181
1.21652
1.22123
1.22594
1.23064
1.23535
1.24006
1.25142
1.26278
1.27415
1.28551
1.29687
1.30824
1.3196
1.33097
1.34233
1.35369
1.36506
1.37642
1.38778
1.39915
1.41051
1.42187
1.43324
1.4446
1.45597
1.46733
1.47869
1.49006
1.50142
1.51278
1.52415
1.53551
1.54687
1.55824
1.5696
1.58097
1.59233
1.60369
1.61506
1
1
1
1
1
1
1
1
1
1
1
1
1
1
1
1
1
1
1
1
1
1
1
1
1
1
1
1
1
1
1
1
1
1
1
1
1
1
1
1
1
1
1
1
1
1
1
1
1
1
1
1
1
1
1
1
1
1
1
1
1
1
1
1
1
1
1
1
1
1
1
1
1
1
1
1
1
1
1
1
1
1
1.00952
1.01428
1.01904
1.02381
1.02857
1.03333
1.03809
1.04285
1.04761
1.05237
1.05713
1.06189
1.06666
1.07142
1.07618
1.08094
1.0857
1.09046
1.09522
1.09998
1.10474
1.10951
1.11427
1.11903
1.12379
1.12855
1.13331
1.13807
1.14283
1.14759
1.15235
1.15712
1.16188
1.16664
1.1714
1.17616
1.18092
1.18568
1.19044
1.1952
1.19997
1.20473
1.20949
1.21425
1.21901
1.22377
1.22853
1.23329
1.23805
1.24955
1.26104
1.27254
1.28403
1.29553
1.30702
1.31851
1.33001
1.3415
1.353
1.36449
1.37599
1.38748
1.39897
1.41047
1.42196
1.43346
1.44495
1.45645
1.46794
1.47943
1.49093
1.50242
1.51392
1.52541
1.53691
1.5484
1.55989
1.57139
1.58288
1.59438
1.60587
1.61736
1.62886
1
1
1
1
1
1
1
1
1
1
1
1
1
1
1
1
1
1
1
1
1
1
1
1
1
1
1
1
1
1
1
1
1
1
1
1
1
1
1
1
1
1
1
1
1
1
1
1
1
1
1
1
1
1
1
1
1
1
1
1
1
1
1
1
1
1
1
1
1
1
1
1
1
1
1
1
1
1
1
1
1
1
1.00963
1.01445
1.01927
1.02408
1.0289
1.03372
1.03853
1.04335
1.04816
1.05298
1.0578
1.06261
1.06743
1.07225
1.07706
1.08188
1.0867
1.09151
1.09633
1.10115
1.10596
1.11078
1.11559
1.12041
1.12523
1.13004
1.13486
1.13968
1.14449
1.14931
1.15413
1.15894
1.16376
1.16858
1.17339
1.17821
1.18303
1.18784
1.19266
1.19747
1.20229
1.20711
1.21192
1.21674
1.22156
1.22637
1.23119
1.23601
1.24763
1.25926
1.27089
1.28252
1.29415
1.30577
1.3174
1.32903
1.34066
1.35229
1.36391
1.37554
1.38717
1.3988
1.41042
1.42205
1.43368
1.44531
1.45694
1.46856
1.48019
1.49182
1.50345
1.51508
1.5267
1.53833
1.54996
1.56159
1.57322
1.58484
1.59647
1.6081
1.61973
1.63135
1.64298
1
1
1
1
1
1
1
1
1
1
1
1
1
1
1
1
1
1
1
1
1
1
1
1
1
1
1
1
1
1
1
1
1
1
1
1
1
1
1
1
1
1
1
1
1
1
1
1
1
1
1
1
1
1
1
1
1
1
1
1
1
1
1
1
1
1
1
1
1
1
1
1
1
1
1
1
1
1
1
1
1
1
1.00975
1.01462
1.01949
1.02437
1.02924
1.03411
1.03898
1.04386
1.04873
1.0536
1.05848
1.06335
1.06822
1.0731
1.07797
1.08284
1.08772
1.09259
1.09746
1.10234
1.10721
1.11208
1.11695
1.12183
1.1267
1.13157
1.13645
1.14132
1.14619
1.15107
1.15594
1.16081
1.16569
1.17056
1.17543
1.18031
1.18518
1.19005
1.19492
1.1998
1.20467
1.20954
1.21442
1.21929
1.22416
1.22904
1.23391
1.24567
1.25744
1.2692
1.28097
1.29273
1.3045
1.31626
1.32803
1.33979
1.35156
1.36332
1.37509
1.38685
1.39862
1.41038
1.42214
1.43391
1.44567
1.45744
1.4692
1.48097
1.49273
1.5045
1.51626
1.52803
1.53979
1.55156
1.56332
1.57509
1.58685
1.59862
1.61038
1.62214
1.63391
1.64567
1.65744
1
1
1
1
1
1
1
1
1
1
1
1
1
1
1
1
1
1
1
1
1
1
1
1
1
1
1
1
1
1
1
1
1
1
1
1
1
1
1
1
1
1
1
1
1
1
1
1
1
1
1
1
1
1
1
1
1
1
1
1
1
1
1
1
1
1
1
1
1
1
1
1
1
1
1
1
1
1
1
1
1
1
1.00986
1.01479
1.01972
1.02466
1.02959
1.03452
1.03945
1.04438
1.04931
1.05424
1.05917
1.0641
1.06904
1.07397
1.0789
1.08383
1.08876
1.09369
1.09862
1.10355
1.10848
1.11342
1.11835
1.12328
1.12821
1.13314
1.13807
1.143
1.14793
1.15287
1.1578
1.16273
1.16766
1.17259
1.17752
1.18245
1.18738
1.19231
1.19725
1.20218
1.20711
1.21204
1.21697
1.2219
1.22683
1.23176
1.24367
1.25557
1.26748
1.27938
1.29129
1.30319
1.3151
1.327
1.33891
1.35081
1.36272
1.37462
1.38653
1.39843
1.41033
1.42224
1.43414
1.44605
1.45795
1.46986
1.48176
1.49367
1.50557
1.51748
1.52938
1.54129
1.55319
1.5651
1.577
1.58891
1.60081
1.61272
1.62462
1.63653
1.64843
1.66033
1.67224
1
1
1
1
1
1
1
1
1
1
1
1
1
1
1
1
1
1
1
1
1
1
1
1
1
1
1
1
1
1
1
1
1
1
1
1
1
1
1
1
1
1
1
1
1
1
1
1
1
1
1
1
1
1
1
1
1
1
1
1
1
1
1
1
1
1
1
1
1
1
1
1
1
1
1
1
1
1
1
1
1
1
1
1.00998
1.01497
1.01996
1.02495
1.02994
1.03493
1.03992
1.04491
1.04991
1.0549
1.05989
1.06488
1.06987
1.07486
1.07985
1.08484
1.08983
1.09482
1.09981
1.1048
1.10979
1.11478
1.11977
1.12476
1.12975
1.13474
1.13974
1.14473
1.14972
1.15471
1.1597
1.16469
1.16968
1.17467
1.17966
1.18465
1.18964
1.19463
1.19962
1.20461
1.2096
1.21459
1.21958
1.22457
1.22956
1.24161
1.25366
1.26571
1.27776
1.28981
1.30185
1.3139
1.32595
1.338
1.35005
1.3621
1.37414
1.38619
1.39824
1.41029
1.42234
1.43438
1.44643
1.45848
1.47053
1.48258
1.49463
1.50667
1.51872
1
1
1
1
1
1
1
1
1
1
1
1
1
1
1
1
1
1
1
1
1
1
1
1
1
1
1
1
1
1
1
1
1
1
1
1
1
1
1
1
1
1
1
1
1
1
1
1
1
1
1
1
1
1
1
1
1
1
1
1
1
1
1
1
1
1
1
1
1
1
1
1
1
1
1
1
1
1
1
1
1
1
1
1.0101
1.01515
1.02021
1.02526
1.03031
1.03536
1.04041
1.04546
1.05051
1.05557
1.06062
1.06567
1.07072
1.07577
1.08082
1.08587
1.09093
1.09598
1.10103
1.10608
1.11113
1.11618
1.12123
1.12628
1.13134
1.13639
1.14144
1.14649
1.15154
1.15659
1.16164
1.1667
1.17175
1.1768
1.18185
1.1869
1.19195
1.197
1.20206
1.20711
1.21216
1.21721
1.22226
1.22731
1.23951
1.2517
1.2639
1.27609
1.28829
1.30048
1.31268
1.32487
1.33707
1.34926
1.36146
1.37365
1.38585
1.39804
1.41024
1.42244
1.43463
1.44683
1.45902
1
1
1
1
1
1
1
1
1
1
1
1
1
1
1
1
1
1
1
1
1
1
1
1
1
1
1
1
1
1
1
1
1
1
1
1
1
1
1
1
1
1
1
1
1
1
1
1
1
1
1
1
1
1
1
1
1
1
1
1
1
1
1
1
1
1
1
1
1
1
1
1
1
1
1
1
1
1
1
1
1
1
1
1.01023
1.01534
1.02045
1.02557
1.03068
1.0358
1.04091
1.04602
1.05114
1.05625
1.06137
1.06648
1.07159
1.07671
1.08182
1.08693
1.09205
1.09716
1.10228
1.10739
1.1125
1.11762
1.12273
1.12784
1.13296
1.13807
1.14319
1.1483
1.15341
1.15853
1.16364
1.16875
1.17387
1.17898
1.1841
1.18921
1.19432
1.19944
1.20455
1.20966
1.21478
1.21989
1.22501
1.23735
1.2497
1.26204
1.27439
1.28673
1.29908
1.31143
1.32377
1.33612
1.34846
1.36081
1.37315
1.3855
1.39785
1.41019
1.42254
1
1
1
1
1
1
1
1
1
1
1
1
1
1
1
1
1
1
1
1
1
1
1
1
1
1
1
1
1
1
1
1
1
1
1
1
1
1
1
1
1
1
1
1
1
1
1
1
1
1
1
1
1
1
1
1
1
1
1
1
1
1
1
1
1
1
1
1
1
1
1
1
1
1
1
1
1
1
1
1
1
1
1
1.01036
1.01553
1.02071
1.02589
1.03107
1.03624
1.04142
1.0466
1.05178
1.05695
1.06213
1.06731
1.07249
1.07767
1.08284
1.08802
1.0932
1.09838
1.10355
1.10873
1.11391
1.11909
1.12426
1.12944
1.13462
1.1398
1.14498
1.15015
1.15533
1.16051
1.16569
1.17086
1.17604
1.18122
1.1864
1.19157
1.19675
1.20193
1.20711
1.21229
1.21746
1.22264
1.23514
1.24764
1.26014
1.27264
1.28514
1.29764
1.31014
1.32264
1.33514
1.34764
1.36014
1.37264
1.38514
1.39764
1.41014
1.42264
1.43514
1
1
1
1
1
1
1
1
1
1
1
1
1
1
1
1
1
1
1
1
1
1
1
1
1
1
1
1
1
1
1
1
1
1
1
1
1
1
1
1
1
1
1
1
1
1
1
1
1
1
1
1
1
1
1
1
1
1
1
1
1
1
1
1
1
1
1
1
1
1
1
1
1
1
1
1
1
1
1
1
1
1
1
1.01049
1.01573
1.02097
1.02622
1.03146
1.0367
1.04195
1.04719
1.05243
1.05768
1.06292
1.06816
1.07341
1.07865
1.08389
1.08913
1.09438
1.09962
1.10486
1.11011
1.11535
1.12059
1.12584
1.13108
1.13632
1.14157
1.14681
1.15205
1.1573
1.16254
1.16778
1.17303
1.17827
1.18351
1.18876
1.194
1.19924
1.20449
1.20973
1.21497
1.22022
1.23287
1.24553
1.25819
1.27085
1.28351
1.29616
1.30882
1.32148
1.33414
1.3468
1.35946
1.37211
1.38477
1.39743
1
1
1
1
1
1
1
1
1
1
1
1
1
1
1
1
1
1
1
1
1
1
1
1
1
1
1
1
1
1
1
1
1
1
1
1
1
1
1
1
1
1
1
1
1
1
1
1
1
1
1
1
1
1
1
1
1
1
1
1
1
1
1
1
1
1
1
1
1
1
1
1
1
1
1
1
1
1
1
1
1
1
1
1.01062
1.01593
1.02124
1.02655
1.03186
1.03717
1.04248
1.04779
1.0531
1.05841
1.06373
1.06904
1.07435
1.07966
1.08497
1.09028
1.09559
1.1009
1.10621
1.11152
1.11683
1.12214
1.12745
1.13276
1.13807
1.14338
1.14869
1.154
1.15931
1.16462
1.16993
1.17524
1.18056
1.18587
1.19118
1.19649
1.2018
1.20711
1.21242
1.21773
1.23055
1.24337
1.25619
1.26901
1.28183
1.29465
1.30747
1.32029
1.33311
1.34593
1.35875
1
1
1
1
1
1
1
1
1
1
1
1
1
1
1
1
1
1
1
1
1
1
1
1
1
1
1
1
1
1
1
1
1
1
1
1
1
1
1
1
1
1
1
1
1
1
1
1
1
1
1
1
1
1
1
1
1
1
1
1
1
1
1
1
1
1
1
1
1
1
1
1
1
1
1
1
1
1
1
1
1
1
1
1.01076
1.01614
1.02152
1.0269
1.03228
1.03766
1.04304
1.04841
1.05379
1.05917
1.06455
1.06993
1.07531
1.08069
1.08607
1.09145
1.09683
1.10221
1.10759
1.11297
1.11835
1.12373
1.12911
1.13449
1.13986
1.14524
1.15062
1.156
1.16138
1.16676
1.17214
1.17752
1.1829
1.18828
1.19366
1.19904
1.20442
1.2098
1.21518
1.22816
1.24115
1.25414
1.26712
1.28011
1.2931
1.30609
1.31907
1.33206
1.34505
1
1
1
1
1
1
1
1
1
1
1
1
1
1
1
1
1
1
1
1
1
1
1
1
1
1
1
1
1
1
1
1
1
1
1
1
1
1
1
1
1
1
1
1
1
1
1
1
1
1
1
1
1
1
1
1
1
1
1
1
1
1
1
1
1
1
1
1
1
1
1
1
1
1
1
1
1
1
1
1
1
1
1
1.0109
1.01635
1.0218
1.02725
1.0327
1.03815
1.0436
1.04905
1.0545
1.05995
1.0654
1.07085
1.0763
1.08175
1.0872
1.09265
1.0981
1.10355
1.109
1.11445
1.1199
1.12535
1.1308
1.13625
1.14171
1.14716
1.15261
1.15806
1.16351
1.16896
1.17441
1.17986
1.18531
1.19076
1.19621
1.20166
1.20711
1.21256
1.22572
1.23887
1.25203
1.26519
1.27835
1.29151
1.30466
1.31782
1
1
1
1
1
1
1
1
1
1
1
1
1
1
1
1
1
1
1
1
1
1
1
1
1
1
1
1
1
1
1
1
1
1
1
1
1
1
1
1
1
1
1
1
1
1
1
1
1
1
1
1
1
1
1
1
1
1
1
1
1
1
1
1
1
1
1
1
1
1
1
1
1
1
1
1
1
1
1
1
1
1
1
1.01105
1.01657
1.02209
1.02761
1.03314
1.03866
1.04418
1.04971
1.05523
1.06075
1.06627
1.0718
1.07732
1.08284
1.08837
1.09389
1.09941
1.10493
1.11046
1.11598
1.1215
1.12703
1.13255
1.13807
1.14359
1.14912
1.15464
1.16016
1.16569
1.17121
1.17673
1.18225
1.18778
1.1933
1.19882
1.20435
1.20987
1.2232
1.23654
1.24987
1.2632
1.27654
1.28987
1
1
1
1
1
1
1
1
1
1
1
1
1
1
1
1
1
1
1
1
1
1
1
1
1
1
1
1
1
1
1
1
1
1
1
1
1
1
1
1
1
1
1
1
1
1
1
1
1
1
1
1
1
1
1
1
1
1
1
1
1
1
1
1
1
1
1
1
1
1
1
1
1
1
1
1
1
1
1
1
1
1
1
1.0112
1.01679
1.02239
1.02799
1.03358
1.03918
1.04478
1.05038
1.05597
1.06157
1.06717
1.07277
1.07836
1.08396
1.08956
1.09516
1.10075
1.10635
1.11195
1.11755
1.12314
1.12874
1.13434
1.13994
1.14553
1.15113
1.15673
1.16233
1.16792
1.17352
1.17912
1.18472
1.19031
1.19591
1.20151
1.20711
1.22062
1.23413
1.24765
1.26116
1.27468
1
1
1
1
1
1
1
1
1
1
1
1
1
1
1
1
1
1
1
1
1
1
1
1
1
1
1
1
1
1
1
1
1
1
1
1
1
1
1
1
1
1
1
1
1
1
1
1
1
1
1
1
1
1
1
1
1
1
1
1
1
1
1
1
1
1
1
1
1
1
1
1
1
1
1
1
1
1
1
1
1
1
1
1.01135
1.01702
1.0227
1.02837
1.03404
1.03972
1.04539
1.05107
1.05674
1.06242
1.06809
1.07376
1.07944
1.08511
1.09079
1.09646
1.10214
1.10781
1.11348
1.11916
1.12483
1.13051
1.13618
1.14185
1.14753
1.1532
1.15888
1.16455
1.17023
1.1759
1.18157
1.18725
1.19292
1.1986
1.20427
1.21797
1.23167
1.24537
1.25906
1.27276
1
1
1
1
1
1
1
1
1
1
1
1
1
1
1
1
1
1
1
1
1
1
1
1
1
1
1
1
1
1
1
1
1
1
1
1
1
1
1
1
1
1
1
1
1
1
1
1
1
1
1
1
1
1
1
1
1
1
1
1
1
1
1
1
1
1
1
1
1
1
1
1
1
1
1
1
1
1
1
1
1
1
1
1.01151
1.01726
1.02301
1.02876
1.03452
1.04027
1.04602
1.05178
1.05753
1.06328
1.06904
1.07479
1.08054
1.08629
1.09205
1.0978
1.10355
1.10931
1.11506
1.12081
1.12657
1.13232
1.13807
1.14382
1.14958
1.15533
1.16108
1.16684
1.17259
1.17834
1.1841
1.18985
1.1956
1.20135
1.21524
1.22913
1.24302
1.25691
1.2708
1.28469
1
1
1
1
1
1
1
1
1
1
1
1
1
1
1
1
1
1
1
1
1
1
1
1
1
1
1
1
1
1
1
1
1
1
1
1
1
1
1
1
1
1
1
1
1
1
1
1
1
1
1
1
1
1
1
1
1
1
1
1
1
1
1
1
1
1
1
1
1
1
1
1
1
1
1
1
1
1
1
1
1
1
1
1.01167
1.0175
1.02334
1.02917
1.035
1.04084
1.04667
1.05251
1.05834
1.06417
1.07001
1.07584
1.08168
1.08751
1.09334
1.09918
1.10501
1.11085
1.11668
1.12251
1.12835
1.13418
1.14002
1.14585
1.15168
1.15752
1.16335
1.16919
1.17502
1.18085
1.18669
1.19252
1.19836
1.21244
1.22653
1.24061
1.25469
1
1
1
1
1
1
1
1
1
1
1
1
1
1
1
1
1
1
1
1
1
1
1
1
1
1
1
1
1
1
1
1
1
1
1
1
1
1
1
1
1
1
1
1
1
1
1
1
1
1
1
1
1
1
1
1
1
1
1
1
1
1
1
1
1
1
1
1
1
1
1
1
1
1
1
1
1
1
1
1
1
1
1
1.01183
1.01775
1.02367
1.02959
1.0355
1.04142
1.04734
1.05326
1.05917
1.06509
1.07101
1.07693
1.08284
1.08876
1.09468
1.10059
1.10651
1.11243
1.11835
1.12426
1.13018
1.1361
1.14202
1.14793
1.15385
1.15977
1.16569
1.1716
1.17752
1.18344
1.18936
1.19527
1.20956
1.22384
1.23813
1.25242
1
1
1
1
1
1
1
1
1
1
1
1
1
1
1
1
1
1
1
1
1
1
1
1
1
1
1
1
1
1
1
1
1
1
1
1
1
1
1
1
1
1
1
1
1
1
1
1
1
1
1
1
1
1
1
1
1
1
1
1
1
1
1
1
1
1
1
1
1
1
1
1
1
1
1
1
1
1
1
1
1
1
1
1.01201
1.01801
1.02401
1.03002
1.03602
1.04202
1.04802
1.05403
1.06003
1.06603
1.07204
1.07804
1.08404
1.09005
1.09605
1.10205
1.10806
1.11406
1.12006
1.12607
1.13207
1.13807
1.14407
1.15008
1.15608
1.16208
1.16809
1.17409
1.18009
1.1861
1.1921
1.20659
1.22109
1
1
1
1
1
1
1
1
1
1
1
1
1
1
1
1
1
1
1
1
1
1
1
1
1
1
1
1
1
1
1
1
1
1
1
1
1
1
1
1
1
1
1
1
1
1
1
1
1
1
1
1
1
1
1
1
1
1
1
1
1
1
1
1
1
1
1
1
1
1
1
1
1
1
1
1
1
1
1
1
1
1
1
1
1.01218
1.01827
1.02437
1.03046
1.03655
1.04264
1.04873
1.05482
1.06091
1.06701
1.0731
1.07919
1.08528
1.09137
1.09746
1.10355
1.10965
1.11574
1.12183
1.12792
1.13401
1.1401
1.14619
1.15228
1.15838
1.16447
1.17056
1.17665
1.18274
1.18883
1.20354
1.21825
1
1
1
1
1
1
1
1
1
1
1
1
1
1
1
1
1
1
1
1
1
1
1
1
1
1
1
1
1
1
1
1
1
1
1
1
1
1
1
1
1
1
1
1
1
1
1
1
1
1
1
1
1
1
1
1
1
1
1
1
1
1
1
1
1
1
1
1
1
1
1
1
1
1
1
1
1
1
1
1
1
1
1
1
1.01236
1.01855
1.02473
1.03091
1.03709
1.04328
1.04946
1.05564
1.06182
1.06801
1.07419
1.08037
1.08655
1.09273
1.09892
1.1051
1.11128
1.11746
1.12365
1.12983
1.13601
1.14219
1.14838
1.15456
1.16074
1.16692
1.1731
1.17929
1.18547
1.20039
1.21532
1
1
1
1
1
1
1
1
1
1
1
1
1
1
1
1
1
1
1
1
1
1
1
1
1
1
1
1
1
1
1
1
1
1
1
1
1
1
1
1
1
1
1
1
1
1
1
1
1
1
1
1
1
1
1
1
1
1
1
1
1
1
1
1
1
1
1
1
1
1
1
1
1
1
1
1
1
1
1
1
1
1
1
1
1.01255
1.01883
1.0251
1.03138
1.03766
1.04393
1.05021
1.05648
1.06276
1.06904
1.07531
1.08159
1.08786
1.09414
1.10042
1.10669
1.11297
1.11924
1.12552
1.1318
1.13807
1.14435
1.15062
1.1569
1.16318
1.16945
1.17573
1.182
1.19715
1
1
1
1
1
1
1
1
1
1
1
1
1
1
1
1
1
1
1
1
1
1
1
1
1
1
1
1
1
1
1
1
1
1
1
1
1
1
1
1
1
1
1
1
1
1
1
1
1
1
1
1
1
1
1
1
1
1
1
1
1
1
1
1
1
1
1
1
1
1
1
1
1
1
1
1
1
1
1
1
1
1
1
1
1.01275
1.01912
1.02549
1.03186
1.03824
1.04461
1.05098
1.05735
1.06373
1.0701
1.07647
1.08284
1.08922
1.09559
1.10196
1.10833
1.11471
1.12108
1.12745
1.13382
1.1402
1.14657
1.15294
1.15931
1.16569
1.17206
1.17843
1.19382
1
1
1
1
1
1
1
1
1
1
1
1
1
1
1
1
1
1
1
1
1
1
1
1
1
1
1
1
1
1
1
1
1
1
1
1
1
1
1
1
1
1
1
1
1
1
1
1
1
1
1
1
1
1
1
1
1
1
1
1
1
1
1
1
1
1
1
1
1
1
1
1
1
1
1
1
1
1
1
1
1
1
1
1
1.01294
1.01942
1.02589
1.03236
1.03883
1.0453
1.05178
1.05825
1.06472
1.07119
1.07767
1.08414
1.09061
1.09708
1.10355
1.11003
1.1165
1.12297
1.12944
1.13591
1.14239
1.14886
1.15533
1.1618
1.16827
1.17475
1
1
1
1
1
1
1
1
1
1
1
1
1
1
1
1
1
1
1
1
1
1
1
1
1
1
1
1
1
1
1
1
1
1
1
1
1
1
1
1
1
1
1
1
1
1
1
1
1
1
1
1
1
1
1
1
1
1
1
1
1
1
1
1
1
1
1
1
1
1
1
1
1
1
1
1
1
1
1
1
1
1
1
1
1.01315
1.01972
1.0263
1.03287
1.03945
1.04602
1.0526
1.05917
1.06575
1.07232
1.0789
1.08547
1.09205
1.09862
1.1052
1.11177
1.11835
1.12492
1.1315
1.13807
1.14465
1.15122
1.1578
1.16437
1.17095
1.18682
1
1
1
1
1
1
1
1
1
1
1
1
1
1
1
1
1
1
1
1
1
1
1
1
1
1
1
1
1
1
1
1
1
1
1
1
1
1
1
1
1
1
1
1
1
1
1
1
1
1
1
1
1
1
1
1
1
1
1
1
1
1
1
1
1
1
1
1
1
1
1
1
1
1
1
1
1
1
1
1
1
1
1
1
1.01336
1.02004
1.02672
1.0334
1.04009
1.04677
1.05345
1.06013
1.06681
1.07349
1.08017
1.08685
1.09353
1.10021
1.10689
1.11357
1.12026
1.12694
1.13362
1.1403
1.14698
1.15366
1.16034
1.16702
1
1
1
1
1
1
1
1
1
1
1
1
1
1
1
1
1
1
1
1
1
1
1
1
1
1
1
1
1
1
1
1
1
1
1
1
1
1
1
1
1
1
1
1
1
1
1
1
1
1
1
1
1
1
1
1
1
1
1
1
1
1
1
1
1
1
1
1
1
1
1
1
1
1
1
1
1
1
1
1
1
1
1
1
1.01358
1.02037
1.02716
1.03395
1.04074
1.04753
1.05432
1.06111
1.0679
1.07469
1.08148
1.08828
1.09507
1.10186
1.10865
1.11544
1.12223
1.12902
1.13581
1.1426
1.14939
1.15618
1.16297
1
1
1
1
1
1
1
1
1
1
1
1
1
1
1
1
1
1
1
1
1
1
1
1
1
1
1
1
1
1
1
1
1
1
1
1
1
1
1
1
1
1
1
1
1
1
1
1
1
1
1
1
1
1
1
1
1
1
1
1
1
1
1
1
1
1
1
1
1
1
1
1
1
1
1
1
1
1
1
1
1
1
1
1
1
1
1
1
1
1
1
1
1.01381
1.02071
1.02761
1.03452
1.04142
1.04832
1.05523
1.06213
1.06904
1.07594
1.08284
1.08975
1.09665
1.10355
1.11046
1.11736
1.12426
1.13117
1.13807
1.14498
1.15188
1.15878
1.17545
1
1
1
1
1
1
1
1
1
1
1
1
1
1
1
1
1
1
1
1
1
1
1
1
1
1
1
1
1
1
1
1
1
1
1
1
1
1
1
1
1
1
1
1
1
1
1
1
1
1
1
1
1
1
1
1
1
1
1
1
1
1
1
1
1
1
1
1
1
1
1
1
1
1
1
1
1
1
1
1
1
1
1
1
1
1
1
1
1
1
1
1
1
1
1
1
1
1
1
1
1
1
1
1
1
1
1
1
1.01404
1.02106
1.02808
1.0351
1.04212
1.04914
1.05616
1.06319
1.07021
1.07723
1.08425
1.09127
1.09829
1.10531
1.11233
1.11935
1.12637
1.13339
1.14041
1.14743
1.15445
1.1714
1
1
1
1
1
1
1
1
1
1
1
1
1
1
1
1
1
1
1
1
1
1
1
1
1
1
1
1
1
1
1
1
1
1
1
1
1
1
1
1
1
1
1
1
1
1
1
1
1
1
1
1
1
1
1
1
1
1
1
1
1
1
1
1
1
1
1
1
1
1
1
1
1
1
1
1
1
1
1
1
1
1
1
1
1
1
1
1
1
1
1
1
1
1
1
1
1
1
1
1
1
1
1
1
1
1
1
1
1
1
1
1
1
1
1
1
1.01428
1.02142
1.02857
1.03571
1.04285
1.04999
1.05713
1.06427
1.07142
1.07856
1.0857
1.09284
1.09998
1.10712
1.11427
1.12141
1.12855
1.13569
1.14283
1.14997
1
1
1
1
1
1
1
1
1
1
1
1
1
1
1
1
1
1
1
1
1
1
1
1
1
1
1
1
1
1
1
1
1
1
1
1
1
1
1
1
1
1
1
1
1
1
1
1
1
1
1
1
1
1
1
1
1
1
1
1
1
1
1
1
1
1
1
1
1
1
1
1
1
1
1
1
1
1
1
1
1
1
1
1
1
1
1
1
1
1
1
1
1
1
1
1
1
1
1
1
1
1
1
1
1
1
1
1
1
1
1
1
1
1
1
1
1
1
1
1
1
1
1
1
1.01453
1.0218
1.02907
1.03633
1.0436
1.05087
1.05814
1.0654
1.07267
1.07994
1.0872
1.09447
1.10174
1.109
1.11627
1.12354
1.1308
1.13807
1.14534
1
1
1
1
1
1
1
1
1
1
1
1
1
1
1
1
1
1
1
1
1
1
1
1
1
1
1
1
1
1
1
1
1
1
1
1
1
1
1
1
1
1
1
1
1
1
1
1
1
1
1
1
1
1
1
1
1
1
1
1
1
1
1
1
1
1
1
1
1
1
1
1
1
1
1
1
1
1
1
1
1
1
1
1
1
1
1
1
1
1
1
1
1
1
1
1
1
1
1
1
1
1
1
1
1
1
1
1
1
1
1
1
1
1
1
1
1
1
1
1
1
1
1
1
1
1
1
1
1
1
1.01479
1.02219
1.02959
1.03698
1.04438
1.05178
1.05917
1.06657
1.07397
1.08136
1.08876
1.09616
1.10355
1.11095
1.11835
1.12574
1.13314
1.14054
1
1
1
1
1
1
1
1
1
1
1
1
1
1
1
1
1
1
1
1
1
1
1
1
1
1
1
1
1
1
1
1
1
1
1
1
1
1
1
1
1
1
1
1
1
1
1
1
1
1
1
1
1
1
1
1
1
1
1
1
1
1
1
1
1
1
1
1
1
1
1
1
1
1
1
1
1
1
1
1
1
1
1
1
1
1
1
1
1
1
1
1
1
1
1
1
1
1
1
1
1
1
1
1
1
1
1
1
1
1
1
1
1
1
1
1
1
1
1
1
1
1
1
1
1
1
1
1
1
1
1
1
1
1
1
1.01506
1.02259
1.03012
1.03766
1.04519
1.05272
1.06025
1.06778
1.07531
1.08284
1.09037
1.09791
1.10544
1.11297
1.1205
1.12803
1.13556
1
1
1
1
1
1
1
1
1
1
1
1
1
1
1
1
1
1
1
1
1
1
1
1
1
1
1
1
1
1
1
1
1
1
1
1
1
1
1
1
1
1
1
1
1
1
1
1
1
1
1
1
1
1
1
1
1
1
1
1
1
1
1
1
1
1
1
1
1
1
1
1
1
1
1
1
1
1
1
1
1
1
1
1
1
1
1
1
1
1
1
1
1
1
1
1
1
1
1
1
1
1
1
1
1
1
1
1
1
1
1
1
1
1
1
1
1
1
1
1
1
1
1
1
1
1
1
1
1
1
1
1
1
1
1
1.01534
1.02301
1.03068
1.03835
1.04602
1.05369
1.06137
1.06904
1.07671
1.08438
1.09205
1.09972
1.10739
1.11506
1.12273
1.1304
1.13807
1
1
1
1
1
1
1
1
1
1
1
1
1
1
1
1
1
1
1
1
1
1
1
1
1
1
1
1
1
1
1
1
1
1
1
1
1
1
1
1
1
1
1
1
1
1
1
1
1
1
1
1
1
1
1
1
1
1
1
1
1
1
1
1
1
1
1
1
1
1
1
1
1
1
1
1
1
1
1
1
1
1
1
1
1
1
1
1
1
1
1
1
1
1
1
1
1
1
1
1
1
1
1
1
1
1
1
1
1
1
1
1
1
1
1
1
1
1
1
1
1
1
1
1
1
1
1
1
1
1
1
1
1
1
1
1
1
1
1
1
1.00782
1.01563
1.02345
1.03126
1.03908
1.04689
1.05471
1.06252
1.07034
1.07815
1.08597
1.09378
1.1016
1.10942
1.11723
1.12505
1.13286
1.15173
1
1
1
1
1
1
1
1
1
1
1
1
1
1
1
1
1
1
1
1
1
1
1
1
1
1
1
1
1
1
1
1
1
1
1
1
1
1
1
1
1
1
1
1
1
1
1
1
1
1
1
1
1
1
1
1
1
1
1
1
1
1
1
1
1
1
1
1
1
1
1
1
1
1
1
1
1
1
1
1
1
1
1
1
1
1
1
1
1
1
1
1
1
1
1
1
1
1
1
1
1
1
1
1
1
1
1
1
1
1
1
1
1
1
1
1
1
1
1
1
1
1
1
1
1
1
1
1
1
1
1
1
1
1
1
1
1
1
1
1
1
1
1
1
1.00797
1.01593
1.0239
1.03186
1.03983
1.04779
1.05576
1.06373
1.07169
1.07966
1.08762
1.09559
1.10355
1.11152
1.11948
1.12745
1
1
1
1
1
1
1
1
1
1
1
1
1
1
1
1
1
1
1
1
1
1
1
1
1
1
1
1
1
1
1
1
1
1
1
1
1
1
1
1
1
1
1
1
1
1
1
1
1
1
1
1
1
1
1
1
1
1
1
1
1
1
1
1
1
1
1
1
1
1
1
1
1
1
1
1
1
1
1
1
1
1
1
1
1
1
1
1
1
1
1
1
1
1
1
1
1
1
1
1
1
1
1
1
1
1
1
1
1
1
1
1
1
1
1
1
1
1
1
1
1
1
1
1
1
1
1
1
1
1
1
1
1
1
1
1
1
1
1
1
1
1
1
1
1
1
1
1.00812
1.01624
1.02437
1.03249
1.04061
1.04873
1.05685
1.06497
1.0731
1.08122
1.08934
1.09746
1.10558
1.11371
1.12183
1
1
1
1
1
1
1
1
1
1
1
1
1
1
1
1
1
1
1
1
1
1
1
1
1
1
1
1
1
1
1
1
1
1
1
1
1
1
1
1
1
1
1
1
1
1
1
1
1
1
1
1
1
1
1
1
1
1
1
1
1
1
1
1
1
1
1
1
1
1
1
1
1
1
1
1
1
1
1
1
1
1
1
1
1
1
1
1
1
1
1
1
1
1
1
1
1
1
1
1
1
1
1
1
1
1
1
1
1
1
1
1
1
1
1
1
1
1
1
1
1
1
1
1
1
1
1
1
1
1
1
1
1
1
1
1
1
1
1
1
1
1
1
1
1
1
1
1
1
1
1.00828
1.01657
1.02485
1.03314
1.04142
1.04971
1.05799
1.06627
1.07456
1.08284
1.09113
1.09941
1.1077
1.11598
1.13598
1
1
1
1
1
1
1
1
1
1
1
1
1
1
1
1
1
1
1
1
1
1
1
1
1
1
1
1
1
1
1
1
1
1
1
1
1
1
1
1
1
1
1
1
1
1
1
1
1
1
1
1
1
1
1
1
1
1
1
1
1
1
1
1
1
1
1
1
1
1
1
1
1
1
1
1
1
1
1
1
1
1
1
1
1
1
1
1
1
1
1
1
1
1
1
1
1
1
1
1
1
1
1
1
1
1
1
1
1
1
1
1
1
1
1
1
1
1
1
1
1
1
1
1
1
1
1
1
1
1
1
1
1
1
1
1
1
1
1
1
1
1
1
1
1
1
1
1
1
1
1
1
1
1.00845
1.01691
1.02536
1.03381
1.04227
1.05072
1.05917
1.06763
1.07608
1.08453
1.09299
1.10144
1.10989
1.1303
1
1
1
1
1
1
1
1
1
1
1
1
1
1
1
1
1
1
1
1
1
1
1
1
1
1
1
1
1
1
1
1
1
1
1
1
1
1
1
1
1
1
1
1
1
1
1
1
1
1
1
1
1
1
1
1
1
1
1
1
1
1
1
1
1
1
1
1
1
1
1
1
1
1
1
1
1
1
1
1
1
1
1
1
1
1
1
1
1
1
1
1
1
1
1
1
1
1
1
1
1
1
1
1
1
1
1
1
1
1
1
1
1
1
1
1
1
1
1
1
1
1
1
1
1
1
1
1
1
1
1
1
1
1
1
1
1
1
1
1
1
1
1
1
1
1
1
1
1
1
1
1
1
1
1
1
1
1.00863
1.01726
1.02589
1.03452
1.04315
1.05178
1.06041
1.06904
1.07767
1.08629
1.09492
1.10355
1
1
1
1
1
1
1
1
1
1
1
1
1
1
1
1
1
1
1
1
1
1
1
1
1
1
1
1
1
1
1
1
1
1
1
1
1
1
1
1
1
1
1
1
1
1
1
1
1
1
1
1
1
1
1
1
1
1
1
1
1
1
1
1
1
1
1
1
1
1
1
1
1
1
1
1
1
1
1
1
1
1
1
1
1
1
1
1
1
1
1
1
1
1
1
1
1
1
1
1
1
1
1
1
1
1
1
1
1
1
1
1
1
1
1
1
1
1
1
1
1
1
1
1
1
1
1
1
1
1
1
1
1
1
1
1
1
1
1
1
1
1
1
1
1
1
1
1
1
1
1
1
1
1
1
1
1
1
1
1.00881
1.01763
1.02644
1.03525
1.04407
1.05288
1.06169
1.0705
1.07932
1.08813
1.09694
1.10576
1
1
1
1
1
1
1
1
1
1
1
1
1
1
1
1
1
1
1
1
1
1
1
1
1
1
1
1
1
1
1
1
1
1
1
1
1
1
1
1
1
1
1
1
1
1
1
1
1
1
1
1
1
1
1
1
1
1
1
1
1
1
1
1
1
1
1
1
1
1
1
1
1
1
1
1
1
1
1
1
1
1
1
1
1
1
1
1
1
1
1
1
1
1
1
1
1
1
1
1
1
1
1
1
1
1
1
1
1
1
1
1
1
1
1
1
1
1
1
1
1
1
1
1
1
1
1
1
1
1
1
1
1
1
1
1
1
1
1
1
1
1
1
1
1
1
1
1
1
1
1
1
1
1
1
1
1
1
1
1.009
1.01801
1.02701
1.03602
1.04502
1.05403
1.06303
1.07204
1.08104
1.09005
1.09905
1.10806
1
1
1
1
1
1
1
1
1
1
1
1
1
1
1
1
1
1
1
1
1
1
1
1
1
1
1
1
1
1
1
1
1
1
1
1
1
1
1
1
1
1
1
1
1
1
1
1
1
1
1
1
1
1
1
1
1
1
1
1
1
1
1
1
1
1
1
1
1
1
1
1
1
1
1
1
1
1
1
1
1
1
1
1
1
1
1
1
1
1
1
1
1
1
1
1
1
1
1
1
1
1
1
1
1
1
1
1
1
1
1
1
1
1
1
1
1
1
1
1
1
1
1
1
1
1
1
1
1
1
1
1
1
1
1
1
1
1
1
1
1
1
1
1
1
1
1
1
1
1
1
1
1
1
1
1
1
1
1
1
1.0092
1.01841
1.02761
1.03682
1.04602
1.05523
1.06443
1.07364
1.08284
1.09205
1.10125
1
1
1
1
1
1
1
1
1
1
1
1
1
1
1
1
1
1
1
1
1
1
1
1
1
1
1
1
1
1
1
1
1
1
1
1
1
1
1
1
1
1
1
1
1
1
1
1
1
1
1
1
1
1
1
1
1
1
1
1
1
1
1
1
1
1
1
1
1
1
1
1
1
1
1
1
1
1
1
1
1
1
1
1
1
1
1
1
1
1
1
1
1
1
1
1
1
1
1
1
1
1
1
1
1
1
1
1
1
1
1
1
1
1
1
1
1
1
1
1
1
1
1
1
1
1
1
1
1
1
1
1
1
1
1
1
1
1
1
1
1
1
1
1
1
1
1
1
1
1
1
1
1
1
1
1
1
1
1
1
1
1
1.00941
1.01883
1.02824
1.03766
1.04707
1.05648
1.0659
1.07531
1.08473
1.09414
1.10355
1
1
1
1
1
1
1
1
1
1
1
1
1
1
1
1
1
1
1
1
1
1
1
1
1
1
1
1
1
1
1
1
1
1
1
1
1
1
1
1
1
1
1
1
1
1
1
1
1
1
1
1
1
1
1
1
1
1
1
1
1
1
1
1
1
1
1
1
1
1
1
1
1
1
1
1
1
1
1
1
1
1
1
1
1
1
1
1
1
1
1
1
1
1
1
1
1
1
1
1
1
1
1
1
1
1
1
1
1
1
1
1
1
1
1
1
1
1
1
1
1
1
1
1
1
1
1
1
1
1
1
1
1
1
1
1
1
1
1
1
1
1
1
1
1
1
1
1
1
1
1
1
1
1
1
1
1
1
1
1
1
1
1
1
1
1
1.00963
1.01927
1.0289
1.03853
1.04816
1.0578
1.06743
1.07706
1.0867
1.09633
1
1
1
1
1
1
1
1
1
1
1
1
1
1
1
1
1
1
1
1
1
1
1
1
1
1
1
1
1
1
1
1
1
1
1
1
1
1
1
1
1
1
1
1
1
1
1
1
1
1
1
1
1
1
1
1
1
1
1
1
1
1
1
1
1
1
1
1
1
1
1
1
1
1
1
1
1
1
1
1
1
1
1
1
1
1
1
1
1
1
1
1
1
1
1
1
1
1
1
1
1
1
1
1
1
1
1
1
1
1
1
1
1
1
1
1
1
1
1
1
1
1
1
1
1
1
1
1
1
1
1
1
1
1
1
1
1
1
1
1
1
1
1
1
1
1
1
1
1
1
1
1
1
1
1
1
1
1
1
1
1
1
1
1
1
1
1
1.00986
1.01972
1.02959
1.03945
1.04931
1.05917
1.06904
1.0789
1.08876
1.09862
1
1
1
1
1
1
1
1
1
1
1
1
1
1
1
1
1
1
1
1
1
1
1
1
1
1
1
1
1
1
1
1
1
1
1
1
1
1
1
1
1
1
1
1
1
1
1
1
1
1
1
1
1
1
1
1
1
1
1
1
1
1
1
1
1
1
1
1
1
1
1
1
1
1
1
1
1
1
1
1
1
1
1
1
1
1
1
1
1
1
1
1
1
1
1
1
1
1
1
1
1
1
1
1
1
1
1
1
1
1
1
1
1
1
1
1
1
1
1
1
1
1
1
1
1
1
1
1
1
1
1
1
1
1
1
1
1
1
1
1
1
1
1
1
1
1
1
1
1
1
1
1
1
1
1
1
1
1
1
1
1
1
1
1
1
1
1
1
1
1.0101
1.02021
1.03031
1.04041
1.05051
1.06062
1.07072
1.08082
1.09093
1
1
1
1
1
1
1
1
1
1
1
1
1
1
1
1
1
1
1
1
1
1
1
1
1
1
1
1
1
1
1
1
1
1
1
1
1
1
1
1
1
1
1
1
1
1
1
1
1
1
1
1
1
1
1
1
1
1
1
1
1
1
1
1
1
1
1
1
1
1
1
1
1
1
1
1
1
1
1
1
1
1
1
1
1
1
1
1
1
1
1
1
1
1
1
1
1
1
1
1
1
1
1
1
1
1
1
1
1
1
1
1
1
1
1
1
1
1
1
1
1
1
1
1
1
1
1
1
1
1
1
1
1
1
1
1
1
1
1
1
1
1
1
1
1
1
1
1
1
1
1
1
1
1
1
1
1
1
1
1
1
1
1
1
1
1
1
1
1
1
1
1
1.01036
1.02071
1.03107
1.04142
1.05178
1.06213
1.07249
1.08284
1.10784
1
1
1
1
1
1
1
1
1
1
1
1
1
1
1
1
1
1
1
1
1
1
1
1
1
1
1
1
1
1
1
1
1
1
1
1
1
1
1
1
1
1
1
1
1
1
1
1
1
1
1
1
1
1
1
1
1
1
1
1
1
1
1
1
1
1
1
1
1
1
1
1
1
1
1
1
1
1
1
1
1
1
1
1
1
1
1
1
1
1
1
1
1
1
1
1
1
1
1
1
1
1
1
1
1
1
1
1
1
1
1
1
1
1
1
1
1
1
1
1
1
1
1
1
1
1
1
1
1
1
1
1
1
1
1
1
1
1
1
1
1
1
1
1
1
1
1
1
1
1
1
1
1
1
1
1
1
1
1
1
1
1
1
1
1
1
1
1
1
1
1
1
1.01062
1.02124
1.03186
1.04248
1.0531
1.06373
1.07435
1
1
1
1
1
1
1
1
1
1
1
1
1
1
1
1
1
1
1
1
1
1
1
1
1
1
1
1
1
1
1
1
1
1
1
1
1
1
1
1
1
1
1
1
1
1
1
1
1
1
1
1
1
1
1
1
1
1
1
1
1
1
1
1
1
1
1
1
1
1
1
1
1
1
1
1
1
1
1
1
1
1
1
1
1
1
1
1
1
1
1
1
1
1
1
1
1
1
1
1
1
1
1
1
1
1
1
1
1
1
1
1
1
1
1
1
1
1
1
1
1
1
1
1
1
1
1
1
1
1
1
1
1
1
1
1
1
1
1
1
1
1
1
1
1
1
1
1
1
1
1
1
1
1
1
1
1
1
1
1
1
1
1
1
1
1
1
1
1
1
1
1
1
1
1
1
1.0109
1.0218
1.0327
1.0436
1.0545
1.0654
1.0763
1
1
1
1
1
1
1
1
1
1
1
1
1
1
1
1
1
1
1
1
1
1
1
1
1
1
1
1
1
1
1
1
1
1
1
1
1
1
1
1
1
1
1
1
1
1
1
1
1
1
1
1
1
1
1
1
1
1
1
1
1
1
1
1
1
1
1
1
1
1
1
1
1
1
1
1
1
1
1
1
1
1
1
1
1
1
1
1
1
1
1
1
1
1
1
1
1
1
1
1
1
1
1
1
1
1
1
1
1
1
1
1
1
1
1
1
1
1
1
1
1
1
1
1
1
1
1
1
1
1
1
1
1
1
1
1
1
1
1
1
1
1
1
1
1
1
1
1
1
1
1
1
1
1
1
1
1
1
1
1
1
1
1
1
1
1
1
1
1
1
1
1
1
1
1
1
1.0112
1.02239
1.03358
1.04478
1.05597
1.06717
1.07836
1
1
1
1
1
1
1
1
1
1
1
1
1
1
1
1
1
1
1
1
1
1
1
1
1
1
1
1
1
1
1
1
1
1
1
1
1
1
1
1
1
1
1
1
1
1
1
1
1
1
1
1
1
1
1
1
1
1
1
1
1
1
1
1
1
1
1
1
1
1
1
1
1
1
1
1
1
1
1
1
1
1
1
1
1
1
1
1
1
1
1
1
1
1
1
1
1
1
1
1
1
1
1
1
1
1
1
1
1
1
1
1
1
1
1
1
1
1
1
1
1
1
1
1
1
1
1
1
1
1
1
1
1
1
1
1
1
1
1
1
1
1
1
1
1
1
1
1
1
1
1
1
1
1
1
1
1
1
1
1
1
1
1
1
1
1
1
1
1
1
1
1
1
1
1
1
1
1.01151
1.02301
1.03452
1.04602
1.05753
1.06904
1
1
1
1
1
1
1
1
1
1
1
1
1
1
1
1
1
1
1
1
1
1
1
1
1
1
1
1
1
1
1
1
1
1
1
1
1
1
1
1
1
1
1
1
1
1
1
1
1
1
1
1
1
1
1
1
1
1
1
1
1
1
1
1
1
1
1
1
1
1
1
1
1
1
1
1
1
1
1
1
1
1
1
1
1
1
1
1
1
1
1
1
1
1
1
1
1
1
1
1
1
1
1
1
1
1
1
1
1
1
1
1
1
1
1
1
1
1
1
1
1
1
1
1
1
1
1
1
1
1
1
1
1
1
1
1
1
1
1
1
1
1
1
1
1
1
1
1
1
1
1
1
1
1
1
1
1
1
1
1
1
1
1
1
1
1
1
1
1
1
1
1
1
1
1
1
1
1
1.01183
1.02367
1.0355
1.04734
1.05917
1.07101
1
1
1
1
1
1
1
1
1
1
1
1
1
1
1
1
1
1
1
1
1
1
1
1
1
1
1
1
1
1
1
1
1
1
1
1
1
1
1
1
1
1
1
1
1
1
1
1
1
1
1
1
1
1
1
1
1
1
1
1
1
1
1
1
1
1
1
1
1
1
1
1
1
1
1
1
1
1
1
1
1
1
1
1
1
1
1
1
1
1
1
1
1
1
1
1
1
1
1
1
1
1
1
1
1
1
1
1
1
1
1
1
1
1
1
1
1
1
1
1
1
1
1
1
1
1
1
1
1
1
1
1
1
1
1
1
1
1
1
1
1
1
1
1
1
1
1
1
1
1
1
1
1
1
1
1
1
1
1
1
1
1
1
1
1
1
1
1
1
1
1
1
1
1
1
1
1
1
1
1.01218
1.02437
1.03655
1.04873
1.06091
1.0731
1
1
1
1
1
1
1
1
1
1
1
1
1
1
1
1
1
1
1
1
1
1
1
1
1
1
1
1
1
1
1
1
1
1
1
1
1
1
1
1
1
1
1
1
1
1
1
1
1
1
1
1
1
1
1
1
1
1
1
1
1
1
1
1
1
1
1
1
1
1
1
1
1
1
1
1
1
1
1
1
1
1
1
1
1
1
1
1
1
1
1
1
1
1
1
1
1
1
1
1
1
1
1
1
1
1
1
1
1
1
1
1
1
1
1
1
1
1
1
1
1
1
1
1
1
1
1
1
1
1
1
1
1
1
1
1
1
1
1
1
1
1
1
1
1
1
1
1
1
1
1
1
1
1
1
1
1
1
1
1
1
1
1
1
1
1
1
1
1
1
1
1
1
1
1
1
1
1
1
1
1
1
1.01255
1.0251
1.03766
1.05021
1.06276
1
1
1
1
1
1
1
1
1
1
1
1
1
1
1
1
1
1
1
1
1
1
1
1
1
1
1
1
1
1
1
1
1
1
1
1
1
1
1
1
1
1
1
1
1
1
1
1
1
1
1
1
1
1
1
1
1
1
1
1
1
1
1
1
1
1
1
1
1
1
1
1
1
1
1
1
1
1
1
1
1
1
1
1
1
1
1
1
1
1
1
1
1
1
1
1
1
1
1
1
1
1
1
1
1
1
1
1
1
1
1
1
1
1
1
1
1
1
1
1
1
1
1
1
1
1
1
1
1
1
1
1
1
1
1
1
1
1
1
1
1
1
1
1
1
1
1
1
1
1
1
1
1
1
1
1
1
1
1
1
1
1
1
1
1
1
1
1
1
1
1
1
1
1
1
1
1
1
1
1
1
1
1
1.01294
1.02589
1.03883
1.05178
1.06472
1
1
1
1
1
1
1
1
1
1
1
1
1
1
1
1
1
1
1
1
1
1
1
1
1
1
1
1
1
1
1
1
1
1
1
1
1
1
1
1
1
1
1
1
1
1
1
1
1
1
1
1
1
1
1
1
1
1
1
1
1
1
1
1
1
1
1
1
1
1
1
1
1
1
1
1
1
1
1
1
1
1
1
1
1
1
1
1
1
1
1
1
1
1
1
1
1
1
1
1
1
1
1
1
1
1
1
1
1
1
1
1
1
1
1
1
1
1
1
1
1
1
1
1
1
1
1
1
1
1
1
1
1
1
1
1
1
1
1
1
1
1
1
1
1
1
1
1
1
1
1
1
1
1
1
1
1
1
1
1
1
1
1
1
1
1
1
1
1
1
1
1
1
1
1
1
1
1
1
1
1
1
1
1
1.01336
1.02672
1.04009
1.05345
1.06681
1
1
1
1
1
1
1
1
1
1
1
1
1
1
1
1
1
1
1
1
1
1
1
1
1
1
1
1
1
1
1
1
1
1
1
1
1
1
1
1
1
1
1
1
1
1
1
1
1
1
1
1
1
1
1
1
1
1
1
1
1
1
1
1
1
1
1
1
1
1
1
1
1
1
1
1
1
1
1
1
1
1
1
1
1
1
1
1
1
1
1
1
1
1
1
1
1
1
1
1
1
1
1
1
1
1
1
1
1
1
1
1
1
1
1
1
1
1
1
1
1
1
1
1
1
1
1
1
1
1
1
1
1
1
1
1
1
1
1
1
1
1
1
1
1
1
1
1
1
1
1
1
1
1
1
1
1
1
1
1
1
1
1
1
1
1
1
1
1
1
1
1
1
1
1
1
1
1
1
1
1
1
1
1
1
1
1.01381
1.02761
1.04142
1.05523
1
1
1
1
1
1
1
1
1
1
1
1
1
1
1
1
1
1
1
1
1
1
1
1
1
1
1
1
1
1
1
1
1
1
1
1
1
1
1
1
1
1
1
1
1
1
1
1
1
1
1
1
1
1
1
1
1
1
1
1
1
1
1
1
1
1
1
1
1
1
1
1
1
1
1
1
1
1
1
1
1
1
1
1
1
1
1
1
1
1
1
1
1
1
1
1
1
1
1
1
1
1
1
1
1
1
1
1
1
1
1
1
1
1
1
1
1
1
1
1
1
1
1
1
1
1
1
1
1
1
1
1
1
1
1
1
1
1
1
1
1
1
1
1
1
1
1
1
1
1
1
1
1
1
1
1
1
1
1
1
1
1
1
1
1
1
1
1
1
1
1
1
1
1
1
1
1
1
1
1
1
1
1
1
1
1
1.01428
1.02857
1.04285
1.05713
1
1
1
1
1
1
1
1
1
1
1
1
1
1
1
1
1
1
1
1
1
1
1
1
1
1
1
1
1
1
1
1
1
1
1
1
1
1
1
1
1
1
1
1
1
1
1
1
1
1
1
1
1
1
1
1
1
1
1
1
1
1
1
1
1
1
1
1
1
1
1
1
1
1
1
1
1
1
1
1
1
1
1
1
1
1
1
1
1
1
1
1
1
1
1
1
1
1
1
1
1
1
1
1
1
1
1
1
1
1
1
1
1
1
1
1
1
1
1
1
1
1
1
1
1
1
1
1
1
1
1
1
1
1
1
1
1
1
1
1
1
1
1
1
1
1
1
1
1
1
1
1
1
1
1
1
1
1
1
1
1
1
1
1
1
1
1
1
1
1
1
1
1
1
1
1
1
1
1
1
1
1
1
1
1
1
1
1
1.01479
1.02959
1.04438
1.05917
1
1
1
1
1
1
1
1
1
1
1
1
1
1
1
1
1
1
1
1
1
1
1
1
1
1
1
1
1
1
1
1
1
1
1
1
1
1
1
1
1
1
1
1
1
1
1
1
1
1
1
1
1
1
1
1
1
1
1
1
1
1
1
1
1
1
1
1
1
1
1
1
1
1
1
1
1
1
1
1
1
1
1
1
1
1
1
1
1
1
1
1
1
1
1
1
1
1
1
1
1
1
1
1
1
1
1
1
1
1
1
1
1
1
1
1
1
1
1
1
1
1
1
1
1
1
1
1
1
1
1
1
1
1
1
1
1
1
1
1
1
1
1
1
1
1
1
1
1
1
1
1
1
1
1
1
1
1
1
1
1
1
1
1
1
1
1
1
1
1
1
1
1
1
1
1
1
1
1
1
1
1
1
1
1
1
1
1
1
1.01534
1.03068
1.04602
1.08306
1
1
1
1
1
1
1
1
1
1
1
1
1
1
1
1
1
1
1
1
1
1
1
1
1
1
1
1
1
1
1
1
1
1
1
1
1
1
1
1
1
1
1
1
1
1
1
1
1
1
1
1
1
1
1
1
1
1
1
1
1
1
1
1
1
1
1
1
1
1
1
1
1
1
1
1
1
1
1
1
1
1
1
1
1
1
1
1
1
1
1
1
1
1
1
1
1
1
1
1
1
1
1
1
1
1
1
1
1
1
1
1
1
1
1
1
1
1
1
1
1
1
1
1
1
1
1
1
1
1
1
1
1
1
1
1
1
1
1
1
1
1
1
1
1
1
1
1
1
1
1
1
1
1
1
1
1
1
1
1
1
1
1
1
1
1
1
1
1
1
1
1
1
1
1
1
1
1
1
1
1
1
1
1
1
1
1
1
1
1
1
1
1.01593
1.03186
1
1
1
1
1
1
1
1
1
1
1
1
1
1
1
1
1
1
1
1
1
1
1
1
1
1
1
1
1
1
1
1
1
1
1
1
1
1
1
1
1
1
1
1
1
1
1
1
1
1
1
1
1
1
1
1
1
1
1
1
1
1
1
1
1
1
1
1
1
1
1
1
1
1
1
1
1
1
1
1
1
1
1
1
1
1
1
1
1
1
1
1
1
1
1
1
1
1
1
1
1
1
1
1
1
1
1
1
1
1
1
1
1
1
1
1
1
1
1
1
1
1
1
1
1
1
1
1
1
1
1
1
1
1
1
1
1
1
1
1
1
1
1
1
1
1
1
1
1
1
1
1
1
1
1
1
1
1
1
1
1
1
1
1
1
1
1
1
1
1
1
1
1
1
1
1
1
1
1
1
1
1
1
1
1
1
1
1
1
1
1
1
1
1.01657
1.03314
1
1
1
1
1
1
1
1
1
1
1
1
1
1
1
1
1
1
1
1
1
1
1
1
1
1
1
1
1
1
1
1
1
1
1
1
1
1
1
1
1
1
1
1
1
1
1
1
1
1
1
1
1
1
1
1
1
1
1
1
1
1
1
1
1
1
1
1
1
1
1
1
1
1
1
1
1
1
1
1
1
1
1
1
1
1
1
1
1
1
1
1
1
1
1
1
1
1
1
1
1
1
1
1
1
1
1
1
1
1
1
1
1
1
1
1
1
1
1
1
1
1
1
1
1
1
1
1
1
1
1
1
1
1
1
1
1
1
1
1
1
1
1
1
1
1
1
1
1
1
1
1
1
1
1
1
1
1
1
1
1
1
1
1
1
1
1
1
1
1
1
1
1
1
1
1
1
1
1
1
1
1
1
1
1
1
1
1
1
1
1
1
1
1
1.01726
1.03452
1
1
1
1
1
1
1
1
1
1
1
1
1
1
1
1
1
1
1
1
1
1
1
1
1
1
1
1
1
1
1
1
1
1
1
1
1
1
1
1
1
1
1
1
1
1
1
1
1
1
1
1
1
1
1
1
1
1
1
1
1
1
1
1
1
1
1
1
1
1
1
1
1
1
1
1
1
1
1
1
1
1
1
1
1
1
1
1
1
1
1
1
1
1
1
1
1
1
1
1
1
1
1
1
1
1
1
1
1
1
1
1
1
1
1
1
1
1
1
1
1
1
1
1
1
1
1
1
1
1
1
1
1
1
1
1
1
1
1
1
1
1
1
1
1
1
1
1
1
1
1
1
1
1
1
1
1
1
1
1
1
1
1
1
1
1
1
1
1
1
1
1
1
1
1
1
1
1
1
1
1
1
1
1
1
1
1
1
1
1
1
1
1
1
1
1
1
1
1
1.01801
1.03602
1
1
1
1
1
1
1
1
1
1
1
1
1
1
1
1
1
1
1
1
1
1
1
1
1
1
1
1
1
1
1
1
1
1
1
1
1
1
1
1
1
1
1
1
1
1
1
1
1
1
1
1
1
1
1
1
1
1
1
1
1
1
1
1
1
1
1
1
1
1
1
1
1
1
1
1
1
1
1
1
1
1
1
1
1
1
1
1
1
1
1
1
1
1
1
1
1
1
1
1
1
1
1
1
1
1
1
1
1
1
1
1
1
1
1
1
1
1
1
1
1
1
1
1
1
1
1
1
1
1
1
1
1
1
1
1
1
1
1
1
1
1
1
1
1
1
1
1
1
1
1
1
1
1
1
1
1
1
1
1
1
1
1
1
1
1
1
1
1
1
1
1
1
1
1
1
1
1
1
1
1
1
1
1
1
1
1
1
1
1
1
1
1
1
1
1
1
1
1
1
1
1
1
1
1
1.01883
1.03766
1
1
1
1
1
1
1
1
1
1
1
1
1
1
1
1
1
1
1
1
1
1
1
1
1
1
1
1
1
1
1
1
1
1
1
1
1
1
1
1
1
1
1
1
1
1
1
1
1
1
1
1
1
1
1
1
1
1
1
1
1
1
1
1
1
1
1
1
1
1
1
1
1
1
1
1
1
1
1
1
1
1
1
1
1
1
1
1
1
1
1
1
1
1
1
1
1
1
1
1
1
1
1
1
1
1
1
1
1
1
1
1
1
1
1
1
1
1
1
1
1
1
1
1
1
1
1
1
1
1
1
1
1
1
1
1
1
1
1
1
1
1
1
1
1
1
1
1
1
1
1
1
1
1
1
1
1
1
1
1
1
1
1
1
1
1
1
1
1
1
1
1
1
1
1
1
1
1
1
1
1
1
1
1
1
1
1
1
1
1
1
1
1
1
1
1
1
1
1
1
1
1
1
1
1
1.01972
1
1
1
1
1
1
1
1
1
1
1
1
1
1
1
1
1
1
1
1
1
1
1
1
1
1
1
1
1
1
1
1
1
1
1
1
1
1
1
1
1
1
1
1
1
1
1
1
1
1
1
1
1
1
1
1
1
1
1
1
1
1
1
1
1
1
1
1
1
1
1
1
1
1
1
1
1
1
1
1
1
1
1
1
1
1
1
1
1
1
1
1
1
1
1
1
1
1
1
1
1
1
1
1
1
1
1
1
1
1
1
1
1
1
1
1
1
1
1
1
1
1
1
1
1
1
1
1
1
1
1
1
1
1
1
1
1
1
1
1
1
1
1
1
1
1
1
1
1
1
1
1
1
1
1
1
1
1
1
1
1
1
1
1
1
1
1
1
1
1
1
1
1
1
1
1
1
1
1
1
1
1
1
1
1
1
1
1
1
1
1
1
1
1
1
1
1
1
1
1
1
1
1
1
1
1.02071
1
1
1
1
1
1
1
1
1
1
1
1
1
1
1
1
1
1
1
1
1
1
1
1
1
1
1
1
1
1
1
1
1
1
1
1
1
1
1
1
1
1
1
1
1
1
1
1
1
1
1
1
1
1
1
1
1
1
1
1
1
1
1
1
1
1
1
1
1
1
1
1
1
1
1
1
1
1
1
1
1
1
1
1
1
1
1
1
1
1
1
1
1
1
1
1
1
1
1
1
1
1
1
1
1
1
1
1
1
1
1
1
1
1
1
1
1
1
1
1
1
1
1
1
1
1
1
1
1
1
1
1
1
1
1
1
1
1
1
1
1
1
1
1
1
1
1
1
1
1
1
1
1
1
1
1
1
1
1
1
1
1
1
1
1
1
1
1
1
1
1
1
1
1
1
1
1
1
1
1
1
1
1
1
1
1
1
1
1
1
1
1
1
1
1
1
1
1
1
1
1
1
1
1
1
1.0218
1
1
1
1
1
1
1
1
1
1
1
1
1
1
1
1
1
1
1
1
1
1
1
1
1
1
1
1
1
1
1
1
1
1
1
1
1
1
1
1
1
1
1
1
1
1
1
1
1
1
1
1
1
1
1
1
1
1
1
1
1
1
1
1
1
1
1
1
1
1
1
1
1
1
1
1
1
1
1
1
1
1
1
1
1
1
1
1
1
1
1
1
1
1
1
1
1
1
1
1
1
1
1
1
1
1
1
1
1
1
1
1
1
1
1
1
1
1
1
1
1
1
1
1
1
1
1
1
1
1
1
1
1
1
1
1
1
1
1
1
1
1
1
1
1
1
1
1
1
1
1
1
1
1
1
1
1
1
1
1
1
1
1
1
1
1
1
1
1
1
1
1
1
1
1
1
1
1
1
1
1
1
1
1
1
1
1
1
1
1
1
1
1
1
1
1
1
1
1
1
1
1
1
1
1
1
1.02301
1
1
1
1
1
1
1
1
1
1
1
1
1
1
1
1
1
1
1
1
1
1
1
1
1
1
1
1
1
1
1
1
1
1
1
1
1
1
1
1
1
1
1
1
1
1
1
1
1
1
1
1
1
1
1
1
1
1
1
1
1
1
1
1
1
1
1
1
1
1
1
1
1
1
1
1
1
1
1
1
1
1
1
1
1
1
1
1
1
1
1
1
1
1
1
1
1
1
1
1
1
1
1
1
1
1
1
1
1
1
1
1
1
1
1
1
1
1
1
1
1
1
1
1
1
1
1
1
1
1
1
1
1
1
1
1
1
1
1
1
1
1
1
1
1
1
1
1
1
1
1
1
1
1
1
1
1
1
1
1
1
1
1
1
1
1
1
1
1
1
1
1
1
1
1
1
1
1
1
1
1
1
1
1
1
1
1
1
1
1
1
1
1
1
1
1
1
1
1
1
1
1
1
1
1
1
1.02437
1
1
1
1
1
1
1
1
1
1
1
1
1
1
1
1
1
1
1
1
1
1
1
1
1
1
1
1
1
1
1
1
1
1
1
1
1
1
1
1
1
1
1
1
1
1
1
1
1
1
1
1
1
1
1
1
1
1
1
1
1
1
1
1
1
1
1
1
1
1
1
1
1
1
1
1
1
1
1
1
1
1
1
1
1
1
1
1
1
1
1
1
1
1
1
1
1
1
1
1
1
1
1
1
1
1
1
1
1
1
1
1
1
1
1
1
1
1
1
1
1
1
1
1
1
1
1
1
1
1
1
1
1
1
1
1
1
1
1
1
1
1
1
1
1
1
1
1
1
1
1
1
1
1
1
1
1
1
1
1
1
1
1
1
1
1
1
1
1
1
1
1
1
1
1
1
1
1
1
1
1
1
1
1
1
1
1
1
1
1
1
1
1
1
1
1
1
1
1
1
1
1
1
1
1
1
1.02589
1
1
1
1
1
1
1
1
1
1
1
1
1
1
1
1
1
1
1
1
1
1
1
1
1
1
1
1
1
1
1
1
1
1
1
1
1
1
1
1
1
1
1
1
1
1
1
1
1
1
1
1
1
1
1
1
1
1
1
1
1
1
1
1
1
1
1
1
1
1
1
1
1
1
1
1
1
1
1
1
1
1
1
1
1
1
1
1
1
1
1
1
1
1
1
1
1
1
1
1
1
1
1
1
1
1
1
1
1
1
1
1
1
1
1
1
1
1
1
1
1
1
1
1
1
1
1
1
1
1
1
1
1
1
1
1
1
1
1
1
1
1
1
1
1
1
1
1
1
1
1
1
1
1
1
1
1
1
1
1
1
1
1
1
1
1
1
1
1
1
1
1
1
1
1
1
1
1
1
1
1
1
1
1
1
1
1
1
1
1
1
1
1
1
1
1
1
1
1
1
1
1
1
1
1
1
1.02761
1
1
1
1
1
1
1
1
1
1
1
1
1
1
1
1
1
1
1
1
1
1
1
1
1
1
1
1
1
1
1
1
1
1
1
1
1
1
1
1
1
1
1
1
1
1
1
1
1
1
1
1
1
1
1
1
1
1
1
1
1
1
1
1
1
1
1
1
1
1
1
1
1
1
1
1
1
1
1
1
1
1
1
1
1
1
1
1
1
1
1
1
1
1
1
1
1
1
1
1
1
1
1
1
1
1
1
1
1
1
1
1
1
1
1
1
1
1
1
1
1
1
1
1
1
1
1
1
1
1
1
1
1
1
1
1
1
1
1
1
1
1
1
1
1
1
1
1
1
1
1
1
1
1
1
1
1
1
1
1
1
1
1
1
1
1
1
1
1
1
1
1
1
1
1
1
1
1
1
1
1
1
1
1
1
1
1
1
1
1
1
1
1
1
1
1
1
1
1
1
1
1
1
1
1
1
1.02959
1
1
1
1
1
1
1
1
1
1
1
1
1
1
1
1
1
1
1
1
1
1
1
1
1
1
1
1
1
1
1
1
1
1
1
1
1
1
1
1
1
1
1
1
1
1
1
1
1
1
1
1
1
1
1
1
1
1
1
1
1
1
1
1
1
1
1
1
1
1
1
1
1
1
1
1
1
1
1
1
1
1
1
1
1
1
1
1
1
1
1
1
1
1
1
1
1
1
1
1
1
1
1
1
1
1
1
1
1
1
1
1
1
1
1
1
1
1
1
1
1
1
1
1
1
1
1
1
1
1
1
1
1
1
1
1
1
1
1
1
1
1
1
1
1
1
1
1
1
1
1
1
1
1
1
1
1
1
1
1
1
1
1
1
1
1
1
1
1
1
1
1
1
1
1
1
1
1
1
1
1
1
1
1
1
1
1
1
1
1
1
1
1
1
1
1
1
1
1
1
1
1
1
1
1
1
1
1.03186
1
1
1
1
1
1
1
1
1
1
1
1
1
1
1
1
1
1
1
1
1
1
1
1
1
1
1
1
1
1
1
1
1
1
1
1
1
1
1
1
1
1
1
1
1
1
1
1
1
1
1
1
1
1
1
1
1
1
1
1
1
1
1
1
1
1
1
1
1
1
1
1
1
1
1
1
1
1
1
1
1
1
1
1
1
1
1
1
1
1
1
1
1
1
1
1
1
1
1
1
1
1
1
1
1
1
1
1
1
1
1
1
1
1
1
1
1
1
1
1
1
1
1
1
1
1
1
1
1
1
1
1
1
1
1
1
1
1
1
1
1
1
1
1
1
1
1
1
1
1
1
1
1
1
1
1
1
1
1
1
1
1
1
1
1
1
1
1
1
1
1
1
1
1
1
1
1
1
1
1
1
1
1
1
1
1
1
1
1
1
1
1
1
1
1
1
1
1
1
1
1
1
1
1
1
1
1
1.03452
1
1
1
1
1
1
1
1
1
1
1
1
1
1
1
1
1
1
1
1
1
1
1
1
1
1
1
1
1
1
1
1
1
1
1
1
1
1
1
1
1
1
1
1
1
1
1
1
1
1
1
1
1
1
1
1
1
1
1
1
1
1
1
1
1
1
1
1
1
1
1
1
1
1
1
1
1
1
1
1
1
1
1
1
1
1
1
1
1
1
1
1
1
1
1
1
1
1
1
1
1
1
1
1
1
1
1
1
1
1
1
1
1
1
1
1
1
1
1
1
1
1
1
1
1
1
1
1
1
1
1
1
1
1
1
1
1
1
1
1
1
1
1
1
1
1
1
1
1
1
1
1
1
1
1
1
1
1
1
1
1
1
1
1
1
1
1
1
1
1
1
1
1
1
1
1
1
1
1
1
1
1
1
1
1
1
1
1
1
1
1
1
1
1
1
1
1
1
1
1
1
1
1
1
1
1
1
1
1
1
1
1
1
1
1
1
1
1
1
1
1
1
1
1
1
1
1
1
1
1
1
1
1
1
1
1
1
1
1
1
1
1
1
1
1
1
1
1
1
1
1
1
1
1
1
1
1
1
1
1
1
1
1
1
1
1
1
1
1
1
1
1
1
1
1
1
1
1
1
1
1
1
1
1
1
1
1
1
1
1
1
1
1
1
1
1
1
1
1
1
1
1
1
1
1
1
1
1
1
1
1
1
1
1
1
1
1
1
1
1
1
1
1
1
1
1
1
1
1
1
1
1
1
1
1
1
1
1
1
1
1
1
1
1
1
1
1
1
1
1
1
1
1
1
1
1
1
1
1
1
1
1
1
1
1
1
1
1
1
1
1
1
1
1
1
1
1
1
1
1
1
1
1
1
1
1
1
1
1
1
1
1
1
1
1
1
1
1
1
1
1
1
1
1
1
1
1
1
1
1
1
1
1
1
1
1
1
1
1
1
1
1
1
1
1
1
1
1
1
1
1
1
1
1
1
1
1
1
1
1
1
1
1
1
1
1
1
1
1
1
1
1
1
1
1
1
1
1
1
1
1
1
1
1
1
1
1
1
1
1
1
1
1
1
1
1
1
1
1
1
1
1
1
1
1
1
1
1
1
1
1
1
1
1
1
1
1
1
1
1
1
1
1
1
1
1
1
1
1
1
1
1
1
1
1
1
1
1
1
1
1
1
1
1
1
1
1
1
1
1
1
1
1
1
1
1
1
1
1
1
1
1
1
1
1
1
1
1
1
1
1
1
1
1
1
1
1
1
1
1
1
1
1
1
1
1
1
1
1
1
1
1
1
1
1
1
1
1
1
1
1
1
1
1
1
1
1
1
1
1
1
1
1
1
1
1
1
1
1
1
1
1
1
1
1
1
1
1
1
1
1
1
1
1
1
1
1
1
1
1
1
1
1
1
1
1
1
1
1
1
1
1
1
1
1
1
1
1
1
1
1
1
1
1
1
1
1
1
1
1
1
1
1
1
1
1
1
1
1
1
1
1
1
1
1
1
1
1
1
1
1
1
1
1
1
1
1
1
1
1
1
1
1
1
1
1
1
1
1
1
1
1
1
1
1
1
1
1
1
1
1
1
1
1
1
1
1
1
1
1
1
1
1
1
1
1
1
1
1
1
1
1
1
1
1
1
1
1
1
1
1
1
1
1
1
1
1
1
1
1
1
1
1
1
1
1
1
1
1
1
1
1
1
1
1
1
1
1
1
1
1
1
1
1
1
1
1
1
1
1
1
1
1
1
1
1
1
1
1
1
1
1
1
1
1
1
1
1
1
1
1
1
1
1
1
1
1
1
1
1
1
1
1
1
1
1
1
1
1
1
1
1
1
1
1
1
1
1
1
1
1
1
1
1
1
1
1
1
1
1
1
1
1
1
1
1
1
1
1
1
1
1
1
1
1
1
1
1
1
1
1
1
1
1
1
1
1
1
1
1
1
1
1
1
1
1
1
1
1
1
1
1
1
1
1
1
1
1
1
1
1
1
1
1
1
1
1
1
1
1
1
1
1
1
1
1
1
1
1
1
1
1
1
1
1
1
1
1
1
1
1
1
1
1
1
1
1
1
1
1
1
1
1
1
1
1
1
1
1
1
1
1
1
1
1
1
1
1
1
1
1
1
1
1
1
1
1
1
1
1
1
1
1
1
1
1
1
1
1
1
1
1
1
1
1
1
1
1
1
1
1
1
1
1
1
1
1
1
1
1
1
1
1
1
1
1
1
1
1
1
1
1
1
1
1
1
1
1
1
1
1
1
1
1
1
1
1
1
1
1
1
1
1
1
1
1
1
1
1
1
1
1
1
1
1
1
1
1
1
1
1
1
1
1
1
1
1
1
1
1
1
1
1
1
1
1
1
1
1
1
1
1
1
1
1
1
1
1
1
1
1
1
1
1
1
1
1
1
1
1
1
1
1
1
1
1
1
1
1
1
1
1
1
1
1
1
1
1
1
1
1
1
1
1
1
1
1
1
1
1
1
1
1
1
1
1
1
1
1
1
1
1
1
1
1
1
1
1
1
1
1
1
1
1
1
1
1
1
1
1
1
1
1
1
1
1
1
1
1
1
1
1
1
1
1
1
1
1
1
1
1
1
1
1
1
1
1
1
1
1
1
1
1
1
1
1
1
1
1
1
1
1
1
1
1
1
1
1
1
1
1
1
1
1
1
1
1
1
1
1
1
1
1
1
1
1
1
1
1
1
1
1
1
1
1
1
1
1
1
1
1
1
1
1
1
1
1
1
1
1
1
1
1
1
1
1
1
1
1
1
1
1
1
1
1
1
1
1
1
1
1
1
1
1
1
1
1
1
1
1
1
1
1
1
1
1
1
1
1
1
1
1
1
1
1
1
1
1
1
1
1
1
1
1
1
1
1
1
1
1
1
1
1
1
1
1
1
1
1
1
1
1
1
1
1
1
1
1
1
1
1
1
1
1
1
1
1
1
1
1
1
1
1
1
1
1
1
1
1
1
1
1
1
1
1
1
1
1
1
1
1
1
1
1
1
1
1
1
1
1
1
1
1
1
1
1
1
1
1
1
1
1
1
1
1
1
1
1
1
1
1
1
1
1
1
1
1
1
1
1
1
1
1
1
1
1
1
1
1
1
1
1
1
1
1
1
1
1
1
1
1
1
1
1
1
1
1
1
1
1
1
1
1
1
1
1
1
1
1
1
1
1
1
1
1
1
1
1
1
1
1
1
1
1
1
1
1
1
1
1
1
1
1
1
1
1
1
1
1
1
1
1
1
1
1
1
1
1
1
1
1
1
1
1
1
1
1
1
1
1
1
1
1
1
1
1
1
1
1
1
1
1
1
1
1
1
1
1
1
1
1
1
1
1
1
1
1
1
1
1
1
1
1
1
1
1
1
1
1
1
1
1
1
1
1
1
1
1
1
1
1
1
1
1
1
1
1
1
1
1
1
1
1
1
1
1
1
1
1
1
1
1
1
1
1
1
1
1
1
1
1
1
1
1
1
1
1
1
1
1
1
1
1
1
1
1
1
1
1
1
1
1
1
1
1
1
1
1
1
1
1
1
1
1
1
1
1
1
1
1
1
1
1
1
1
1
1
1
1
1
1
1
1
1
1
1
1
1
1
1
1
1
1
1
1
1
1
1
1
1
1
1
1
1
1
1
1
1
1
1
1
1
1
1
1
1
1
1
1
1
1
1
1
1
1
1
1
1
1
1
1
1
1
1
1
1
1
1
1
1
1
1
1
1
1
1
1
1
1
1
1
1
1
1
1
1
1
1
1
1
1
1
1
1
1
1
1
1
1
1
1
1
1
1
1
1
1
1
1
1
1
1
1
1
1
1
1
1
1
1
1
1
1
1
1
1
1
1
1
1
1
1
1
1
1
1
1
1
1
1
1
1
1
1
1
1
1
1
1
1
1
1
1
1
1
1
1
1
1
1
1
1
1
1
1
1
1
1
1
1
1
1
1
1
1
1
1
1
1
1
1
1
1
1
1
1
1
1
1
1
1
1
1
1
1
1
1
1
1
1
1
1
1
1
1
1
1
1
1
1
1
1
1
1
1
1
1
1
1
1
1
1
1
1
1
1
1
1
1
1
1
1
1
1
1
1
1
1
1
1
1
1
1
1
1
1
1
1
1
1
1
1
1
1
1
1
1
1
1
1
1
1
1
1
1
1
1
1
1
1
1
1
1
1
1
1
1
1
1
1
1
1
1
1
1
1
1
1
1
1
1
1
1
1
1
1
1
1
1
1
1
1
1
1
1
1
1
1
1
1
1
1
1
1
1
1
1
1
1
1
1
1
1
1
1
1
1
1
1
1
1
1
1
1
1
1
1
1
1
1
1
1
1
1
1
1
1
1
1
1
1
1
1
1
1
1
1
1
1
1
1
1
1
1
1
1
1
1
1
1
1
1
1
1
1
1
1
1
1
1
1
1
1
1
1
1
1
1
1
1
1
1
1
1
1
1
1
1
1
1
1
1
1
1
1
1
1
1
1
1
1
1
1
1
1
1
1
1
1
1
1
1
1
1
1
1
1
1
1
1
1
1
1
1
1
1
1
1
1
1
1
1
1
1
1
1
1
1
1
1
1
1
1
1
1
1
1
1
1
1
1
1
1
1
1
1
1
1
1
1
1
1
1
1
1
1
1
1
1
1
1
1
1
1
1
1
1
1
1
1
1
1
1
1
1
1
1
1
1
1
1
1
1
1
1
1
1
1
1
1
1
1
1
1
1
1
1
1
1
1
1
1
1
1
1
1
1
1
1
1
1
1
1
1
1
1
1
1
1
1
1
1
1
1
1
1
1
1
1
1
1
1
1
1
1
1
1
1
1
1
1
1
1
1
1
1
1
1
1
1
1
1
1
1
1
1
1
1
1
1
1
1
1
1
1
1
1
1
1
1
1
1
1
1
1
1
1
1
1
1
1
1
1
1
1
1
1
1
1
1
1
1
1
1
1
1
1
1
1
1
1
1
1
1
1
1
1
1
1
1
1
1
1
1
1
1
1
1
1
1
1
1
1
1
1
1
1
1
1
1
1
1
1
1
1
1
1
1
1
1
1
1
1
1
1
1
1
1
1
1
1
1
1
1
1
1
1
1
1
1
1
1
1
1
1
1
1
1
1
1
1
1
1
1
1
1
1
1
1
1
1
1
1
1
1
1
1
1
1
1
1
1
1
1
1
1
1
1
1
1
1
1
1
1
1
1
1
1
1
1
1
1
1
1
1
1
1
1
1
1
1
1
1
1
1
1
1
1
1
1
1
1
1
1
1
1
1
1
1
1
1
1
1
1
1
1
1
1
1
1
1
1
1
1
1
1
1
1
1
1
1
1
1
1
1
1
1
1
1
1
1
1
1
1
1
1
1
1
1
1
1
1
1
1
1
1
1
1
1
1
1
1
1
1
1
1
1
1
1
1
1
1
1
1
1
1
1
1
1
1
1
1
1
1
1
1
1
1
1
1
1
1
1
1
1
1
1
1
1
1
1
1
1
1
1
1
1
1
1
1
1
1
1
1
1
1
1
1
1
1
1
1
1
1
1
1
1
1
1
1
1
1
1
1
1
1
1
1
1
1
1
1
1
1
1
1
1
1
1
1
1
1
1
1
1
1
1
1
1
1
1
1
1
1
1
1
1
1
1
1
1
1
1
1
1
1
1
1
1
1
1
1
1
1
1
1
1
1
1
1
1
1
1
1
1
1
1
1
1
1
1
1
1
1
1
1
1
1
1
1
1
1
1
1
1
1
1
1
1
1
1
1
1
1
1
1
1
1
1
1
1
1
1
1
1
1
1
1
1
1
1
1
1
1
1
1
1
1
1
1
1
1
1
1
1
1
1
1
1
1
1
1
1
1
1
1
1
1
1
1
1
1
1
1
1
1
1
1
1
1
1
1
1
1
1
1
1
1
1
1
1
1
1
1
1
1
1
1
1
1
1
1
1
1
1
1
1
1
1
1
1
1
1
1
1
1
1
1
1
1
1
1
1
1
1
1
1
1
1
1
1
1
1
1
1
1
1
1
1
1
1
1
1
1
1
1
1
1
1
1
1
1
1
1
1
1
1
1
1
1
1
1
1
1
1
1
1
1
1
1
1
1
1
1
1
1
1
1
1
1
1
1
1
1
1
1
1
1
1
1
1
1
1
1
1
1
1
1
1
1
1
1
1
1
1
1
1
1
1
1
1
1
1
1
1
1
1
1
1
1
1
1
1
1
1
1
1
1
1
1
1
1
1
1
1
1
1
1
1
1
1
1
1
1
1
1
1
1
1
1
1
1
1
1
1
1
1
1
1
1
1
1
1
1
1
1
1
1
1
1
1
1
1
1
1
1
1
1
1
1
1
1
1
1
1
1
1
1
1
1
1
1
1
1
1
1
1
1
1
1
1
1
1
1
1
1
1
1
1
1
1
1
1
1
1
1
1
1
1
1
1
1
1
1
1
1
1
1
1
1
1
1
1
1
1
1
1
1
1
1
1
1
1
1
1
1
1
1
1
1
1
1
1
1
1
1
1
1
1
1
1
1
1
1
1
1
1
1
1
1
1
1
1
1
1
1
1
1
1
1
1
1
1
1
1
1
1
1
1
1
1
1
1
1
1
1
1
1
1
1
1
1
1
1
1
1
1
1
1
1
1
1
1
1
1
1
1
1
1
1
1
1
1
1
1
1
1
1
1
1
1
1
1
1
1
1
1
1
1
1
1
1
1
1
1
1
1
1
1
1
1
1
1
1
1
1
1
1
1
1
1
1
1
1
1
1
1
1
1
1
1
1
1
1
1
1
1
1
1
1
1
1
1
1
1
1
1
1
1
1
1
1
1
1
1
1
1
1
1
1
1
1
1
1
1
1
1
1
1
1
1
1
1
1
1
1
1
1
1
1
1
1
1
1
1
1
1
1
1
1
1
1
1
1
1
1
1
1
1
1
1
1
1
1
1
1
1
1
1
1
1
1
1
1
1
1
1
1
1
1
1
1
1
1
1
1
1
1
1
1
1
1
1
1
1
1
1
1
1
1
1
1
1
1
1
1
1
1
1
1
1
1
1
1
1
1
1
1
1
1
1
1
1
1
1
1
1
1
1
1
1
1
1
1
1
1
1
1
1
1
1
1
1
1
1
1
1
1
1
1
1
1
1
1
1
1
1
1
1
1
1
1
1
1
1
1
1
1
1
1
1
1
1
1
1
1
1
1
1
1
1
1
1
1
1
1
1
1
1
1
1
1
1
1
1
1
1
1
1
1
1
1
1
1
1
1
1
1
1
1
1
1
1
1
1
1
1
1
1
1
1
1
1
1
1
1
1
1
1
1
1
1
1
1
1
1
1
1
1
1
1
1
1
1
1
1
1
1
1
1
1
1
1
1
1
1
1
1
1
1
1
1
1
1
1
1
1
1
1
1
1
1
1
1
1
1
1
1
1
1
1
1
1
1
1
1
1
1
1
1
1
1
1
1
1
1
1
1
1
1
1
1
1
1
1
1
1
1
1
1
1
1
1
1
1
1
1
1
1
1
1
1
1
1
1
1
1
1
1
1
1
1
1
1
1
1
1
1
1
1
1
1
1
1
1
1
1
1
1
1
1
1
1
1
1
1
1
1
1
1
1
1
1
1
1
1
1
1
1
1
1
1
1
1
1
1
1
1
1
1
1
1
1
1
1
1
1
1
1
1
1
1
1
1
1
1
1
1
1
1
1
1
1
1
1
1
1
1
1
1
1
1
1
1
1
1
1
1
1
1
1
1
1
1
1
1
1
1
1
1
1
1
1
1
1
1
1
1
1
1
1
1
1
1
1
1
1
1
1
1
1
1
1
1
1
1
1
1
1
1
1
1
1
1
1
1
1
1
1
1
1
1
1
1
1
1
1
1
1
1
1
1
1
1
1
1
1
1
1
1
1
1
1
1
1
1
1
1
1
1
1
1
1
1
1
1
1
1
1
1
1
1
1
1
1
1
1
1
1
1
1
1
1
1
1
1
1
1
1
1
1
1
1
1
1
1
1
1
1
1
1
1
1
1
1
1
1
1
1
1
1
1
1
1
1
1
1
1
1
1
1
1
1
1
1
1
1
1
1
1
1
1
1
1
1
1
1
1
1
1
1
1
1
1
1
1
1
1
1
1
1
1
1
1
1
1
1
1
1
1
1
1
1
1
1
1
1
1
1
1
1
1
1
1
1
1
1
1
1
1
1
1
1
1
1
1
1
1
1
1
1
1
1
1
1
1
1
1
1
1
1
1
1
1
1
1
1
1
1
1
1
1
1
1
1
1
1
1
1
1
1
1
1
1
1
1
1
1
1
1
1
1
1
1
1
1
1
1
1
1
1
1
1
1
1
1
1
1
1
1
1
1
1
1
1
1
1
1
1
1
1
1
1
1
1
1
1
1
1
1
1
1
1
1
1
1
1
1
1
1
1
1
1
1
1
1
1
1
1
1
1
1
1
1
1
1
1
1
1
1
1
1
1
1
1
1
1
1
1
1
1
1
1
1
1
1
1
1
1
1
1
1
1
1
1
1
1
1
1
1
1
1
1
1
1
1
1
1
1
1
1
1
1
1
1
1
1
1
1
1
1
1
1
1
1
1
1
1
1
1
1
1
1
1
1
1
1
1
1
1
1
1
1
1
1
1
1
1
1
1
1
1
1
1
1
1
1
1
1
1
1
1
1
1
1
1
1
1
1
1
1
1
1
1
1
1
1
1
1
1
1
1
1
1
1
1
1
1
1
1
1
1
1
1
1
1
1
1
1
1
1
1
1
1
1
1
1
1
1
1
1
1
1
1
1
1
1
1
1
1
1
1
1
1
1
1
1
1
1
1
1
1
1
1
1
1
1
1
1
1
1
1
1
1
1
1
1
1
1
1
1
1
1
1
1
1
1
1
1
1
1
1
1
1
1
1
1
1
1
1
1
1
1
1
1
1
1
1
1
1
1
1
1
1
1
1
1
1
1
1
1
1
1
1
1
1
1
1
1
1
1
1
1
1
1
1
1
1
1
1
1
1
1
1
1
1
1
1
1
1
1
1
1
1
1
1
1
1
1
1
1
1
1
1
1
1
1
1
1
1
1
1
1
1
1
1
1
1
1
1
1
1
1
1
1
1
1
1
1
1
1
1
1
1
1
1
1
1
1
1
1
1
1
1
1
1
1
1
1
1
1
1
1
1
1
1
1
1
1
1
1
1
1
1
1
1
1
1
1
1
1
1
1
1
1
1
1
1
1
1
1
1
1
1
1
1
1
1
1
1
1
1
1
1
1
1
1
1
1
1
1
1
1
1
1
1
1
1
1
1
1
1
1
1
1
1
1
1
1
1
1
1
1
1
1
1
1
1
1
1
1
1
1
1
1
1
1
1
1
1
1
1
1
1
1
1
1
1
1
1
1
1
1
1
1
1
1
1
1
1
1
1
1
1
1
1
1
1
1
1
1
1
1
1
1
1
1
1
1
1
1
1
1
1
1
1
1
1
1
1
1
1
1
1
1
1
1
1
1
1
1
1
1
1
1
1
1
1
1
1
1
1
1
1
1
1
1
1
1
1
1
1
1
1
1
1
1
1
1
1
1
1
1
1
1
1
1
1
1
1
1
1
1
1
1
1
1
1
1
1
1
1
1
1
1
1
1
1
1
1
1
1
1
1
1
1
1
1
1
1
1
1
1
1
1
1
1
1
1
1
1
1
1
1
1
1
1
1
1
1
1
1
1
1
1
1
1
1
1
1
1
1
1
1
1
1
1
1
1
1
1
1
1
1
1
1
1
1
1
1
1
1
1
1
1
1
1
1
1
1
1
1
1
1
1
1
1
1
1
1
1
1
1
1
1
1
1
1
1
1
1
1
1
1
1
1
1
1
1
1
1
1
1
1
1
1
1
1
1
1
1
1
1
1
1
1
1
1
1
1
1
1
1
1
1
1
1
1
1
1
1
1
1
1
1
1
1
1
1
1
1
1
1
1
1
1
1
1
1
1
1
1
1
1
1
1
1
1
1
1
1
1
1
1
1
1
1
1
1
1
1
1
1
1
1
1
1
1
1
1
1
1
1
1
1
1
1
1
1
1
1
1
1
1
1
1
1
1
1
1
1
1
1
1
1
1
1
1
1
1
1
1
1
1
1
1
1
1
1
1
1
1
1
1
1
1
1
1
1
1
1
1
1
1
1
1
1
1
1
1
1
1
1
1
1
1
1
1
1
1
1
1
1
1
1
1
1
1
1
1
1
1
1
1
1
1
1
1
1
1
1
1
1
1
1
1
1
1
1
1
1
1
1
1
1
1
1
1
1
1
1
1
1
1
1
1
1
1
1
1
1
1
1
1
1
1
1
1
1
1
1
1
1
1
1
1
1
1
1
1
1
1
1
1
1
1
1
1
1
1
1
1
1
1
1
1
1
1
1
1
1
1
1
1
1
1
1
1
1
