2.47004
2.45828
2.44651
2.51832
2.50642
2.49451
2.48261
2.4707
2.4588
2.44689
2.43499
2.42309
2.41118
2.56777
2.55572
2.54367
2.53163
2.51958
2.50753
2.49548
2.48343
2.47138
2.45934
2.44729
2.43524
2.42319
2.41114
2.60623
2.59403
2.58184
2.56964
2.55745
2.54525
2.53306
2.52086
2.50867
2.49647
2.48428
2.47208
2.45989
2.44769
2.4355
2.4233
2.41111
2.39891
2.63329
2.62094
2.6086
2.59625
2.58391
2.57156
2.55922
2.54687
2.53452
2.52218
2.50983
2.49749
2.48514
2.4728
2.46045
2.44811
2.43576
2.42341
2.41107
2.39872
2.38638
2.38126
2.66103
2.64853
2.63603
2.62353
2.61103
2.59853
2.58603
2.57353
2.56103
2.54853
2.53603
2.52353
2.51103
2.49853
2.48603
2.47353
2.46103
2.44853
2.43603
2.42353
2.41103
2.39853
2.68947
2.67681
2.66415
2.65149
2.63884
2.62618
2.61352
2.60086
2.5882
2.57555
2.56289
2.55023
2.53757
2.52491
2.51225
2.4996
2.48694
2.47428
2.46162
2.44896
2.4363
2.42365
2.41099
2.39833
2.71864
2.70582
2.693
2.68018
2.66736
2.65454
2.64172
2.6289
2.61608
2.60325
2.59043
2.57761
2.56479
2.55197
2.53915
2.52633
2.51351
2.50069
2.48787
2.47505
2.46223
2.44941
2.43659
2.42377
2.41095
2.39813
2.38531
2.37249
2.35967
2.74857
2.73558
2.72259
2.70961
2.69662
2.68363
2.67064
2.65766
2.64467
2.63168
2.6187
2.60571
2.59272
2.57974
2.56675
2.55376
2.54077
2.52779
2.5148
2.50181
2.48883
2.47584
2.46285
2.44987
2.43688
2.42389
2.4109
2.39792
2.38493
2.37194
2.35896
2.34597
2.33298
2.32
2.30701
2.76612
2.75297
2.73981
2.72665
2.71349
2.70033
2.68718
2.67402
2.66086
2.6477
2.63455
2.62139
2.60823
2.59507
2.58191
2.56876
2.5556
2.54244
2.52928
2.51612
2.50297
2.48981
2.47665
2.46349
2.45033
2.43718
2.42402
2.41086
2.3977
2.38455
2.37139
2.35823
2.34507
2.33191
2.31876
2.3056
2.29244
2.27928
2.26612
2.25297
2.23981
2.22665
2.21349
2.20033
2.18718
2.17402
2.16086
2.1477
1.51612
1.50297
1.48981
1.47665
1.46349
1.45033
1.43718
1.42402
1.41086
2.77082
2.75748
2.74415
2.73082
2.71748
2.70415
2.69082
2.67748
2.66415
2.65082
2.63748
2.62415
2.61082
2.59748
2.58415
2.57082
2.55748
2.54415
2.53082
2.51748
2.50415
2.49082
2.47748
2.46415
2.45082
2.43748
2.42415
2.41082
2.39748
2.38415
2.37082
2.35748
2.34415
2.33082
2.31748
2.30415
2.29082
2.27748
2.26415
2.25082
2.23748
2.22415
2.21082
2.19748
2.18415
2.17082
2.15748
2.14415
2.13082
2.11748
2.10415
2.09082
2.07748
2.06415
2.05082
2.03748
2.02415
1.62415
1.61082
1.59748
1.58415
1.57082
1.55748
1.54415
1.53082
1.51748
1.50415
1.49082
1.47748
1.46415
1.45082
1.43748
1.42415
1.41082
1.39748
1.38415
1.37082
1.35748
1.34415
1.33082
2.76212
2.74861
2.73509
2.72158
2.70807
2.69455
2.68104
2.66753
2.65401
2.6405
2.62699
2.61347
2.59996
2.58645
2.57293
2.55942
2.54591
2.53239
2.51888
2.50537
2.49185
2.47834
2.46482
2.45131
2.4378
2.42428
2.41077
2.39726
2.38374
2.37023
2.35672
2.3432
2.32969
2.31618
2.30266
2.28915
2.27564
2.26212
2.24861
2.23509
2.22158
2.20807
2.19455
2.18104
2.16753
2.15401
2.1405
2.12699
2.11347
2.09996
2.08645
2.07293
2.05942
2.04591
2.03239
2.01888
2.00537
1.99185
1.97834
1.72158
1.70807
1.69455
1.68104
1.66753
1.65401
1.6405
1.62699
1.61347
1.59996
1.58645
1.57293
1.55942
1.54591
1.53239
1.51888
1.50537
1.49185
1.47834
1.46482
1.45131
1.4378
1.42428
1.41077
1.39726
1.38374
1.37023
1.35672
1.3432
1.32969
1.31618
1.30266
1.28915
1.27564
1.26212
2.69839
2.6847
2.671
2.6573
2.6436
2.6299
2.6162
2.6025
2.58881
2.57511
2.56141
2.54771
2.53401
2.52031
2.50661
2.49292
2.47922
2.46552
2.45182
2.43812
2.42442
2.41072
2.39702
2.38333
2.36963
2.35593
2.34223
2.32853
2.31483
2.30113
2.28744
2.27374
2.26004
2.24634
2.23264
2.21894
2.20524
2.19155
2.17785
2.16415
2.15045
2.13675
2.12305
2.10935
2.09565
2.08196
2.06826
2.05456
2.04086
2.02716
2.01346
1.99976
1.98607
1.97237
1.95867
1.94497
1.93127
1.91757
1.90387
1.89018
1.87648
1.86278
1.84908
1.83538
1.82168
1.80798
1.79428
1.78059
1.76689
1.75319
1.73949
1.72579
1.71209
1.69839
1.6847
1.671
1.6573
1.6436
1.6299
1.6162
1.6025
1.58881
1.57511
1.56141
1.54771
1.53401
1.52031
1.50661
1.49292
1.47922
1.46552
1.45182
1.43812
1.42442
1.41072
1.39702
1.38333
1.36963
1.35593
1.34223
1.32853
1.31483
1.30113
1.28744
1.27374
1.26004
1.24634
1.23264
1.22697
1.22129
1.21562
2.73012
2.71623
2.70234
2.68845
2.67456
2.66067
2.64679
2.6329
2.61901
2.60512
2.59123
2.57734
2.56345
2.54956
2.53567
2.52179
2.5079
2.49401
2.48012
2.46623
2.45234
2.43845
2.42456
2.41067
2.39679
2.3829
2.36901
2.35512
2.34123
2.32734
2.31345
2.29956
2.28567
2.27179
2.2579
2.24401
2.23012
2.21623
2.20234
2.18845
2.17456
2.16067
2.14679
2.1329
2.11901
2.10512
2.09123
2.07734
2.06345
2.04956
2.03567
2.02179
2.0079
1.99401
1.98012
1.96623
1.95234
1.93845
1.92456
1.91067
1.89679
1.8829
1.86901
1.85512
1.84123
1.82734
1.81345
1.79956
1.78567
1.77179
1.7579
1.74401
1.73012
1.71623
1.70234
1.68845
1.67456
1.66067
1.64679
1.6329
1.61901
1.60512
1.59123
1.57734
1.56345
1.54956
1.53567
1.52179
1.5079
1.49401
1.48012
1.46623
1.45234
1.43845
1.42456
1.41067
1.39679
1.3829
1.36901
1.35512
1.34123
1.32734
1.31345
1.29956
1.28567
1.27179
1.2579
1.24401
1.23012
1.22437
1.21861
2.67823
2.66415
2.65006
2.63598
2.62189
2.60781
2.59372
2.57964
2.56555
2.55147
2.53739
2.5233
2.50922
2.49513
2.48105
2.46696
2.45288
2.43879
2.42471
2.41062
2.39654
2.38246
2.36837
2.35429
2.3402
2.32612
2.31203
2.29795
2.28386
2.26978
2.2557
2.24161
2.22753
2.21344
2.19936
2.18527
2.17119
2.1571
2.14302
2.12893
2.11485
2.10077
2.08668
2.0726
2.05851
2.04443
2.03034
2.01626
2.00217
1.98809
1.97401
1.95992
1.94584
1.93175
1.91767
1.90358
1.8895
1.87541
1.86133
1.84724
1.83316
1.81908
1.80499
1.79091
1.77682
1.76274
1.74865
1.73457
1.72048
1.7064
1.69232
1.67823
1.66415
1.65006
1.63598
1.62189
1.60781
1.59372
1.57964
1.56555
1.55147
1.53739
1.5233
1.50922
1.49513
1.48105
1.46696
1.45288
1.43879
1.42471
1.41062
1.39654
1.38246
1.36837
1.35429
1.3402
1.32612
1.31203
1.29795
1.28386
1.26978
1.2557
1.24161
1.22753
1.22169
1.21586
1.21002
1.20419
1.19836
1.19252
1.18669
1.18085
1.17502
2.63915
2.62486
2.61057
2.59629
2.582
2.56772
2.55343
2.53915
2.52486
2.51057
2.49629
2.482
2.46772
2.45343
2.43915
2.42486
2.41057
2.39629
2.382
2.36772
2.35343
2.33915
2.32486
2.31057
2.29629
2.282
2.26772
2.25343
2.23915
2.22486
2.21057
2.19629
2.182
2.16772
2.15343
2.13915
2.12486
2.11057
2.09629
2.082
2.06772
2.05343
2.03915
2.02486
2.01057
1.99629
1.982
1.96772
1.95343
1.93915
1.92486
1.91057
1.89629
1.882
1.86772
1.85343
1.83915
1.82486
1.81057
1.79629
1.782
1.76772
1.75343
1.73915
1.72486
1.71057
1.69629
1.682
1.66772
1.65343
1.63915
1.62486
1.61057
1.59629
1.582
1.56772
1.55343
1.53915
1.52486
1.51057
1.49629
1.482
1.46772
1.45343
1.43915
1.42486
1.41057
1.39629
1.382
1.36772
1.35343
1.33915
1.32486
1.31057
1.29629
1.282
1.26772
1.25343
1.23915
1.22486
1.21894
1.21302
1.20711
1.20119
1.19527
1.18936
1.18344
1.17752
1.1716
1.16569
1.15977
1.15385
1.14793
1.14202
2.59893
2.58443
2.56994
2.55545
2.54096
2.52646
2.51197
2.49748
2.48298
2.46849
2.454
2.43951
2.42501
2.41052
2.39603
2.38154
2.36704
2.35255
2.33806
2.32356
2.30907
2.29458
2.28009
2.26559
2.2511
2.23661
2.22212
2.20762
2.19313
2.17864
2.16414
2.14965
2.13516
2.12067
2.10617
2.09168
2.07719
2.06269
2.0482
2.03371
2.01922
2.00472
1.99023
1.97574
1.96125
1.94675
1.93226
1.91777
1.90327
1.88878
1.87429
1.8598
1.8453
1.83081
1.81632
1.80183
1.78733
1.77284
1.75835
1.74385
1.72936
1.71487
1.70038
1.68588
1.67139
1.6569
1.6424
1.62791
1.61342
1.59893
1.58443
1.56994
1.55545
1.54096
1.52646
1.51197
1.49748
1.48298
1.46849
1.454
1.43951
1.42501
1.41052
1.39603
1.38154
1.36704
1.35255
1.33806
1.32356
1.30907
1.29458
1.28009
1.26559
1.2511
1.23661
1.22212
1.21611
1.21011
1.20411
1.1981
1.1921
1.1861
1.18009
1.17409
1.16809
1.16208
1.15608
1.15008
1.14407
1.13807
1.13207
1.12607
1.12006
1.11406
2.54282
2.52811
2.51341
2.4987
2.484
2.46929
2.45458
2.43988
2.42517
2.41047
2.39576
2.38105
2.36635
2.35164
2.33694
2.32223
2.30753
2.29282
2.27811
2.26341
2.2487
2.234
2.21929
2.20458
2.18988
2.17517
2.16047
2.14576
2.13105
2.11635
2.10164
2.08694
2.07223
2.05753
2.04282
2.02811
2.01341
1.9987
1.984
1.96929
1.95458
1.93988
1.92517
1.91047
1.89576
1.88105
1.86635
1.85164
1.83694
1.82223
1.80753
1.79282
1.77811
1.76341
1.7487
1.734
1.71929
1.70458
1.68988
1.67517
1.66047
1.64576
1.63105
1.61635
1.60164
1.58694
1.57223
1.55753
1.54282
1.52811
1.51341
1.4987
1.484
1.46929
1.45458
1.43988
1.42517
1.41047
1.39576
1.38105
1.36635
1.35164
1.33694
1.32223
1.30753
1.29282
1.27811
1.26341
1.2487
1.234
1.21929
1.2132
1.20711
1.20102
1.19492
1.18883
1.18274
1.17665
1.17056
1.16447
1.15838
1.15228
1.14619
1.1401
1.13401
1.12792
1.12183
1.11574
1.10964
1.10355
1.09746
2.49996
2.48504
2.47011
2.45519
2.44026
2.42534
2.41041
2.39549
2.38056
2.36563
2.35071
2.33578
2.32086
2.30593
2.29101
2.27608
2.26116
2.24623
2.23131
2.21638
2.20146
2.18653
2.1716
2.15668
2.14175
2.12683
2.1119
2.09698
2.08205
2.06713
2.0522
2.03728
2.02235
2.00743
1.9925
1.97757
1.96265
1.94772
1.9328
1.91787
1.90295
1.88802
1.8731
1.85817
1.84325
1.82832
1.8134
1.79847
1.78354
1.76862
1.75369
1.73877
1.72384
1.70892
1.69399
1.67907
1.66414
1.64922
1.63429
1.61937
1.60444
1.58952
1.57459
1.55966
1.54474
1.52981
1.51489
1.49996
1.48504
1.47011
1.45519
1.44026
1.42534
1.41041
1.39549
1.38056
1.36563
1.35071
1.33578
1.32086
1.30593
1.29101
1.27608
1.26116
1.24623
1.23131
1.21638
1.2102
1.20402
1.19783
1.19165
1.18547
1.17929
1.1731
1.16692
1.16074
1.15456
1.14838
1.14219
1.13601
1.12983
1.12365
1.11746
1.11128
1.1051
1.09892
1.09273
2.45581
2.44066
2.4255
2.41035
2.3952
2.38005
2.3649
2.34975
2.3346
2.31944
2.30429
2.28914
2.27399
2.25884
2.24369
2.22853
2.21338
2.19823
2.18308
2.16793
2.15278
2.13763
2.12247
2.10732
2.09217
2.07702
2.06187
2.04672
2.03157
2.01641
2.00126
1.98611
1.97096
1.95581
1.94066
1.9255
1.91035
1.8952
1.88005
1.8649
1.84975
1.8346
1.81944
1.80429
1.78914
1.77399
1.75884
1.74369
1.72853
1.71338
1.69823
1.68308
1.66793
1.65278
1.63763
1.62247
1.60732
1.59217
1.57702
1.56187
1.54672
1.53157
1.51641
1.50126
1.48611
1.47096
1.45581
1.44066
1.4255
1.41035
1.3952
1.38005
1.3649
1.34975
1.3346
1.31944
1.30429
1.28914
1.27399
1.25884
1.24369
1.22853
1.21338
1.20711
1.20083
1.19456
1.18828
1.182
1.17573
1.16945
1.16318
1.1569
1.15062
1.14435
1.13807
1.1318
1.12552
1.11924
1.11297
1.10669
1.10042
1.09414
1.08786
1.08159
2.39491
2.37952
2.36414
2.34876
2.33337
2.31799
2.3026
2.28722
2.27183
2.25645
2.24106
2.22568
2.21029
2.19491
2.17952
2.16414
2.14876
2.13337
2.11799
2.1026
2.08722
2.07183
2.05645
2.04106
2.02568
2.01029
1.99491
1.97952
1.96414
1.94876
1.93337
1.91799
1.9026
1.88722
1.87183
1.85645
1.84106
1.82568
1.81029
1.79491
1.77952
1.76414
1.74876
1.73337
1.71799
1.7026
1.68722
1.67183
1.65645
1.64106
1.62568
1.61029
1.59491
1.57952
1.56414
1.54876
1.53337
1.51799
1.5026
1.48722
1.47183
1.45645
1.44106
1.42568
1.41029
1.39491
1.37952
1.36414
1.34876
1.33337
1.31799
1.3026
1.28722
1.27183
1.25645
1.24106
1.22568
1.21029
1.20392
1.19755
1.19118
1.1848
1.17843
1.17206
1.16569
1.15931
1.15294
1.14657
1.1402
1.13382
1.12745
1.12108
1.11471
1.10833
1.10196
1.09559
1.08922
1.08284
1.07647
1.0701
2.36336
2.34773
2.33211
2.31648
2.30086
2.28523
2.26961
2.25398
2.23836
2.22273
2.20711
2.19148
2.17586
2.16023
2.14461
2.12898
2.11336
2.09773
2.08211
2.06648
2.05086
2.03523
2.01961
2.00398
1.98836
1.97273
1.95711
1.94148
1.92586
1.91023
1.89461
1.87898
1.86336
1.84773
1.83211
1.81648
1.80086
1.78523
1.76961
1.75398
1.73836
1.72273
1.70711
1.69148
1.67586
1.66023
1.64461
1.62898
1.61336
1.59773
1.58211
1.56648
1.55086
1.53523
1.51961
1.50398
1.48836
1.47273
1.45711
1.44148
1.42586
1.41023
1.39461
1.37898
1.36336
1.34773
1.33211
1.31648
1.30086
1.28523
1.26961
1.25398
1.23836
1.22273
1.20711
1.20064
1.19416
1.18769
1.18122
1.17475
1.16827
1.1618
1.15533
1.14886
1.14239
1.13591
1.12944
1.12297
1.1165
1.11003
1.10355
1.09708
1.09061
1.08414
1.07767
1.07119
1.06472
2.3943
2.37842
2.36255
2.34668
2.3308
2.31493
2.29906
2.28318
2.26731
2.25144
2.23557
2.21969
2.20382
2.18795
2.17207
2.1562
2.14033
2.12445
2.10858
2.09271
2.07684
2.06096
2.04509
2.02922
2.01334
1.99747
1.9816
1.96572
1.94985
1.93398
1.91811
1.90223
1.88636
1.87049
1.85461
1.83874
1.82287
1.80699
1.79112
1.77525
1.75938
1.7435
1.72763
1.71176
1.69588
1.68001
1.66414
1.64826
1.63239
1.61652
1.60065
1.58477
1.5689
1.55303
1.53715
1.52128
1.50541
1.48953
1.47366
1.45779
1.44192
1.42604
1.41017
1.3943
1.37842
1.36255
1.34668
1.3308
1.31493
1.29906
1.28318
1.26731
1.25144
1.23557
1.21969
1.20382
1.19725
1.19067
1.1841
1.17752
1.17095
1.16437
1.1578
1.15122
1.14465
1.13807
1.1315
1.12492
1.11835
1.11177
1.1052
1.09862
1.09205
1.08547
1.0789
1.07232
1.06575
2.35895
2.34282
2.32669
2.31056
2.29443
2.2783
2.26218
2.24605
2.22992
2.21379
2.19766
2.18153
2.1654
2.14927
2.13314
2.11701
2.10088
2.08476
2.06863
2.0525
2.03637
2.02024
2.00411
1.98798
1.97185
1.95572
1.93959
1.92347
1.90734
1.89121
1.87508
1.85895
1.84282
1.82669
1.81056
1.79443
1.7783
1.76218
1.74605
1.72992
1.52301
1.50688
1.49075
1.47462
1.45849
1.44236
1.42623
1.4101
1.39397
1.37785
1.36172
1.34559
1.32946
1.31333
1.2972
1.28107
1.26494
1.24881
1.23268
1.21656
1.20043
1.19375
1.18706
1.18038
1.1737
1.16702
1.16034
1.15366
1.14698
1.1403
1.13362
1.12694
1.12026
1.11357
1.10689
1.10021
1.09353
1.08685
1.08017
1.07349
1.06681
2.33884
2.32244
2.30605
2.28966
2.27326
2.25687
2.24048
2.22408
2.20769
2.1913
2.1749
2.15851
2.14212
2.12572
2.10933
2.09294
2.07654
2.06015
2.04376
2.02736
2.01097
1.99458
1.97818
1.96179
1.94539
1.929
1.91261
1.89621
1.87982
1.86343
1.84703
1.41004
1.39364
1.37725
1.36086
1.34446
1.32807
1.31168
1.29528
1.27889
1.2625
1.2461
1.22971
1.21332
1.19692
1.19013
1.18334
1.17655
1.16976
1.16297
1.15618
1.14939
1.1426
1.13581
1.12902
1.12223
1.11544
1.10865
1.10186
1.09507
1.08828
1.08148
1.07469
1.0679
1.06111
2.30139
2.28472
2.26805
2.25139
2.23472
2.21805
2.20139
2.18472
2.16805
2.15139
2.13472
2.11805
2.10139
2.08472
2.06805
2.05139
2.03472
2.01805
2.00139
1.98472
1.3433
1.32663
1.30997
1.2933
1.27663
1.25997
1.2433
1.22663
1.20997
1.1933
1.1864
1.17949
1.17259
1.16569
1.15878
1.15188
1.14498
1.13807
1.13117
1.12426
1.11736
1.11046
1.10355
1.09665
1.08975
1.08284
1.07594
1.06904
1.06213
2.26267
2.24572
2.22877
2.21182
2.19487
2.17792
2.16097
2.14403
2.12708
2.11013
2.09318
2.07623
1.2743
1.25735
1.2404
1.22345
1.2065
1.18956
1.18254
1.17551
1.16849
1.16147
1.15445
1.14743
1.14041
1.13339
1.12637
1.11935
1.11233
1.10531
1.09829
1.09127
1.08425
1.07723
1.07021
1.06319
1.05616
1.04914
1.23741
1.22017
1.20292
1.18568
1.17854
1.1714
1.16426
1.15712
1.14997
1.14283
1.13569
1.12855
1.12141
1.11427
1.10712
1.09998
1.09284
1.0857
1.07856
1.07142
1.06427
1.05713
1.04999
1.21676
1.19922
1.18167
1.17441
1.16714
1.15987
1.15261
1.14534
1.13807
1.1308
1.12354
1.11627
1.109
1.10174
1.09447
1.0872
1.07994
1.07267
1.0654
1.05814
1.05087
1.17752
1.17012
1.16273
1.15533
1.14793
1.14054
1.13314
1.12574
1.11835
1.11095
1.10355
1.09616
1.08876
1.08136
1.07397
1.06657
1.05917
1.05178
1.04438
1.17322
1.16569
1.15815
1.15062
1.14309
1.13556
1.12803
1.1205
1.11297
1.10544
1.09791
1.09037
1.08284
1.07531
1.06778
1.06025
1.05272
1.04519
1.18727
1.16875
1.16108
1.15341
1.14574
1.13807
1.1304
1.12273
1.11506
1.10739
1.09972
1.09205
1.08438
1.07671
1.06904
1.06136
1.05369
1.04602
1.17975
1.18299
1.16412
1.15631
1.14849
1.14068
1.13286
1.12505
1.11723
1.10942
1.1016
1.09378
1.08597
1.07815
1.07034
1.06252
1.05471
1.04689
1.14338
1.15135
1.15931
1.16728
1.17524
1.18321
1.19118
1.19914
1.20711
1.21507
1.15931
1.15135
1.14338
1.13542
1.12745
1.11948
1.11152
1.10355
1.09559
1.08762
1.07966
1.07169
1.06373
1.05576
1.04779
1.03983
1.12995
1.13807
1.14619
1.15432
1.16244
1.17056
1.17868
1.1868
1.19492
1.20305
1.21117
1.21929
1.22741
1.15432
1.14619
1.13807
1.12995
1.12183
1.11371
1.10558
1.09746
1.08934
1.08122
1.0731
1.06497
1.05685
1.04873
1.04061
1.11598
1.12426
1.13255
1.14083
1.14912
1.1574
1.16569
1.17397
1.18225
1.19054
1.19882
1.20711
1.21539
1.22368
1.23196
1.24024
1.1574
1.14912
1.14083
1.13255
1.12426
1.11598
1.1077
1.09941
1.09113
1.08284
1.07456
1.06627
1.05799
1.04971
1.04142
1.10989
1.11835
1.1268
1.13525
1.14371
1.15216
1.16061
1.16907
1.17752
1.18597
1.19443
1.20288
1.21133
1.21979
1.22824
1.23669
1.24515
1.18597
1.17752
1.16907
1.16061
1.15216
1.14371
1.15216
1.14371
1.13525
1.1268
1.11835
1.10989
1.10144
1.09299
1.08453
1.07608
1.06763
1.05917
1.05072
1.04227
1.09492
1.10355
1.11218
1.12081
1.12944
1.13807
1.1467
1.15533
1.16396
1.17259
1.18122
1.18985
1.19848
1.20711
1.21574
1.22437
1.233
1.24163
1.25025
1.21574
1.20711
1.19848
1.18985
1.18122
1.17259
1.16396
1.15533
1.1467
1.13807
1.12944
1.12081
1.15533
1.1467
1.13807
1.12944
1.12081
1.11218
1.10355
1.09492
1.08629
1.07767
1.06904
1.06041
1.05178
1.04315
1.03452
1.08813
1.09694
1.10576
1.11457
1.12338
1.1322
1.14101
1.14982
1.15864
1.16745
1.17626
1.18507
1.19389
1.2027
1.21151
1.22033
1.22914
1.23795
1.24677
1.25558
1.22914
1.22033
1.21151
1.2027
1.19389
1.18507
1.17626
1.16745
1.15864
1.14982
1.14101
1.1322
1.12338
1.11457
1.10576
1.14982
1.14101
1.1322
1.12338
1.11457
1.10576
1.09694
1.08813
1.07932
1.0705
1.06169
1.05288
1.04407
1.03525
1.09005
1.09905
1.10806
1.11706
1.12607
1.13507
1.14407
1.15308
1.16208
1.17109
1.18009
1.1891
1.1981
1.20711
1.21611
1.22512
1.23412
1.24313
1.25213
1.27387
1.23412
1.22512
1.21611
1.20711
1.1981
1.1891
1.18009
1.17109
1.16208
1.15308
1.14407
1.13507
1.12606
1.11706
1.10806
1.15308
1.14407
1.13507
1.12607
1.11706
1.10806
1.09905
1.09005
1.08104
1.07204
1.06303
1.05403
1.04502
1.03602
1.08284
1.09205
1.10125
1.11046
1.11966
1.12887
1.13807
1.14728
1.15648
1.16569
1.17489
1.1841
1.1933
1.2025
1.21171
1.22091
1.23012
1.23932
1.24853
1.27075
1.29297
1.24853
1.23932
1.23012
1.22091
1.21171
1.2025
1.1933
1.1841
1.17489
1.16569
1.15648
1.14728
1.13807
1.12887
1.11966
1.11046
1.10125
1.09205
1.15648
1.14728
1.13807
1.12887
1.11966
1.11046
1.10125
1.09205
1.08284
1.07364
1.06443
1.05523
1.04602
1.03682
1.08473
1.09414
1.10355
1.11297
1.12238
1.1318
1.14121
1.15062
1.16004
1.16945
1.17887
1.18828
1.19769
1.20711
1.21652
1.22594
1.23535
1.24476
1.26749
1.29022
1.31294
1.25418
1.24476
1.23535
1.22593
1.21652
1.20711
1.19769
1.18828
1.17887
1.16945
1.16004
1.15062
1.14121
1.1318
1.12238
1.11297
1.10355
1.09414
1.08473
1.17335
1.15062
1.14121
1.1318
1.12238
1.11297
1.10355
1.09414
1.08473
1.07531
1.0659
1.05648
1.04707
1.03766
1.02824
1.01883
1.06743
1.07706
1.0867
1.09633
1.10596
1.11559
1.12523
1.13486
1.14449
1.15413
1.16376
1.17339
1.18302
1.19266
1.20229
1.21192
1.22156
1.23119
1.24082
1.26408
1.28733
1.31059
1.33385
1.26009
1.25046
1.24082
1.23119
1.22156
1.21192
1.20229
1.19266
1.18302
1.17339
1.16376
1.15413
1.14449
1.13486
1.12523
1.11559
1.10596
1.09633
1.0867
1.14449
1.13486
1.12523
1.11559
1.10596
1.09633
1.0867
1.07706
1.06743
1.0578
1.04816
1.03853
1.0289
1.01927
1.05917
1.06904
1.0789
1.08876
1.09862
1.10848
1.11835
1.12821
1.13807
1.14793
1.1578
1.16766
1.17752
1.18738
1.19724
1.20711
1.21697
1.22683
1.23669
1.2605
1.28431
1.30812
1.33193
1.26628
1.25642
1.24656
1.23669
1.22683
1.21697
1.20711
1.19724
1.18738
1.17752
1.16766
1.1578
1.14793
1.13807
1.12821
1.11835
1.10848
1.09862
1.08876
1.0789
1.14793
1.13807
1.12821
1.11835
1.10848
1.09862
1.08876
1.0789
1.06904
1.05917
1.04931
1.03945
1.02959
1.01972
1.00986
1.05051
1.06062
1.07072
1.08082
1.09092
1.10103
1.11113
1.12123
1.13134
1.14144
1.15154
1.16164
1.17175
1.18185
1.19195
1.20206
1.21216
1.22226
1.23236
1.25675
1.28114
1.30553
1.32993
1.27278
1.26267
1.25257
1.24247
1.23236
1.22226
1.21216
1.20206
1.19195
1.18185
1.17175
1.16164
1.15154
1.14144
1.13134
1.12123
1.11113
1.10103
1.09092
1.08082
1.07072
1.15154
1.14144
1.13134
1.12123
1.11113
1.10103
1.09092
1.08082
1.07072
1.06062
1.05051
1.04041
1.03031
1.02021
1.0101
1.04142
1.05178
1.06213
1.07249
1.08284
1.0932
1.10355
1.11391
1.12426
1.13462
1.14497
1.15533
1.16569
1.17604
1.1864
1.19675
1.20711
1.21746
1.22782
1.25282
1.27782
1.30282
1.32782
1.35282
1.29424
1.26924
1.25888
1.24853
1.23817
1.22782
1.21746
1.20711
1.19675
1.1864
1.17604
1.16569
1.15533
1.14497
1.13462
1.12426
1.11391
1.10355
1.0932
1.08284
1.07249
1.06213
1.05178
1.14497
1.13462
1.12426
1.11391
1.10355
1.0932
1.08284
1.07249
1.06213
1.05178
1.04142
1.03107
1.02071
1.01036
1.02124
1.03186
1.04248
1.0531
1.06373
1.07435
1.08497
1.09559
1.10621
1.11683
1.12745
1.13807
1.14869
1.15931
1.16993
1.18055
1.19118
1.2018
1.21242
1.22304
1.24868
1.27432
1.29996
1.3168
1.29116
1.26552
1.2549
1.24428
1.23366
1.22304
1.21242
1.2018
1.19118
1.18055
1.16993
1.15931
1.14869
1.13807
1.12745
1.11683
1.10621
1.09559
1.08497
1.07435
1.06373
1.0531
1.14869
1.13807
1.12745
1.11683
1.10621
1.09559
1.08497
1.07435
1.06373
1.0531
1.04248
1.03186
1.02124
1.01062
1
1.0109
1.0218
1.0327
1.0436
1.0545
1.0654
1.0763
1.0872
1.0981
1.109
1.1199
1.1308
1.1417
1.15261
1.16351
1.17441
1.18531
1.19621
1.20711
1.21801
1.24432
1.27064
1.29695
1.1308
1.1199
1.109
1.0981
1.0872
1.31424
1.28792
1.26161
1.25071
1.23981
1.22891
1.21801
1.20711
1.19621
1.18531
1.17441
1.16351
1.1526
1.1417
1.1308
1.1199
1.109
1.0981
1.0872
1.0763
1.0654
1.0545
1.0436
1.15261
1.1417
1.1308
1.1199
1.109
1.0981
1.0872
1.0763
1.0654
1.0545
1.0436
1.0327
1.0218
1.0109
1
1.0112
1.02239
1.03358
1.04478
1.05597
1.06717
1.07836
1.08956
1.10075
1.11195
1.12314
1.13434
1.14553
1.15673
1.16792
1.17912
1.19031
1.20151
1.2127
1.23973
1.26676
1.29379
1.32081
1.13434
1.12314
1.11195
1.10075
1.08956
1.33857
1.31154
1.28451
1.25748
1.24629
1.23509
1.2239
1.2127
1.20151
1.19031
1.17912
1.16792
1.15673
1.14553
1.13434
1.12314
1.11195
1.10075
1.08956
1.07836
1.06717
1.05597
1.04478
1.15673
1.14553
1.13434
1.12314
1.11195
1.10075
1.08956
1.07836
1.06717
1.05597
1.04478
1.03358
1.02239
1.0112
1
1
1.01151
1.02301
1.03452
1.04602
1.05753
1.06904
1.08054
1.09205
1.10355
1.11506
1.12657
1.13807
1.14958
1.16108
1.17259
1.1841
1.1956
1.20711
1.23488
1.26266
1.29044
1.31822
1.18409
1.17259
1.16108
1.14958
1.13807
1.12657
1.11506
1.10355
1.09205
1.08054
1.06904
1.05753
1.04602
1.03452
2.10471
2.07693
2.04915
2.02138
1.9936
1.96582
1.93804
1.91027
1.88249
1.85471
1.82693
1.79915
1.77138
1.36424
1.33646
1.30869
1.28091
1.25313
1.24162
1.23012
1.21861
1.20711
1.1956
1.18409
1.17259
1.16108
1.14958
1.13807
1.12657
1.11506
1.10355
1.09205
1.08054
1.06904
1.05753
1.04602
1.03452
1.14958
1.13807
1.12657
1.11506
1.10355
1.09205
1.08054
1.06904
1.05753
1.04602
1.03452
1.02301
1.01151
1
1
1
1
1
1.01183
1.02367
1.0355
1.04734
1.05917
1.07101
1.08284
1.09468
1.10651
1.11835
1.13018
1.14202
1.15385
1.16569
1.17752
1.18935
1.20119
1.22976
1.25833
1.20119
1.18935
1.17752
1.16569
1.15385
1.14202
1.13018
1.11835
1.10651
1.09468
1.08284
1.07101
1.05917
1.04734
1.0355
1.02367
1.01183
1
1
2.23872
2.21015
2.18158
2.15301
2.12444
2.09587
2.0673
2.03872
2.01015
1.98158
1.95301
1.92444
1.89587
1.8673
1.83872
1.81015
1.78158
1.75301
1.72444
1.36281
1.33424
1.30567
1.2771
1.24853
1.23669
1.22486
1.21302
1.20119
1.18935
1.17752
1.16569
1.15385
1.14202
1.13018
1.11835
1.10651
1.09468
1.08284
1.07101
1.05917
1.04734
1.0355
1.15385
1.14202
1.13018
1.11835
1.10651
1.09468
1.08284
1.07101
1.05917
1.04734
1.0355
1.02367
1.01183
1
1
1
1
1
1
1
1.01218
1.02437
1.03655
1.04873
1.06091
1.0731
1.08528
1.09746
1.10964
1.12183
1.13401
1.14619
1.15838
1.17056
1.18274
1.19492
1.22434
1.25375
1.23147
1.21929
1.20711
1.19492
1.18274
1.17056
1.15838
1.14619
1.13401
1.12183
1.10964
1.09746
1.08528
1.0731
1.06091
1.04873
1.03655
1.02437
1.01218
1
1
1
1
2.3218
2.29239
2.26297
2.23356
2.20415
2.17474
2.14533
2.11592
2.0865
2.05709
2.02768
1.99827
1.96886
1.93945
1.91003
1.88062
1.85121
1.8218
1.79239
1.76297
1.73356
1.70415
1.67474
1.64533
1.33189
1.30248
1.27307
1.24366
1.23147
1.21929
1.20711
1.19492
1.18274
1.17056
1.15838
1.14619
1.13401
1.12183
1.10964
1.09746
1.08528
1.0731
1.06091
1.04873
1.03655
1.02437
1.01218
1.14619
1.13401
1.12183
1.10964
1.09746
1.08528
1.0731
1.06091
1.04873
1.03655
1.02437
1.01218
1
1
1
1
1
1
1
1
1
1.01255
1.0251
1.03766
1.05021
1.06276
1.07531
1.08786
1.10042
1.11297
1.12552
1.13807
1.15062
1.16318
1.17573
1.18828
1.21858
1.24889
1.25104
1.23849
1.22593
1.21338
1.20083
1.18828
1.17573
1.16317
1.15062
1.13807
1.12552
1.11297
1.10042
1.08786
1.07531
1.06276
1.05021
1.03766
1.0251
1.01255
1
1
1
1
1
2.3796
2.3493
2.319
2.28869
2.25839
2.22809
2.19779
2.16748
2.13718
2.10688
2.07657
2.04627
2.01597
1.98566
1.95536
1.92506
1.89476
1.86445
1.83415
1.80385
1.77354
1.74324
1.71294
1.68263
1.65233
1.62203
1.59172
1.56142
1.3294
1.29909
1.26879
1.23849
1.22593
1.21338
1.20083
1.18828
1.17573
1.16317
1.15062
1.13807
1.12552
1.11297
1.10042
1.08786
1.07531
1.06276
1.05021
1.03766
1.0251
1.01255
1
1.16837
1.13807
1.12552
1.11297
1.10042
1.08786
1.07531
1.06276
1.05021
1.03766
1.0251
1.01255
1
1
1
1
1
1
1
1
1
1
1.01294
1.02589
1.03883
1.05178
1.06472
1.07766
1.09061
1.10355
1.1165
1.12944
1.14239
1.15533
1.16827
1.18122
1.1165
1.12944
1.14239
1.12944
1.1165
1.10355
1.25888
1.24594
1.233
1.22005
1.20711
1.19416
1.18122
1.16827
1.15533
1.14239
1.12944
1.1165
1.10355
1.09061
1.07766
1.06472
1.05178
1.03883
1.02589
1.01294
1
1
1
1
1
1
1
1
2.47227
2.44102
2.40977
2.37852
2.34727
2.31602
2.28477
2.25352
2.22227
2.19102
2.15977
2.12852
2.09727
2.06602
2.03477
2.00352
1.97227
1.94102
1.90977
1.87852
1.84727
1.81602
1.78477
1.75352
1.72227
1.69102
1.65977
1.62852
1.59727
1.56602
1.53477
1.50352
1.47227
1.44102
1.32675
1.2955
1.26425
1.233
1.22005
1.20711
1.19416
1.18122
1.16827
1.15533
1.14239
1.12944
1.1165
1.10355
1.09061
1.07766
1.06472
1.05178
1.03883
1.02589
1.01294
1
1
1.12944
1.1165
1.10355
1.09061
1.07766
1.06472
1.05178
1.03883
1.02589
1.01294
1
1
1
1
1
1
1
1
1
1
1
1
1
1.01336
1.02672
1.04009
1.05345
1.06681
1.08017
1.09353
1.10689
1.12026
1.13362
1.14698
1.16034
1.1737
1.06681
1.08017
1.09353
1.10689
1.12026
1.13362
1.14698
1.13362
1.12026
1.10689
1.09353
1.08017
1.06681
1.05345
1.28613
1.25387
1.24051
1.22715
1.21379
1.20043
1.18706
1.1737
1.16034
1.14698
1.13362
1.12026
1.10689
1.09353
1.08017
1.06681
1.05345
1.04009
1.02672
1.01336
1
1
1
1
1
1
1
1
1
2.53866
2.5064
2.47414
2.44189
2.40963
2.37737
2.34511
2.31285
2.2806
2.24834
2.21608
2.18382
2.15156
2.11931
2.08705
2.05479
2.02253
1.99027
1.95802
1.92576
1.8935
1.86124
1.82898
1.79673
1.76447
1.73221
1.69995
1.66769
1.63544
1.60318
1.57092
1.53866
1.5064
1.47414
1.44189
1.40963
1.37737
1.34511
1.31285
1.32392
1.29167
1.25941
1.22715
1.21379
1.20043
1.18706
1.1737
1.16034
1.14698
1.13362
1.12026
1.10689
1.09353
1.08017
1.06681
1.05345
1.04009
1.02672
1.01336
1
1
1.13362
1.12026
1.10689
1.09353
1.08017
1.06681
1.05345
1.04009
1.02672
1.01336
1
1
1
1
1
1
1
1
1
1
1
1
1
1
1.01381
1.02761
1.04142
1.05523
1.06904
1.08284
1.09665
1.11046
1.12426
1.13807
1.15188
1.16569
1.02761
1.04142
1.05523
1.06904
1.08284
1.09665
1.11046
1.12426
1.13807
1.15188
1.13807
1.12426
1.11046
1.09665
1.08284
1.06904
1.05523
1.04142
1.02761
1.01381
1.31519
1.28186
1.24853
1.23472
1.22091
1.20711
1.1933
1.17949
1.16569
1.15188
1.13807
1.12426
1.11046
1.09665
1.08284
1.06904
1.05523
1.04142
1.02761
1.01381
1
1
1
1
1
1
1
1
1
1
1
2.60948
2.57614
2.54281
2.50948
2.47614
2.44281
2.40948
2.37614
2.34281
2.30948
2.27614
2.24281
2.20948
2.17614
2.14281
2.10948
2.07614
2.04281
2.00948
1.97614
1.94281
1.90948
1.87614
1.84281
1.80948
1.77614
1.74281
1.70948
1.67614
1.64281
1.60948
1.57614
1.54281
1.50948
1.47614
1.44281
1.40948
1.37614
1.34281
1.30948
1.27614
1.26234
1.24853
1.23472
1.22091
1.20711
1.28758
1.25425
1.22091
1.20711
1.1933
1.17949
1.16569
1.15188
1.13807
1.12426
1.11046
1.09665
1.08284
1.06904
1.05523
1.04142
1.02761
1.01381
1
1
1
1.12426
1.11046
1.09665
1.08284
1.06904
1.05523
1.04142
1.02761
1.01381
1
1
1
1
1
1
1
1
1
1
1
1
1
1
1
1.01428
1.02857
1.04285
1.05713
1.07142
1.0857
1.09998
1.11427
1.12855
1.14283
1.15712
1.1916
1.02857
1.04285
1.05713
1.07142
1.0857
1.09998
1.11427
1.12855
1.14283
1.15712
1.14283
1.12855
1.11427
1.09998
1.0857
1.07142
1.05713
1.04285
1.02857
1.01428
1.34626
1.31178
1.2773
1.24281
1.22853
1.21425
1.19996
1.18568
1.1714
1.15712
1.14283
1.12855
1.11427
1.09998
1.0857
1.07142
1.05713
1.04285
1.02857
1.01428
1
1
1
1
1
1
1
1
1
1
1
2.68517
2.65069
2.61621
2.58173
2.54724
2.51276
2.47828
2.4438
2.40931
2.37483
2.34035
2.30586
2.27138
2.2369
2.20242
2.16793
2.13345
2.09897
2.06448
2.03
1.99552
1.96104
1.92655
1.89207
1.85759
1.82311
1.78862
1.75414
1.71966
1.68517
1.65069
1.61621
1.58173
1.54724
1.51276
1.47828
1.4438
1.40931
1.37483
1.34035
1.30586
1.27138
1.2571
1.24281
1.22853
1.21425
1.3177
1.28321
1.24873
1.21425
1.19997
1.18568
1.1714
1.15712
1.14283
1.12855
1.11427
1.09998
1.0857
1.07142
1.05713
1.04285
1.02857
1.01428
1
1
1
1.12855
1.11427
1.09998
1.0857
1.07142
1.05713
1.04285
1.02857
1.01428
1
1
1
1
1
1
1
1
1
1
1
1
1
1
1
1.01479
1.02959
1.04438
1.05917
1.07397
1.08876
1.10355
1.11835
1.13314
1.14793
1
1.01479
1.02959
1.04438
1.05917
1.07397
1.08876
1.10355
1.11835
1.13314
1.14793
1.16273
1.14793
1.13314
1.11835
1.10355
1.08876
1.07397
1.05917
1.04438
1.02959
1.01479
1
1
1.37955
1.34384
1.30812
1.27241
1.23669
1.2219
1.20711
1.19231
1.17752
1.16273
1.14793
1.13314
1.11835
1.10355
1.08876
1.07397
1.05917
1.04438
1.02959
1.01479
1
1
1
1
1
1
1
1
1
1
1
2.76628
2.73057
2.69485
2.65914
2.62342
2.58771
2.55199
2.51628
2.48057
2.44485
2.40914
2.37342
2.33771
2.30199
2.26628
2.23057
2.19485
2.15914
2.12342
2.08771
2.05199
2.01628
1.98057
1.94485
1.90914
1.87342
1.83771
1.80199
1.76628
1.73057
1.69485
1.65914
1.62342
1.58771
1.55199
1.51628
1.48057
1.44485
1.40914
1.37342
1.33771
1.30199
1.26628
1.25149
1.23669
1.2219
1.20711
1.19231
1.17752
1.16273
1.14793
1
1.01479
1.02959
1.04438
1.05917
1.07397
1.08876
1.10355
1.11835
1.13314
1.13314
1.11835
1.10355
1.08876
1.07397
1.05917
1.27854
1.24282
1.20711
1.19231
1.17752
1.16273
1.14793
1.13314
1.11835
1.10355
1.08876
1.07397
1.05917
1.04438
1.02959
1.01479
1
1
1
1
1
1.13314
1.11835
1.10355
1.08876
1.07397
1.05917
1.04438
1.02959
1.01479
1
1
1
1
1
1
1
1
1
1
1
1
1
1
1
1
1.01534
1.03068
1.04602
1.06136
1.07671
1.09205
1.10739
1.12273
1.13807
1
1
1.01534
1.03068
1.04602
1.06136
1.07671
1.09205
1.10739
1.12273
1.13807
1.15341
1.16875
1.15341
1.13807
1.12273
1.10739
1.09205
1.07671
1.06136
1.04602
1.03068
1.01534
1
1
1
1.4153
1.37827
1.34123
1.30419
1.26716
1.23012
1.21478
1.19944
1.18409
1.16875
1.15341
1.13807
1.12273
1.10739
1.09205
1.07671
1.06136
1.04602
1.03068
1.01534
1
1
1
1
1
1
1
1
1
1
1
1
2.85339
2.81636
2.77932
2.74228
2.70525
2.66821
2.63117
2.59413
2.5571
2.52006
2.48302
2.44599
2.40895
2.37191
2.33488
2.29784
2.2608
2.22376
2.18673
2.14969
2.11265
2.07562
2.03858
2.00154
1.9645
1.92747
1.89043
1.85339
1.81636
1.77932
1.74228
1.70525
1.66821
1.63117
1.59413
1.5571
1.52006
1.48302
1.44599
1.40895
1.37191
1.33488
1.29784
1.2608
1.24546
1.23012
1.21478
1.19944
1.18409
1.16875
1.15341
1.13807
1.12273
1.10739
1.09205
1.07671
1
1
1
1.01534
1.03068
1.04602
1.06136
1.07671
1.09205
1.10739
1.12273
1.13807
1.13807
1.12273
1.10739
1.09205
1.07671
1.06136
1.04602
1.03068
1.23647
1.19944
1.18409
1.16875
1.15341
1.13807
1.12273
1.10739
1.09205
1.07671
1.06136
1.04602
1.03068
1.01534
1
1
1
1
1
1.12273
1.10739
1.09205
1.07671
1.06136
1.04602
1.03068
1.01534
1
1
1
1
1
1
1
1
1
1
1
1
1
1
1
1
1
1
1.01593
1.03186
1.04779
1.06373
1.07966
1.09559
1.11152
1.12745
1
1
1
1
1
1.01593
1.03186
1.04779
1.06373
1.07966
1.09559
1.11152
1.12745
1.14338
1.15931
1.17524
1.15931
1.14338
1.12745
1.11152
1.09559
1.07966
1.06373
1.04779
1.03186
1.01593
1
1
1
1
1
1.45381
1.41535
1.37688
1.33842
1.29996
1.2615
1.22304
1.20711
1.19118
1.17524
1.15931
1.14338
1.12745
1.11152
1.09559
1.07966
1.06373
1.04779
1.03186
1.01593
1
1
1
1
1
1
1
1
1
1
1
1
1
2.90875
2.87029
2.83182
2.79336
2.7549
2.71644
2.67798
2.63952
2.60105
2.56259
2.52413
2.48567
2.44721
2.40875
2.37029
2.33182
2.29336
2.2549
2.21644
2.17798
2.13952
2.10105
2.06259
2.02413
1.98567
1.94721
1.90875
1.87029
1.83182
1.79336
1.7549
1.71644
1.67798
1.63952
1.60105
1.56259
1.52413
1.48567
1.44721
1.40875
1.37029
1.33182
1.29336
1.2549
1.23897
1.22304
1.20711
1.19118
1.17524
1.15931
1.14338
1.12745
1.11152
1.09559
1.07966
1.06373
1.04779
1.03186
1.01593
1
1
1
1
1
1.01593
1.03186
1.04779
1.06373
1.07966
1.09559
1.11152
1.12745
1.14338
1.14338
1.12745
1.11152
1.09559
1.07966
1.06373
1.04779
1.03186
1.01593
1
1
1.22964
1.19118
1.17524
1.15931
1.14338
1.12745
1.11152
1.09559
1.07966
1.06373
1.04779
1.03186
1.01593
1
1
1
1
1
1
1.14998
1.11152
1.09559
1.07966
1.06373
1.04779
1.03186
1.01593
1
1
1
1
1
1
1
1
1
1
1
1
1
1
1
1
1
1
1
1
1
1
1
1
1
1
1
1
1
1.01657
1.03314
1.04971
1.06627
1.08284
1.09941
1.11598
1.15598
1
1
1
1
1
1
1.01657
1.03314
1.04971
1.06627
1.08284
1.09941
1.11598
1.13255
1.14912
1.16569
1.18225
1.16569
1.14912
1.13255
1.11598
1.09941
1.08284
1.06627
1.04971
1.03314
1.01657
1
1
1
1
1
1
1.45539
1.41539
1.37539
1.33539
1.29539
1.25539
1.21539
1.19882
1.18225
1.16569
1.14912
1.13255
1.11598
1.09941
1.08284
1.06627
1.04971
1.03314
1.01657
1
1
1
1
1
1
1
1
1
1
1
1
1
3.00853
2.96853
2.92853
2.88853
2.84853
2.80853
2.76853
2.72853
2.68853
2.64853
2.60853
2.56853
2.52853
2.48853
2.44853
2.40853
2.36853
2.32853
2.28853
2.24853
2.20853
2.16853
2.12853
2.08853
2.04853
2.00853
1.96853
1.92853
1.88853
1.84853
1.80853
1.76853
1.72853
1.68853
1.64853
1.60853
1.56853
1.52853
1.48853
1.44853
1.40853
1.36853
1.32853
1.28853
1.24853
1.23196
1.21539
1.19882
1.18225
1.16569
1.14912
1.13255
1.11598
1.09941
1.08284
1.06627
1.04971
1.03314
1.01657
1
1
1
1
1
1
1
1
1
1.01657
1.03314
1.04971
1.06627
1.08284
1.09941
1.11598
1.13255
1.14912
1.14912
1.13255
1.11598
1.09941
1.08284
1.06627
1.04971
1.03314
1.01657
1
1
1
1
1.22225
1.18225
1.16569
1.14912
1.13255
1.11598
1.09941
1.08284
1.06627
1.04971
1.03314
1.01657
1
1
1
1
1
1
1.09941
1.08284
1.06627
1.04971
1.03314
1.01657
1
1
1
1
1
1
1
1
1
1
1
1
1
1
1
1
1
1
1
1
1
1
1
1
1
1
1
1
1
1
1
1
1
1
1
1
1
1.01726
1.03452
1.05178
1.06904
1.08629
1.10355
1
1
1
1
1
1
1
1
1.01726
1.03452
1.05178
1.06904
1.08629
1.10355
1.12081
1.13807
1.15533
1.17259
1.18985
1.17259
1.15533
1.13807
1.12081
1.10355
1.08629
1.06904
1.05178
1.03452
1.01726
1
1
1
1
1
1
1
1.41544
1.37377
1.33211
1.29044
1.24877
1.20711
1.18985
1.17259
1.15533
1.13807
1.12081
1.10355
1.08629
1.06904
1.05178
1.03452
1.01726
1
1
1
1
1
1
1
1
1
1
1
1
1
2.94996
2.90829
2.86662
2.82496
2.78329
2.74162
2.69996
2.65829
2.61662
2.57496
2.53329
2.49162
2.44996
2.40829
2.36662
2.32496
2.28329
2.24162
2.19996
2.15829
2.11662
2.07496
2.03329
1.99162
1.94996
1.90829
1.86662
1.82496
1.78329
1.74162
1.69996
1.65829
1.61662
1.57496
1.53329
1.49162
1.44996
1.40829
1.36662
1.32496
1.28329
1.24162
1.22437
1.20711
1.18985
1.17259
1.15533
1.13807
1.12081
1.10355
1.08629
1.06904
1.05178
1.03452
1.01726
1
1
1
1
1
1
1
1
1
1
1
1
1
1.01726
1.03452
1.05178
1.06904
1.08629
1.10355
1.12081
1.13807
1.15533
1.15533
1.13807
1.12081
1.10355
1.08629
1.06904
1.05178
1.03452
1.01726
1
1
1
1
1
1.21426
1.17259
1.15533
1.13807
1.12081
1.10355
1.08629
1.06904
1.05178
1.03452
1.01726
1
1
1
1
1
1
1
1.10355
1.08629
1.06904
1.05178
1.03452
1.01726
1
1
1
1
1
1
1
1
1
1
1
1
1
1
1
1
1
1
1
1
1
1
1
1
1
1
1
1
1
1
1
1
1
1
1
1
1
1
1
1
1
1
1
1
1.01801
1.03602
1.05403
1.07204
1.09005
1
1
1
1
1
1
1
1
1
1.01801
1.03602
1.05403
1.07204
1.09005
1.10806
1.12606
1.14407
1.16208
1.18009
1.1981
1.18009
1.16208
1.14407
1.12606
1.10806
1.09005
1.07204
1.05403
1.03602
1.01801
1
1
1
1
1
1
1
1.41549
1.37201
1.32854
1.28506
1.24158
1.1981
1.18009
1.16208
1.14407
1.12606
1.10806
1.09005
1.07204
1.05403
1.03602
1.01801
1
1
1
1
1
1
1
1
1
1
1
1
1
1
1
1
1
1
1
1
1
1
1
1
2.6689
2.62542
2.58195
2.53847
2.49499
2.45151
2.40803
2.36456
2.32108
2.2776
2.23412
2.19064
2.14716
2.10369
2.06021
2.01673
1.97325
1.92977
1.88629
1.84282
1.79934
1.75586
1.71238
1.6689
1.62542
1.58195
1.53847
1.49499
1.45151
1.40803
1.36456
1.32108
1.2776
1.23412
1.21611
1.1981
1.18009
1.16208
1.14407
1.12606
1.10806
1.09005
1.07204
1.05403
1.03602
1.01801
1
1
1
1
1
1
1
1
1
1
1
1
1
1
1.01801
1.03602
1.05403
1.07204
1.09005
1.10806
1.12606
1.14407
1.16208
1.16208
1.14407
1.12606
1.10806
1.09005
1.07204
1.05403
1.03602
1.01801
1
1
1
1
1
1
1
1
1
1
1
1
1.16208
1.14407
1.12606
1.10806
1.09005
1.07204
1.05403
1.03602
1.01801
1
1
1
1
1
1
1
1.09005
1.07204
1.05403
1.03602
1.01801
1
1
1
1
1
1
1
1
1
1
1
1
1
1
1
1
1
1
1
1
1
1
1
1
1
1
1
1
1
1
1
1
1
1
1
1
1
1
1
1
1
1
1
1
1
1
1
1
1.01883
1.03766
1.05648
1.07531
1.09414
1
1
1
1
1
1
1
1
1
1
1.01883
1.03766
1.05648
1.07531
1.09414
1.11297
1.1318
1.15062
1.16945
1.18828
1.20711
1.18828
1.16945
1.15062
1.1318
1.11297
1.09414
1.07531
1.05648
1.03766
1.01883
1
1
1
1
1
1
1
1
1.41555
1.3701
1.32464
1.27919
1.23373
1.18828
1.16945
1.15062
1.1318
1.11297
1.09414
1.07531
1.05648
1.03766
1.01883
1
1
1
1
1
1
1
1
1
1
1
1
1
1
1
1
1
1
1
1
1
1
1
1
1
1
1
1
2.49866
2.45321
2.40775
2.3623
2.31684
2.27139
2.22593
2.18048
2.13503
2.08957
2.04412
1.99866
1.95321
1.90775
1.8623
1.81684
1.77139
1.72593
1.68048
1.63503
1.58957
1.54412
1.49866
1.45321
1.40775
1.3623
1.31684
1.27139
1.22593
1.20711
1.18828
1.16945
1.15062
1.1318
1.11297
1.09414
1.07531
1.05648
1.03766
1.01883
1
1
1
1
1
1
1
1
1
1
1
1
1
1
1
1
1
1
1.01883
1.03766
1.05648
1.07531
1.09414
1.11297
1.1318
1.15062
1.16945
1.16945
1.15062
1.1318
1.11297
1.09414
1.07531
1.05648
1.03766
1.01883
1
1
1
1
1
1
1
1
1
1
1
1
1
1
1
1
1
1
1.15062
1.1318
1.11297
1.09414
1.07531
1.05648
1.03766
1.01883
1
1
1
1
1
1
1
1
1
1.09414
1.07531
1.05648
1.03766
1.01883
1
1
1
1
1
1
1
1
1
1
1
1
1
1
1
1
1
1
1
1
1
1
1
1
1
1
1
1
1
1
1
1
1
1
1
1
1
1
1
1
1
1
1
1
1
1
1
1
1
1
1
1
1.01972
1.03945
1.05917
1.0789
1
1
1
1
1
1
1
1
1
1
1
1.01972
1.03945
1.05917
1.0789
1.09862
1.11835
1.13807
1.1578
1.17752
1.19724
1.21697
1.19724
1.17752
1.1578
1.13807
1.11835
1.09862
1.0789
1.05917
1.03945
1.01972
1
1
1
1
1
1
1
1
1.32038
1.27276
1.22514
1.17752
1.1578
1.13807
1.11835
1.09862
1.0789
1.05917
1.03945
1.01972
1
1
1
1
1
1
1
1
1
1
1
1
1
1
1
1
1
1
1
1
1
1
1
1
1
1
1
1
1
2.35983
2.31221
2.26459
2.21697
2.16935
2.12173
2.07411
2.02649
1.97887
1.93125
1.88364
1.83602
1.7884
1.74078
1.69316
1.64554
1.59792
1.5503
1.50268
1.45506
1.40744
1.35983
1.31221
1.26459
1.21697
1.19724
1.17752
1.1578
1.13807
1.11835
1.09862
1.0789
1.05917
1.03945
1.01972
1
1
1
1
1
1
1
1
1
1
1
1
1
1
1
1
1
1
1
1.01972
1.03945
1.05917
1.0789
1.09862
1.11835
1.13807
1.1578
1.17752
1.17752
1.1578
1.13807
1.11835
1.09862
1.0789
1.05917
1.03945
1.01972
1
1
1
1
1
1
1
1
1
1
1
1
1
1
1
1
1
1
1
1
1
1
1
1.13807
1.11835
1.09862
1.0789
1.05917
1.03945
1.01972
1
1
1
1
1
1
1
1
1
1.0789
1.05917
1.03945
1.01972
1
1
1
1
1
1
1
1
1
1
1
1
1
1
1
1
1
1
1
1
1
1
1
1
1
1
1
1
1
1
1
1
1
1
1
1
1
1
1
1
1
1
1
1
1
1
1
1
1
1
1
1
1
1
1
1
1.02071
1.04142
1.06213
1.08284
1
1
1
1
1
1
1
1
1
1
1
1.02071
1.04142
1.06213
1.08284
1.10355
1.12426
1.14497
1.16569
1.1864
1.20711
1.25711
1.20711
1.1864
1.16569
1.14497
1.12426
1.10355
1.08284
1.06213
1.04142
1.02071
1
1
1
1
1
1
1
1
1.36569
1.31569
1.26569
1.21569
1.16569
1.14497
1.12426
1.10355
1.08284
1.06213
1.04142
1.02071
1
1
1
1
1
1
1
1
1
1
1
1
1
1
1
1
1
1
1
1
1
1
1
1
1
1
1
1
1
2.45711
2.40711
2.35711
2.30711
2.25711
2.20711
2.15711
2.10711
2.05711
2.00711
1.95711
1.90711
1.85711
1.80711
1.75711
1.70711
1.65711
1.60711
1.55711
1.50711
1.45711
1.40711
1.35711
1.30711
1.25711
1.20711
1.1864
1.16569
1.14497
1.12426
1.10355
1.08284
1.06213
1.04142
1.02071
1
1
1
1
1
1
1
1
1
1
1
1
1
1
1
1
1
1
1
1.02071
1.04142
1.06213
1.08284
1.10355
1.12426
1.14497
1.16569
1.1864
1.1864
1.16569
1.14497
1.12426
1.10355
1.08284
1.06213
1.04142
1.02071
1
1
1
1
1
1
1
1
1
1
1
1
1
1
1
1
1
1
1
1
1
1
1
1.14497
1.12426
1.10355
1.08284
1.06213
1.04142
1.02071
1
1
1
1
1
1
1
1
1
1.08284
1.06213
1.04142
1.02071
1
1
1
1
1
1
1
1
1
1
1
1
1
1
1
1
1
1
1
1
1
1
1
1
1
1
1
1
1
1
1
1
1
1
1
1
1
1
1
1
1
1
1
1
1
1
1
1
1
1
1
1
1
1
1
1
1.0218
1.0436
1.0654
1
1
1
1
1
1
1
1
1
1
1
1
1
1.0218
1.0436
1.0654
1.0872
1.109
1.1308
1.1526
1.17441
1.19621
1.24884
1.30147
1.24884
1.19621
1.17441
1.1526
1.1308
1.109
1.0872
1.0654
1.0436
1.0218
1
1
1
1
1
1
1
1
1.36313
1.3105
1.25787
1.20524
1.1526
1.1308
1.109
1.0872
1.0654
1.0436
1.0218
1
1
1
1
1
1
1
1
1
1
1
1
1
1
1
1
1
1
1
1
1
1
1
1
1
1
1
1
1
1
1.93305
1.88042
1.82779
1.77515
1.72252
1.66989
1.61726
1.56463
1.512
1.45936
1.40673
1.3541
1.30147
1.24884
1.19621
1.17441
1.1526
1.1308
1.109
1.0872
1.0654
1.0436
1.0218
1
1
1
1
1
1
1
1
1
1
1
1
1
1
1
1
1
1
1
1
1
1.0218
1.0436
1.0654
1.0872
1.109
1.1308
1.1526
1.17441
1.19621
1.21801
1.17441
1.1526
1.1308
1.109
1.0872
1.0654
1.0436
1.0218
1
1
1
1
1
1
1
1
1
1
1
1
1
1
1
1
1
1
1
1
1
1
1
1
1
1
1
1
1.1308
1.109
1.0872
1.0654
1.0436
1.0218
1
1
1
1
1
1
1
1
1
1
1.0872
1.0654
1.0436
1.0218
1
1
1
1
1
1
1
1
1
1
1
1
1
1
1
1
1
1
1
1
1
1
1
1
1
1
1
1
1
1
1
1
1
1
1
1
1
1
1
1
1
1
1
1
1
1
1
1
1
1
1
1
1
1
1
1
1
1
1.02301
1.04602
1.10158
1
1
1
1
1
1
1
1
1
1
1
1
1
1
1.02301
1.04602
1.06904
1.09205
1.11506
1.13807
1.16108
1.18409
1.23965
1.29521
1.35076
1.29521
1.23965
1.18409
1.16108
1.13807
1.11506
1.09205
1.06904
1.04602
1.02301
1
1
1
1
1
1
1
1
1
1
1.30474
1.24918
1.19363
1.13807
1.11506
1.09205
1.06904
1.04602
1.02301
1
1
1
1
1
1
1
1
1
1
1
1
1
1
1
1
1
1
1
1
1
1
1
1
1
1
1
1
1
1
1
1
1
1
1.40632
1.35076
1.29521
1.23965
1.18409
1.16108
1.13807
1.11506
1.09205
1.06904
1.04602
1.02301
1
1
1
1
1
1
1
1
1
1
1
1
1
1
1
1
1
1
1
1
1
1
1.02301
1.04602
1.06904
1.09205
1.11506
1.13807
1.16108
1.18409
1.20711
1.26266
1.21664
1.16108
1.13807
1.11506
1.09205
1.06904
1.04602
1.02301
1
1
1
1
1
1
1
1
1
1
1
1
1
1
1
1
1
1
1
1
1
1
1
1
1
1
1
1
1
1
1.17061
1.11506
1.09205
1.06904
1.04602
1.02301
1
1
1
1
1
1
1
1
1
1
1.06904
1.04602
1.02301
1
1
1
1
1
1
1
1
1
1
1
1
1
1
1
1
1
1
1
1
1
1
1
1
1
1
1
1
1
1
1
1
1
1
1
1
1
1
1
1
1
1
1
1
1
1
1
1
1
1
1
1
1
1
1
1
1
1
1
1
1.02437
1
1
1
1
1
1
1
1
1
1
1
1
1
1
1.02437
1.04873
1.0731
1.09746
1.12183
1.14619
1.17056
1.22938
1.28821
1.34703
1.40585
1.34703
1.28821
1.22938
1.17056
1.14619
1.12183
1.09746
1.0731
1.04873
1.02437
1
1
1
1
1
1
1
1
1
1
1.23947
1.18065
1.12183
1.09746
1.0731
1.04873
1.02437
1
1
1
1
1
1
1
1
1
1
1
1
1
1
1
1
1
1
1
1
1
1
1
1
1
1
1
1
1
1
1
1
1
1
1.28821
1.22938
1.17056
1.14619
1.12183
1.09746
1.0731
1.04873
1.02437
1
1
1
1
1
1
1
1
1
1
1
1
1
1
1
1
1
1
1
1
1
1
1
1
1.02437
1.04873
1.0731
1.09746
1.12183
1.14619
1.17056
1.19492
1.25375
1.31257
1.26384
1.20502
1.14619
1.12183
1.09746
1.0731
1.04873
1.02437
1
1
1
1
1
1
1
1
1
1
1
1
1
1
1
1
1
1
1
1
1
1
1
1
1
1
1
1
1
1
1
1
1.09746
1.0731
1.04873
1.02437
1
1
1
1
1
1
1
1
1
1
1
1.0731
1.04873
1.02437
1
1
1
1
1
1
1
1
1
1
1
1
1
1
1
1
1
1
1
1
1
1
1
1
1
1
1
1
1
1.02589
1
1
1
1
1
1
1
1
1
1
1
1
1
1
1
1
1
1
1
1
1
1
1
1
1
1
1
1
1
1
1
1
1.02589
1
1
1
1
1
1
1
1
1
1
1
1
1
1
1
1.02589
1.05178
1.07766
1.10355
1.12944
1.15533
1.21783
1.28033
1.34283
1.40533
1.46783
1.40533
1.34283
1.28033
1.21783
1.15533
1.12944
1.10355
1.07766
1.05178
1.02589
1
1
1
1
1
1
1
1
1
1
1.16605
1.10355
1.07766
1.05178
1.02589
1
1
1
1
1
1
1
1
1
1
1
1
1
1
1
1
1
1
1
1
1
1
1
1
1
1
1
1
1
1
1
1
1
1
1
1.21783
1.15533
1.12944
1.10355
1.07766
1.05178
1.02589
1
1
1
1
1
1
1
1
1
1
1
1
1
1
1
1
1
1
1
1
1
1
1
1
1.02589
1.05178
1.07766
1.10355
1.12944
1.15533
1.18122
1.24372
1.30622
1.36872
1.31694
1.25444
1.19194
1.12944
1.10355
1.07766
1.05178
1.02589
1
1
1
1
1
1
1
1
1
1
1
1
1
1
1
1
1
1
1
1
1
1
1
1
1
1
1
1
1
1
1
1
1.07766
1.05178
1.02589
1
1
1
1
1
1
1
1
1
1
1
1.11428
1.05178
1.02589
1
1
1
1
1
1
1
1
1
1
1
1
1
1
1
1
1
1
1
1
1
1
1
1
1
1
1
1
1
1
1.02761
1
1
1
1
1
1
1
1
1
1
1
1
1
1
1
1
1
1
1
1
1
1
1
1
1
1
1
1
1
1
1
1
1.02761
1
1
1
1
1
1
1
1
1
1
1
1
1
1
1
1
1.02761
1.05523
1.08284
1.11046
1.13807
1.20474
1.2714
1.20474
1.13807
1.11046
1.08284
1.05523
1.02761
1
1
1
1
1
1
1
1
1
1
1.08284
1.05523
1.02761
1
1
1
1
1
1
1
1
1
1
1
1
1
1
1
1
1
1
1
1
1
1
1
1
1
1
1
1
1
1
1
1
1
1
1
1.13807
1.11046
1.08284
1.05523
1.02761
1
1
1
1
1
1
1
1
1
1
1
1
1
1
1
1
1
1
1
1
1
1
1
1
1
1
1.02761
1.05523
1.08284
1.11046
1.13807
1.16569
1.23235
1.29902
1.36569
1.43235
1.37712
1.31046
1.24379
1.17712
1.11046
1.08284
1.05523
1.02761
1
1
1
1
1
1
1
1
1
1
1
1
1
1
1
1
1
1
1
1
1
1
1
1
1
1
1
1
1
1
1
1
1
1
1
1.08284
1.05523
1.02761
1
1
1
1
1
1
1
1
1
1
1
1.02761
1
1
1
1
1
1
1
1
1
1
1
1
1
1
1
1
1
1
1
1
1
1
1
1
1
1
1
1
1
1
1
1
1.02959
1
1
1
1
1
1
1
1
1
1
1
1
1
1
1
1
1
1
1
1
1
1
1
1
1
1
1
1
1
1
1
1
1
1
1
1
1
1
1
1
1
1
1
1
1
1
1
1
1
1
1.02959
1.05917
1.08876
1.11835
1.11835
1.08876
1.05917
1.02959
1
1
1
1
1
1
1
1
1
1
1.05917
1.02959
1
1
1
1
1
1
1
1
1
1
1
1
1
1
1
1
1
1
1
1
1
1
1
1
1
1
1
1
1
1
1
1
1
1
1
1
1
1.11835
1.08876
1.05917
1.02959
1
1
1
1
1
1
1
1
1
1
1
1
1
1
1
1
1
1
1
1
1
1
1
1
1
1
1.02959
1.05917
1.08876
1.11835
1.14793
1.21936
1.23162
1.16019
1.08876
1.05917
1.02959
1
1
1
1
1
1
1
1
1
1
1
1
1
1
1
1
1
1
1
1
1
1
1
1
1
1
1
1
1
1
1
1
1
1
1
1
1.05917
1.02959
1
1
1
1
1
1
1
1
1
1
1
1.02959
1
1
1
1
1
1
1
1
1
1
1
1
1
1
1
1
1
1
1
1
1
1
1
1
1
1
1
1
1
1
1
1
1.03186
1
1
1
1
1
1
1
1
1
1
1
1
1
1
1
1
1
1
1
1
1
1
1
1
1
1
1
1
1
1
1
1
1
1
1
1
1
1
1
1
1
1
1
1
1
1
1
1
1
1
1.03186
1.06373
1.09559
1.09559
1.06373
1.03186
1
1
1
1
1
1
1
1
1
1
1.06373
1.03186
1
1
1
1
1
1
1
1
1
1
1
1
1
1
1
1
1
1
1
1
1
1
1
1
1
1
1
1
1
1
1
1
1
1
1
1
1
1
1
1
1
1
1
1
1
1.09559
1.06373
1.03186
1
1
1
1
1
1
1
1
1
1
1
1
1
1
1
1
1
1
1
1
1
1
1
1
1
1
1.03186
1.06373
1.09559
1.12745
1.06373
1.03186
1
1
1
1
1
1
1
1
1
1
1
1
1
1
1
1
1
1
1
1
1
1
1
1
1
1
1
1
1
1
1
1
1
1
1
1
1
1
1.06373
1.03186
1
1
1
1
1
1
1
1
1
1
1
1
1.03186
1
1
1
1
1
1
1
1
1
1
1
1
1
1
1
1
1
1
1
1
1
1
1
1
1
1
1
1
1
1
1
1
1
1
1
1
1
1
1.03452
1
1
1
1
1
1
1
1
1
1
1
1
1
1
1
1
1
1
1
1
1
1
1
1
1
1
1
1
1
1
1
1
1
1
1
1
1
1
1
1
1
1
1
1
1
1
1
1
1
1
1.03452
1.06904
1.15237
1.15237
1.06904
1.03452
1
1
1
1
1
1
1
1
1
1
1.06904
1.03452
1
1
1
1
1
1
1
1
1
1
1
1
1
1
1
1
1
1
1
1
1
1
1
1
1
1
1
1
1
1
1
1
1
1
1
1
1
1
1
1
1
1
1
1
1
1.10355
1.06904
1.03452
1
1
1
1
1
1
1
1
1
1
1
1
1
1
1
1
1
1
1
1
1
1
1
1
1
1
1.03452
1.06904
1.10355
1.13807
1.06904
1.03452
1
1
1
1
1
1
1
1
1
1
1
1
1
1
1
1
1
1
1
1
1
1
1
1
1
1
1
1
1
1
1
1
1
1
1
1
1
1
1.06904
1.03452
1
1
1
1
1
1
1
1
1
1
1
1
1.03452
1
1
1
1
1
1
1
1
1
1
1
1
1
1
1
1
1
1
1
1
1
1
1
1
1
1
1
1
1
1
1
1
1
1
1
1
1
1
1.03766
1
1
1
1
1
1
1
1
1
1
1
1
1
1
1
1
1
1
1
1
1
1
1
1
1
1
1
1
1
1
1
1
1
1
1
1
1
1
1
1
1
1
1
1
1
1
1
1
1
1
1.03766
1.12856
1.03766
1
1
1
1
1
1
1
1
1
1
1.03766
1
1
1
1
1
1
1
1
1
1
1
1
1
1
1
1
1
1
1
1
1
1
1
1
1
1
1
1
1
1
1
1
1
1
1
1
1
1
1
1
1
1
1
1
1
1
1
1.07531
1.03766
1
1
1
1
1
1
1
1
1
1
1
1
1
1
1
1
1
1
1
1
1
1
1
1
1
1
1
1.03766
1.07531
1.11297
1.03766
1
1
1
1
1
1
1
1
1
1
1
1
1
1
1
1
1
1
1
1
1
1
1
1
1
1
1
1
1
1
1
1
1
1
1
1
1
1
1.07531
1.03766
1
1
1
1
1
1
1
1
1
1
1
1
1.03766
1
1
1
1
1
1
1
1
1
1
1
1
1
1
1
1
1
1
1
1
1
1
1
1
1
1
1
1
1
1
1
1
1
1
1
1
1
1
1
1
1
1.04142
1
1
1
1
1
1
1
1
1
1
1
1
1
1
1
1
1
1
1
1
1
1
1
1
1
1
1
1
1
1
1
1
1
1
1
1
1
1
1
1
1
1
1
1
1
1
1
1
1
1
1
1
1
1
1
1
1
1
1
1
1
1.04142
1
1
1
1
1
1
1
1
1
1
1
1
1
1
1
1
1
1
1
1
1
1
1
1
1
1
1
1
1
1
1
1
1
1
1
1
1
1
1
1
1
1
1
1
1
1
1
1
1
1
1.14142
1.04142
1
1
1
1
1
1
1
1
1
1
1
1
1
1
1
1
1
1
1
1
1
1
1
1
1
1
1
1.04142
1.08284
1.04142
1
1
1
1
1
1
1
1
1
1
1
1
1
1
1
1
1
1
1
1
1
1
1
1
1
1
1
1
1
1
1
1
1
1
1
1
1
1
1.14142
1.04142
1
1
1
1
1
1
1
1
1
1
1
1
1.04142
1
1
1
1
1
1
1
1
1
1
1
1
1
1
1
1
1
1
1
1
1
1
1
1
1
1
1
1
1
1
1
1
1
1
1
1
1
1
1
1
1
1
1
1
1.04602
1
1
1
1
1
1
1
1
1
1
1
1
1
1
1
1
1
1
1
1
1
1
1
1
1
1
1
1
1
1
1
1
1
1
1
1
1
1
1
1
1
1
1
1
1
1
1
1
1
1
1
1
1
1
1
1
1
1
1
1
1
1
1
1
1
1
1
1
1
1
1
1
1
1
1
1
1
1
1
1
1
1
1
1
1
1
1
1
1
1
1
1
1
1
1
1
1
1
1
1
1
1
1
1
1
1
1
1
1
1
1
1
1
1
1
1
1
1
1
1
1
1
1
1
1
1
1
1
1
1
1
1
1
1
1
1
1
1
1
1.04602
1.15713
1
1
1
1
1
1
1
1
1
1
1
1
1
1
1
1
1
1
1
1
1
1
1
1
1
1
1
1
1
1
1
1
1
1
1
1
1
1
1
1
1
1
1
1
1
1
1
1
1
1
1
1.04602
1
1
1
1
1
1
1
1
1
1
1
1
1
1
1
1
1
1
1
1
1
1
1
1
1
1
1
1
1
1
1
1
1
1
1
1
1
1
1
1
1
1
1
1
1
1
1
1
1
1
1
1
1
1
1
1
1
1
1
1
1
1
1
1
1
1
1
1
1
1
1
1
1
1
1
1
1
1
1
1
1
1
1
1
1
1
1
1
1
1
1
1
1
1
1
1
1
1
1
1
1
1
1
1
1
1
1
1
1
1
1
1
1
1
1
1
1
1
1
1
1
1
1
1
1
1
1
1
1
1
1
1
1
1
1
1
1
1
1
1
1
1
1
1
1
1
1
1
1
1
1
1
1
1
1
1
1
1
1
1
1
1
1
1
1
1
1
1
1
1
1
1
1
1
1
1
1
1
1
1
1
1
1
1
1
1
1
1
1
1
1
1
1
1
1
1
1
1
1
1
1
1
1
1
1
1
1
1
1
1
1
1
1
1
1
1
1
1
1
1
1
1
1
1
1
1
1
1
1
1
1
1
1
1
1
1.05178
1
1
1
1
1
1
1
1
1
1
1
1
1
1
1
1
1
1
1
1
1
1
1
1
1
1
1
1
1
1
1
1
1
1
1
1
1
1
1
1
1
1
1
1
1
1
1
1
1
1
1
1
1
1
1
1
1
1
1
1
1
1
1
1
1
1
1
1
1
1
1
1
1
1
1
1
1
1
1
1
1
1
1
1
1
1
1
1
1
1
1
1
1
1
1
1
1
1
1
1
1
1
1
1
1
1
1
1
1
1
1
1
1
1
1
1
1
1
1
1
1
1
1
1
1
1
1
1
1
1
1
1
1
1
1
1
1
1
1
1
1
1
1
1
1
1
1
1
1
1
1
1
1
1
1
1
1
1
1
1
1
1
1
1
1
1
1
1
1
1
1
1
1
1
1
1
1
1
1
1
1
1
1
1
1
1
1
1
1
1
1
1
1
1
1
1
1
1
1
1
1
1
1
1
1
1
1
1
1
1
1
1
1
1
1
1
1
1
1
1
1
1
1
1
1
1
1
1
1
1
1
1
1
1
1
1
1
1
1
1
1
1
1
1
1
1
1
1
1
1
1
1
1
1
1
1
1
1
1
1
1
1
1
1
1
1
1
1
1
1
1
1
1
1
1
1
1
1
1
1
1
1
1
1
1
1
1
1
1
1
1
1
1
1
1
1
1
1
1
1
1
1
1
1
1
1
1
1
1
1
1
1
1
1
1
1
1
1
1
1
1
1
1
1
1
1
1
1
1
1
1
1
1
1
1
1
1
1
1
1
1
1
1
1
1
1
1
1
1
1
1
1
1
1
1
1
1
1
1
1
1
1
1
1
1
1
1
1
1
1
1
1
1
1
1
1
1
1
1
1
1
1
1
1
1
1
1
1
1
1
1
1
1
1
1
1
1
1
1
1
1
1
1
1
1
1
1
1
1
1
1
1
1
1
1
1
1
1
1
1
1
1
1
1
1
1
1
1
1
1
1
1
1
1
1
1
1
1
1
1
1
1
1
1
1
1
1
1
1
1
1
1
1
1
1
1
1
1
1
1
1
1
1
1
1
1
1
1
1
1
1
1
1
1
1
1
1
1
1
1
1
1
1
1
1
1
1
1
1
1
1
1
1
1
1
1
1
1
1
1
1
1
1
1
1
1
1
1
1
1
1
1
1
1
1
1
1
1
1
1
1
1
1
1
1
1
1
1
1
1
1
1
1
1
1
1
1
1
1
1
1
1
1
1
1
1
1
1
1
1
1
1
1
1
1
1
1
1
1
1
1
1
1
1
1
1
1
1
1
1
1
1
1
1
1
1
1
1
1
1
1
1
1
1
1
1
1
1
1
1
1
1
1
1
1
1
1
1
1
1
1
1
1
1
1
1
1
1
1
1
1
1
1
1
1
1
1
1
1
1
1
1
1
1
1
1
1
1
1
1
1
1
1
1
1
1
1
1
1
1
1
1
1
1
1
1
1
1
1
1
1
1
1
1
1
1
1
1
1
1
1
1
1
1
1
1
1
1
1
1
1
1
1
1
1
1
1
1
1
1
1
1
1
1
1
1
1
1
1
1
1
1
1
1
1
1
1
1
1
1
1
1
1
1
1
1
1
1
1
1
1
1
1
1
1
1
1
1
1
1
1
1
1
1
1
1
1
1
1
1
1
1
1
1
1
1
1
1
1
1
1
1
1
1
1
1
1
1
1
1
1
1
1
1
1
1
1
1
1
1
1
1
1
1
1
1
1
1
1
1
1
1
1
1
1
1
1
1
1
1
1
1
1
1
1
1
1
1
1
1
1
1
1
1
1
1
1
1
1
1
1
1
1
1
1
1
1
1
1
1
1
1
1
1
1
1
1
1
1
1
1
1
1
1
1
1
1
1
1
1
1
1
1
1
1
1
1
1
1
1
1
1
1
1
1
1
1
1
1
1
1
1
1
1
1
1
1
1
1
1
1
1
1
1
1
1
1
1
1
1
1
1
1
1
1
1
1
1
1
1
1
1
1
1
1
1
1
1
1
1
1
1
1
1
1
1
1
1
1
1
1
1
1
1
1
1
1
1
1
1
1
1
1
1
1
1
1
1
1
1
1
1
1
1
1
1
1
1
1
1
1
1
1
1
1
1
1
1
1
1
1
1
1
1
1
1
1
1
1
1
1
1
1
1
1
1
1
1
1
1
1
1
1
1
1
1
1
1
1
1
1
1
1
1
1
1
1
1
1
1
1
1
1
1
1
1
1
1
1
1
1
1
1
1
1
1
1
1
1
1
1
1
1
1
1
1
1
1
1
1
1
1
1
1
1
1
1
1
1
1
1
1
1
1
1
1
1
1
1
1
1
1
1
1
1
1
1
1
1
1
1
1
1
1
1
1
1
1
1
1
1
1
1
1
1
1
1
1
1
1
1
1
1
1
1
1
1
1
1
1
1
1
1
1
1
1
1
1
1
1
1
1
1
1
1
1
1
1
1
1
1
1
1
1
1
1
1
1
1
1
1
1
1
1
1
1
1
1
1
1
1
1
1
1
1
1
1
1
1
1
1
1
1
1
1
1
1
1
1
1
1
1
1
1
1
1
1
1
1
1
1
1
1
1
1
1
1
1
1
1
1
1
1
1
1
1
1
1
1
1
1
1
1
1
1
1
1
1
1
1
1
1
1
1
1
1
1
1
1
1
1
1
1
1
1
1
1
1
1
1
1
1
1
1
1
1
1
1
1
1
1
1
1
1
1
1
1
1
1
1
1
1
1
1
1
1
1
1
1
1
1
1
1
1
1
1
1
1
1
1
1
1
1
1
1
1
1
1
1
1
1
1
1
1
1
1
1
1
1
1
1
1
1
1
1
1
1
1
1
1
1
1
1
1
1
1
1
1
1
1
1
1
1
1
1
1
1
1
1
1
1
1
1
1
1
1
1
1
1
1
1
1
1
1
1
1
1
1
1
1
1
1
1
1
1
1
1
1
1
1
1
1
1
1
1
1
1
1
1
1
1
1
1
1
1
1
1
1
1
1
1
1
1
1
1
1
1
1
1
1
1
1
1
1
1
1
1
1
1
1
1
1
1
1
1
1
1
1
1
1
1
1
1
1
1
1
1
1
1
1
1
1
1
1
1
1
1
1
1
1
1
1
1
1
1
1
1
1
1
1
1
1
1
1
1
1
1
1
1
1
1
1
1
1
1
1
1
1
1
1
1
1
1
1
1
1
1
1
1
1
1
1
1
1
1
1
1
1
1
1
1
1
1
1
1
1
1
1
1
1
1
1
1
1
1
1
1
1
1
1
1
1
1
1
1
1
1
1
1
1
1
1
1
1
1
1
1
1
1
1
1
1
1
1
1
1
1
1
1
1
1
1
1
1
1
1
1
1
1
1
1
1
1
1
1
1
1
1
1
1
1
1
1
1
1
1
1
1
1
1
1
1
1
1
1
1
1
1
1
1
1
1
1
1
1
1
1
1
1
1
1
1
1
1
1
1
1
1
1
1
1
1
1
1
1
1
1
1
1
1
1
1
1
1
1
1
1
1
1
1
1
1
1
1
1
1
1
1
1
1
1
1
1
1
1
1
1
1
1
1
1
1
1
1
1
1
1
1
1
1
1
1
1
1
1
1
1
1
1
1
1
1
1
1
1
1
1
1
1
1
1
1
1
1
1
1
1
1
1
1
1
1
1
1
1
1
1
1
1
1
1
1
1
1
1
1
1
1
1
1
1
1
1
1
1
1
1
1
1
1
1
1
1
1
1
1
1
1
1
1
1
1
1
1
1
1
1
1
1
1
1
1
1
1
1
1
1
1
1
1
1
1
1
1
1
1
1
1
1
1
1
1
1
1
1
1
1
1
1
1
1
1
1
1
1
1
1
1
1
1
1
1
1
1
1
1
1
1
1
1
1
1
1
1
1
1
1
1
1
1
1
1
1
1
1
1
1
1
1
1
1
1
1
1
1
1
1
1
1
1
1
1
1
1
1
1
1
1
1
1
1
1
1
1
1
1
1
1
1
1
1
1
1
1
1
1
1
1
1
1
1
1
1
1
1
1
1
1
1
1
1
1
1
1
1
1
1
1
1
1
1
1
1
1
1
1
1
1
1
1
1
1
1
1
1
1
1
1
1
1
1
1
1
1
1
1
1
1
1
1
1
1
1
1
1
1
1
1
1
1
1
1
1
1
1
1
1
1
1
1
1
1
1
1
1
1
1
1
1
1
1
1
1
1
1
1
1
1
1
1
1
1
1
1
1
1
1
1
1
1
1
1
1
1
1
1
1
1
1
1
1
1
1
1
1
1
1
1
1
1
1
1
1
1
1
1
1
1
1
1
1
1
1
1
1
1
1
1
1
1
1
1
1
1
1
1
1
1
1
1
1
1
1
1
1
1
1
1
1
1
1
1
1
1
1
1
1
1
1
1
1
1
1
1
1
1
1
1
1
1
1
1
1
1
1
1
1
1
1
1
1
1
1
1
1
1
1
1
1
1
1
1
1
1
1
1
1
1
1
1
1
1
1
1
1
1
1
1
1
1
1
1
1
1
1
1
1
1
1
1
1
1
1
1
1
1
1
1
1
1
1
1
1
1
1
1
1
1
1
1
1
1
1
1
1
1
1
1
1
1
1
1
1
1
1
1
1
1
1
1
1
1
1
1
1
1
1
1
1
1
1
1
1
1
1
1
1
1
1
1
1
1
1
1
1
1
1
1
1
1
1
1
1
1
1
1
1
1
1
1
1
1
1
1
1
1
1
1
1
1
1
1
1
1
1
1
1
1
1
1
1
1
1
1
1
1
1
1
1
1
1
1
1
1
1
1
1
1
1
1
1
1
1
1
1
1
1
1
1
1
1
1
1
1
1
1
1
1
1
1
1
1
1
1
1
1
1
1
1
1
1
1
1
1
1
1
1
1
1
1
1
1
1
1
1
1
1
1
1
1
1
1
1
1
1
1
1
1
1
1
1
1
1
1
1
1
1
1
1
1
1
1
1
1
1
1
1
1
1
1
1
1
1
1
1
1
1
1
1
1
1
1
1
1
1
1
1
1
1
1
1
1
1
1
1
1
1
1
1
1
1
1
1
1
1
1
1
1
1
1
1
1
1
1
1
1
1
1
1
1
1
1
1
1
1
1
1
1
1
1
1
1
1
1
1
1
1
1
1
1
1
1
1
1
1
1
1
1
1
1
1
1
1
1
1
1
1
1
1
1
1
1
1
1
1
1
1
1
1
1
1
1
1
1
1
1
1
1
1
1
1
1
1
1
1
1
1
1
1
1
1
1
1
1
1
1
1
1
1
1
1
1
1
1
1
1
1
1
1
1
1
1
1
1
1
1
1
1
1
1
1
1
1
1
1
1
1
1
1
1
1
1
1
1
1
1
1
1
1
1
1
1
1
1
1
1
1
1
1
1
1
1
1
1
1
1
1
1
1
1
1
1
1
1
1
1
1
1
1
1
1
1
1
1
1
1
1
1
1
1
1
1
1
1
1
1
1
1
1
1
1
1
1
1
1
1
1
1
1
1
1
1
1
1
1
1
1
1
1
1
1
1
1
1
1
1
1
1
1
1
1
1
1
1
1
1
1
1
1
1
1
1
1
1
1
1
1
1
1
1
1
1
1
1
1
1
1
1
1
1
1
1
1
1
1
1
1
1
1
1
1
1
1
1
1
1
1
1
1
1
1
1
1
1
1
1
1
1
1
1
1
1
1
1
1
1
1
1
1
1
1
1
1
1
1
1
1
1
1
1
1
1
1
1
1
1
1
1
1
1
1
1
1
1
1
1
1
1
1
1
1
1
1
1
1
1
1
1
1
1
1
1
1
1
1
1
1
1
1
1
1
1
1
1
1
1
1
1
1
1
1
1
1
1
1
1
1
1
1
1
1
1
1
1
1
1
1
1
1
1
1
1
1
1
1
1
1
1
1
1
1
1
1
1
1
1
1
1
1
1
1
1
1
1
1
1
1
1
1
1
1
1
1
1
1
1
1
1
1
1
1
1
1
1
1
1
1
1
1
1
1
1
1
1
1
1
1
1
1
1
1
1
1
1
1
1
1
1
1
1
1
1
1
1
1
1
1
1
1
1
1
1
1
1
1
1
1
1
1
1
1
1
1
1
1
1
1
1
1
1
1
1
1
1
1
1
1
1
1
1
1
1
1
1
1
1
1
1
1
1
1
1
1
1
1
1
1
1
1
1
1
1
1
1
1
1
1
1
1
1
1
1
1
1
1
1
1
1
1
1
1
1
1
1
1
1
1
1
1
1
1
1
1
1
1
1
1
1
1
1
1
1
1
1
1
1
1
1
1
1
1
1
1
1
1
1
1
1
1
1
1
1
1
1
1
1
1
1
1
1
1
1
1
1
1
1
1
1
1
1
1
1
1
1
1
1
1
1
1
1
1
1
1
1
1
1
1
1
1
1
1
1
1
1
1
1
1
1
1
1
1
1
1
1
1
1
1
1
1
1
1
1
1
1
1
1
1
1
1
1
1
1
1
1
1
1
1
1
1
1
1
1
1
1
1
1
1
1
1
1
1
1
1
1
1
1
1
1
1
1
1
1
1
1
1
1
1
1
1
1
1
1
1
1
1
1
1
1
1
1
1
1
1
1
1
1
1
1
1
1
1
1
1
1
1
1
1
1
1
1
1
1
1
1
1
1
1
1
1
1
1
1
1
1
1
1
1
1
1
1
1
1
1
1
1
1
1
1
1
1
1
1
1
1
1
1
1
1
1
1
1
1
1
1
1
1
1
1
1
1
1
1
1
1
1
1
1
1
1
1
1
1
1
1
1
1
1
1
1
1
1
1
1
1
1
1
1
1
1
1
1
1
1
1
1
1
1
1
1
1
1
1
1
1
1
1
1
1
1
1
1
1
1
1
1
1
1
1
1
1
1
1
1
1
1
1
1
1
1
1
1
1
1
1
1
1
1
1
1
1
1
1
1
1
1
1
1
1
1
1
1
1
1
1
1
1
1
1
1
1
1
1
1
1
1
1
1
1
1
1
1
1
1
1
1
1
1
1
1
1
1
1
1
1
1
1
1
1
1
1
1
1
1
1
1
1
1
1
1
1
1
1
1
1
1
1
1
1
1
1
1
1
1
1
1
1
1
1
1
1
1
1
1
1
1
1
1
1
1
1
1
1
1
1
1
1
1
1
1
1
1
1
1
1
1
1
1
1
1
1
1
1
1
1
1
1
1
1
1
1
1
1
1
1
1
1
1
1
1
1
1
1
1
1
1
1
1
1
1
1
1
1
1
1
1
1
1
1
1
1
1
1
1
1
1
1
1
1
1
1
1
1
1
1
1
1
1
1
1
1
1
1
1
1
1
1
1
1
1
1
1
1
1
1
1
1
1
1
1
1
1
1
1
1
1
1
1
1
1
1
1
1
1
1
1
1
1
1
1
1
1
1
1
1
1
1
1
1
1
1
1
1
1
1
1
1
1
1
1
1
1
1
1
1
1
1
1
1
1
1
1
1
1
1
1
1
1
1
1
1
1
1
1
1
1
1
1
1
1
1
1
1
1
1
1
1
1
1
1
1
1
1
1
1
1
1
1
1
1
1
1
1
1
1
1
1
1
1
1
1
1
1
1
1
1
1
1
1
1
1
1
1
1
1
1
1
1
1
1
1
1
1
1
1
1
1
1
1
1
1
1
1
1
1
1
1
1
1
1
1
1
1
1
1
1
1
1
1
1
1
1
1
1
1
1
1
1
1
1
1
1
1
1
1
1
1
1
1
1
1
1
1
1
1
1
1
1
1
1
1
1
1
1
1
1
1
1
1
1
1
1
1
1
1
1
1
1
1
1
1
1
1
1
1
1
1
1
1
1
1
1
1
1
1
1
1
1
1
1
1
1
1
1
1
1
1
1
1
1
1
1
1
1
1
1
1
1
1
1
1
1
1
1
1
1
1
1
1
1
1
1
1
1
1
1
1
1
1
1
1
1
1
1
1
1
1
1
1
1
1
1
1
1
1
1
1
1
1
1
1
1
1
1
1
1
1
1
1
1
1
1
1
1
1
1
1
1
1
1
1
1
1
1
1
1
1
1
1
1
1
1
1
1
1
1
1
1
1
1
1
1
1
1
1
1
1
1
1
1
1
1
1
1
1
1
1
1
1
1
1
1
1
1
1
1
1
1
1
1
1
1
1
1
1
1
1
1
1
1
1
1
1
1
1
1
1
1
1
1
1
1
1
1
1
1
1
1
1
1
1
1
1
1
1
1
1
1
1
1
1
1
1
1
1
1
1
1
1
1
1
1
1
1
1
1
1
1
1
1
1
1
1
1
1
1
1
1
1
1
1
1
1
1
1
1
1
1
1
1
1
1
1
1
1
1
1
1
1
1
1
1
1
1
1
1
1
1
1
1
1
1
1
1
1
1
1
1
1
1
1
1
1
1
1
1
1
1
1
1
1
1
1
1
1
1
1
1
1
1
1
1
1
1
1
1
1
1
1
1
1
1
1
1
1
1
1
1
1
1
1
1
1
1
1
1
1
1
1
1
1
1
1
1
1
1
1
1
1
1
1
1
1
1
1
1
1
1
1
1
1
1
1
1
1
1
1
1
1
1
1
1
1
1
1
1
1
1
1
1
1
1
1
1
1
1
1
1
1
1
1
1
1
1
1
1
1
1
1
1
1
1
1
1
1
1
1
1
1
1
1
1
1
1
1
1
1
1
1
1
1
1
1
1
1
1
1
1
1
1
1
1
1
1
1
1
1
