6
6
6
6
6
6
6
6
6
6
6
6
6
6
6
6
6
6
6
6
6
6
6
6
6
6
6
6
6
6
6
6
6
6
6
6
6
6
6
6
6
6
6
6
6
6
6
6
6
6
6
6
6
6
6
6
6
6
6
6
6
6
6
6
6
6
6
6
6
6
6
6
6
6
6
6
6
6
6
6
6
6
6
6
6
6
6
6
6
6
6
6
6
6
6
6
6
6
6
6
6
6
6
6
6
6
6
6
6
6
6
6
6
6
6
6
6
6
6
6
6
6
6
6
6
6
6
6
6
6
6
6
6
6
6
6
6
6
6
6
6
6
6
6
6
6
6
6
6
6
6
6
6
6
7
7
7
7
8
8
8
8
9
9
9
9
10
10.4142
10
10
10
10
11
11.4142
11
11
12
12.4142
12.4142
12
12
13.4142
13.4142
13
13
14.4142
14.4142
14
14
14
15.4142
15.8284
15.4142
15
15
16.4142
16.8284
16.8284
16
16
17.8284
18.2426
17.8284
17
17
18.8284
19.2426
20.2426
19.2426
18
18
20.6569
21.6569
21.6569
20.6569
20.2426
19
19
22.0711
23.0711
23.0711
22.0711
20
20
23.4853
23.4853
21
21
21
24.4853
24.8995
24.8995
24.4853
22
22
25.8995
26.3137
27.3137
26.3137
25.8995
23
23
27.7279
28.7279
29.7279
28.7279
27.7279
27.3137
24
24
24
24
29.1421
30.1421
31.1421
32.1421
33.1421
32.1421
31.1421
30.1421
25
25
32.5563
33.5563
34.5563
35.5563
36.5563
35.5563
34.5563
33.5563
26
26
26
26
35.9706
36.9706
37.9706
38.9706
39.9706
40.9706
41.9706
41.9706
40.9706
39.9706
38.9706
37.9706
36.9706
27
27
28
28
29
29
30
30
30
30
31
31
32
32
33
33
33
34
34
34
35
35
36
36
36
37
37
38
38
39
39
39
39
39
39
40
40
41
41
42
42
42
43
43
43
43
44
44
45
45
45
45
46
46
47
47
47
48
48
48
48
48
48
48
48
48
48
48
48
48
48
48
48
48
48
48
48
48
48
48
48
48
48
48
48
48
48
48
48
48
48
48
48
48
48
48
48
48
48
48
48
48
48
48
48
48
48
48
48
48
48
48
48
48
48
48
48
49
49
49
49
49
49
49
49
49
49
49
49
49
49
49
49
49
49
49
49
49
49
50
50
50
50
50
50
50
50
50
50
50
50
50
50
50
50
51
51
51
51
51
51
51
51
51
51
51
51
51
52
52
52
52
52
52
52
52
52
52
52
52
53
53
53
53
53
53
53
53
53
53
53
54
54
54
54
55
55
55
55
55
55
55
55
55
56
56
56
56
56
56
56
56
56
56
57
57
57
57
57
57
57
57
57
57
58
58
58
58
58
58
58
59
59
59
59
59
59
59
59
59
60
60
60
60
60
60
60
61
61
61
61
61
61
61
61
61
62
62
62
62
62
62
62
62
63
63
63
63
64
64
64
64
64
64
64
64
65
65
65
65
65
65
66
66
66
66
66
66
66
66
66
66
66
66
67
67
67
67
67
67
68
68
68
68
68
68
68
68
68
69
69
69
69
69
69
69
69
70
70
70
70
70
70
70
70
71
71
71
71
71
71
71
71
72
72
72
72
73
73
73
73
73
73
73
73
73
74
74
74
74
74
74
74
75
75
75
75
75
75
75
75
75
75
75
76
76
76
76
76
76
76
76
76
76
77
77
77
77
77
77
77
77
77
77
78
78
78
78
78
78
78
78
78
78
78
78
78
78
79
79
79
79
79
79
79
79
79
79
79
79
80
80
81
81
81
82
82
82
82
82
83
83
83
84
84
85
85
85
85
86
86
87
87
87
88
88
88
88
89
89
90
90
90
90
91
91
91
92
92
93
93
93
94
94
94
95
95
96
96
96
96
97
97
98
98
99
99
100
100
100
100
101
101
102
102
103
103
103
104
104
105
105
106
106
107
107
107
107
108
108
109
109
109
110
110
111
111
112
112
113
113
114
114
115
115
116
116
117
117
118
118
119
119
120
120
120
120
120
120
120
120
120
120
120
120
120
120
120
120
120.414
120.828
121.243
121.657
122.071
122.485
122.899
123.314
123.728
124.142
124.556
124.971
125.385
125.799
126.213
126.627
127.042
127.456
127.87
128.284
128.698
129.113
129.113
128.698
128.284
127.87
127.456
127.042
126.627
126.213
125.799
125.385
124.971
124.556
124.142
123.728
123.314
122.899
122.485
122.071
121.657
121.243
120.828
120.414
120
120
120
120
120
120
120
120
120
120
120
120
120
120
120
120
120
120
120
120
120
120
120
120
120
120
120
120
120
120
120
120
120
120
120
120
120
120
120
120
120
120
120
120
120
120
120
120
120
120
120
120
120
120
120
120
120
120
120
120
120
120
120
120
120
120
120
120
120
120
120
120
120
120
