1.16223
1.16569
1.16914
1.17259
1.17604
1.17949
1.18294
1.1864
1.18985
1.1933
1.19675
1.2002
1.20366
1.20711
1.21056
1.21401
1.21746
1.22091
1.22437
1.22782
1.23127
1.23472
1.23817
1.24163
1.24508
1.24853
1.25198
1.25543
1.25888
1.1636
1.16708
1.17056
1.17404
1.17752
1.181
1.18448
1.18796
1.19144
1.19492
1.19841
1.20189
1.20537
1.20885
1.21233
1.21581
1.21929
1.22277
1.22625
1.22973
1.23321
1.23669
1.24018
1.24366
1.24714
1.25062
1.2541
1.25758
1.26106
1.16498
1.16849
1.172
1.17551
1.17903
1.18254
1.18605
1.18956
1.19307
1.19658
1.20009
1.2036
1.20711
1.21062
1.21413
1.21764
1.22115
1.22466
1.22817
1.23168
1.23519
1.2387
1.24221
1.24572
1.24923
1.25274
1.25625
1.25976
1.26327
1.16639
1.16993
1.17347
1.17701
1.18056
1.1841
1.18764
1.19118
1.19472
1.19826
1.2018
1.20534
1.20888
1.21242
1.21596
1.2195
1.22304
1.22658
1.23012
1.23366
1.2372
1.24074
1.24428
1.24782
1.25136
1.2549
1.25844
1.26198
1.27053
1.16783
1.1714
1.17497
1.17854
1.18211
1.18568
1.18925
1.19282
1.19639
1.19997
1.20354
1.20711
1.21068
1.21425
1.21782
1.22139
1.22496
1.22853
1.2321
1.23567
1.23924
1.24282
1.24639
1.24996
1.25353
1.2571
1.26067
1.26929
1.27791
1.28653
1.16929
1.17289
1.17649
1.18009
1.1837
1.1873
1.1909
1.1945
1.1981
1.2017
1.20531
1.20891
1.21251
1.21611
1.21971
1.22332
1.22692
1.23052
1.23412
1.23772
1.24133
1.24493
1.24853
1.25213
1.25573
1.25933
1.26803
1.27673
1.28542
1.29412
1.17077
1.17441
1.17804
1.18167
1.18531
1.18894
1.19257
1.19621
1.19984
1.20347
1.20711
1.21074
1.21437
1.21801
1.22164
1.22527
1.22891
1.23254
1.23618
1.23981
1.24344
1.24708
1.25071
1.25434
1.25798
1.26675
1.27552
1.28429
1.29306
1.30184
1.16495
1.16862
1.17228
1.17595
1.17962
1.18328
1.18695
1.19061
1.19428
1.19794
1.20161
1.20527
1.20894
1.21261
1.21627
1.21994
1.2236
1.22727
1.23093
1.2346
1.23827
1.24193
1.2456
1.24926
1.25293
1.25659
1.26544
1.27429
1.28314
1.29199
1.30084
1.30969
1.16643
1.17012
1.17382
1.17752
1.18122
1.18492
1.18862
1.19231
1.19601
1.19971
1.20341
1.20711
1.21081
1.2145
1.2182
1.2219
1.2256
1.2293
1.233
1.23669
1.24039
1.24409
1.24779
1.25149
1.25519
1.26411
1.27304
1.28197
1.2909
1.29983
1.30876
1.31769
1.16792
1.17166
1.17539
1.17912
1.18285
1.18658
1.19031
1.19405
1.19778
1.20151
1.20524
1.20897
1.2127
1.21644
1.22017
1.2239
1.22763
1.23136
1.23509
1.23883
1.24256
1.24629
1.25002
1.25375
1.26276
1.27177
1.28078
1.28979
1.2988
1.30781
1.31682
1.32583
1.16569
1.16945
1.17322
1.17698
1.18075
1.18451
1.18828
1.19205
1.19581
1.19958
1.20334
1.20711
1.21087
1.21464
1.2184
1.22217
1.22594
1.2297
1.23347
1.23723
1.241
1.24476
1.24853
1.25229
1.26139
1.27048
1.27957
1.28866
1.29775
1.30684
1.31593
1.32502
1.33411
1.3432
1.35229
1.16721
1.17101
1.17481
1.17861
1.18241
1.18621
1.19001
1.19381
1.19761
1.20141
1.20521
1.20901
1.21281
1.21661
1.22041
1.22421
1.22801
1.23181
1.23561
1.23941
1.24321
1.24701
1.25081
1.25998
1.26916
1.27833
1.28751
1.29668
1.30585
1.31503
1.3242
1.33338
1.34255
1.35173
1.3609
1.16492
1.16875
1.17259
1.17642
1.18026
1.1841
1.18793
1.19177
1.1956
1.19944
1.20327
1.20711
1.21094
1.21478
1.21861
1.22245
1.22628
1.23012
1.23395
1.23779
1.24163
1.24546
1.2493
1.25856
1.26781
1.27707
1.28633
1.29559
1.30485
1.31411
1.32337
1.33263
1.34189
1.35115
1.36041
1.36967
1.16259
1.16646
1.17033
1.1742
1.17807
1.18194
1.18582
1.18969
1.19356
1.19743
1.2013
1.20517
1.20904
1.21291
1.21679
1.22066
1.22453
1.2284
1.23227
1.23614
1.24001
1.24388
1.24775
1.2571
1.26645
1.27579
1.28514
1.29448
1.30383
1.31318
1.32252
1.33187
1.34121
1.35056
1.3599
1.36925
1.3786
1.38794
1.16412
1.16803
1.17194
1.17585
1.17975
1.18366
1.18757
1.19148
1.19538
1.19929
1.2032
1.20711
1.21102
1.21492
1.21883
1.22274
1.22665
1.23055
1.23446
1.23837
1.24228
1.24618
1.25562
1.26505
1.27449
1.28392
1.29335
1.30279
1.31222
1.32166
1.33109
1.34052
1.34996
1.35939
1.36883
1.37826
1.38769
1.39713
1.16569
1.16963
1.17358
1.17752
1.18147
1.18541
1.18936
1.1933
1.19725
1.20119
1.20514
1.20908
1.21302
1.21697
1.22091
1.22486
1.2288
1.23275
1.23669
1.24064
1.24458
1.25411
1.26363
1.27316
1.28268
1.2922
1.30173
1.31125
1.32077
1.3303
1.33982
1.34935
1.35887
1.36839
1.37792
1.38744
1.39696
1.40649
1.15931
1.1633
1.16728
1.17126
1.17524
1.17923
1.18321
1.18719
1.19118
1.19516
1.19914
1.20312
1.20711
1.21109
1.21507
1.21906
1.22304
1.22702
1.231
1.23499
1.23897
1.24295
1.25257
1.26218
1.2718
1.28141
1.29103
1.30065
1.31026
1.31988
1.32949
1.33911
1.34872
1.35834
1.36795
1.37757
1.38718
1.3968
1.40641
1.41603
1.15684
1.16086
1.16488
1.1689
1.17292
1.17695
1.18097
1.18499
1.18901
1.19303
1.19705
1.20108
1.2051
1.20912
1.21314
1.21716
1.22118
1.2252
1.22923
1.23325
1.23727
1.24129
1.251
1.26071
1.27042
1.28013
1.28983
1.29954
1.30925
1.31896
1.32867
1.33838
1.34809
1.3578
1.3675
1.37721
1.38692
1.39663
1.40634
1.41605
1.42576
1.43546
1.15432
1.15838
1.16244
1.1665
1.17056
1.17462
1.17868
1.18274
1.1868
1.19086
1.19492
1.19899
1.20305
1.20711
1.21117
1.21523
1.21929
1.22335
1.22741
1.23147
1.23553
1.23959
1.2494
1.2592
1.26901
1.27881
1.28861
1.29842
1.30822
1.31803
1.32783
1.33763
1.34744
1.35724
1.36705
1.37685
1.38665
1.39646
1.40626
1.41607
1.42587
1.43567
1.44548
1.14354
1.14764
1.15174
1.15584
1.15994
1.16405
1.16815
1.17225
1.17635
1.18045
1.18455
1.18865
1.19275
1.19685
1.20096
1.20506
1.20916
1.21326
1.21736
1.22146
1.22556
1.22966
1.23376
1.23787
1.24777
1.25767
1.26757
1.27747
1.28737
1.29727
1.30717
1.31707
1.32697
1.33688
1.34678
1.35668
1.36658
1.37648
1.38638
1.39628
1.40618
1.41608
1.42598
1.43589
1.44579
1.45569
1.46559
1.14083
1.14498
1.14912
1.15326
1.1574
1.16154
1.16569
1.16983
1.17397
1.17811
1.18225
1.1864
1.19054
1.19468
1.19882
1.20297
1.20711
1.21125
1.21539
1.21953
1.22368
1.22782
1.23196
1.2361
1.2461
1.2561
1.2661
1.2761
1.2861
1.2961
1.3061
1.3161
1.3261
1.3361
1.3461
1.3561
1.3661
1.3761
1.3861
1.3961
1.4061
1.4161
1.4261
1.4361
1.4461
1.4561
1.4661
1.4761
1.13807
1.14226
1.14644
1.15062
1.15481
1.15899
1.16318
1.16736
1.17154
1.17573
1.17991
1.1841
1.18828
1.19246
1.19665
1.20083
1.20502
1.2092
1.21338
1.21757
1.22175
1.22594
1.23012
1.2343
1.2444
1.25451
1.26461
1.27471
1.28481
1.29491
1.30501
1.31511
1.32521
1.33531
1.34541
1.35552
1.36562
1.37572
1.38582
1.39592
1.40602
1.41612
1.42622
1.43632
1.44642
1.45653
1.46663
1.47673
1.48683
1.49693
1.50703
1.1268
1.13103
1.13525
1.13948
1.14371
1.14793
1.15216
1.15639
1.16061
1.16484
1.16907
1.17329
1.17752
1.18175
1.18597
1.1902
1.19443
1.19865
1.20288
1.20711
1.21133
1.21556
1.21979
1.22401
1.22824
1.23247
1.24267
1.25288
1.26308
1.27328
1.28349
1.29369
1.3039
1.3141
1.3243
1.33451
1.34471
1.35492
1.36512
1.37532
1.38553
1.39573
1.40594
1.41614
1.42635
1.43655
1.44675
1.45696
1.46716
1.47737
1.48757
1.49777
1.50798
1.51818
1.52839
1.12811
1.13238
1.13665
1.14092
1.14519
1.14946
1.15373
1.158
1.16227
1.16654
1.17081
1.17508
1.17935
1.18362
1.18789
1.19216
1.19643
1.2007
1.20497
1.20924
1.21351
1.21778
1.22205
1.22632
1.23059
1.2409
1.25121
1.26152
1.27183
1.28214
1.29245
1.30276
1.31307
1.32338
1.33369
1.344
1.35431
1.36461
1.37492
1.38523
1.39554
1.40585
1.41616
1.42647
1.43678
1.44709
1.4574
1.46771
1.47802
1.48833
1.49864
1.50894
1.51925
1.52956
1.53987
1.12081
1.12513
1.12944
1.13376
1.13807
1.14239
1.1467
1.15102
1.15533
1.15965
1.16396
1.16827
1.17259
1.1769
1.18122
1.18553
1.18985
1.19416
1.19848
1.20279
1.20711
1.21142
1.21574
1.22005
1.22437
1.22868
1.2391
1.24951
1.25993
1.27035
1.28076
1.29118
1.3016
1.31201
1.32243
1.33285
1.34326
1.35368
1.3641
1.37451
1.38493
1.39535
1.40576
1.41618
1.4266
1.43701
1.44743
1.45785
1.46826
1.47868
1.4891
1.49951
1.50993
1.52035
1.53076
1.54118
1.5516
1.10464
1.109
1.11336
1.11772
1.12208
1.12644
1.1308
1.13516
1.13953
1.14389
1.14825
1.15261
1.15697
1.16133
1.16569
1.17005
1.17441
1.17877
1.18313
1.18749
1.19185
1.19621
1.20057
1.20493
1.20929
1.21365
1.21801
1.22237
1.22673
1.23725
1.24778
1.25831
1.26883
1.27936
1.28989
1.30041
1.31094
1.32147
1.33199
1.34252
1.35304
1.36357
1.3741
1.38462
1.39515
1.40568
1.4162
1.42673
1.43725
1.44778
1.45831
1.46883
1.47936
1.48989
1.50041
1.51094
1.52146
1.53199
1.54252
1.55304
1.56357
1.5741
1.09254
1.09694
1.10135
1.10576
1.11016
1.11457
1.11898
1.12338
1.12779
1.1322
1.1366
1.14101
1.14542
1.14982
1.15423
1.15864
1.16304
1.16745
1.17186
1.17626
1.18067
1.18507
1.18948
1.19389
1.19829
1.2027
1.20711
1.21151
1.21592
1.22033
1.22473
1.23537
1.24601
1.25665
1.26729
1.27793
1.28856
1.2992
1.30984
1.32048
1.33112
1.34175
1.35239
1.36303
1.37367
1.38431
1.39495
1.40558
1.41622
1.42686
1.4375
1.44814
1.45878
1.46941
1.48005
1.49069
1.50133
1.51197
1.52261
1.53324
1.54388
1.55452
1.56516
1.5758
1.58644
1.59707
1.60771
1.07126
1.07572
1.08017
1.08462
1.08908
1.09353
1.09799
1.10244
1.10689
1.11135
1.1158
1.12026
1.12471
1.12916
1.13362
1.13807
1.14253
1.14698
1.15143
1.15589
1.16034
1.1648
1.16925
1.1737
1.17816
1.18261
1.18706
1.19152
1.19597
1.20043
1.20488
1.20933
1.21379
1.21824
1.2227
1.23345
1.2442
1.25495
1.26571
1.27646
1.28721
1.29797
1.30872
1.31947
1.33022
1.34098
1.35173
1.36248
1.37323
1.38399
1.39474
1.40549
1.41624
1.427
1.43775
1.4485
1.45926
1.47001
1.48076
1.49151
1.50227
1.51302
1.52377
1.53452
1.54528
1.55603
1.56678
1.57753
1.58829
1.59904
1.60979
1.62055
1.6313
1.05403
1.05853
1.06303
1.06753
1.07204
1.07654
1.08104
1.08554
1.09005
1.09455
1.09905
1.10355
1.10806
1.11256
1.11706
1.12156
1.12607
1.13057
1.13507
1.13957
1.14407
1.14858
1.15308
1.15758
1.16208
1.16659
1.17109
1.17559
1.18009
1.1846
1.1891
1.1936
1.1981
1.20261
1.20711
1.21161
1.21611
1.22061
1.23148
1.24235
1.25322
1.26409
1.27496
1.28583
1.2967
1.30757
1.31844
1.32931
1.34018
1.35105
1.36192
1.37279
1.38366
1.39453
1.4054
1.41627
1.42714
1.43801
1.44888
1.45974
1.47061
1.48148
1.49235
1.50322
1.51409
1.52496
1.53583
1.5467
1.55757
1.56844
1.57931
1.59018
1.60105
1.61192
1.62279
1.63366
1.64453
1.6554
1.03186
1.03641
1.04097
1.04552
1.05007
1.05462
1.05917
1.06373
1.06828
1.07283
1.07738
1.08193
1.08648
1.09104
1.09559
1.10014
1.10469
1.10924
1.1138
1.11835
1.1229
1.12745
1.132
1.13655
1.14111
1.14566
1.15021
1.15476
1.15931
1.16387
1.16842
1.17297
1.17752
1.18207
1.18662
1.19118
1.19573
1.20028
1.20483
1.20938
1.21394
1.21849
1.22948
1.24047
1.25145
1.26244
1.27343
1.28442
1.29541
1.3064
1.31739
1.32838
1.33937
1.35036
1.36134
1.37233
1.38332
1.39431
1.4053
1.41629
1.42728
1.43827
1.44926
1.46025
1.47123
1.48222
1.49321
1.5042
1.51519
1.52618
1.53717
1.54816
1.55915
1.57014
1.58112
1.59211
1.6031
1.61409
1.62508
1.63607
1.64706
1.65805
1.66904
1.01381
1.01841
1.02301
1.02761
1.03222
1.03682
1.04142
1.04602
1.05063
1.05523
1.05983
1.06443
1.06904
1.07364
1.07824
1.08284
1.08745
1.09205
1.09665
1.10125
1.10585
1.11046
1.11506
1.11966
1.12426
1.12887
1.13347
1.13807
1.14267
1.14728
1.15188
1.15648
1.16108
1.16569
1.17029
1.17489
1.17949
1.1841
1.1887
1.1933
1.1979
1.20251
1.20711
1.21171
1.21631
1.22742
1.23853
1.24965
1.26076
1.27187
1.28298
1.29409
1.3052
1.31631
1.32742
1.33853
1.34965
1.36076
1.37187
1.38298
1.39409
1.4052
1.41631
1.42742
1.43853
1.44965
1.46076
1.47187
1.48298
1.49409
1.5052
1.51631
1.52742
1.53853
1.54965
1.56076
1.57187
1.58298
1.59409
1.6052
1.61631
1.62742
1.63853
1.64965
1.66076
1.67187
1.68298
1.69409
1.01396
1.01862
1.02327
1.02792
1.03258
1.03723
1.04189
1.04654
1.0512
1.05585
1.0605
1.06516
1.06981
1.07447
1.07912
1.08377
1.08843
1.09308
1.09774
1.10239
1.10704
1.1117
1.11635
1.12101
1.12566
1.13031
1.13497
1.13962
1.14428
1.14893
1.15359
1.15824
1.16289
1.16755
1.1722
1.17686
1.18151
1.18616
1.19082
1.19547
1.20013
1.20478
1.20943
1.21409
1.22532
1.23656
1.2478
1.25903
1.27027
1.2815
1.29274
1.30398
1.31521
1.32645
1.33768
1.34892
1.36016
1.37139
1.38263
1.39386
1.4051
1.41634
1.42757
1.43881
1.45004
1.46128
1.47252
1.48375
1.49499
1.50622
1.51746
1.5287
1.53993
1.55117
1.5624
1.57364
1.58488
1.59611
1.60735
1.61858
1.62982
1.64105
1.65229
1.66353
1.67476
1.686
1.69723
1.70847
1
1.00941
1.01412
1.01883
1.02353
1.02824
1.03295
1.03766
1.04236
1.04707
1.05178
1.05648
1.06119
1.0659
1.0706
1.07531
1.08002
1.08473
1.08943
1.09414
1.09885
1.10355
1.10826
1.11297
1.11767
1.12238
1.12709
1.1318
1.1365
1.14121
1.14592
1.15062
1.15533
1.16004
1.16474
1.16945
1.17416
1.17887
1.18357
1.18828
1.19299
1.19769
1.2024
1.20711
1.21181
1.22318
1.23454
1.24591
1.25727
1.26863
1.28
1.29136
1.30272
1.31409
1.32545
1.33681
1.34818
1.35954
1.37091
1.38227
1.39363
1.405
1.41636
1.42772
1.43909
1.45045
1.46181
1.47318
1.48454
1.49591
1.50727
1.51863
1.53
1.54136
1.55272
1.56409
1.57545
1.58681
1.59818
1.60954
1.62091
1.63227
1.64363
1.655
1.66636
1.67772
1.68909
1.70045
1.71181
1.72318
1.73454
1.74591
1
1
1
1
1
1.00952
1.01428
1.01904
1.02381
1.02857
1.03333
1.03809
1.04285
1.04761
1.05237
1.05713
1.06189
1.06666
1.07142
1.07618
1.08094
1.0857
1.09046
1.09522
1.09998
1.10474
1.10951
1.11427
1.11903
1.12379
1.12855
1.13331
1.13807
1.14283
1.14759
1.15235
1.15712
1.16188
1.16664
1.1714
1.17616
1.18092
1.18568
1.19044
1.1952
1.19997
1.20473
1.20949
1.22098
1.23248
1.24397
1.25547
1.26696
1.27845
1.28995
1.30144
1.31294
1.32443
1.33592
1.34742
1.35891
1.37041
1.3819
1.3934
1.40489
1.41638
1.42788
1.43937
1.45087
1.46236
1.47386
1.48535
1.49684
1.50834
1.51983
1.53133
1.54282
1.55432
1.56581
1.5773
1.5888
1.60029
1.61179
1.62328
1.63478
1.64627
1.65776
1.66926
1.68075
1.69225
1.70374
1.71524
1.72673
1.73822
1.74972
1.76121
1.77271
1.7842
1
1
1
1
1
1
1
1
1.00963
1.01445
1.01927
1.02408
1.0289
1.03372
1.03853
1.04335
1.04816
1.05298
1.0578
1.06261
1.06743
1.07225
1.07706
1.08188
1.0867
1.09151
1.09633
1.10115
1.10596
1.11078
1.11559
1.12041
1.12523
1.13004
1.13486
1.13968
1.14449
1.14931
1.15413
1.15894
1.16376
1.16858
1.17339
1.17821
1.18303
1.18784
1.19266
1.19747
1.20229
1.20711
1.21874
1.23036
1.24199
1.25362
1.26525
1.27687
1.2885
1.30013
1.31176
1.32339
1.33501
1.34664
1.35827
1.3699
1.38153
1.39315
1.40478
1.41641
1.42804
1.43967
1.45129
1.46292
1.47455
1.48618
1.49781
1.50943
1.52106
1.53269
1.54432
1.55594
1.56757
1.5792
1.59083
1.60246
1.61408
1.62571
1.63734
1.64897
1.6606
1.67222
1.68385
1.69548
1.70711
1.71874
1.73036
1.74199
1.75362
1.76525
1.77687
1.7885
1.80013
1.81176
1
1
1
1
1
1
1
1
1
1
1.00975
1.01462
1.01949
1.02437
1.02924
1.03411
1.03898
1.04386
1.04873
1.0536
1.05848
1.06335
1.06822
1.0731
1.07797
1.08284
1.08772
1.09259
1.09746
1.10234
1.10721
1.11208
1.11695
1.12183
1.1267
1.13157
1.13645
1.14132
1.14619
1.15107
1.15594
1.16081
1.16569
1.17056
1.17543
1.18031
1.18518
1.19005
1.19492
1.1998
1.20467
1.21644
1.2282
1.23997
1.25173
1.26349
1.27526
1.28702
1.29879
1.31055
1.32232
1.33408
1.34585
1.35761
1.36938
1.38114
1.39291
1.40467
1.41644
1.4282
1.43997
1.45173
1.46349
1.47526
1.48702
1.49879
1.51055
1.52232
1.53408
1.54585
1.55761
1.56938
1.58114
1.59291
1.60467
1.61644
1.6282
1.63996
1.65173
1.66349
1.67526
1.68702
1.69879
1.71055
1.72232
1.73408
1.74585
1.75761
1.76938
1.78114
1.79291
1.80467
1.81644
1.8282
1.83996
1.85173
1
1
1
1
1
1
1
1
1
1
1
1.00986
1.01479
1.01972
1.02466
1.02959
1.03452
1.03945
1.04438
1.04931
1.05424
1.05917
1.0641
1.06904
1.07397
1.0789
1.08383
1.08876
1.09369
1.09862
1.10355
1.10848
1.11342
1.11835
1.12328
1.12821
1.13314
1.13807
1.143
1.14793
1.15287
1.1578
1.16273
1.16766
1.17259
1.17752
1.18245
1.18738
1.19231
1.19725
1.20218
1.21408
1.22599
1.23789
1.2498
1.2617
1.2736
1.28551
1.29741
1.30932
1.32122
1.33313
1.34503
1.35694
1.36884
1.38075
1.39265
1.40456
1.41646
1.42837
1.44027
1.45218
1.46408
1.47599
1.48789
1.4998
1.5117
1.5236
1.53551
1.54741
1.55932
1.57122
1.58313
1.59503
1.60694
1.61884
1.63075
1.64265
1.65456
1.66646
1.67837
1.69027
1.70218
1.71408
1.72599
1.73789
1.7498
1.7617
1.7736
1.78551
1.79741
1.80932
1.82122
1.83313
1.84503
1.85694
1.86884
1.88075
1
1
1
1
1
1
1
1
1
1
1
1
1
1
1.00998
1.01497
1.01996
1.02495
1.02994
1.03493
1.03992
1.04491
1.04991
1.0549
1.05989
1.06488
1.06987
1.07486
1.07985
1.08484
1.08983
1.09482
1.09981
1.1048
1.10979
1.11478
1.11977
1.12476
1.12975
1.13474
1.13974
1.14473
1.14972
1.15471
1.1597
1.16469
1.16968
1.17467
1.17966
1.18465
1.18964
1.19463
1.19962
1.21167
1.22372
1.23577
1.24781
1.25986
1.27191
1.28396
1.29601
1.30806
1.3201
1.33215
1.3442
1.35625
1.3683
1.38034
1.39239
1.40444
1.41649
1.42854
1.44059
1.45263
1.46468
1.47673
1.48878
1.50083
1.51287
1.52492
1.53697
1.54902
1.56107
1.57312
1.58516
1.59721
1.60926
1.62131
1.63336
1.6454
1.65745
1.6695
1.68155
1.6936
1.70565
1.71769
1.72974
1.74179
1.75384
1.76589
1.77793
1.78998
1.80203
1.81408
1.82613
1.83818
1.85022
1.86227
1.87432
1.88637
1.89842
1.91046
1.92251
1.93456
1
1
1
1
1
1
1
1
1
1
1
1
1
1
1
1.0101
1.01515
1.02021
1.02526
1.03031
1.03536
1.04041
1.04546
1.05051
1.05557
1.06062
1.06567
1.07072
1.07577
1.08082
1.08587
1.09093
1.09598
1.10103
1.10608
1.11113
1.11618
1.12123
1.12628
1.13134
1.13639
1.14144
1.14649
1.15154
1.15659
1.16164
1.1667
1.17175
1.1768
1.18185
1.1869
1.19195
1.197
1.2092
1.22139
1.23359
1.24579
1.25798
1.27018
1.28237
1.29457
1.30676
1.31896
1.33115
1.34335
1.35554
1.36774
1.37993
1.39213
1.40432
1.41652
1.42871
1.44091
1.4531
1.4653
1.47749
1.48969
1.50188
1.51408
1.52627
1.53847
1.55066
1.56286
1.57505
1.58725
1.59944
1.61164
1.62383
1.63603
1.64822
1.66042
1.67261
1.68481
1.697
1.7092
1.72139
1.73359
1.74579
1.75798
1.77018
1.78237
1.79457
1.80676
1.81896
1.83115
1.84335
1.85554
1.86774
1.87993
1.89213
1.90432
1.91652
1.92871
1.94091
1.9531
1.9653
1
1
1
1
1
1
1
1
1
1
1
1
1
1
1
1
1
1
1.01023
1.01534
1.02045
1.02557
1.03068
1.0358
1.04091
1.04602
1.05114
1.05625
1.06137
1.06648
1.07159
1.07671
1.08182
1.08693
1.09205
1.09716
1.10228
1.10739
1.1125
1.11762
1.12273
1.12784
1.13296
1.13807
1.14319
1.1483
1.15341
1.15853
1.16364
1.16875
1.17387
1.17898
1.1841
1.18921
1.19432
1.20667
1.21901
1.23136
1.24371
1.25605
1.2684
1.28074
1.29309
1.30543
1.31778
1.33013
1.34247
1.35482
1.36716
1.37951
1.39185
1.4042
1.41655
1.42889
1.44124
1.45358
1.46593
1.47827
1.49062
1.50297
1.51531
1.52766
1.54
1.55235
1.56469
1.57704
1.58938
1.60173
1.61408
1.62642
1.63877
1.65111
1.66346
1.6758
1.68815
1.7005
1.71284
1.72519
1.73753
1.74988
1.76222
1.77457
1.78692
1.79926
1.81161
1.82395
1.8363
1.84864
1.86099
1.87334
1.88568
1.89803
1.91037
1.92272
1.93506
1.94741
1.95976
1.9721
1.98445
1.99679
2.00914
1
1
1
1
1
1
1
1
1
1
1
1
1
1
1
1
1
1
1.01036
1.01553
1.02071
1.02589
1.03107
1.03624
1.04142
1.0466
1.05178
1.05695
1.06213
1.06731
1.07249
1.07767
1.08284
1.08802
1.0932
1.09838
1.10355
1.10873
1.11391
1.11909
1.12426
1.12944
1.13462
1.1398
1.14498
1.15015
1.15533
1.16051
1.16569
1.17086
1.17604
1.18122
1.1864
1.19157
1.20407
1.21657
1.22907
1.24157
1.25407
1.26657
1.27907
1.29157
1.30407
1.31657
1.32907
1.34157
1.35407
1.36657
1.37907
1.39157
1.40407
1.41657
1.42907
1.44157
1.45407
1.46657
1.47907
1.49157
1.50407
1.51657
1.52907
1.54157
1.55407
1.56657
1.57907
1.59157
1.60407
1.61657
1.62907
1.64157
1.65407
1.66657
1.67907
1.69157
1.70407
1.71657
1.72907
1.74157
1.75407
1.76657
1.77907
1.79157
1.80407
1.81657
1.82907
1.84157
1.85407
1.86657
1.87907
1.89157
1.90407
1.91657
1.92907
1.94157
1.95407
1.96657
1.97907
1.99157
2.00407
2.01657
2.02907
1
1
1
1
1
1
1
1
1
1
1
1
1
1
1
1
1
1
1
1.01049
1.01573
1.02097
1.02622
1.03146
1.0367
1.04195
1.04719
1.05243
1.05768
1.06292
1.06816
1.07341
1.07865
1.08389
1.08913
1.09438
1.09962
1.10486
1.11011
1.11535
1.12059
1.12584
1.13108
1.13632
1.14157
1.14681
1.15205
1.1573
1.16254
1.16778
1.17303
1.17827
1.18351
1.18876
1.20141
1.21407
1.22673
1.23939
1.25205
1.26471
1.27736
1.29002
1.30268
1.31534
1.328
1.34065
1.35331
1.36597
1.37863
1.39129
1.40395
1.4166
1.42926
1.44192
1.45458
1.46724
1.4799
1.49255
1.50521
1.51787
1.53053
1.54319
1.55584
1.5685
1.58116
1.59382
1.60648
1.61914
1.63179
1.64445
1.65711
1.66977
1.68243
1.69509
1.70774
1.7204
1.73306
1.74572
1.75838
1.77103
1.78369
1.79635
1.80901
1.82167
1.83433
1.84698
1.85964
1.8723
1.88496
1.89762
1.91028
1.92293
1.93559
1.94825
1.96091
1.97357
1.98622
1.99888
2.01154
2.0242
2.03686
2.04952
2.06217
2.07483
1
1
1
1
1
1
1
1
1
1
1
1
1
1
1
1
1
1
1
1
1.01062
1.01593
1.02124
1.02655
1.03186
1.03717
1.04248
1.04779
1.0531
1.05841
1.06373
1.06904
1.07435
1.07966
1.08497
1.09028
1.09559
1.1009
1.10621
1.11152
1.11683
1.12214
1.12745
1.13276
1.13807
1.14338
1.14869
1.154
1.15931
1.16462
1.16993
1.17524
1.18056
1.18587
1.19869
1.21151
1.22433
1.23715
1.24997
1.26279
1.27561
1.28843
1.30125
1.31407
1.32689
1.33971
1.35253
1.36535
1.37817
1.39099
1.40381
1.41663
1.42946
1.44228
1.4551
1.46792
1.48074
1.49356
1.50638
1.5192
1.53202
1.54484
1.55766
1.57048
1.5833
1.59612
1.60894
1.62176
1.63458
1.6474
1.66022
1.67305
1.68587
1.69869
1.71151
1.72433
1.73715
1.74997
1.76279
1.77561
1.78843
1.80125
1.81407
1.82689
1.83971
1.85253
1.86535
1.87817
1.89099
1.90381
1.91663
1.92946
1.94228
1.9551
1.96792
1.98074
1.99356
2.00638
2.0192
2.03202
2.04484
2.05766
2.07048
2.0833
2.09612
2.10894
2.12176
1
1
1
1
1
1
1
1
1
1
1
1
1
1
1
1
1
1
1
1
1
1
1.01076
1.01614
1.02152
1.0269
1.03228
1.03766
1.04304
1.04841
1.05379
1.05917
1.06455
1.06993
1.07531
1.08069
1.08607
1.09145
1.09683
1.10221
1.10759
1.11297
1.11835
1.12373
1.12911
1.13449
1.13986
1.14524
1.15062
1.156
1.16138
1.16676
1.17214
1.17752
1.1829
1.19589
1.20887
1.22186
1.23485
1.24784
1.26082
1.27381
1.2868
1.29978
1.31277
1.32576
1.33874
1.35173
1.36472
1.37771
1.39069
1.40368
1.41667
1.42965
1.44264
1.45563
1.46861
1.4816
1.49459
1.50758
1.52056
1.53355
1.54654
1.55952
1.57251
1.5855
1.59848
1.61147
1.62446
1.63745
1.65043
1.66342
1.67641
1.68939
1.70238
1.71537
1.72835
1.74134
1.75433
1.76732
1.7803
1.79329
1.80628
1.81926
1.83225
1.84524
1.85822
1.87121
1.8842
1.89719
1.91017
1.92316
1.93615
1.94913
1.96212
1.97511
1.98809
2.00108
2.01407
2.02706
2.04004
2.05303
2.06602
2.079
2.09199
2.10498
2.11796
2.13095
2.14394
2.15693
2.16991
2.1829
1
1
1
1
1
1
1
1
1
1
1
1
1
1
1
1
1
1
1
1
1
1
1
1.0109
1.01635
1.0218
1.02725
1.0327
1.03815
1.0436
1.04905
1.0545
1.05995
1.0654
1.07085
1.0763
1.08175
1.0872
1.09265
1.0981
1.10355
1.109
1.11445
1.1199
1.12535
1.1308
1.13625
1.14171
1.14716
1.15261
1.15806
1.16351
1.16896
1.17441
1.17986
1.19301
1.20617
1.21933
1.23249
1.24565
1.2588
1.27196
1.28512
1.29828
1.31144
1.32459
1.33775
1.35091
1.36407
1.37722
1.39038
1.40354
1.4167
1.42986
1.44301
1.45617
1.46933
1.48249
1.49565
1.5088
1.52196
1.53512
1.54828
1.56144
1.57459
1.58775
1.60091
1.61407
1.62722
1.64038
1.65354
1.6667
1.67986
1.69301
1.70617
1.71933
1.73249
1.74565
1.7588
1.77196
1.78512
1.79828
1.81144
1.82459
1.83775
1.85091
1.86407
1.87722
1.89038
1.90354
1.9167
1.92986
1.94301
1.95617
1.96933
1.98249
1.99565
2.0088
2.02196
2.03512
2.04828
2.06144
2.07459
2.08775
2.10091
2.11407
2.12722
2.14038
2.15354
2.1667
2.17986
2.19301
2.20617
2.21933
2.23249
1
1
1
1
1
1
1
1
1
1
1
1
1
1
1
1
1
1
1
1
1
1
1
1
1.01105
1.01657
1.02209
1.02761
1.03314
1.03866
1.04418
1.04971
1.05523
1.06075
1.06627
1.0718
1.07732
1.08284
1.08837
1.09389
1.09941
1.10493
1.11046
1.11598
1.1215
1.12703
1.13255
1.13807
1.14359
1.14912
1.15464
1.16016
1.16569
1.17121
1.17673
1.19007
1.2034
1.21673
1.23007
1.2434
1.25673
1.27007
1.2834
1.29673
1.31007
1.3234
1.33673
1.35007
1.3634
1.37673
1.39007
1.4034
1.41673
1.43007
1.4434
1.45673
1.47007
1.4834
1.49673
1.51007
1.5234
1.53673
1.55007
1.5634
1.57673
1.59007
1.6034
1.61673
1.63007
1.6434
1.65673
1.67007
1.6834
1.69673
1.71006
1.7234
1.73673
1.75006
1.7634
1.77673
1.79006
1.8034
1.81673
1.83006
1.8434
1.85673
1.87006
1.8834
1.89673
1.91006
1.9234
1.93673
1.95006
1.9634
1.97673
1.99006
2.0034
2.01673
2.03006
2.0434
2.05673
2.07006
2.0834
2.09673
2.11006
2.1234
2.13673
2.15006
2.1634
2.17673
2.19006
2.2034
2.21673
2.23006
2.2434
2.25673
2.27006
2.2834
2.29673
2.31006
1
1
1
1
1
1
1
1
1
1
1
1
1
1
1
1
1
1
1
1
1
1
1
1
1.0112
1.01679
1.02239
1.02799
1.03358
1.03918
1.04478
1.05038
1.05597
1.06157
1.06717
1.07277
1.07836
1.08396
1.08956
1.09516
1.10075
1.10635
1.11195
1.11755
1.12314
1.12874
1.13434
1.13994
1.14553
1.15113
1.15673
1.16233
1.16792
1.17352
1.18704
1.20055
1.21406
1.22758
1.24109
1.2546
1.26812
1.28163
1.29514
1.30866
1.32217
1.33568
1.3492
1.36271
1.37623
1.38974
1.40325
1.41677
1.43028
1.44379
1.45731
1.47082
1.48433
1.49785
1.51136
1.52487
1.53839
1.5519
1.56541
1.57893
1.59244
1.60595
1.61947
1.63298
1.6465
1.66001
1.67352
1.68704
1.70055
1.71406
1.72758
1.74109
1.7546
1.76812
1.78163
1.79514
1.80866
1.82217
1.83568
1.8492
1.86271
1.87623
1.88974
1.90325
1.91677
1.93028
1.94379
1.95731
1.97082
1.98433
1.99785
2.01136
2.02487
2.03839
2.0519
2.06541
2.07893
2.09244
2.10595
2.11947
2.13298
2.1465
2.16001
2.17352
2.18704
2.20055
2.21406
2.22758
2.24109
2.2546
2.26812
2.28163
2.29514
2.30866
2.32217
2.33568
2.3492
2.36271
2.37623
2.38974
1
1
1
1
1
1
1
1
1
1
1
1
1
1
1
1
1
1
1
1
1
1
1
1
1
1
1.01135
1.01702
1.0227
1.02837
1.03404
1.03972
1.04539
1.05107
1.05674
1.06242
1.06809
1.07376
1.07944
1.08511
1.09079
1.09646
1.10214
1.10781
1.11348
1.11916
1.12483
1.13051
1.13618
1.14185
1.14753
1.1532
1.15888
1.16455
1.17023
1.18392
1.19762
1.21132
1.22502
1.23872
1.25242
1.26612
1.27981
1.29351
1.30721
1.32091
1.33461
1.34831
1.36201
1.3757
1.3894
1.4031
1.4168
1.4305
1.4442
1.4579
1.4716
1.48529
1.49899
1.51269
1.52639
1.54009
1.55379
1.56749
1.58118
1.59488
1.60858
1.62228
1.63598
1.64968
1.66338
1.67707
1.69077
1.70447
1.71817
1.73187
1.74557
1.75927
1.77296
1.78666
1.80036
1.81406
1.82776
1.84146
1.85516
1.86886
1.88255
1.89625
1.90995
1.92365
1.93735
1.95105
1.96475
1.97844
1.99214
2.00584
2.01954
2.03324
2.04694
2.06064
2.07433
2.08803
2.10173
2.11543
2.12913
2.14283
2.15653
2.17023
2.18392
2.19762
2.21132
2.22502
2.23872
2.25242
2.26612
2.27981
2.29351
2.30721
2.32091
2.33461
2.34831
2.36201
2.3757
2.3894
2.4031
2.4168
2.4305
2.4442
2.4579
2.4716
1
1
1
1
1
1
1
1
1
1
1
1
1
1
1
1
1
1
1
1
1
1
1
1
1
1
1.01151
1.01726
1.02301
1.02876
1.03452
1.04027
1.04602
1.05178
1.05753
1.06328
1.06904
1.07479
1.08054
1.08629
1.09205
1.0978
1.10355
1.10931
1.11506
1.12081
1.12657
1.13232
1.13807
1.14382
1.14958
1.15533
1.16108
1.16684
1.18073
1.19461
1.2085
1.22239
1.23628
1.25017
1.26406
1.27795
1.29184
1.30573
1.31961
1.3335
1.34739
1.36128
1.37517
1.38906
1.40295
1.41684
1.43073
1.44461
1.4585
1.47239
1.48628
1.50017
1.51406
1.52795
1.54184
1.55573
1.56961
1.5835
1.59739
1.61128
1.62517
1.63906
1.65295
1.66684
1.68073
1.69461
1.7085
1.72239
1.73628
1.75017
1.76406
1.77795
1.79184
1.80573
1.81961
1.8335
1.84739
1.86128
1.87517
1.88906
1.90295
1.91684
1.93073
1.94461
1.9585
1.97239
1.98628
2.00017
2.01406
2.02795
2.04184
2.05573
2.06961
2.0835
2.09739
2.11128
2.12517
2.13906
2.15295
2.16684
2.18073
2.19461
2.2085
2.22239
2.23628
2.25017
2.26406
2.27795
2.29184
2.30573
2.31961
2.3335
2.34739
2.36128
2.37517
2.38906
2.40295
2.41684
2.43073
2.44461
2.4585
2.47239
2.48628
2.50017
1
1
1
1
1
1
1
1
1
1
1
1
1
1
1
1
1
1
1
1
1
1
1
1
1
1
1
1.01167
1.0175
1.02334
1.02917
1.035
1.04084
1.04667
1.05251
1.05834
1.06417
1.07001
1.07584
1.08168
1.08751
1.09334
1.09918
1.10501
1.11085
1.11668
1.12251
1.12835
1.13418
1.14002
1.14585
1.15168
1.15752
1.16335
1.17744
1.19152
1.20561
1.21969
1.23377
1.24786
1.26194
1.27603
1.29011
1.3042
1.31828
1.33237
1.34645
1.36054
1.37462
1.3887
1.40279
1.41687
1.43096
1.44504
1.45913
1.47321
1.4873
1.50138
1.51546
1.52955
1.54363
1.55772
1.5718
1.58589
1.59997
1.61406
1.62814
1.64223
1.65631
1.67039
1.68448
1.69856
1.71265
1.72673
1.74082
1.7549
1.76899
1.78307
1.79716
1.81124
1.82532
1.83941
1.85349
1.86758
1.88166
1.89575
1.90983
1.92392
1.938
1.95208
1.96617
1.98025
1.99434
2.00842
2.02251
2.03659
2.05068
2.06476
2.07885
2.09293
2.10701
2.1211
2.13518
2.14927
2.16335
2.17744
2.19152
2.20561
2.21969
2.23377
2.24786
2.26194
2.27603
2.29011
2.3042
2.31828
2.33237
2.34645
2.36054
2.37462
2.3887
2.40279
2.41687
2.43096
2.44504
2.45913
2.47321
2.4873
2.50138
2.51547
2.52955
2.54363
2.55772
2.5718
2.58589
2.59997
2.61406
1
1
1
1
1
1
1
1
1
1
1
1
1
1
1
1
1
1
1
1
1
1
1
1
1
1
1
1
1.01183
1.01775
1.02367
1.02959
1.0355
1.04142
1.04734
1.05326
1.05917
1.06509
1.07101
1.07693
1.08284
1.08876
1.09468
1.10059
1.10651
1.11243
1.11835
1.12426
1.13018
1.1361
1.14202
1.14793
1.15385
1.15977
1.17405
1.18834
1.20263
1.21691
1.2312
1.24548
1.25977
1.27405
1.28834
1.30263
1.31691
1.3312
1.34548
1.35977
1.60017
1.61446
1.62875
1.64303
1.65732
1.6716
1.68589
1.70017
1.71446
1.72875
1.74303
1.75732
1.7716
1.78589
1.80017
1.81446
1.82875
1.84303
1.85732
1.8716
1.88589
1.90017
1.91446
1.92875
1.94303
1.95732
1.9716
1.98589
2.00017
2.01446
2.02875
2.04303
2.05732
2.0716
2.08589
2.10017
2.11446
2.12875
2.14303
2.15732
2.1716
2.18589
2.20017
2.21446
2.22875
2.24303
2.25732
2.2716
2.28589
2.30017
2.31446
2.32875
2.34303
2.35732
2.3716
2.38589
2.40017
2.41446
2.42875
2.44303
2.45732
2.4716
2.48589
2.50017
2.51446
2.52875
2.54303
2.55732
2.5716
2.58589
2.60017
2.61446
2.62875
2.64303
2.65732
2.6716
2.68589
2.70017
2.71446
2.72875
2.74303
2.75732
2.7716
2.78589
2.80017
2.81446
2.82875
2.84303
1
1
1
1
1
1
1
1
1
1
1
1
1
1
1
1
1
1
1
1
1
1
1
1
1
1
1
1
1.01201
1.01801
1.02401
1.03002
1.03602
1.04202
1.04802
1.05403
1.06003
1.06603
1.07204
1.07804
1.08404
1.09005
1.09605
1.10205
1.10806
1.11406
1.12006
1.12607
1.13207
1.13807
1.14407
1.15008
1.15608
1.17057
1.18507
1.19956
1.21405
1.22854
1.24304
1.25753
1.27202
1.28652
1.70183
1.71633
1.73082
1.74531
1.7598
1.7743
1.78879
1.80328
1.81777
1.83227
1.84676
1.86125
1.87575
1.89024
1.90473
1.91922
1.93372
1.94821
1.9627
1.97719
1.99169
2.00618
2.02067
2.03517
2.04966
2.06415
2.07864
2.09314
2.10763
2.12212
2.13662
2.15111
2.1656
2.18009
2.19459
2.20908
2.22357
2.23806
2.25256
2.26705
2.28154
2.29604
2.31053
2.32502
2.33951
2.35401
2.3685
2.38299
2.39748
2.41198
2.42647
2.44096
2.45546
2.46995
2.48444
2.49893
2.51343
2.52792
2.54241
2.5569
2.5714
2.58589
2.60038
2.61488
2.62937
2.64386
2.65835
2.67285
2.68734
2.70183
2.71633
2.73082
2.74531
2.7598
2.7743
2.78879
2.80328
2.81777
2.83227
2.84676
2.86125
2.87575
2.89024
1
1
1
1
1
1
1
1
1
1
1
1
1
1
1
1
1
1
1
1
1
1
1
1
1
1
1
1
1
1.01218
1.01827
1.02437
1.03046
1.03655
1.04264
1.04873
1.05482
1.06091
1.06701
1.0731
1.07919
1.08528
1.09137
1.09746
1.10355
1.10965
1.11574
1.12183
1.12792
1.13401
1.1401
1.14619
1.15228
1.16699
1.1817
1.1964
1.21111
1.22581
1.24052
1.25523
1.79177
1.80648
1.82119
1.83589
1.8506
1.8653
1.88001
1.89472
1.90942
1.92413
1.93883
1.95354
1.96824
1.98295
1.99766
2.01236
2.02707
2.04177
2.05648
2.07119
2.08589
2.1006
2.1153
2.13001
2.14472
2.15942
2.17413
2.18883
2.20354
2.21824
2.23295
2.24766
2.26236
2.27707
2.29177
2.30648
2.32119
2.33589
2.3506
2.3653
2.38001
2.39472
2.40942
2.42413
2.43883
2.45354
2.46824
2.48295
2.49766
2.51236
2.52707
2.54177
2.55648
2.57119
2.58589
2.6006
2.6153
2.63001
2.64472
2.65942
2.67413
2.68883
2.70354
2.71824
2.73295
2.74766
2.76236
2.77707
2.79177
2.80648
2.82119
2.83589
2.8506
2.8653
2.88001
2.89472
2.90942
2.92413
2.93883
1
1
1
1
1
1
1
1
1
1
1
1
1
1
1
1
1
1
1
1
1
1
1
1
1
1
1
1
1
1
1
1.01236
1.01855
1.02473
1.03091
1.03709
1.04328
1.04946
1.05564
1.06182
1.06801
1.07419
1.08037
1.08655
1.09273
1.09892
1.1051
1.11128
1.11746
1.12365
1.12983
1.13601
1.14219
1.14838
1.1633
1.17823
1.19315
1.20808
1.223
1.85455
1.86948
1.8844
1.89933
1.91425
1.92918
1.9441
1.95903
1.97395
1.98888
2.0038
2.01873
2.03365
2.04858
2.06351
2.07843
2.09336
2.10828
2.12321
2.13813
2.15306
2.16798
2.18291
2.19783
2.21276
2.22768
2.24261
2.25754
2.27246
2.28739
2.30231
2.31724
2.33216
2.34709
2.36201
2.37694
2.39186
2.40679
2.42171
2.43664
2.45157
2.46649
2.48142
2.49634
2.51127
2.52619
2.54112
2.55604
2.57097
2.58589
2.60082
2.61574
2.63067
2.6456
2.66052
2.67545
2.69037
2.7053
2.72022
2.73515
2.75007
2.765
2.77992
2.79485
2.80977
2.8247
2.83962
2.85455
2.86948
2.8844
2.89933
2.91425
2.92918
2.9441
2.95903
2.97395
2.98888
1
1
1
1
1
1
1
1
1
1
1
1
1
1
1
1
1
1
1
1
1
1
1
1
1
1
1
1
1
1
1
1.01255
1.01883
1.0251
1.03138
1.03766
1.04393
1.05021
1.05648
1.06276
1.06904
1.07531
1.08159
1.08786
1.09414
1.10042
1.10669
1.11297
1.11924
1.12552
1.1318
1.13807
1.14435
1.1595
1.17465
1.1898
1.20495
1.22011
1.93438
1.94953
1.96468
1.97983
1.99499
2.01014
2.02529
2.04044
2.05559
2.07074
2.0859
2.10105
2.1162
2.13135
2.1465
2.16165
2.1768
2.19196
2.20711
2.22226
2.23741
2.25256
2.26771
2.28286
2.29802
2.31317
2.32832
2.34347
2.35862
2.37377
2.38893
2.40408
2.41923
2.43438
2.44953
2.46468
2.47983
2.49499
2.51014
2.52529
2.54044
2.55559
2.57074
2.5859
2.60105
2.6162
2.63135
2.6465
2.66165
2.6768
2.69196
2.70711
2.72226
2.73741
2.75256
2.76771
2.78286
2.79802
2.81317
2.82832
2.84347
2.85862
2.87377
2.88893
2.90408
2.91923
2.93438
2.94953
2.96468
2.97983
2.99499
3.01014
3.02529
3.04044
1
1
1
1
1
1
1
1
1
1
1
1
1
1
1
1
1
1
1
1
1
1
1
1
1
1
1
1
1
1
1
1
1.01275
1.01912
1.02549
1.03186
1.03824
1.04461
1.05098
1.05735
1.06373
1.0701
1.07647
1.08284
1.08922
1.09559
1.10196
1.10833
1.11471
1.12108
1.12745
1.13382
1.1402
1.15558
1.17096
1.18635
2.00128
2.01667
2.03205
2.04744
2.06282
2.0782
2.09359
2.10897
2.12436
2.13974
2.15513
2.17051
2.1859
2.20128
2.21667
2.23205
2.24744
2.26282
2.2782
2.29359
2.30897
2.32436
2.33974
2.35513
2.37051
2.3859
2.40128
2.41667
2.43205
2.44744
2.46282
2.4782
2.49359
2.50897
2.52436
2.53974
2.55513
2.57051
2.5859
2.60128
2.61667
2.63205
2.64744
2.66282
2.6782
2.69359
2.70897
2.72436
2.73974
2.75513
2.77051
2.7859
2.80128
2.81667
2.83205
2.84744
2.86282
2.8782
2.89359
2.90897
2.92436
2.93974
2.95513
2.97051
2.9859
3.00128
3.01667
3.03205
3.04744
3.06282
3.0782
3.09359
1
1
1
1
1
1
1
1
1
1
1
1
1
1
1
1
1
1
1
1
1
1
1
1
1
1
1
1
1
1
1
1
1.01294
1.01942
1.02589
1.03236
1.03883
1.0453
1.05178
1.05825
1.06472
1.07119
1.07767
1.08414
1.09061
1.09708
1.10355
1.11003
1.1165
1.12297
1.12944
1.13591
1.15154
1.16716
1.18279
2.0859
2.10152
2.11715
2.13277
2.1484
2.16402
2.17965
2.19527
2.2109
2.22652
2.24215
2.25777
2.2734
2.28902
2.30465
2.32027
2.3359
2.35152
2.36715
2.38277
2.3984
2.41402
2.42965
2.44527
2.4609
2.47652
2.49215
2.50777
2.5234
2.53902
2.55465
2.57027
2.5859
2.60152
2.61715
2.63277
2.6484
2.66402
2.67965
2.69527
2.7109
2.72652
2.74215
2.75777
2.7734
2.78902
2.80465
2.82027
2.8359
2.85152
2.86715
2.88277
2.8984
2.91402
2.92965
2.94527
2.9609
2.97652
2.99215
3.00777
3.0234
3.03902
3.05465
3.07027
3.0859
3.10152
3.11715
3.13277
3.1484
1
1
1
1
1
1
1
1
1
1
1
1
1
1
1
1
1
1
1
1
1
1
1
1
1
1
1
1
1
1
1
1
1.01315
1.01972
1.0263
1.03287
1.03945
1.04602
1.0526
1.05917
1.06575
1.07232
1.0789
1.08547
1.09205
1.09862
1.1052
1.11177
1.11835
1.12492
1.1315
1.14737
1.16324
1.17912
1.19499
2.13488
2.14146
2.15733
2.1732
2.18908
2.20495
2.22082
2.23669
2.25257
2.26844
2.28431
2.30019
2.31606
2.33193
2.34781
2.36368
2.37955
2.39542
2.4113
2.42717
2.44304
2.45892
2.47479
2.49066
2.50654
2.52241
2.53828
2.55415
2.57003
2.5859
2.60177
2.61765
2.63352
2.64939
2.66527
2.68114
2.69701
2.71288
2.72876
2.74463
2.7605
2.77638
2.79225
2.80812
2.824
2.83987
2.85574
2.87161
2.88749
2.90336
2.91923
2.93511
2.95098
2.96685
2.98273
2.9986
3.01447
3.03034
3.04622
3.06209
3.07796
3.09384
3.10971
3.12558
3.14146
3.15733
3.1732
3.18908
3.20495
1
1
1
1
1
1
1
1
1
1
1
1
1
1
1
1
1
1
1
1
1
1
1
1
1
1
1
1
1
1
1
1
1.01336
1.02004
1.02672
1.0334
1.04009
1.04677
1.05345
1.06013
1.06681
1.07349
1.08017
1.08685
1.09353
1.10021
1.10689
1.11357
1.12026
1.12694
1.14307
1.15919
2.21493
2.23106
2.24719
2.26332
2.27945
2.29558
2.31171
2.32784
2.34397
2.3601
2.37622
2.39235
2.40848
2.42461
2.44074
2.45687
2.473
2.48913
2.50526
2.52139
2.53752
2.55364
2.56977
2.5859
2.60203
2.61816
2.63429
2.65042
2.66655
2.68268
2.69881
2.71493
2.73106
2.74719
2.76332
2.77945
2.79558
2.81171
2.82784
2.84397
2.8601
2.87622
2.89235
2.90848
2.92461
2.94074
2.95687
2.973
2.98913
3.00526
3.02139
3.03752
3.05364
3.06977
3.0859
3.10203
3.11816
3.13429
3.15042
3.16655
3.18268
3.19881
3.21493
3.23106
3.24719
3.26332
1
1
1
1
1
1
1
1
1
1
1
1
1
1
1
1
1
1
1
1
1
1
1
1
1
1
1
1
1
1
1
1
1
1.01358
1.02037
1.02716
1.03395
1.04074
1.04753
1.05432
1.06111
1.0679
1.07469
1.08148
1.08828
1.09507
1.10186
1.10865
1.11544
1.12223
1.13862
1.15501
2.27443
2.29082
2.30722
2.32361
2.34
2.3564
2.37279
2.38918
2.40558
2.42197
2.43836
2.45476
2.47115
2.48754
2.50394
2.52033
2.53672
2.55312
2.56951
2.5859
2.6023
2.61869
2.63508
2.65148
2.66787
2.68426
2.70066
2.71705
2.73345
2.74984
2.76623
2.78263
2.79902
2.81541
2.83181
2.8482
2.86459
2.88099
2.89738
2.91377
2.93017
2.94656
2.96295
2.97935
2.99574
3.01213
3.02853
3.04492
3.06131
3.07771
3.0941
3.11049
3.12689
3.14328
3.15967
3.17607
3.19246
3.20886
3.22525
3.24164
3.25804
3.27443
3.29082
3.30722
3.32361
1
1
1
1
1
1
1
1
1
1
1
1
1
1
1
1
1
1
1
1
1
1
1
1
1
1
1
1
1
1
1
1
1
1.01381
1.02071
1.02761
1.03452
1.04142
1.04833
1.05523
1.06213
1.06904
1.07594
1.08284
1.08975
1.09665
1.10355
1.11046
1.11736
1.13403
1.15069
2.35257
2.36924
2.38591
2.40257
2.41924
2.43591
2.45257
2.46924
2.48591
2.50257
2.51924
2.53591
2.55257
2.56924
2.58591
2.60257
2.61924
2.63591
2.65257
2.66924
2.68591
2.70257
2.71924
2.73591
2.75257
2.76924
2.78591
2.80257
2.81924
2.83591
2.85257
2.86924
2.88591
2.90257
2.91924
2.93591
2.95257
2.96924
2.98591
3.00257
3.01924
3.03591
3.05257
3.06924
3.08591
3.10257
3.11924
3.13591
3.15257
3.16924
3.18591
3.20257
3.21924
3.23591
3.25257
3.26924
3.28591
3.30257
3.31924
3.33591
3.35257
3.36924
3.38591
3.46726
3.48421
3.50116
3.51811
3.53506
1
1
1
1
1
1
1
1
1
1
1
1
1
1
1
1
1
1
1
1
1
1
1
1
1
1
1
1
1
1
1
1
1
1
1.01404
1.02106
1.02808
1.0351
1.04212
1.04914
1.05616
1.06319
1.07021
1.07723
1.08425
1.09127
1.09829
1.10531
1.11233
1.12928
1.14623
2.43337
2.45032
2.46726
2.48421
2.50116
2.51811
2.53506
2.55201
2.56896
2.58591
2.60286
2.61981
2.63676
2.6537
2.67065
2.6876
2.70455
2.7215
2.73845
2.7554
2.77235
2.7893
2.80625
2.8232
2.84015
2.85709
2.87404
2.89099
2.90794
2.92489
2.94184
2.95879
2.97574
2.99269
3.00964
3.02659
3.04354
3.06048
3.07743
3.09438
3.11133
3.12828
3.14523
3.16218
3.17913
3.19608
3.21303
3.22998
3.24693
3.26387
3.28082
3.29777
3.31472
3.33167
3.34862
3.36557
3.38252
3.39947
3.41642
3.43337
3.45032
3.53419
3.55143
3.56867
3.58591
3.60315
3.62039
1
1
1
1
1
1
1
1
1
1
1
1
1
1
1
1
1
1
1
1
1
1
1
1
1
1
1
1
1
1
1
1
1
1
1.01428
1.02142
1.02857
1.03571
1.04285
1.04999
1.05713
1.06427
1.07142
1.07856
1.0857
1.09284
1.09998
1.10712
1.12437
2.51694
2.53419
2.55143
2.56867
2.58591
2.60315
2.62039
2.63763
2.65488
2.67212
2.68936
2.7066
2.72384
2.74108
2.75832
2.77557
2.79281
2.81005
2.82729
2.84453
2.86177
2.87901
2.89626
2.9135
2.93074
2.94798
2.96522
2.98246
2.9997
3.01694
3.03419
3.05143
3.06867
3.08591
3.10315
3.12039
3.13763
3.15488
3.17212
3.18936
3.2066
3.22384
3.24108
3.25832
3.27557
3.29281
3.31005
3.32729
3.34453
3.36177
3.37901
3.39626
3.4135
3.43074
3.44798
3.46522
3.48246
3.4997
3.51694
3.60346
3.621
3.63854
3.65609
3.67363
3.69118
3.70872
3.72626
1
1
1
1
1
1
1
1
1
1
1
1
1
1
1
1
1
1
1
1
1
1
1
1
1
1
1
1
1
1
1
1
1
1
1.01453
1.0218
1.02907
1.03633
1.0436
1.05087
1.05814
1.0654
1.07267
1.07994
1.0872
1.09447
1.10174
1.11928
2.60346
2.621
2.63854
2.65609
2.67363
2.69118
2.70872
2.72626
2.74381
2.76135
2.7789
2.79644
2.81398
2.83153
2.84907
2.86661
2.88416
2.9017
2.91925
2.93679
2.95433
2.97188
2.98942
3.00697
3.02451
3.04205
3.0596
3.07714
3.09468
3.11223
3.12977
3.14732
3.16486
3.1824
3.19995
3.21749
3.23504
3.25258
3.27012
3.28767
3.30521
3.32275
3.3403
3.35784
3.37539
3.39293
3.41047
3.42802
3.44556
3.46311
3.48065
3.49819
3.51574
3.53328
3.55082
3.56837
3.58591
3.6752
3.69306
3.71091
3.72877
3.74663
3.76449
3.78234
3.8002
3.81806
1
1
1
1
1
1
1
1
1
1
1
1
1
1
1
1
1
1
1
1
1
1
1
1
1
1
1
1
1
1
1
1
1
1
1.01479
1.02219
1.02959
1.03698
1.04438
1.05178
1.05917
1.06657
1.07397
1.08136
1.08876
1.09616
1.11401
2.69306
2.71091
2.72877
2.74663
2.76449
2.78234
2.8002
2.81806
2.83591
2.85377
2.87163
2.88949
2.90734
2.9252
2.94306
2.96091
2.97877
2.99663
3.01449
3.03234
3.0502
3.06806
3.08591
3.10377
3.12163
3.13949
3.15734
3.1752
3.19306
3.21091
3.22877
3.24663
3.26449
3.28234
3.3002
3.31806
3.33591
3.35377
3.37163
3.38949
3.40734
3.4252
3.44306
3.46091
3.47877
3.49663
3.51449
3.53234
3.5502
3.56806
3.58591
3.60377
3.62163
3.63949
3.65734
3.74955
3.76774
3.78592
3.8041
3.82228
3.84046
3.85864
3.87683
3.89501
1.01506
1
1
1
1
1
1
1
1
1
1
1
1
1
1
1
1
1
1
1
1
1
1
1
1
1
1
1
1
1
1
1
1
1
1
1
1.01506
1.02259
1.03012
1.03766
1.04519
1.05272
1.06025
1.06778
1.07531
1.08284
1.09037
2.76774
2.78592
2.8041
2.82228
2.84046
2.85864
2.87683
2.89501
2.91319
2.93137
2.94955
2.96774
2.98592
3.0041
3.02228
3.04046
3.05864
3.07683
3.09501
3.11319
3.13137
3.14955
3.16774
3.18592
3.2041
3.22228
3.24046
3.25864
3.27683
3.29501
3.31319
3.33137
3.34955
3.36774
3.38592
3.4041
3.42228
3.44046
3.45864
3.47683
3.49501
3.51319
3.53137
3.54955
3.56774
3.58592
3.6041
3.62228
3.64046
3.65864
3.67683
3.69501
3.71319
3.73137
3.82666
3.84518
3.8637
3.88222
3.90073
3.91925
3.93777
3.95629
3.97481
1.01534
1
1
1
1
1
1
1
1
1
1
1
1
1
1
1
1
1
1
1
1
1
1
1
1
1
1
1
1
1
1
1
1
1
1
1
1.01534
1.02301
1.03068
1.03835
1.04602
1.05369
1.06137
1.06904
1.07671
1.08438
1.09205
2.83751
2.84518
2.8637
2.88222
2.90073
2.91925
2.93777
2.95629
2.97481
2.99333
3.01185
3.03036
3.04888
3.0674
3.08592
3.10444
3.12296
3.14148
3.15999
3.17851
3.19703
3.21555
3.23407
3.25259
3.2711
3.28962
3.30814
3.32666
3.34518
3.3637
3.38222
3.40073
3.41925
3.43777
3.45629
3.47481
3.49333
3.51185
3.53036
3.54888
3.5674
3.58592
3.60444
3.62296
3.64148
3.65999
3.67851
3.69703
3.71555
3.73407
3.75259
3.7711
3.78962
3.80814
3.90668
3.92554
3.94441
3.96328
3.98215
4.00102
4.01988
4.03875
4.05762
1.01563
1.00782
1
1
1
1
1
1
1
1
1
1
1
1
1
1
1
1
1
1
1
1
1
1
1
1
1
1
1
1
1
1
1
1
1
1.00782
1.01563
1.02345
1.03126
1.03908
1.04689
1.05471
1.06252
1.07034
1.07815
1.08597
1.09378
2.94441
2.96328
2.98215
3.00102
3.01988
3.03875
3.05762
3.07649
3.09536
3.11422
3.13309
3.15196
3.17083
3.1897
3.20856
3.22743
3.2463
3.26517
3.28404
3.3029
3.32177
3.34064
3.35951
3.37838
3.39724
3.41611
3.43498
3.45385
3.47271
3.49158
3.51045
3.52932
3.54819
3.56705
3.58592
3.60479
3.62366
3.64253
3.66139
3.68026
3.69913
3.718
3.73687
3.75573
3.7746
3.79347
3.81234
3.83121
3.85007
3.86894
3.88781
3.98977
4.009
4.02823
4.04746
4.06669
4.08592
4.10516
4.12439
4.14362
1.01593
1.00797
1
1
1
1
1
1
1
1
1
1
1
1
1
1
1
1
1
1
1
1
1
1
1
1
1
1
1
1
1
1
1
1
1
1.00797
1.01593
1.0239
1.03186
1.03983
1.04779
1.05576
1.06373
1.07169
1.07966
1.08762
3.02823
3.04746
3.06669
3.08592
3.10516
3.12439
3.14362
3.16285
3.18208
3.20131
3.22054
3.23977
3.259
3.27823
3.29746
3.31669
3.33592
3.35516
3.37439
3.39362
3.41285
3.43208
3.45131
3.47054
3.48977
3.509
3.52823
3.54746
3.56669
3.58592
3.60516
3.62439
3.64362
3.66285
3.68208
3.70131
3.72054
3.73977
3.759
3.77823
3.79746
3.81669
3.83592
3.85516
3.87439
3.89362
3.91285
3.93208
3.95131
3.97054
4.07612
4.09573
4.11534
4.13495
4.15456
4.17416
4.19377
4.21338
4.23299
1.01624
1.00812
1
1
1
1
1
1
1
1
1
1
1
1
1
1
1
1
1
1
1
1
1
1
1
1
1
1
1
1
1
1
1
1
1
1.00812
1.01624
1.02437
1.03249
1.04061
1.04873
1.05685
1.06497
1.0731
1.08122
3.15456
3.17416
3.19377
3.21338
3.23299
3.25259
3.2722
3.29181
3.31142
3.33103
3.35063
3.37024
3.38985
3.40946
3.42906
3.44867
3.46828
3.48789
3.5075
3.5271
3.54671
3.56632
3.58593
3.60554
3.62514
3.64475
3.66436
3.68397
3.70357
3.72318
3.74279
3.7624
3.78201
3.80161
3.82122
3.84083
3.86044
3.88005
3.89965
3.91926
3.93887
3.95848
3.97808
3.99769
4.0173
4.03691
4.05652
4.16593
4.18593
4.20593
4.22593
4.24593
4.26593
4.28593
4.30593
4.32593
1.01657
1.00828
1
1
1
1
1
1
1
1
1
1
1
1
1
1
1
1
1
1
1
1
1
1
1
1
1
1
1
1
1
1
1
1
1
1.00828
1.01657
1.02485
1.03314
1.04142
1.04971
1.05799
1.06627
1.07456
1.08284
3.24593
3.26593
3.28593
3.30593
3.32593
3.34593
3.36593
3.38593
3.40593
3.42593
3.44593
3.46593
3.48593
3.50593
3.52593
3.54593
3.56593
3.58593
3.60593
3.62593
3.64593
3.66593
3.68593
3.70593
3.72593
3.74593
3.76593
3.78593
3.80593
3.82593
3.84593
3.86593
3.88593
3.90593
3.92593
3.94593
3.96593
3.98593
4.00593
4.02593
4.04593
4.06593
4.08593
4.10593
4.12593
4.14593
4.2594
4.27981
4.30022
4.32063
4.34104
4.36144
4.38185
4.40226
1.01691
1.00845
1
1
1
1
1
1
1
1
1
1
1
1
1
1
1
1
1
1
1
1
1
1
1
1
1
1
1
1
1
1
1
1
1
1.00845
1.01691
1.02536
1.03381
1.04227
1.05072
1.05917
1.06763
1.07608
3.38185
3.40226
3.42267
3.44308
3.46348
3.48389
3.5043
3.52471
3.54512
3.56553
3.58593
3.60634
3.62675
3.64716
3.66757
3.68797
3.70838
3.72879
3.7492
3.76961
3.79002
3.81042
3.83083
3.85124
3.87165
3.89206
3.91246
3.93287
3.95328
3.97369
3.9941
4.0145
4.03491
4.05532
4.07573
4.09614
4.11655
4.13695
4.15736
4.17777
4.19818
4.21859
4.23899
4.35677
4.3776
4.39844
4.41927
4.4401
4.46094
4.48177
4.5026
1.02589
1.01726
1.00863
1
1
1
1
1
1
1
1
1
1
1
1
1
1
1
1
1
1
1
1
1
1
1
1
1
1
1
1
1
1
1
1
1
1.00863
1.01726
1.02589
1.03452
1.04315
1.05178
1.06041
1.06904
1.08987
3.5026
3.52344
3.54427
3.5651
3.58594
3.60677
3.6276
3.64844
3.66927
3.6901
3.71094
3.73177
3.7526
3.77344
3.79427
3.8151
3.83594
3.85677
3.8776
3.89844
3.91927
3.9401
3.96094
3.98177
4.0026
4.02344
4.04427
4.0651
4.08594
4.10677
4.1276
4.14844
4.16927
4.1901
4.21094
4.23177
4.2526
4.27344
4.29427
4.3151
4.33594
4.45828
4.47956
4.50083
4.52211
4.54339
4.56466
1.02644
1.01763
1.00881
1
1
1
1
1
1
1
1
1
1
1
1
1
1
1
1
1
1
1
1
1
1
1
1
1
1
1
1
1
1
1
1
1
1.00881
1.01763
1.02644
1.03525
1.04407
1.05288
1.06169
3.60722
3.62849
3.64977
3.67105
3.69232
3.7136
3.73488
3.75615
3.77743
3.79871
3.81998
3.84126
3.86254
3.88381
3.90509
3.92637
3.94764
3.96892
3.9902
4.01147
4.03275
4.05402
4.0753
4.09658
4.11785
4.13913
4.16041
4.18168
4.20296
4.22424
4.24551
4.26679
4.28807
4.30934
4.33062
4.3519
4.37317
4.39445
4.41573
4.437
4.5642
4.58594
4.60768
4.62942
4.65116
4.6729
1.02701
1.01801
1.009
1
1
1
1
1
1
1
1
1
1
1
1
1
1
1
1
1
1
1
1
1
1
1
1
1
1
1
1
1
1
1
1
1
1.009
1.01801
1.02701
1.03602
1.04502
1.05403
1.06303
3.70737
3.71638
3.73812
3.75986
3.7816
3.80333
3.82507
3.84681
3.86855
3.89029
3.91203
3.93377
3.95551
3.97725
3.99899
4.02073
4.04246
4.0642
4.08594
4.10768
4.12942
4.15116
4.1729
4.19464
4.21638
4.23812
4.25986
4.2816
4.30333
4.32507
4.34681
4.36855
4.39029
4.41203
4.43377
4.45551
4.47725
4.49899
4.52073
4.54246
4.67484
4.69706
4.71928
4.7415
1
1
1
1
1
1
1
1
1
1
1
1
1.02761
1.01841
1.0092
1
1
1
1
1
1
1
1
1
1
1
1
1
1
1
1
1
1
1
1
1
1
1
1
1
1
1
1
1
1
1
1
1
1.0092
1.01841
1.02761
1.03682
1.04602
1.05523
1.06443
3.85261
3.87484
3.89706
3.91928
3.9415
3.96372
3.98595
4.00817
4.03039
4.05261
4.07484
4.09706
4.11928
4.1415
4.16372
4.18595
4.20817
4.23039
4.25261
4.27484
4.29706
4.31928
4.3415
4.36372
4.38595
4.40817
4.43039
4.45261
4.47484
4.49706
4.51928
4.5415
4.56372
4.58595
4.60817
4.63039
4.65261
1
1
1
1
1
1
1
1
1
1
1
1
1
1
1
1
1
1
1
1.02824
1.01883
1.00941
1
1
1
1
1
1
1
1
1
1
1
1
1
1
1
1
1
1
1
1
1
1
1
1
1
1
1
1
1
1
1
1
1
1.00941
1.01883
1.02824
1.03766
1.04707
1.05648
4.01777
4.0405
4.06322
4.08595
4.10868
4.1314
4.15413
4.17686
4.19959
4.22231
4.24504
4.26777
4.2905
4.31322
4.33595
4.35868
4.3814
4.40413
4.42686
4.44959
4.47231
4.49504
4.51777
4.5405
4.56322
4.58595
4.60868
4.6314
4.65413
4.67686
4.69959
4.72231
4.74504
4.76777
1
1
1
1
1
1
1
1
1
1
1
1
1
1
1
1
1
1
1
1
1
1
1
1
1
1.0289
1.01927
1.00963
1
1
1
1
1
1
1
1
1
1
1
1
1
1
1
1
1
1
1
1
1
1
1
1
1
1
1
1
1
1
1
1
1
1.00963
1.01927
1.0289
1.03853
1.04816
1.0578
4.16735
4.19061
4.21386
4.23712
4.26037
4.28363
4.30688
4.33014
4.3534
4.37665
4.39991
4.42316
4.44642
4.46968
4.49293
4.51619
4.53944
4.5627
4.58595
4.60921
4.63247
4.65572
4.67898
4.70223
4.72549
4.74874
4.772
4.79526
4.81851
4.84177
4.86502
4.88828
1
1
1
1
1
1
1
1
1
1
1
1
1
1
1
1
1
1
1
1
1
1
1
1
1
1
1
1
1
1
1
1.02959
1.01972
1.00986
1
1
1
1
1
1
1
1
1
1
1
1
1
1
1
1
1
1
1
1
1
1
1
1
1
1
1
1
1
1
1
1
1
1.00986
1.01972
1.02959
1.03945
1.04931
4.37167
4.39548
4.41929
4.4431
4.46691
4.49072
4.51453
4.53834
4.56215
4.58596
4.60977
4.63358
4.65739
4.6812
4.70501
4.72882
4.75262
4.77643
4.80024
4.82405
4.84786
4.87167
4.89548
4.91929
4.9431
4.96691
4.99072
5.01453
1
1
1
1
1
1
1
1
1
1
1
1
1
1
1
1
1
1
1
1
1
1
1
1
1
1
1
1
1
1
1
1
1
1
1.03031
1.02021
1.0101
1
1
1
1
1
1
1
1
1
1
1
1
1
1
1
1
1
1
1
1
1
1
1
1
1
1
1
1
1
1
1
1
1
1.0101
1.02021
1.03031
1.04041
1.05051
4.53718
4.56157
4.58596
4.61035
4.63474
4.65913
4.68352
4.70791
4.7323
4.75669
4.78108
4.80547
4.82986
4.85426
4.87865
4.90304
4.92743
4.95182
4.97621
5.0006
5.02499
5.04938
5.07377
5.09816
5.12255
5.14694
1
1
1
1
1
1
1
1
1
1
1
1
1
1
1
1
1
1
1
1
1
1
1
1
1
1
1
1
1
1
1
1
1
1
1
1
1
1.03107
1.02071
1.01036
1
1
1
1
1
1
1
1
1
1
1
1
1
1
1
1
1
1
1
1
1
1
1
1
1
1
1
1
1
1
1
1
1
1.01036
1.02071
1.03107
1.04142
1.05178
4.76097
4.78597
4.81097
4.83597
4.86097
4.88597
4.91097
4.93597
4.96097
4.98597
5.01097
5.03597
5.06097
5.08597
5.11097
5.13597
5.16097
5.18597
5.21097
5.23597
5.26097
5.28597
1
1
1
1
1
1
1
1
1
1
1
1
1
1
1
1
1
1
1
1
1
1
1
1
1
1
1
1
1
1
1
1
1
1
1
1
1
1
1
1
1
1.03186
1.02124
1.01062
1
1
1
1
1
1
1
1
1
1
1
1
1
1
1
1
1
1
1
1
1
1
1
1
1
1
1
1
1
1
1
1
1
1.01062
1.02124
1.03186
1.04248
4.99623
5.02187
5.04751
5.07315
5.09879
5.12443
5.15007
5.17572
5.20136
5.227
5.25264
5.27828
5.30392
5.32956
5.3552
5.38084
5.40648
5.43213
1
1
1
1
1
1
1
1
1
1
1
1
1
1
1
1
1
1
1
1
1
1
1
1
1
1
1
1
1
1
1
1
1
1
1
1
1
1
1
1
1
1
1
1.0327
1.0218
1.0109
1
1
1
1
1
1
1
1
1
1
1
1
1
1
1
1
1
1
1
1
1
1
1
1
1
1
1
1
1
1
1
1
1
1.0109
1.0218
1.0327
1.0436
5.24387
5.27019
5.2965
5.32282
5.34913
5.37545
5.40177
5.42808
5.4544
5.48071
5.50703
5.53334
5.55966
5.58598
1
1
1
1
1
1
1
1
1
1
1
1
1
1
1
1
1
1
1
1
1
1
1
1
1
1
1
1
1
1
1
1
1
1
1
1
1
1
1
1
1
1
1
1.03358
1.02239
1.0112
1
1
1
1
1
1
1
1
1
1
1
1
1
1
1
1
1
1
1
1
1
1
1
1
1
1
1
1
1
1
1
1
1
1.0112
1.02239
1.03358
1.04478
5.41262
5.42382
5.45085
5.47787
5.5049
5.53193
5.55895
5.58598
5.61301
5.64004
5.66706
5.69409
5.72112
5.74814
1
1
1
1
1
1
1
1
1
1
1
1
1
1
1
1
1
1
1
1
1
1
1
1
1
1
1
1
1
1
1
1
1
1
1
1
1
1
1
1
1
1
1
1
1
1
1
1
1
1
1
1
1
1
1
1
1
1
1
1
1
1
1
1
1
1
1
1
1
1.03452
1.02301
1.01151
1
1
1
1
1
1
1
1
1
1
1
1
1
1
1
1
1
1
1
1
1
1
1
1
1
1
1
1
1
1
1
1
1
1.01151
1.02301
1.03452
1.0623
5.80821
5.83599
5.86376
5.89154
5.91932
1
1
1
1
1
1
1
1
1
1
1
1
1
1
1
1
1
1
1
1
1
1
1
1
1
1
1
1
1
1
1
1
1
1
1
1
1
1
1
1
1
1
1
1
1
1
1
1
1
1
1
1
1
1
1
1
1
1
1
1
1
1
1
1
1
1
1
1
1
1
1
1
1
1
1
1
1
1
1
1
1
1
1
1
1
1.0355
1.02367
1.01183
1
1
1
1
1
1
1
1
1
1
1
1
1
1
1
1
1
1
1
1
1
1
1
1
1
1
1
1
1
1
1
1
1
1.01183
1.02367
1
1
1
1
1
1
1
1
1
1
1
1
1
1
1
1
1
1
1
1
1
1
1
1
1
1
1
1
1
1
1
1
1
1
1
1
1
1
1
1
1
1
1
1
1
1
1
1
1
1
1
1
1
1
1
1
1
1
1
1
1
1
1
1
1
1
1
1
1
1
1
1
1
1
1
1
1
1
1
1
1
1
1
1
1
1
1
1
1
1
1
1
1
1
1
1
1.03655
1.02437
1.01218
1
1
1
1
1
1
1
1
1
1
1
1
1
1
1
1
1
1
1
1
1
1
1
1
1
1
1
1
1
1
1
1
1
1.01218
1.02437
1
1
1
1
1
1
1
1
1
1
1
1
1
1
1
1
1
1
1
1
1
1
1
1
1
1
1
1
1
1
1
1
1
1
1
1
1
1
1
1
1
1
1
1
1
1
1
1
1
1
1
1
1
1
1
1
1
1
1
1
1
1
1
1
1
1
1
1
1
1
1
1
1
1
1
1
1
1
1
1
1
1
1
1
1
1
1
1
1
1
1
1
1
1
1
1
1
1
1
1
1
1
1
1
1.03766
1.0251
1.01255
1
1
1
1
1
1
1
1
1
1
1
1
1
1
1
1
1
1
1
1
1
1
1
1
1
1
1
1
1
1
1
1
1
1.01255
1.0251
1
1
1
1
1
1
1
1
1
1
1
1
1
1
1
1
1
1
1
1
1
1
1
1
1
1
1
1
1
1
1
1
1
1
1
1
1
1
1
1
1
1
1
1
1
1
1
1
1
1
1
1
1
1
1
1
1
1
1
1
1
1
1
1
1
1
1
1
1
1
1
1
1
1
1
1
1
1
1
1
1
1
1
1
1
1
1
1
1
1
1
1
1
1
1
1
1
1
1
1
1
1
1
1
1
1
1
1
1
1
1
1
1
1.02589
1.01294
1
1
1
1
1
1
1
1
1
1
1
1
1
1
1
1
1
1
1
1
1
1
1
1
1
1
1
1
1
1
1
1
1
1.01294
1.02589
1
1
1
1
1
1
1
1
1
1
1
1
1
1
1
1
1
1
1
1
1
1
1
1
1
1
1
1
1
1
1
1
1
1
1
1
1
1
1
1
1
1
1
1
1
1
1
1
1
1
1
1
1
1
1
1
1
1
1
1
1
1
1
1
1
1
1
1
1
1
1
1
1
1
1
1
1
1
1
1
1
1
1
1
1
1
1
1
1
1
1
1
1
1
1
1
1
1
1
1
1
1
1
1
1
1
1
1
1
1
1
1
1
1
1
1
1
1
1
1
1
1
1
1
1
1
1
1
1
1
1
1
1
1
1
1
1
1
1.02672
1.01336
1
1
1
1
1
1
1
1
1
1
1
1
1
1
1
1
1
1
1
1
1
1
1
1
1
1
1
1
1
1
1
1
1
1.01336
1.02672
1
1
1
1
1
1
1
1
1
1
1
1
1
1
1
1
1
1
1
1
1
1
1
1
1
1
1
1
1
1
1
1
1
1
1
1
1
1
1
1
1
1
1
1
1
1
1
1
1
1
1
1
1
1
1
1
1
1
1
1
1
1
1
1
1
1
1
1
1
1
1
1
1
1
1
1
1
1
1
1
1
1
1
1
1
1
1
1
1
1
1
1
1
1
1
1
1
1
1
1
1
1
1
1
1
1
1
1
1
1
1
1
1
1
1
1
1
1
1
1
1
1
1
1
1
1
1
1
1
1
1
1
1
1
1
1
1
1
1
1
1
1
1
1
1
1
1
1
1
1
1
1
1
1
1
1
1
1
1
1
1
1
1
1
1
1
1
1
1
1
1
1
1
1
1
1
1
1
1
1
1
1.02761
1.01381
1
1
1
1
1
1
1
1
1
1
1
1
1
1
1
1
1
1
1
1
1
1
1
1
1
1
1
1
1
1
1
1
1
1.01381
1
1
1
1
1
1
1
1
1
1
1
1
1
1
1
1
1
1
1
1
1
1
1
1
1
1
1
1
1
1
1
1
1
1
1
1
1
1
1
1
1
1
1
1
1
1
1
1
1
1
1
1
1
1
1
1
1
1
1
1
1
1
1
1
1
1
1
1
1
1
1
1
1
1
1
1
1
1
1
1
1
1
1
1
1
1
1
1
1
1
1
1
1
1
1
1
1
1
1
1
1
1
1
1
1
1
1
1
1
1
1
1
1
1
1
1
1
1
1
1
1
1
1
1
1
1
1
1
1
1
1
1
1
1
1
1
1
1
1
1
1
1
1
1
1
1
1
1
1
1
1
1
1
1
1
1
1
1
1
1
1
1
1
1
1
1
1
1
1
1
1
1
1
1
1
1
1
1
1
1
1
1
1
1
1
1
1
1
1
1
1.02857
1.01428
1
1
1
1
1
1
1
1
1
1
1
1
1
1
1
1
1
1
1
1
1
1
1
1
1
1
1
1
1
1
1
1
1
1.01428
1
1
1
1
1
1
1
1
1
1
1
1
1
1
1
1
1
1
1
1
1
1
1
1
1
1
1
1
1
1
1
1
1
1
1
1
1
1
1
1
1
1
1
1
1
1
1
1
1
1
1
1
1
1
1
1
1
1
1
1
1
1
1
1
1
1
1
1
1
1
1
1
1
1
1
1
1
1
1
1
1
1
1
1
1
1
1
1
1
1
1
1
1
1
1
1
1
1
1
1
1
1
1
1
1
1
1
1
1
1
1
1
1
1
1
1
1
1
1
1
1
1
1
1
1
1
1
1
1
1
1
1
1
1
1
1
1
1
1
1
1
1
1
1
1
1
1
1
1
1
1
1
1
1
1
1
1
1
1
1
1
1
1
1
1
1
1
1
1
1
1
1
1
1
1
1
1
1
1
1
1
1
1
1
1
1
1
1
1
1
1
1
1
1
1
1
1
1
1
1
1
1
1
1
1
1
1.02959
1.01479
1
1
1
1
1
1
1
1
1
1
1
1
1
1
1
1
1
1
1
1
1
1
1
1
1
1
1
1
1
1
1
1
1
1.01479
1
1
1
1
1
1
1
1
1
1
1
1
1
1
1
1
1
1
1
1
1
1
1
1
1
1
1
1
1
1
1
1
1
1
1
1
1
1
1
1
1
1
1
1
1
1
1
1
1
1
1
1
1
1
1
1
1
1
1
1
1
1
1
1
1
1
1
1
1
1
1
1
1
1
1
1
1
1
1
1
1
1
1
1
1
1
1
1
1
1
1
1
1
1
1
1
1
1
1
1
1
1
1
1
1
1
1
1
1
1
1
1
1
1
1
1
1
1
1
1
1
1
1
1
1
1
1
1
1
1
1
1
1
1
1
1
1
1
1
1
1
1
1
1
1
1
1
1
1
1
1
1
1
1
1
1
1
1
1
1
1
1
1
1
1
1
1
1
1
1
1
1
1
1
1
1
1
1
1
1
1
1
1
1
1
1
1
1
1
1
1
1
1
1
1
1
1
1
1
1
1
1
1
1
1
1
1
1
1
1
1
1
1
1
1
1
1
1
1
1
1
1
1
1
1
1
1
1.03068
1.01534
1
1
1
1
1
1
1
1
1
1
1
1
1
1
1
1
1
1
1
1
1
1
1
1
1
1
1
1
1
1
1
1
1
1.01534
1
1
1
1
1
1
1
1
1
1
1
1
1
1
1
1
1
1
1
1
1
1
1
1
1
1
1
1
1
1
1
1
1
1
1
1
1
1
1
1
1
1
1
1
1
1
1
1
1
1
1
1
1
1
1
1
1
1
1
1
1
1
1
1
1
1
1
1
1
1
1
1
1
1
1
1
1
1
1
1
1
1
1
1
1
1
1
1
1
1
1
1
1
1
1
1
1
1
1
1
1
1
1
1
1
1
1
1
1
1
1
1
1
1
1
1
1
1
1
1
1
1
1
1
1
1
1
1
1
1
1
1
1
1
1
1
1
1
1
1
1
1
1
1
1
1
1
1
1
1
1
1
1
1
1
1
1
1
1
1
1
1
1
1
1
1
1
1
1
1
1
1
1
1
1
1
1
1
1
1
1
1
1
1
1
1
1
1
1
1
1
1
1
1
1
1
1
1
1
1
1
1
1
1
1
1
1
1
1
1
1
1
1
1
1
1
1
1
1
1
1
1
1
1
1
1
1
1
1
1
1
1
1
1
1
1
1
1
1
1
1.03186
1.01593
1
1
1
1
1
1
1
1
1
1
1
1
1
1
1
1
1
1
1
1
1
1
1
1
1
1
1
1
1
1
1
1
1
1.01593
1
1
1
1
1
1
1
1
1
1
1
1
1
1
1
1
1
1
1
1
1
1
1
1
1
1
1
1
1
1
1
1
1
1
1
1
1
1
1
1
1
1
1
1
1
1
1
1
1
1
1
1
1
1
1
1
1
1
1
1
1
1
1
1
1
1
1
1
1
1
1
1
1
1
1
1
1
1
1
1
1
1
1
1
1
1
1
1
1
1
1
1
1
1
1
1
1
1
1
1
1
1
1
1
1
1
1
1
1
1
1
1
1
1
1
1
1
1
1
1
1
1
1
1
1
1
1
1
1
1
1
1
1
1
1
1
1
1
1
1
1
1
1
1
1
1
1
1
1
1
1
1
1
1
1
1
1
1
1
1
1
1
1
1
1
1
1
1
1
1
1
1
1
1
1
1
1
1
1
1
1
1
1
1
1
1
1
1
1
1
1
1
1
1
1
1
1
1
1
1
1
1
1
1
1
1
1
1
1
1
1
1
1
1
1
1
1
1
1
1
1
1
1
1
1
1
1
1
1
1
1
1
1
1
1
1
1
1
1
1
1
1
1
1
1
1
1
1
1
1
1
1
1
1.03314
1.01657
1
1
1
1
1
1
1
1
1
1
1
1
1
1
1
1
1
1
1
1
1
1
1
1
1
1
1
1
1
1
1
1
1
1.01657
1
1
1
1
1
1
1
1
1
1
1
1
1
1
1
1
1
1
1
1
1
1
1
1
1
1
1
1
1
1
1
1
1
1
1
1
1
1
1
1
1
1
1
1
1
1
1
1
1
1
1
1
1
1
1
1
1
1
1
1
1
1
1
1
1
1
1
1
1
1
1
1
1
1
1
1
1
1
1
1
1
1
1
1
1
1
1
1
1
1
1
1
1
1
1
1
1
1
1
1
1
1
1
1
1
1
1
1
1
1
1
1
1
1
1
1
1
1
1
1
1
1
1
1
1
1
1
1
1
1
1
1
1
1
1
1
1
1
1
1
1
1
1
1
1
1
1
1
1
1
1
1
1
1
1
1
1
1
1
1
1
1
1
1
1
1
1
1
1
1
1
1
1
1
1
1
1
1
1
1
1
1
1
1
1
1
1
1
1
1
1
1
1
1
1
1
1
1
1
1
1
1
1
1
1
1
1
1
1
1
1
1
1
1
1
1
1
1
1
1
1
1
1
1
1
1
1
1
1
1
1
1
1
1
1
1
1
1
1
1
1
1
1
1
1
1
1
1
1
1
1
1
1
1
1
1
1
1
1
1
1
1
1
1
1
1
1.03452
1.01726
1
1
1
1
1
1
1
1
1
1
1
1
1
1
1
1
1
1
1
1
1
1
1
1
1
1
1
1
1
1
1
1
1
1.01726
1
1
1
1
1
1
1
1
1
1
1
1
1
1
1
1
1
1
1
1
1
1
1
1
1
1
1
1
1
1
1
1
1
1
1
1
1
1
1
1
1
1
1
1
1
1
1
1
1
1
1
1
1
1
1
1
1
1
1
1
1
1
1
1
1
1
1
1
1
1
1
1
1
1
1
1
1
1
1
1
1
1
1
1
1
1
1
1
1
1
1
1
1
1
1
1
1
1
1
1
1
1
1
1
1
1
1
1
1
1
1
1
1
1
1
1
1
1
1
1
1
1
1
1
1
1
1
1
1
1
1
1
1
1
1
1
1
1
1
1
1
1
1
1
1
1
1
1
1
1
1
1
1
1
1
1
1
1
1
1
1
1
1
1
1
1
1
1
1
1
1
1
1
1
1
1
1
1
1
1
1
1
1
1
1
1
1
1
1
1
1
1
1
1
1
1
1
1
1
1
1
1
1
1
1
1
1
1
1
1
1
1
1
1
1
1
1
1
1
1
1
1
1
1
1
1
1
1
1
1
1
1
1
1
1
1
1
1
1
1
1
1
1
1
1
1
1
1
1
1
1
1
1
1
1
1
1
1
1
1
1
1
1
1
1
1
1
1
1
1
1
1
1.03602
1.01801
1
1
1
1
1
1
1
1
1
1
1
1
1
1
1
1
1
1
1
1
1
1
1
1
1
1
1
1
1
1
1
1
1
1.01801
1
1
1
1
1
1
1
1
1
1
1
1
1
1
1
1
1
1
1
1
1
1
1
1
1
1
1
1
1
1
1
1
1
1
1
1
1
1
1
1
1
1
1
1
1
1
1
1
1
1
1
1
1
1
1
1
1
1
1
1
1
1
1
1
1
1
1
1
1
1
1
1
1
1
1
1
1
1
1
1
1
1
1
1
1
1
1
1
1
1
1
1
1
1
1
1
1
1
1
1
1
1
1
1
1
1
1
1
1
1
1
1
1
1
1
1
1
1
1
1
1
1
1
1
1
1
1
1
1
1
1
1
1
1
1
1
1
1
1
1
1
1
1
1
1
1
1
1
1
1
1
1
1
1
1
1
1
1
1
1
1
1
1
1
1
1
1
1
1
1
1
1
1
1
1
1
1
1
1
1
1
1
1
1
1
1
1
1
1
1
1
1
1
1
1
1
1
1
1
1
1
1
1
1
1
1
1
1
1
1
1
1
1
1
1
1
1
1
1
1
1
1
1
1
1
1
1
1
1
1
1
1
1
1
1
1
1
1
1
1
1
1
1
1
1
1
1
1
1
1
1
1
1
1
1
1
1
1
1
1
1
1
1
1
1
1
1
1
1
1
1
1
1
1
1
1
1
1
1
1
1
1.03766
1.01883
1
1
1
1
1
1
1
1
1
1
1
1
1
1
1
1
1
1
1
1
1
1
1
1
1
1
1
1
1
1
1
1
1
1
1
1
1
1
1
1
1
1
1
1
1
1
1
1
1
1
1
1
1
1
1
1
1
1
1
1
1
1
1
1
1
1
1
1
1
1
1
1
1
1
1
1
1
1
1
1
1
1
1
1
1
1
1
1
1
1
1
1
1
1
1
1
1
1
1
1
1
1
1
1
1
1
1
1
1
1
1
1
1
1
1
1
1
1
1
1
1
1
1
1
1
1
1
1
1
1
1
1
1
1
1
1
1
1
1
1
1
1
1
1
1
1
1
1
1
1
1
1
1
1
1
1
1
1
1
1
1
1
1
1
1
1
1
1
1
1
1
1
1
1
1
1
1
1
1
1
1
1
1
1
1
1
1
1
1
1
1
1
1
1
1
1
1
1
1
1
1
1
1
1
1
1
1
1
1
1
1
1
1
1
1
1
1
1
1
1
1
1
1
1
1
1
1
1
1
1
1
1
1
1
1
1
1
1
1
1
1
1
1
1
1
1
1
1
1
1
1
1
1
1
1
1
1
1
1
1
1
1
1
1
1
1
1
1
1
1
1
1
1
1
1
1
1
1
1
1
1
1
1
1
1
1
1
1
1
1
1
1
1
1
1
1
1
1
1
1
1
1
1
1
1
1
1
1
1
1
1
1
1
1
1
1
1
1
1
1
1
1
1.03945
1.01972
1
1
1
1
1
1
1
1
1
1
1
1
1
1
1
1
1
1
1
1
1
1
1
1
1
1
1
1
1
1
1
1
1
1
1
1
1
1
1
1
1
1
1
1
1
1
1
1
1
1
1
1
1
1
1
1
1
1
1
1
1
1
1
1
1
1
1
1
1
1
1
1
1
1
1
1
1
1
1
1
1
1
1
1
1
1
1
1
1
1
1
1
1
1
1
1
1
1
1
1
1
1
1
1
1
1
1
1
1
1
1
1
1
1
1
1
1
1
1
1
1
1
1
1
1
1
1
1
1
1
1
1
1
1
1
1
1
1
1
1
1
1
1
1
1
1
1
1
1
1
1
1
1
1
1
1
1
1
1
1
1
1
1
1
1
1
1
1
1
1
1
1
1
1
1
1
1
1
1
1
1
1
1
1
1
1
1
1
1
1
1
1
1
1
1
1
1
1
1
1
1
1
1
1
1
1
1
1
1
1
1
1
1
1
1
1
1
1
1
1
1
1
1
1
1
1
1
1
1
1
1
1
1
1
1
1
1
1
1
1
1
1
1
1
1
1
1
1
1
1
1
1
1
1
1
1
1
1
1
1
1
1
1
1
1
1
1
1
1
1
1
1
1
1
1
1
1
1
1
1
1
1
1
1
1
1
1
1
1
1
1
1
1
1
1
1
1
1
1
1
1
1
1
1
1
1
1
1
1
1
1
1
1
1
1
1
1
1
1
1
1
1
1
1
1
1.04142
1.02071
1
1
1
1
1
1
1
1
1
1
1
1
1
1
1
1
1
1
1
1
1
1
1
1
1
1
1
1
1
1
1
1
1
1
1
1
1
1
1
1
1
1
1
1
1
1
1
1
1
1
1
1
1
1
1
1
1
1
1
1
1
1
1
1
1
1
1
1
1
1
1
1
1
1
1
1
1
1
1
1
1
1
1
1
1
1
1
1
1
1
1
1
1
1
1
1
1
1
1
1
1
1
1
1
1
1
1
1
1
1
1
1
1
1
1
1
1
1
1
1
1
1
1
1
1
1
1
1
1
1
1
1
1
1
1
1
1
1
1
1
1
1
1
1
1
1
1
1
1
1
1
1
1
1
1
1
1
1
1
1
1
1
1
1
1
1
1
1
1
1
1
1
1
1
1
1
1
1
1
1
1
1
1
1
1
1
1
1
1
1
1
1
1
1
1
1
1
1
1
1
1
1
1
1
1
1
1
1
1
1
1
1
1
1
1
1
1
1
1
1
1
1
1
1
1
1
1
1
1
1
1
1
1
1
1
1
1
1
1
1
1
1
1
1
1
1
1
1
1
1
1
1
1
1
1
1
1
1
1
1
1
1
1
1
1
1
1
1
1
1
1
1
1
1
1
1
1
1
1
1
1
1
1
1
1
1
1
1
1
1
1
1
1
1
1
1
1
1
1
1
1
1
1
1
1
1
1
1
1
1
1
1
1
1
1
1
1
1
1
1
1
1
1
1
1
1
1
1
1
1
1.0436
1.0218
1
1
1
1
1
1
1
1
1
1
1
1
1
1
1
1
1
1
1
1
1
1
1
1
1
1
1
1
1
1
1
1
1
1
1
1
1
1
1
1
1
1
1
1
1
1
1
1
1
1
1
1
1
1
1
1
1
1
1
1
1
1
1
1
1
1
1
1
1
1
1
1
1
1
1
1
1
1
1
1
1
1
1
1
1
1
1
1
1
1
1
1
1
1
1
1
1
1
1
1
1
1
1
1
1
1
1
1
1
1
1
1
1
1
1
1
1
1
1
1
1
1
1
1
1
1
1
1
1
1
1
1
1
1
1
1
1
1
1
1
1
1
1
1
1
1
1
1
1
1
1
1
1
1
1
1
1
1
1
1
1
1
1
1
1
1
1
1
1
1
1
1
1
1
1
1
1
1
1
1
1
1
1
1
1
1
1
1
1
1
1
1
1
1
1
1
1
1
1
1
1
1
1
1
1
1
1
1
1
1
1
1
1
1
1
1
1
1
1
1
1
1
1
1
1
1
1
1
1
1
1
1
1
1
1
1
1
1
1
1
1
1
1
1
1
1
1
1
1
1
1
1
1
1
1
1
1
1
1
1
1
1
1
1
1
1
1
1
1
1
1
1
1
1
1
1
1
1
1
1
1
1
1
1
1
1
1
1
1
1
1
1
1
1
1
1
1
1
1
1
1
1
1
1
1
1
1
1
1
1
1
1
1
1
1
1
1
1
1
1
1
1
1
1
1
1
1
1
1
1
1
1
1
1
1
1
1.04602
1.02301
1
1
1
1
1
1
1
1
1
1
1
1
1
1
1
1
1
1
1
1
1
1
1
1
1
1
1
1
1
1
1
1
1
1
1
1
1
1
1
1
1
1
1
1
1
1
1
1
1
1
1
1
1
1
1
1
1
1
1
1
1
1
1
1
1
1
1
1
1
1
1
1
1
1
1
1
1
1
1
1
1
1
1
1
1
1
1
1
1
1
1
1
1
1
1
1
1
1
1
1
1
1
1
1
1
1
1
1
1
1
1
1
1
1
1
1
1
1
1
1
1
1
1
1
1
1
1
1
1
1
1
1
1
1
1
1
1
1
1
1
1
1
1
1
1
1
1
1
1
1
1
1
1
1
1
1
1
1
1
1
1
1
1
1
1
1
1
1
1
1
1
1
1
1
1
1
1
1
1
1
1
1
1
1
1
1
1
1
1
1
1
1
1
1
1
1
1
1
1
1
1
1
1
1
1
1
1
1
1
1
1
1
1
1
1
1
1
1
1
1
1
1
1
1
1
1
1
1
1
1
1
1
1
1
1
1
1
1
1
1
1
1
1
1
1
1
1
1
1
1
1
1
1
1
1
1
1
1
1
1
1
1
1
1
1
1
1
1
1
1
1
1
1
1
1
1
1
1
1
1
1
1
1
1
1
1
1
1
1
1
1
1
1
1
1
1
1
1
1
1
1
1
1
1
1
1
1
1
1
1
1
1
1
1
1
1
1
1
1
1
1
1
1
1
1
1
1
1
1
1
1
1
1
1
1
1
1
1
1
1
1
1
1.04873
1.02437
1
1
1
1
1
1
1
1
1
1
1
1
1
1
1
1
1
1
1
1
1
1
1
1
1
1
1
1
1
1
1
1
1
1
1
1
1
1
1
1
1
1
1
1
1
1
1
1
1
1
1
1
1
1
1
1
1
1
1
1
1
1
1
1
1
1
1
1
1
1
1
1
1
1
1
1
1
1
1
1
1
1
1
1
1
1
1
1
1
1
1
1
1
1
1
1
1
1
1
1
1
1
1
1
1
1
1
1
1
1
1
1
1
1
1
1
1
1
1
1
1
1
1
1
1
1
1
1
1
1
1
1
1
1
1
1
1
1
1
1
1
1
1
1
1
1
1
1
1
1
1
1
1
1
1
1
1
1
1
1
1
1
1
1
1
1
1
1
1
1
1
1
1
1
1
1
1
1
1
1
1
1
1
1
1
1
1
1
1
1
1
1
1
1
1
1
1
1
1
1
1
1
1
1
1
1
1
1
1
1
1
1
1
1
1
1
1
1
1
1
1
1
1
1
1
1
1
1
1
1
1
1
1
1
1
1
1
1
1
1
1
1
1
1
1
1
1
1
1
1
1
1
1
1
1
1
1
1
1
1
1
1
1
1
1
1
1
1
1
1
1
1
1
1
1
1
1
1
1
1
1
1
1
1
1
1
1
1
1
1
1
1
1
1
1
1
1
1
1
1
1
1
1
1
1
1
1
1
1
1
1
1
1
1
1
1
1
1
1
1
1
1
1
1
1
1
1
1
1
1
1
1
1
1
1
1
1
1
1
1
1
1
1
1
1.08839
1.02589
1
1
1
1
1
1
1
1
1
1
1
1
1
1
1
1
1
1
1
1
1
1
1
1
1
1
1
1
1
1
1
1
1
1
1
1
1
1
1
1
1
1
1
1
1
1
1
1
1
1
1
1
1
1
1
1
1
1
1
1
1
1
1
1
1
1
1
1
1
1
1
1
1
1
1
1
1
1
1
1
1
1
1
1
1
1
1
1
1
1
1
1
1
1
1
1
1
1
1
1
1
1
1
1
1
1
1
1
1
1
1
1
1
1
1
1
1
1
1
1
1
1
1
1
1
1
1
1
1
1
1
1
1
1
1
1
1
1
1
1
1
1
1
1
1
1
1
1
1
1
1
1
1
1
1
1
1
1
1
1
1
1
1
1
1
1
1
1
1
1
1
1
1
1
1
1
1
1
1
1
1
1
1
1
1
1
1
1
1
1
1
1
1
1
1
1
1
1
1
1
1
1
1
1
1
1
1
1
1
1
1
1
1
1
1
1
1
1
1
1
1
1
1
1
1
1
1
1
1
1
1
1
1
1
1
1
1
1
1
1
1
1
1
1
1
1
1
1
1
1
1
1
1
1
1
1
1
1
1
1
1
1
1
1
1
1
1
1
1
1
1
1
1
1
1
1
1
1
1
1
1
1
1
1
1
1
1
1
1
1
1
1
1
1
1
1
1
1
1
1
1
1
1
1
1
1
1
1
1
1
1
1
1
1
1
1
1
1
1
1
1
1
1
1
1
1
1
1
1
1
1
1
1
1
1
1
1
1
1
1
1
1
1
1
1
1
1
1
1
1
1
1
1
1
1
1
1
1
1
1
1
1
1
1
1
1
1
1
1
1
1
1
1
1
1
1
1
1
1
1
1
1
1
1
1
1
1
1
1
1
1
1
1
1
1
1
1
1
1
1
1
1
1
1
1
1
1
1
1
1
1
1
1
1
1
1
1
1
1
1
1
1
1
1
1
1
1
1
1
1
1
1
1
1
1
1
1
1
1
1
1
1
1
1
1
1
1
1
1
1
1
1
1
1
1
1
1
1
1
1
1
1
1
1
1
1
1
1
1
1
1
1
1
1
1
1
1
1
1
1
1
1
1
1
1
1
1
1
1
1
1
1
1
1
1
1
1
1
1
1
1
1
1
1
1
1
1
1
1
1
1
1
1
1
1
1
1
1
1
1
1
1
1
1
1
1
1
1
1
1
1
1
1
1
1
1
1
1
1
1
1
1
1
1
1
1
1
1
1
1
1
1
1
1
1
1
1
1
1
1
1
1
1
1
1
1
1
1
1
1
1
1
1
1
1
1
1
1
1
1
1
1
1
1
1
1
1
1
1
1
1
1
1
1
1
1
1
1
1
1
1
1
1
1
1
1
1
1
1
1
1
1
1
1
1
1
1
1
1
1
1
1
1
1
1
1
1
1
1
1
1
1
1
1
1
1
1
1
1
1
1
1
1
1
1
1
1
1
1
1
1
1
1
1
1
1
1
1
1
1
1
1
1
1
1
1
1
1
1
1
1
1
1
1
1
1
1
1
1
1
1
1
1
1
1
1
1
1
1
1
1
1
1
1
1
1
1
1
1
1
1
1
1
1
1
1
1
1
1
1
1
1
1
1
1
1
1
1
1
1
1
1
1
1
1
1
1
1
1
1
1
1
1
1
1
1
1
1
1
1
1
1
1
1
1
1
1
1
1
1
1
1
1
1
1
1
1
1
1
1
1
1
1
1
1
1
1
1
1
1
1
1
1
1
1
1
1
1
1
1
1
1
1
1
1
1
1
1
1
1
1
1
1
1
1
1
1
1
1
1
1
1
1
1
1
1
1
1
1
1
1
1
1
1
1
1
1
1
1
1
1
1
1
1
1
1
1
1
1
1
1
1
1
1
1
1
1
1
1
1
1
1
1
1
1
1
1
1
1
1
1
1
1
1
1
1
1
1
1
1
1
1
1
1
1
1
1
1
1
1
1
1
1
1
1
1
1
1
1
1
1
1
1
1
1
1
1
1
1
1
1
1
1
1
1
1
1
1
1
1
1
1
1
1
1
1
1
1
1
1
1
1
1
1
1
1
1
1
1
1
1
1
1
1
1
1
1
1
1
1
1
1
1
1
1
1
1
1
1
1
1
1
1
1
1
1
1
1
1
1
1
1
1
1
1
1
1
1
1
1
1
1
1
1
1
1
1
1
1
1
1
1
1
1
1
1
1
1
1
1
1
1
1
1
1
1
1
1
1
1
1
1
1
1
1
1
1
1
1
1
1
1
1
1
1
1
1
1
1
1
1
1
1
1
1
1
1
1
1
1
1
1
1
1
1
1
1
1
1
1
1
1
1
1
1
1
1
1
1
1
1
1
1
1
1
1
1
1
1
1
1
1
1
1
1
1
1
1
1
1
1
1
1
1
1
1
1
1
1
1
1
1
1
1
1
1
1
1
1
1
1
1
1
1
1
1
1
1
1
1
1
1
1
1
1
1
1
1
1
1
1
1
1
1
1
1
1
1
1
1
1
1
1
1
1
1
1
1
1
1
1
1
1
1
1
1
1
1
1
1
1
1
1
1
1
1
1
1
1
1
1
1
1
1
1
1
1
1
1
1
1
1
1
1
1
1
1
1
1
1
1
1
1
1
1
1
1
1
1
1
1
1
1
1
1
1
1
1
1
1
1
1
1
1
1
1
1
1
1
1
1
1
1
1
1
1
1
1
1
1
1
1
1
1
1
1
1
1
1
1
1
1
1
1
1
1
1
1
1
1
1
1
1
1
1
1
1
1
1
1
1
1
1
1
1
1
1
1
1
1
1
1
1
1
1
1
1
1
1
1
1
1
1
1
1
1
1
1
1
1
1
1
1
1
1
1
1
1
1
1
1
1
1
1
1
1
1
1
1
1
1
1
1
1
1
1
1
1
1
1
1
1
1
1
1
1
1
1
1
1
1
1
1
1
1
1
1
1
1
1
1
1
1
1
1
1
1
1
1
1
1
1
1
1
1
1
1
1
1
1
1
1
1
1
1
1
1
1
1
1
1
1
1
1
1
1
1
1
1
1
1
1
1
1
1
1
1
1
1
1
1
1
1
1
1
1
1
1
1
1
1
1
1
1
1
1
1
1
1
1
1
1
1
1
1
1
1
1
1
1
1
1
1
1
1
1
1
1
1
1
1
1
1
1
1
1
1
1
1
1
1
1
1
1
1
1
1
1
1
1
1
1
1
1
1
1
1
1
1
1
1
1
1
1
1
1
1
1
1
1
1
1
1
1
1
1
1
1
1
1
1
1
1
1
1
1
1
1
1
1
1
1
1
1
1
1
1
1
1
1
1
1
1
1
1
1
1
1
1
1
1
1
1
1
1
1
1
1
1
1
1
1
1
1
1
1
1
1
1
1
1
1
1
1
1
1
1
1
1
1
1
1
1
1
1
1
1
1
1
1
1
1
1
1
1
1
1
1
1
1
1
1
1
1
1
1
1
1
1
1
1
1
1
1
1
1
1
1
1
1
1
1
1
1
1
1
1
1
1
1
1
1
1
1
1
1
1
1
1
1
1
1
1
1
1
1
1
1
1
1
1
1
1
1
1
1
1
1
1
1
1
1
1
1
1
1
1
1
1
1
1
1
1
1
1
1
1
1
1
1
1
1
1
1
1
1
1
1
1
1
1
1
1
1
1
1
1
1
1
1
1
1
1
1
1
1
1
1
1
1
1
1
1
1
1
1
1
1
1
1
1
1
1
1
1
1
1
1
1
1
1
1
1
1
1
1
1
1
1
1
1
1
1
1
1
1
1
1
1
1
1
1
1
1
1
1
1
1
1
1
1
1
1
1
1
1
1
1
1
1
1
1
1
1
1
1
1
1
1
1
1
1
1
1
1
1
1
1
1
1
1
1
1
1
1
1
1
1
1
1
1
1
1
1
1
1
1
1
1
1
1
1
1
1
1
1
1
1
1
1
1
1
1
1
1
1
1
1
1
1
1
1
1
1
1
1
1
1
1
1
1
1
1
1
1
1
1
1
1
1
1
1
1
1
1
1
1
1
1
1
1
1
1
1
1
1
1
1
1
1
1
1
1
1
1
1
1
1
1
1
1
1
1
1
1
1
1
1
1
1
1
1
1
1
1
1
1
1
1
1
1
1
1
1
1
1
1
1
1
1
1
1
1
1
1
1
1
1
1
1
1
1
1
1
1
1
1
1
1
1
1
1
1
1
1
1
1
1
1
1
1
1
1
1
1
1
1
1
1
1
1
1
1
1
1
1
1
1
1
1
1
1
1
1
1
1
1
1
1
1
1
1
1
1
1
1
1
1
1
1
1
1
1
1
1
1
1
1
1
1
1
1
1
1
1
1
1
1
1
1
1
1
1
1
1
1
1
1
1
1
1
1
1
1
1
1
1
1
1
1
1
1
1
1
1
1
1
1
1
1
1
1
1
1
1
1
1
1
1
1
1
1
1
1
1
1
1
1
1
1
1
1
1
1
1
1
1
1
1
1
1
1
1
1
1
1
1
1
1
1
1
1
1
1
1
1
1
1
1
1
1
1
1
1
1
1
1
1
1
1
1
1
1
1
1
1
1
1
1
1
1
1
1
1
1
1
1
1
1
1
1
1
1
1
1
1
1
1
1
1
1
1
1
1
1
1
1
1
1
1
1
1
1
1
1
1
1
1
1
1
1
1
1
1
1
1
1
1
1
1
1
1
1
1
1
1
1
1
1
1
1
1
1
1
1
1
1
1
1
1
1
1
1
1
1
1
1
1
1
1
1
1
1
1
1
1
1
1
1
1
1
1
1
1
1
1
1
1
1
1
1
1
1
1
1
1
1
1
1
1
1
1
1
1
1
1
1
1
1
1
1
1
1
1
1
1
1
1
1
1
1
1
1
1
1
1
1
1
1
1
1
1
1
1
1
1
1
1
1
1
1
1
1
1
1
1
1
1
1
1
1
1
1
1
1
1
1
1
1
1
1
1
1
1
1
1
1
1
1
1
1
1
1
1
1
1
1
1
1
1
1
1
1
1
1
1
1
1
1
1
1
1
1
1
1
1
1
1
1
1
1
1
1
1
1
1
1
1
1
1
1
1
1
1
1
1
1
1
1
1
1
1
1
1
1
1
1
1
1
1
1
1
1
1
1
1
1
1
1
1
1
1
1
1
1
1
1
1
1
1
1
1
1
1
1
1
1
1
1
1
1
1
1
1
1
1
1
1
1
1
1
1
1
1
1
1
1
1
1
1
1
1
1
1
1
1
1
1
1
1
1
1
1
1
1
1
1
1
1
1
1
1
1
1
1
1
1
1
1
1
1
1
1
1
1
1
1
1
1
1
1
1
1
1
1
1
1
1
1
1
1
1
1
1
1
1
1
1
1
1
1
1
1
1
1
1
1
1
1
1
1
1
1
1
1
1
1
1
1
1
1
1
1
1
1
1
1
1
1
1
1
1
1
1
1
1
1
1
1
1
1
1
1
1
1
1
1
1
1
1
1
1
1
1
1
1
1
1
1
1
1
1
1
1
1
1
1
1
1
1
1
1
1
1
1
1
1
1
1
1
1
1
1
1
1
1
1
1
1
1
1
1
1
1
1
1
1
1
1
1
1
1
1
1
1
1
1
1
1
1
1
1
1
1
1
1
1
1
1
1
1
1
1
1
1
1
1
1
1
1
1
1
1
1
1
1
1
1
1
1
1
1
1
1
1
1
1
1
1
1
1
1
1
1
1
1
1
1
1
1
1
1
1
1
1
1
1
1
1
1
1
1
1
1
1
1
1
1
1
1
1
1
1
1
1
1
1
1
1
1
1
1
1
1
1
1
1
1
1
1
1
1
1
1
1
1
1
1
1
1
1
1
1
1
1
1
1
1
1
1
1
1
1
1
1
1
1
1
1
1
1
1
1
1
1
1
1
1
1
1
1
1
1
1
1
1
1
1
1
1
1
1
1
1
1
1
1
1
1
1
1
1
1
1
1
1
1
1
1
1
1
1
1
1
1
1
1
1
1
1
1
1
1
1
1
1
1
1
1
1
1
1
1
1
1
1
1
1
1
1
1
1
1
1
1
1
1
1
1
1
1
1
1
1
1
1
1
1
1
1
1
1
1
1
1
1
1
1
1
1
1
1
1
1
1
1
1
1
1
1
1
1
1
1
1
1
1
1
1
1
1
1
1
1
1
1
1
1
1
1
1
1
1
1
1
1
1
1
1
1
1
1
1
1
1
1
1
1
1
1
1
1
1
1
1
1
1
1
1
1
1
1
1
1
1
1
1
1
1
1
1
1
1
1
1
1
1
1
1
1
1
1
1
1
1
1
1
1
1
1
1
1
1
1
1
1
1
1
1
1
1
1
1
1
1
1
1
1
1
1
1
1
1
1
1
1
1
1
1
1
1
1
1
1
1
1
1
1
1
1
1
1
1
1
1
1
1
1
1
1
1
1
1
1
1
1
1
1
1
1
1
1
1
1
1
1
1
1
1
1
1
1
1
1
1
1
1
1
1
1
1
1
1
1
1
1
1
1
1
1
1
1
1
1
1
1
1
1
1
1
1
1
1
1
1
1
1
1
1
1
1
1
1
1
1
1
1
1
1
1
1
1
1
1
1
1
1
1
1
1
1
1
1
1
1
1
1
1
1
1
1
1
1
1
1
1
1
1
1
1
1
1
1
1
1
1
1
1
1
1
1
1
1
1
1
1
1
1
1
1
1
1
1
1
1
1
1
1
1
1
1
1
1
1
1
1
1
1
1
1
1
1
1
1
1
1
1
1
1
1
1
1
1
1
1
1
1
1
1
1
1
1
1
1
1
1
1
1
1
1
1
1
1
1
1
1
1
1
1
1
1
1
1
1
1
1
1
1
1
1
1
1
1
1
1
1
1
1
1
1
1
1
1
1
1
1
1
1
1
1
1
1
1
1
1
1
1
1
1
1
1
1
1
1
1
1
1
1
1
1
1
1
1
1
1
1
1
1
1
1
1
1
1
1
1
1
1
1
1
1
1
1
1
1
1
1
1
1
1
1
1
1
1
1
1
1
1
1
1
1
1
1
1
1
1
1
1
1
1
1
1
1
1
1
1
1
1
1
1
1
1
1
1
1
1
1
1
1
1
1
1
1
1
1
1
1
1
1
1
1
1
1
1
1
1
1
1
1
1
1
1
1
1
1
1
1
1
1
1
1
1
1
1
1
1
1
1
1
1
1
1
1
1
1
1
1
1
1
1
1
1
1
1
1
1
1
1
1
1
1
1
1
1
1
1
1
1
1
1
1
1
1
1
1
1
1
1
1
1
1
1
1
1
1
1
1
1
1
1
1
1
1
1
1
1
1
1
1
1
1
1
1
1
1
1
1
1
1
1
1
1
1
1
1
1
1
1
1
1
1
1
1
1
1
1
1
1
1
1
1
1
1
1
1
1
1
1
1
1
1
1
1
1
1
1
1
1
1
1
1
1
1
1
1
1
1
1
1
1
1
1
1
1
1
1
1
1
1
1
1
1
1
1
1
1
1
1
1
1
1
1
1
1
1
1
1
1
1
1
1
1
1
1
1
1
1
1
1
1
1
1
1
1
1
1
1
1
1
1
1
1
1
1
1
1
1
1
1
1
1
1
1
1
1
1
1
1
1
1
1
1
1
1
1
1
1
1
1
1
1
1
1
1
1
1
1
1
1
1
1
1
1
1
1
1
1
1
1
1
1
1
1
1
1
1
1
1
1
1
1
1
1
1
1
1
1
1
1
1
1
1
1
1
1
1
1
1
1
1
1
1
1
1
1
1
1
1
1
1
1
1
1
1
1
1
1
1
1
1
1
1
1
1
1
1
1
1
1
1
1
1
1
1
1
1
1
1
1
1
1
1
1
1
1
1
1
1
1
1
1
1
1
1
1
1
1
1
1
1
1
1
1
1
1
1
1
1
1
1
1
1
1
1
1
1
1
1
1
1
1
1
1
1
1
1
1
1
1
1
1
1
1
1
1
1
1
1
1
1
1
1
1
1
1
1
1
1
1
1
1
1
1
1
1
1
1
1
1
1
1
1
1
1
1
1
1
1
1
1
1
1
1
1
1
1
1
1
1
1
1
1
1
1
1
1
1
1
1
1
1
1
1
1
1
1
1
1
1
1
1
1
1
1
1
1
1
1
1
1
1
1
1
1
1
1
1
1
1
1
1
1
1
1
1
1
1
1
1
1
1
1
1
1
1
1
1
1
1
1
1
1
1
1
1
1
1
1
1
1
1
1
1
1
1
1
1
1
1
1
1
1
1
1
1
1
1
1
1
1
1
1
1
1
1
1
1
1
1
1
1
1
1
1
1
1
1
1
1
1
1
1
1
1
1
1
1
1
1
1
1
1
1
1
1
1
1
1
1
1
1
1
1
1
1
1
1
1
1
1
1
1
1
1
1
1
1
1
1
1
1
1
1
1
1
1
1
1
1
1
1
1
1
1
1
1
1
1
1
1
1
1
1
1
1
1
1
1
1
1
1
1
1
1
1
1
1
1
1
1
1
1
1
1
1
1
1
1
1
1
1
1
1
1
1
1
1
1
1
1
1
1
1
1
1
1
1
1
1
1
1
1
1
1
1
1
1
1
1
1
1
1
1
1
1
1
1
1
1
1
1
1
1
1
1
1
1
1
1
1
1
1
1
1
1
1
1
1
1
1
1
1
1
1
1
1
1
1
1
1
1
1
1
1
1
1
1
1
1
1
1
1
1
1
1
1
1
1
1
1
1
1
1
1
1
1
1
1
1
1
1
1
1
1
1
1
1
1
1
1
1
1
1
1
1
1
1
1
1
1
1
1
1
1
1
1
1
1
1
1
1
1
1
1
1
1
1
1
1
1
1
1
1
1
1
1
1
1
1
1
1
1
1
1
1
1
1
1
1
1
1
1
1
1
1
1
1
1
1
1
1
1
1
1
1
1
1
1
1
1
1
1
1
1
1
1
1
1
1
1
1
1
1
1
1
1
1
1
1
1
1
1
1
1
1
1
1
1
1
1
1
1
1
1
1
1
1
1
1
1
1
1
1
1
1
1
1
1
1
1
1
1
1
1
1
1
1
1
1
1
1
1
1
1
1
1
1
1
1
1
1
1
1
1
1
1
1
1
1
1
1
1
1
1
1
1
1
1
1
1
1
1
1
1
1
1
1
1
1
1
1
1
1
1
1
1
1
1
1
1
1
1
1
1
1
1
1
1
1
1
1
1
1
1
1
1
1
1
1
1
1
1
1
1
1
1
1
1
1
1
1
1
1
1
1
1
1
1
1
1
1
1
1
1
1
1
1
1
1
1
1
1
1
1
1
1
1
1
1
1
1
1
1
1
1
1
1
1
1
1
1
1
1
1
1
1
1
1
1
1
1
1
1
1
1
1
1
1
1
1
1
1
1
1
1
1
1
1
1
1
1
1
1
1
1
1
1
1
1
1
1
1
1
1
1
1
1
1
1
1
1
1
1
1
1
1
1
1
1
1
1
1
1
1
1
1
1
1
1
1
1
1
1
1
1
1
1
1
1
1
1
1
1
1
1
1
1
1
1
1
1
1
1
1
1
1
1
1
1
1
1
1
1
1
1
1
1
1
1
1
1
1
1
1
1
1
1
1
1
1
1
1
1
1
1
1
1
1
1
1
1
1
1
1
1
1
1
1
1
1
1
1
1
1
1
1
1
1
1
1
1
1
1
1
1
1
1
1
1
1
1
1
1
1
1
1
1
1
1
1
1
1
1
1
1
1
1
1
1
1
1
1
1
1
1
1
1
1
1
1
1
1
1
1
1
1
1
1
1
1
1
1
1
1
1
1
1
1
1
1
1
1
1
1
1
1
1
1
1
1
1
1
1
1
1
1
1
1
1
1
1
1
1
1
1
1
1
1
1
1
1
1
1
1
1
1
1
1
1
1
1
1
1
1
1
1
1
1
1
1
1
1
1
1
1
1
1
1
1
1
1
1
1
1
1
1
1
1
1
1
1
1
1
1
1
1
1
1
1
1
1
1
1
1
1
1
1
1
1
1
1
1
1
1
1
1
1
1
1
1
1
1
1
1
1
1
1
1
1
1
1
1
1
1
1
1
1
1
1
1
1
1
1
1
1
1
1
1
1
1
1
1
1
1
1
1
1
1
1
1
1
1
1
1
1
1
1
1
1
1
1
1
1
1
1
1
1
1
1
1
1
1
1
1
1
1
1
1
1
1
1
1
1
1
1
1
1
1
1
1
1
1
1
1
1
1
1
1
1
1
1
1
1
1
1
1
1
1
1
1
1
1
1
1
1
1
1
1
1
1
1
1
1
1
1
1
1
1
1
1
1
1
1
1
1
1
1
1
1
1
1
1
1
1
1
1
1
1
1
1
1
1
1
1
1
1
1
1
1
1
1
1
1
1
1
1
1
1
1
1
1
1
1
1
1
1
1
1
1
1
1
1
1
1
1
1
1
1
1
1
1
1
1
1
1
1
1
1
1
1
1
1
1
1
1
1
1
1
1
1
1
1
1
1
1
1
1
1
1
1
1
1
1
1
1
1
1
1
1
1
1
1
1
1
1
1
1
1
1
1
1
1
1
1
1
1
1
1
1
1
1
1
1
1
1
1
1
1
1
1
1
1
1
1
1
1
1
1
1
1
1
1
1
1
1
1
1
1
1
1
1
1
1
1
1
1
1
1
1
1
1
1
1
1
1
1
1
1
1
1
1
1
1
1
1
1
1
1
1
1
1
1
1
1
1
1
1
1
1
1
1
1
1
1
1
1
1
1
1
1
1
1
1
1
1
1
1
1
1
1
1
1
1
1
1
1
1
1
1
1
1
1
1
1
1
1
1
1
1
1
1
1
1
1
1
1
1
1
1
1
1
1
1
1
1
1
1
1
1
1
1
1
1
1
1
1
1
1
1
1
1
1
1
1
1
1
1
1
1
1
1
1
1
1
1
1
1
1
1
1
1
1
1
1
1
1
1
1
1
1
1
1
1
1
1
1
1
1
1
1
1
1
1
1
1
1
1
1
1
1
1
1
1
1
1
1
1
1
1
1
1
1
1
1
1
1
1
1
1
1
1
1
1
1
1
1
1
1
1
1
1
1
1
1
1
1
1
1
1
1
1
1
1
1
1
1
1
1
1
1
1
1
1
1
1
1
1
1
1
1
1
1
1
1
1
1
1
1
1
1
1
1
1
1
1
1
1
1
1
1
1
1
1
1
1
1
1
1
1
1
1
1
1
1
1
1
1
1
1
1
1
1
1
1
1
1
1
1
1
1
1
1
1
1
1
1
1
1
1
1
1
1
1
1
1
1
1
1
1
1
1
1
1
1
1
1
1
1
1
1
1
1
1
1
1
1
1
1
1
1
1
1
1
1
1
1
1
1
1
1
1
1
1
1
1
1
1
1
1
1
1
1
1
1
1
1
1
1
1
1
1
1
1
1
1
1
1
1
1
1
1
1
1
1
1
1
1
1
1
1
1
1
1
1
1
1
1
1
1
1
1
1
1
1
1
1
1
1
1
1
1
1
1
1
1
1
1
1
1
1
1
1
1
1
1
1
1
1
1
1
1
1
1
1
1
1
1
1
1
1
1
1
1
1
1
1
1
1
1
1
1
1
1
1
1
1
1
1
1
1
1
1
1
1
1
1
1
1
1
1
1
1
1
1
1
1
1
1
1
1
1
1
1
1
1
1
1
1
1
1
1
1
1
1
1
1
1
1
1
1
1
1
1
1
1
1
1
1
1
1
1
1
1
1
1
1
1
1
1
1
1
1
1
1
1
1
1
1
1
1
1
1
1
1
1
1
1
1
1
1
1
1
1
1
1
1
1
1
1
1
1
1
1
1
1
1
1
1
1
1
1
1
1
1
1
1
1
1
1
1
1
1
1
1
1
1
1
1
1
1
1
1
1
1
1
1
1
1
1
1
1
1
1
1
1
1
1
1
1
1
1
1
1
1
1
1
1
1
1
1
1
1
1
1
1
1
1
1
1
1
1
1
1
1
1
1
1
1
1
1
1
1
1
1
1
1
1
1
1
1
1
1
1
1
1
1
1
1
1
1
1
1
1
1
1
1
1
1
1
1
1
1
1
1
1
1
1
1
1
1
1
1
1
1
1
1
1
1
1
1
1
1
1
1
1
1
1
1
1
1
1
1
1
1
1
1
1
1
1
1
1
1
1
1
1
1
1
1
1
1
1
1
1
1
1
1
1
1
1
1
1
1
1
1
1
1
1
1
1
1
1
1
1
1
1
1
1
1
1
1
1
1
1
1
1
1
1
1
1
1
1
1
1
1
1
1
1
1
1
1
1
1
1
1
1
1
1
1
1
1
1
1
1
1
1
1
1
1
1
1
1
1
1
1
1
1
1
1
1
1
1
1
1
1
1
1
1
1
1
1
1
1
1
1
1
1
1
1
1
1
1
1
1
1
1
1
1
1
1
1
1
1
1
1
1
1
1
1
1
1
1
1
1
1
1
1
1
1
1
1
1
1
1
1
1
1
1
1
1
1
1
1
1
1
1
1
1
1
1
1
1
1
1
1
1
1
1
1
1
1
1
1
1
1
1
1
1
1
1
1
1
1
1
1
1
1
1
1
1
1
1
1
1
1
1
1
1
1
1
1
1
1
1
1
1
1
1
1
1
1
1
1
1
1
1
1
1
1
1
1
1
1
1
1
1
1
1
1
1
1
1
1
1
1
1
1
1
1
1
1
1
1
1
1
1
1
1
1
1
1
1
1
1
1
1
1
1
1
1
1
1
1
1
1
1
1
1
1
1
1
1
1
1
1
1
1
1
1
1
1
1
1
1
1
1
1
1
1
1
1
1
1
1
1
1
1
1
1
1
1
1
1
1
1
1
1
1
1
1
1
1
1
1
1
1
1
1
1
1
1
1
1
1
1
1
1
1
1
1
1
1
1
1
1
1
1
1
1
1
1
1
1
1
1
1
1
1
1
1
1
1
1
1
1
1
1
1
1
1
1
1
1
1
1
1
1
1
1
1
1
1
1
1
1
1
1
1
1
1
1
1
1
1
1
1
1
1
1
1
1
1
1
1
1
1
1
1
1
1
1
1
1
1
1
1
1
1
1
1
1
1
1
1
1
1
1
1
1
1
1
1
1
1
1
1
1
1
1
1
1
1
1
1
1
1
1
1
1
1
1
1
1
1
1
1
1
1
1
1
1
1
1
1
1
1
1
1
1
1
1
1
1
1
1
1
1
1
1
1
1
1
1
1
1
1
1
1
1
1
1
1
1
1
1
1
1
1
1
1
1
1
1
1
1
1
1
1
1
1
1
1
1
1
1
1
1
1
1
1
1
1
1
1
1
1
1
1
1
1
1
1
1
1
1
1
1
1
1
1
1
1
1
1
1
1
1
1
1
1
1
1
1
1
1
1
1
1
1
1
1
1
1
1
1
1
1
1
1
1
1
1
1
1
1
1
1
1
1
1
1
1
1
1
1
1
1
1
1
1
1
1
1
1
1
1
1
1
1
1
1
1
1
1
1
1
1
1
1
1
1
1
1
1
1
1
1
1
1
1
1
1
1
1
1
1
1
1
1
1
1
1
1
1
1
1
1
1
1
1
1
1
1
1
1
1
1
1
1
1
1
1
1
1
1
1
1
1
1
1
1
1
1
1
1
1
1
1
1
1
1
1
1
1
1
1
1
1
1
1
1
1
1
1
1
1
1
1
1
1
1
1
1
1
1
1
1
1
1
1
1
1
1
1
1
1
1
1
1
1
1
1
1
1
1
1
1
1
1
1
1
1
1
1
1
1
1
1
1
1
1
1
1
1
1
1
1
1
1
1
1
1
1
1
1
1
1
1
1
1
1
1
1
1
1
1
1
1
1
1
1
1
1
1
1
1
1
1
1
1
1
1
1
1
1
1
1
1
1
1
1
1
1
1
1
1
1
1
1
1
1
1
1
1
1
1
1
1
1
1
1
1
1
1
1
1
1
1
1
1
1
1
1
1
1
1
1
1
1
1
1
1
1
1
1
1
1
1
1
1
1
1
1
1
1
1
1
1
1
1
1
1
1
1
1
1
1
1
1
1
1
1
1
1
1
1
1
1
1
1
1
1
1
1
1
1
1
1
1
1
1
1
1
1
1
1
1
1
1
1
1
1
1
1
1
1
1
1
1
1
1
1
1
1
1
1
1
1
1
1
1
1
1
1
1
1
1
1
1
1
1
1
1
1
1
1
1
1
1
1
1
1
1
1
1
1
1
1
1
1
1
1
1
1
1
1
1
1
1
1
1
1
1
1
1
1
1
1
1
1
1
1
1
1
1
1
1
1
1
1
1
1
1
1
1
1
1
1
1
1
1
1
1
1
1
1
1
1
1
1
1
1
1
1
1
1
1
1
1
1
1
1
1
1
1
1
1
1
1
1
1
1
1
1
1
1
1
1
1
1
1
1
1
1
1
1
1
1
1
1
1
1
1
1
1
1
1
1
1
1
1
1
1
1
1
1
1
1
1
1
1
1
1
1
1
1
1
1
1
1
1
1
1
1
1
1
1
1
1
1
1
1
1
1
1
1
1
1
1
1
1
1
1
1
1
1
1
1
1
1
1
1
1
1
1
1
1
1
1
1
1
1
1
1
1
1
1
1
1
1
1
1
1
1
1
1
1
1
1
1
1
1
1
1
1
1
1
1
1
1
1
1
1
1
1
1
1
1
1
1
1
1
1
1
1
1
1
1
1
1
1
1
1
1
1
1
1
1
1
1
1
1
1
1
1
1
1
1
1
1
1
1
1
1
1
1
1
1
1
1
1
1
1
1
1
1
1
1
1
1
1
1
1
1
1
1
1
1
1
1
1
1
1
1
1
1
1
1
1
1
1
1
1
1
1
1
1
1
1
1
1
1
1
1
1
1
1
1
1
1
1
1
1
1
1
1
1
1
1
1
1
1
1
1
1
1
1
1
1
1
1
1
1
1
1
1
1
1
1
1
1
1
1
1
1
1
1
1
1
1
1
1
1
1
1
1
1
1
1
1
1
1
1
1
1
1
1
1
1
1
1
1
1
1
1
1
1
1
1
1
1
1
1
1
1
1
1
1
1
1
1
1
1
1
1
1
1
1
1
1
1
1
1
1
1
1
1
1
1
1
1
1
1
1
1
1
1
1
1
1
1
1
1
1
1
1
1
1
1
1
1
1
1
1
1
1
1
1
1
1
1
1
1
1
1
1
1
1
1
1
1
1
1
1
1
1
1
1
1
1
1
1
1
1
1
1
1
1
1
1
1
1
1
1
1
1
1
1
1
1
1
1
1
1
1
1
1
1
1
1
1
1
1
1
1
1
1
1
1
1
1
1
1
1
1
1
1
1
1
1
1
1
1
1
1
1
1
1
1
1
1
1
1
1
1
1
1
1
1
1
1
1
1
1
1
1
1
1
1
1
1
1
1
1
1
1
1
1
1
1
1
1
1
1
1
1
1
1
1
1
1
1
1
1
1
1
1
1
1
1
1
1
1
1
1
1
1
1
1
1
1
1
1
1
1
1
1
1
1
1
1
1
1
1
1
1
1
1
1
1
1
1
1
1
1
1
1
1
1
1
1
1
1
1
1
1
1
1
1
1
1
1
1
1
1
1
1
1
1
1
1
1
1
1
1
1
1
1
1
1
1
1
1
1
1
1
1
1
1
1
1
1
1
1
1
1
1
1
1
1
1
1
1
1
1
1
1
1
1
1
1
1
1
1
1
1
1
1
1
1
1
1
1
1
