139.054
138.64
138.225
137.811
137.397
136.983
136.569
136.154
135.74
135.326
134.912
134.498
134.083
133.669
133.255
132.841
132.426
132.012
131.598
131.184
130.77
130.355
129.941
138.054
128.941
137.054
127.941
136.054
126.941
135.054
125.941
134.054
124.941
133.054
123.941
132.054
122.941
131.054
121.941
121.527
130.468
130.054
120.527
129.468
119.527
128.468
118.527
127.882
127.468
117.527
126.882
116.527
116.113
115.699
125.882
114.699
125.711
125.297
124.882
113.699
124.711
112.699
124.125
123.711
111.699
123.539
123.125
110.699
110.284
123.953
122.953
122.539
109.284
124.539
123.539
108.284
125.125
124.125
107.284
106.87
125.711
124.711
105.87
125.297
104.87
127.882
126.882
125.882
124.882
103.87
103.456
130.468
129.468
128.468
127.468
102.456
133.054
132.054
131.054
130.054
101.456
101.042
100.627
136.64
135.64
134.64
133.64
132.64
99.6274
141.225
140.225
139.225
138.225
137.225
136.225
98.6274
98.2132
147.811
146.811
145.811
144.811
143.811
142.811
141.811
140.811
97.2132
96.799
151.397
150.397
149.397
148.397
147.397
95.799
150.983
94.799
153.569
152.569
151.569
150.569
93.799
93.3848
92.9706
157.154
156.154
155.154
154.154
153.154
91.9706
91.5564
159.74
158.74
157.74
156.74
90.5564
161.326
160.326
159.326
89.5564
89.1422
163.912
162.912
161.912
160.912
88.1422
87.7279
165.498
164.498
163.498
86.7279
86.3137
85.8995
168.083
167.083
166.083
165.083
84.8995
169.669
168.669
167.669
83.8995
83.4853
169.255
82.4853
171.841
170.841
169.841
168.841
81.4853
81.0711
174.426
173.426
172.426
171.426
80.0711
79.6569
176.012
175.012
174.012
111.012
110.012
109.012
108.012
107.012
106.012
105.012
104.012
103.012
102.012
101.012
78.6569
177.426
176.426
117.426
116.426
115.426
114.426
113.426
112.426
111.426
100.598
99.598
98.598
97.598
96.598
95.598
77.6569
77.2426
76.8284
180.841
179.841
178.841
177.841
121.841
120.841
119.841
118.841
117.841
95.1838
94.1838
93.1838
92.1838
91.1838
75.8284
75.4142
184.255
183.255
182.255
181.255
125.255
124.255
123.255
122.255
90.7696
89.7696
88.7696
87.7696
74.4142
74
186.669
185.669
184.669
125.669
87.3554
73
73
73
187.083
129.083
128.083
127.083
126.669
86.9412
85.9412
84.9412
72
190.498
189.498
188.498
187.498
132.498
131.498
130.498
129.498
84.5269
83.5269
71
191.912
190.912
134.912
133.912
132.912
83.1127
82.1127
81.1127
80.1127
70
70
194.326
193.326
192.326
138.326
137.326
136.326
135.326
79.6985
78.6985
69
69
196.74
195.74
194.74
142.74
141.74
140.74
139.74
138.74
78.2843
77.2843
76.2843
68
68
199.154
198.154
197.154
145.154
144.154
143.154
75.8701
74.8701
67
201.569
200.569
199.569
148.569
147.569
146.569
145.569
74.4559
73.4559
66
66
66
202.983
201.983
152.983
151.983
150.983
149.983
148.983
73.0417
72.0417
65
65
205.397
204.397
203.397
153.397
71.6274
64
64
205.811
155.811
154.811
154.397
71.2132
70.2132
69.2132
63
208.225
207.225
206.225
159.225
158.225
157.225
156.225
68.799
67.799
62
62
62
209.64
208.64
163.64
162.64
161.64
160.64
159.64
67.3848
66.3848
61
68.2843
67.8701
67.4559
67.0417
66.6274
66.2132
213.054
212.054
211.054
210.054
166.054
165.054
164.054
65.9706
64.9706
64.5564
60
60
67.2843
65.2132
64.799
64.3848
63.9706
63.5564
63.1422
62.7279
62.3137
214.468
213.468
170.468
169.468
168.468
167.468
166.468
63.5564
63.1422
59
59
66.2843
61.3137
60.8995
60.4853
60.0711
59.6569
215.882
214.882
173.882
172.882
171.882
170.882
62.1422
58
58
65.2843
58.6569
58.2426
57.8284
217.297
216.297
176.297
175.297
174.297
61.1422
60.7279
57
57
57
64.2843
56.8284
56.4142
56
56
219.711
218.711
217.711
179.711
178.711
177.711
176.711
59.7279
59.3137
56
56.4142
63.2843
55
55
55
222.125
221.125
220.125
180.125
58.3137
55.4142
55.8284
62.2843
54
222.539
182.539
181.539
181.125
57.3137
54.8284
61.2843
53
53
53
53
223.953
222.953
185.953
184.953
183.953
182.953
56.8995
55.8995
55.4853
53.8284
54.2426
60.8701
52
52
52
226.368
225.368
224.368
188.368
187.368
186.368
54.4853
53.2426
53.6569
54.0711
54.4853
60.4559
51
51
51
51
51
228.782
227.782
226.782
191.782
190.782
189.782
188.782
51
51
51
51
51
51
51
51
53.4853
53.0711
53.4853
53.8995
60.0417
50
50
50
50
232.196
231.196
230.196
229.196
195.196
194.196
193.196
192.196
50.8284
50.4142
50
50
50
50
50
50
52.0711
52.8995
53.3137
53.7279
54.1421
59.6274
49
49
49
234.61
233.61
232.61
196.61
195.61
50.2426
49.8284
49
49
49
49
51.0711
50.6569
53.1421
53.5563
59.2132
48
48
48
48
48.4142
239.024
238.024
237.024
236.024
235.024
199.024
198.024
197.024
49.6569
49.2426
48
48
49.6569
52.5563
52.9706
53.3848
53.799
54.2132
58.799
47.4142
47.8284
48.2426
48.6569
49.0711
49.4853
280.096
279.096
278.096
277.096
276.096
275.096
274.096
273.096
272.096
271.096
270.096
269.096
268.096
267.096
266.096
265.096
264.096
263.681
244.439
243.439
242.439
241.439
240.439
239.439
199.439
49.4853
49.0711
48.6569
47
47
48.6569
53.2132
53.6274
54.0416
54.4558
58.3848
48.4853
279.681
262.681
244.853
201.853
200.853
200.439
48.4853
46
47.6569
53.4558
57.9706
47.4853
47.8995
48.3137
48.7279
49.1421
49.5563
49.9706
50.3848
282.267
281.267
280.267
279.267
262.267
261.267
260.267
259.267
258.267
257.267
256.267
255.267
254.267
253.267
252.267
251.267
250.267
249.267
248.267
247.267
246.267
245.267
204.267
203.267
202.267
47.8995
47.4853
45
45
45
46.6569
46.2426
52.4558
52.8701
53.2843
53.6985
54.1127
54.5269
57.5564
49.3848
49.799
50.2132
50.6274
51.0416
51.4558
51.8701
52.2843
52.6985
53.1127
53.5269
53.9411
54.3554
54.7696
55.1838
55.598
285.681
284.681
283.681
282.681
205.681
204.681
46.8995
44
45.2426
53.5269
53.9411
54.3554
54.7696
55.1838
55.598
56.598
57.1422
56.1422
55.1422
54.1422
53.1422
52.1422
51.1422
50.1422
49.1422
54.598
55.598
56.598
57.598
58.598
59.598
60.598
61.598
62.598
63.598
64.598
65.598
66.598
67.598
68.598
69.598
70.598
71.598
72.598
73.598
73.2549
72.2549
71.2549
70.2549
69.2549
68.2549
67.2549
66.2549
65.2549
64.2549
63.2549
62.2549
61.2549
60.2549
287.096
286.096
208.096
207.096
206.096
46.3137
45.8995
43
43
44.2426
56.1838
48.7279
47.7279
46.7279
59.8406
58.8406
57.8406
56.8406
55.8406
54.8406
54.4264
54.0122
53.598
53.1838
52.7696
52.3554
51.9411
51.5269
42
42
42
42
42
42
42
42
288.51
287.51
210.51
209.51
208.51
45.3137
42
42
43.8284
42.8284
42.4142
55.7696
46.3137
45.3137
44.3137
43.8995
50.5269
50.1127
49.6985
49.2843
48.8701
48.4558
41
41
41
41
41
41
41
41
41
41
290.924
289.924
288.924
212.924
211.924
210.924
41
41
41
41.4142
41.8284
42.2426
42.6569
43.0711
44.3137
41
41.4142
55.3554
42.8995
42.4853
47.4558
47.0416
46.6274
46.2132
45.799
45.3848
44.9706
40
40
40
40
40
40
292.338
291.338
214.338
213.338
40
40
40
40
40
42.0711
42.4853
42.8995
43.7279
43.3137
40
40.4142
54.9411
41.4853
41.0711
43.9706
43.5563
43.1421
42.7279
42.3137
41.8995
41.4853
39
39
39
39
39
292.752
215.752
214.752
39
39
39
39
39
41.8995
42.3137
42.7279
43.1421
42.7279
39
39
39.4142
54.5269
40.0711
40.4853
40.0711
39.6569
39.2426
38.8284
38.4142
38
38
38
38
38
38
294.167
293.167
216.167
38
38
42.1421
42.5563
41.7279
38
38.4142
54.1127
39.6569
38.6569
38.2426
37
37
37
294.581
217.581
217.167
37
41.5563
40.7279
37
37.4142
53.6985
37.2426
36.8284
36
36
36
36
36
36
36
36
36
294.995
219.995
218.995
218.581
36
36
36
40.5563
39.7279
36
36.4142
53.2843
35.8284
35
35
35
35
35
35
35
35
35
295.409
221.409
220.409
35
35
35
39.5563
39.9706
38.7279
38.3137
35
35.4142
35
52.8701
34.8284
34.4142
34
34
34
34
34
34
297.823
296.823
295.823
222.823
221.823
34
34
34
38.9706
37.3137
34
34
34
34
52.4558
33.4142
33
33
33
33
33
33
298.238
225.238
224.238
223.238
33
33
37.9706
38.3848
38.799
36.3137
33
33
52.0416
32.4142
32
32
32
32
32
32
32
32
32
298.652
297.652
296.652
226.652
225.652
32
32
32
37.799
35.3137
32
32
51.6274
31
31
31
31
31
31
297.066
228.066
227.066
31
31
36.799
34.3137
33.8995
31
31
50.2132
51.2132
30
30
30
30
30
30
297.48
228.48
30
30
35.799
32.8995
30
30
49.799
29
29
29
29
297.895
229.895
229.48
29
33.9706
34.3848
35.3848
31.8995
29
29
40.3848
41.3848
42.3848
43.3848
44.3848
45.3848
46.3848
47.3848
48.3848
49.3848
28
28
28
28
298.309
232.309
231.309
230.895
28
28
28
32.9706
30.8995
28
28
36.9706
37.9706
38.9706
39.9706
27
27
27
27
27
27
27
298.723
297.723
233.723
232.723
27
27
31.9706
29.8995
29.4853
27
27
32.5563
33.5563
34.5563
35.5563
36.5563
26
26
26
26
26
298.137
235.137
234.137
26
26
30.5563
30.9706
28.4853
26
26
31.1421
32.1421
25
34.1421
35.1421
36.1421
37.1421
38.1421
39.1421
40.1421
41.1421
42.1421
43.1421
44.1421
45.1421
46.1421
47.1421
48.1421
49.1421
50.1421
51.1421
25
25
25
25.4142
298.551
297.551
238.551
237.551
236.551
235.551
25
25
29.5563
28.0711
27.0711
26.6569
25
25
28.7279
29.7279
30.7279
24
29.7279
30.7279
31.7279
32.7279
33.7279
51.5563
52.5563
53.5563
54.5563
55.5563
56.5563
24
24
24
24
24
24.4142
297.966
296.966
295.966
239.966
238.966
24
24
24
28.1421
29.1421
25.6569
24
24
26.8995
27.3137
28.3137
23
27.3137
28.3137
29.3137
56.9706
57.9706
58.9706
59.9706
60.9706
61.9706
23
23
23.4142
296.38
295.38
241.38
240.38
23
23
26.7279
27.7279
24.6569
24.2426
23
23
25.4853
25.8995
22
24.4853
24.8995
25.8995
26.8995
62.3848
63.3848
64.3848
65.3848
66.3848
65.5563
64.5563
63.5563
39.5563
38.5563
37.5563
36.5563
35.5563
22
22
22.4142
295.794
294.794
243.794
242.794
241.794
22
22
24.8995
25.3137
26.3137
23.2426
22
22
24.0711
24.4853
21
23.4853
63.9706
39.9706
35.1421
21
21
21
21
21.4142
295.208
244.208
21
21
21
23.8995
22.2426
21
21
23.0711
20
22.0711
22.4853
64.3848
63.3848
62.3848
61.3848
60.3848
59.3848
58.3848
57.3848
56.3848
55.3848
54.3848
53.3848
52.3848
51.3848
50.3848
49.3848
48.3848
47.3848
46.3848
45.3848
44.3848
43.3848
42.3848
41.3848
40.9706
34.7279
33.7279
32.7279
31.7279
30.7279
29.7279
28.7279
27.7279
26.7279
20
20
20.4142
295.622
294.622
293.622
292.622
246.622
245.622
245.208
20
22.8995
21.2426
20
20
22.0711
19
20.6569
21.0711
26.3137
25.3137
24.3137
23.3137
19
19
19.4142
293.037
292.037
291.037
250.037
249.037
248.037
247.037
19
21.4853
22.4853
20.2426
19.8284
19
19
20.2426
20.6569
21.6569
18
18
19.6569
22.8995
21.8995
20.8995
18
18
18
18.4142
291.451
290.451
289.451
288.451
252.451
251.451
250.451
18
18
20.0711
21.0711
18.8284
18
18
18.8284
19.2426
17
17.8284
18.2426
19.2426
20.4853
19.4853
19.0711
17
17
17
17
288.865
287.865
286.865
285.865
284.865
256.865
255.865
254.865
253.865
252.865
17
18.2426
18.6569
19.6569
17.8284
17
17
17.8284
16
16.4142
16.8284
18.0711
17.6569
16
16
16
285.279
284.279
283.279
282.279
281.279
280.279
279.279
278.279
263.279
262.279
261.279
260.279
259.279
258.279
257.279
16
16
16.8284
17.2426
17.4142
16.4142
16
16
16
16.4142
16.8284
15
15.4142
16.6569
16.2426
15
15
15
278.694
277.694
276.694
275.694
274.694
273.694
272.694
271.694
270.694
269.694
268.694
267.694
266.694
265.694
264.694
263.694
15
15.8284
15
15
15
15.4142
14
14
14.4142
15.2426
14.8284
14
14
14
14
14
14
14.4142
14.8284
14
14
14
14.4142
13
13
13
13.8284
13
13
13
13
13.4142
13
13
13
13.4142
12
12
12.8284
12
12
12
12
12.4142
12
12
12
12
12.4142
11
11
11.8284
11
11
11
11
11.4142
11
11
11
11
10
10
11.4142
10.4142
10
10
10
10
10
10
10.4142
10
10
10
10
9
9
9
9
9
9
9
9
9
9
9
9
9
9
8
8
8
8
8
8
8
8
8
8
8
8
7
7
7
7
7
7
7
7
7
7
7
7
6
6
6
6
6
6
6
6
6
6
6
6
6
6
6
6
6
6
6
6
6
6
6
6
6
6
6
6
6
6
6
6
6
6
6
6
6
6
6
6
6
6
6
6
6
6
6
6
6
6
6
6
6
6
6
6
6
6
6
6
6
6
6
6
6
6
6
6
6
6
6
6
6
6
6
6
6
6
6
6
6
6
6
6
6
6
6
6
6
6
6
6
6
6
6
6
6
6
6
6
6
6
6
6
6
6
6
6
6
6
6
6
6
6
6
6
6
6
6
6
6
6
6
6
6
6
6
6
6
6
6
6
6
6
6
6
6
6
6
6
6
6
6
6
6
6
6
6
6
6
6
6
6
6
6
6
6
6
6
6
6
6
6
6
6
6
6
6
6
6
6
6
6
6
6
6
6
6
6
6
6
6
6
6
6
6
6
6
6
6
6
6
6
6
6
6
6
6
6
6
6
6
6
6
6
6
6
6
6
6
6
6
6
6
6
6
6
6
6
6
6
6
6
6
6
6
6
6
6
6
6
6
6
6
6
6
6
6
6
6
6
6
6
6
6
6
6
6
6
6
6
6
6
6
6
6
6
6
6
6
6
6
6
6
6
6
6
6
6
6
6
6
6
6
6
6
6
6
6
6
6
6
6
6
6
6
6
6
6
6
6
6
6
6
6
6
6
6
6
6
6
6
6
6
6
6
6
6
6
6
6
6
6
6
6
6
6
6
6
6
6
6
6
6
6
6
6
6
6
6
6
6
6
6
6
6
6
6
6
6
6
6
6
6
6
6
6
6
6
6
6
6
6
6
6
6
