93.2132
93.6274
94.0416
94.4558
94.8701
95.2843
95.6985
96.1127
96.5269
90.9706
91.3848
91.799
92.2132
95.5269
95.9411
96.3554
89.5563
89.9706
95.3554
95.7696
96.1838
96.598
88.1421
88.5563
95.598
96.0122
86.3137
86.7279
87.1421
95.0122
95.4264
84.8995
85.3137
94.4264
83.8995
93.4264
93.8406
94.2549
82.8995
93.2549
81.4853
81.8995
92.2549
80.4853
91.2549
91.6691
79.4853
90.6691
78.0711
78.4853
89.6691
76
76
76
76
76.4142
76.8284
77.2426
77.6569
78.0711
78.4853
78.8995
79.3137
79.7279
77.0711
88.6691
75
75
75
75
75
75
78.7279
79.1422
79.5564
79.9706
80.3848
80.799
81.2132
81.6274
82.0417
82.4559
76.0711
87.6691
74.4142
74
74
81.4559
81.8701
82.2843
82.6985
83.1127
83.5269
83.9412
84.3554
84.7696
75.0711
86.6691
87.0833
74.6569
74.2426
73.8284
73.4142
83.7696
84.1838
85.1838
86.1838
87.1838
88.1838
89.1838
90.1838
74.0711
86.0833
73.6569
89.7696
73.0711
85.0833
73.0711
72.6569
89.3554
90.3554
91.3554
92.3554
93.3554
94.3554
95.3554
72.0711
83.6691
84.0833
72.4853
72.0711
94.9412
95.9412
96.9412
97.9412
71.0711
82.6691
72.3137
71.8995
71.4853
97.5269
98.5269
99.5269
100.527
70.0711
81.6691
71.7279
71.3137
100.113
101.113
69.0711
80.6691
70.7279
100.699
101.699
102.699
103.699
68.0711
79.6691
70.1421
69.7279
103.284
104.284
67.0711
78.6691
69.1421
103.87
104.87
66.0711
77.6691
68.5564
68.1421
104.456
65.0711
76.2549
76.6691
67.5564
104.042
64.0711
75.2549
66.5564
103.627
104.627
105.627
63.0711
74.2549
65.5564
105.213
62.0711
72.4264
72.8406
73.8406
65.3848
64.9706
64.5564
104.799
105.799
61.0711
71.4264
64.3848
105.385
63.5563
59.2426
59.6569
60.0711
70.4264
63.3848
104.971
60.0711
60.4853
60.8995
61.3137
61.7279
62.1421
62.5563
62.9706
63.3848
63.799
64.2132
64.6274
65.0416
65.4558
65.8701
58.2426
69.0122
69.4264
62.3848
104.556
57.4142
57.8284
58.2426
58.6569
59.0711
64.8701
65.2843
65.6985
66.1127
66.5269
57.2426
68.0122
61.3848
104.142
56
56
56
56.4142
65.5269
65.9411
66.3554
56.2426
67.0122
60.3848
103.728
55
55
65.3554
65.7696
66.1838
55.2426
65.598
66.0122
59.3848
58.3137
59.3137
60.3137
61.3137
62.3137
63.3137
64.3137
65.3137
66.3137
67.3137
68.3137
69.3137
70.3137
71.3137
72.3137
102.314
103.314
54
65.1838
59.6274
59.2132
58.799
58.3848
57.9706
57.5563
57.1421
53.8284
54.2426
64.598
58.3848
55.8995
56.8995
57.8995
72.7279
73.7279
74.7279
102.728
53
53
64.1838
64.598
59.8701
59.4558
59.0416
58.6274
56.1421
55.7279
55.3137
54.8995
54.4853
52.8284
63.1838
63.598
57.3848
54.0711
54.4853
55.4853
75.1422
76.1422
77.1422
78.1422
101.142
102.142
103.142
52
52
52
63.598
64.0122
59.6985
59.2843
58.8701
53.4853
53.0711
51.4142
51.8284
62.1838
56.9706
55.9706
55.5564
52.6569
53.0711
78.5564
79.5564
80.5564
81.5564
101.556
51
51
63.0122
59.5269
59.1127
58.6985
52.0711
51.6569
50.4142
60.3554
60.7696
61.7696
54.5564
51.2426
51.6569
81.9706
82.9706
83.9706
99.9706
100.971
101.971
50
50
62.0122
62.4264
62.8406
59.3554
58.9411
58.5269
50.6569
50.2426
49
49
49.4142
58.9411
59.3554
53.5564
50.2426
84.3848
85.3848
86.3848
87.3848
98.3848
99.3848
100.385
49
61.8406
58.3554
58.3554
49.2426
48.8284
48.4142
48
57.9411
57.1127
56.6985
56.2843
55.8701
55.4558
55.0416
54.6274
54.2132
53.799
53.3848
52.5564
48.8284
49.2426
87.799
88.799
89.799
90.799
91.799
92.799
93.799
94.799
95.799
96.799
97.799
98.799
48
48
60.8406
61.8406
56.9411
57.3554
47.4142
47
47
56.9411
57.7696
57.3554
56.9411
56.5269
56.1127
52.3848
51.9706
51.5563
51.1421
50.7279
50.3137
51.5564
47.8284
47
47
47
61.4264
55.9411
46.4142
46
55.5269
56.5269
56.7696
49.3137
50.5564
46.8284
46
61.0122
54.5269
54.9411
45.4142
45
45
45
53.6985
54.1127
55.1127
56.598
56.1838
55.7696
48.3137
47.8995
47.4853
47.0711
49.5564
49.1421
45
45.4142
46.4142
45
60.598
52.6985
53.1127
53.5269
44
44
44
52.6985
56.4264
56.0122
55.598
46.0711
45.6569
45.2426
48.1421
44
44
60.1838
51.2843
51.6985
43
43
43
43
43
51.2843
51.6985
55.8406
55.4264
44.2426
43.8284
43.4142
47.1421
43
43
43
59.7696
49.8701
50.2843
42
42
49.8701
50.2843
42
42
42
42
42
42
42
42
56.4264
55.4264
42.4142
42
42
46.1421
45.7279
42
42
59.3554
48.0416
48.4558
48.8701
41
41
41
48.8701
41
41
41
41
41
41
58.0122
57.0122
56.0122
41
41
44.7279
41
41
58.9411
46.2132
46.6274
47.0416
40
40
40
40
47.4559
48.4559
40
40
40
40
40
40
40
57.598
40
40
40
43.7279
40
40
40
57.5269
58.5269
44.799
45.2132
39
39
39
45.6274
46.0416
47.0416
39
39
39
39
57.1838
39
39
42.7279
42.3137
39
39
57.1127
42.5563
42.9706
43.3848
43.799
38
38
38
38
44.6274
38
38
38
38
38
57.7696
56.7696
38
38
41.3137
38
38
56.6985
41.5563
37
37
43.2132
43.6274
37
37
57.3554
37
40.3137
37
37
54.2843
55.2843
56.2843
40.1421
40.5563
36
36
36
36
42.2132
36
36
36
56.9411
36
36
36
39.3137
36
36
52.8701
53.8701
37.8995
38.3137
38.7279
39.1421
35
35
35
40.799
41.2132
35
35
35
56.5269
35
35
38.8995
37.8995
37.4853
35
35
51.4559
52.4559
36.0711
36.4853
36.8995
34
34
34
34
39.3848
39.799
34
34
34
56.1127
34
34
34
34
34
34
34
34
34
34
36.4853
34
34
34
49.0416
50.0416
51.0416
33.4142
33.8284
34.2426
34.6569
35.0711
33
33
38.3848
33
33
33.4142
33.8284
55.6985
33
33
33
33
33
33
35.4853
35.0711
33
33
33
33
46.6274
47.6274
48.6274
32
32
32
32.4142
32
32
32
32
32
36.5563
36.9706
37.9706
32
32
32.8284
55.2843
54.2843
32
32
32
32
32
32
34.0711
32
32
43.2132
44.2132
45.2132
46.2132
31
31
31
31
31
31
31
31
31
35.1421
35.5563
31
31
31
31.8284
53.8701
31
31
31.4142
31
31
31
31
33.0711
31
31
31
31
31
31
31
31
31
31
31
40.799
41.799
42.799
30
30
30
30
30
30
34.1421
30
30.8284
53.4558
30
30.4142
30
32.0711
30
30
30
30
30
30
30
30
40.3848
29
29
29
32.7279
33.1421
29
29.8284
53.0416
52.0416
51.0416
29
29.4142
29
31.0711
30.6569
29
29
29
29
36.9706
37.9706
38.9706
39.9706
28
28
28
28
28
28
28
28
31.7279
28
28.8284
50.6274
49.6274
28
28.8284
28.4142
28
28.4142
29.6569
28
28
28
28
28
28
28
34.5563
35.5563
36.5563
27
27
27
27
27
27
29.8995
30.3137
31.3137
27
27
27.8284
49.2132
48.2132
27
27
27
27.8284
27.4142
28.6569
27
27
27
27
27
27
27
31.1421
32.1421
33.1421
34.1421
26
26
26
26
26
26
26
28.8995
26
26.8284
47.799
46.799
45.799
26
26.8284
26.4142
27.6569
26
26
26
26
26
26
29.7279
30.7279
25
25
25
35.9706
36.9706
37.9706
38.9706
39.9706
40.9706
41.9706
42.9706
42.9706
41.9706
40.9706
39.9706
38.9706
37.9706
36.9706
35.9706
34.9706
33.9706
25
25
25
25
27.4853
27.8995
25
25
25.8284
45.3848
44.3848
43.3848
25
25.8284
25.4142
26.6569
26.2426
25
25
25
25
25
25
28.3137
29.3137
24
24
24
31.5563
32.5563
33.5563
34.5563
35.5563
33.5563
32.5563
31.5563
30.5563
29.5563
24
24
24
26.0711
26.4853
24
24.8284
42.9706
41.9706
40.9706
39.9706
24
24.8284
24.4142
25.2426
24
24
24
24
24
24
24
24
26.4853
26.8995
27.8995
23
23
23
28.1421
29.1421
30.1421
31.1421
29.1421
28.1421
27.1421
26.7279
23
23
25.0711
23
23.8284
39.5563
38.5563
37.5563
36.5563
23
23.8284
23.4142
24.2426
23
23
23
23
25.0711
25.4853
22
22
25.7279
26.7279
27.7279
25.7279
25.3137
22
22
22
22
23.6569
24.0711
22
22
22.8284
36.1421
35.1421
34.1421
33.1421
32.1421
22
22.4142
22.8284
22.4142
22.4142
23.2426
22
22
22
22
22
22
22
24.0711
21
21
21
25.3137
24.3137
21
21
21
21
22.6569
21
21.8284
31.7279
21.4142
21.4142
21.4142
22.2426
21
21
21
21
23.0711
21
21
21
21
21
21
21
21
21
21
21
21
21
21
20
23.8995
24.8995
23.8995
22.8995
20
20
21.6569
20
20.8284
31.3137
30.3137
29.3137
28.3137
27.3137
20.4142
20.4142
20.4142
21.8284
20.8284
20.4142
20
20
20
20
21.6569
22.6569
20
20
19
21.0711
21.4853
22.4853
23.4853
22.4853
21.4853
21.0711
19
19
19
19.8284
20.2426
21.2426
19
19.8284
26.8995
25.8995
24.8995
23.8995
22.8995
19.4142
19.4142
19.4142
19.4142
19
19
19
19
19
19.8284
20.2426
21.2426
19
19
19
19
19
19
19
19
19
19
18
18
19.6569
20.0711
20.0711
19.6569
18
18
18
18.8284
18
18
18
18.8284
22.4853
21.4853
18.4142
18.4142
18.4142
18.4142
18
18
18
18
18.8284
18
18
18
18
17
17
18.6569
18.6569
18.2426
17
17
17.8284
17
17.8284
21.0711
20.0711
19.0711
18.6569
17.4142
17.4142
17.4142
17.4142
17
17
17
17
17
17
17
17.8284
17
17
17
17
17
16
16.8284
17.2426
18.2426
17.2426
16
16
16
16.4142
16.8284
16
16.8284
17.6569
17.2426
16.4142
16.4142
16
16.4142
16.4142
16
16
16
16
16.4142
16.8284
16
16
16
15
15
15
15.4142
15.8284
16.2426
15.8284
15
15
15.4142
15
15.8284
16.2426
15.4142
15
15.4142
15.4142
15
15
15
15
15.4142
15
15
15
14
14.4142
14.8284
14
14
14
14
14.4142
14
14
14
14.4142
15.4142
15.2426
14.8284
14.4142
14
14.4142
14.4142
14
14
14
14
14.4142
14
14
14
14
13
13
13.4142
13.8284
13
13
13.4142
13
13
13.8284
13.4142
13
13.4142
13.4142
13
13
13
13
13.4142
13
13
13
12
12.4142
13.4142
12.4142
12
12
12
12.4142
12
12
13.4142
12.4142
12
12.4142
12
12.4142
12.4142
12
12
12
12
12.4142
12
12
11
11
11.4142
11
11
11
11
11.4142
11
11
11
11.4142
11
11.4142
11.4142
11
11
11
11
11
11.4142
11
11
10
10
10
10
10
10
10
10
10
10
10
10.4142
10
10.4142
10
10
10
10
10
10
10
10.4142
10
10
9
9
9
9
9
9
9
9
9
9
9
9.41421
9
9
9
9
9
9
9
9
9
8
8
8
8
8
8
8
8
8
8
8
8
8.41421
8
8
8
8
8
8
8
8
7
7
7
7
7
7
7
7
7
7
7
7
7
7
7
7
7
7
7
7
6
6
6
6
6
6
6
6
6
6
6
6
6
6
6
6
6
6
6
6
6
6
6
6
6
6
6
6
6
6
6
6
6
6
6
6
6
6
6
6
6
6
6
6
6
6
6
6
6
6
6
6
6
6
6
6
6
6
6
6
6
6
6
6
6
6
6
6
6
6
6
6
6
6
6
6
6
6
6
6
6
6
6
6
6
6
6
6
6
6
6
6
6
6
6
6
6
6
6
6
6
6
6
6
6
6
6
6
6
6
6
6
6
6
6
6
6
6
6
6
6
6
6
6
6
6
6
6
6
6
6
6
6
6
6
6
6
6
6
6
6
6
6
6
6
6
6
6
6
6
6
6
6
6
6
6
6
6
6
6
6
6
6
6
6
6
6
6
6
6
6
6
6
6
6
6
6
6
6
6
6
6
6
6
6
6
6
6
6
6
6
6
6
6
6
6
6
6
6
6
6
6
6
6
6
6
6
6
6
6
6
6
6
6
6
6
6
6
6
6
6
6
6
6
6
6
6
6
6
6
6
6
6
6
6
6
6
6
6
6
6
6
6
6
6
6
6
6
6
6
6
6
6
6
6
6
6
6
6
6
6
6
6
6
6
6
6
6
6
6
6
6
6
6
6
6
6
6
6
6
6
6
6
6
6
6
6
6
6
6
6
6
6
6
6
6
6
6
6
