156.38
157.38
158.38
159.38
160.38
161.38
162.38
163.38
164.38
165.38
166.38
167.38
168.38
169.38
170.38
171.38
172.38
173.38
174.38
120
120
120
120
120
120
120
120
120
120
120
120
120
120
120
120
120
120
120
120
120
120
120
120
120
120
120
120
120
120
120
120
120
120
120
120
120
120
120
120
120
120
120
120
120
120
120
120
120
120
120
120
120
120
120
120
120
120
120
120
120
120
120
120
120
120
120
120
120
120
120
120
120
120
120
120
120
120
120
120.414
120.828
121.243
121.657
122.071
122.485
122.899
123.314
123.728
124.142
124.556
124.971
125.385
125.799
126.213
126.627
127.042
127.456
127.87
128.284
128.699
129.113
129.527
129.941
130.355
130.77
131.184
131.598
132.012
132.426
132.841
133.255
133.669
134.083
134.498
134.912
135.326
135.74
136.154
136.569
136.983
137.397
137.811
138.225
138.64
139.054
139.468
139.882
140.297
140.711
141.125
141.539
141.953
142.368
142.782
143.196
143.61
144.024
144.439
144.853
145.267
145.681
146.096
146.51
146.924
147.338
147.752
148.167
148.581
148.995
149.409
149.823
150.238
150.652
151.066
151.48
151.895
152.309
152.723
153.137
153.551
153.966
154.38
155.38
155.966
156.966
157.966
158.966
159.966
160.966
161.966
162.966
163.966
164.966
165.966
166.966
167.966
168.966
169.966
170.966
171.966
172.966
173.966
119
119
119
119
119
119
119
119
119
119
119
119
119
119
119
119
119
119
119
119
119
119
119
119
119
119
119
119
119
119
119
119
119
119
119
119
119
119
119
119
119
119
119
119
119
119
119
119
119
119
119
119
119
119
119
119
119
119
119
119
119
119
119
119
119
119
119
119
119
119
119
119
119
119
119
119
119
119
119
119.414
119.828
120.243
120.657
121.071
121.485
121.899
122.314
122.728
123.142
123.556
123.971
124.385
124.799
125.213
125.627
126.042
126.456
126.87
127.284
127.699
128.113
128.527
128.941
129.355
129.77
130.184
130.598
131.012
131.426
131.841
132.255
132.669
133.083
133.498
133.912
134.326
134.74
135.154
135.569
135.983
136.397
136.811
137.225
137.64
138.054
138.468
138.882
139.297
139.711
140.125
140.539
140.953
141.368
141.782
142.196
142.61
143.024
143.439
143.853
144.267
144.681
145.096
145.51
145.924
146.338
146.752
147.167
147.581
147.995
148.409
148.823
149.238
149.652
150.066
150.48
150.895
151.309
151.723
152.137
152.551
152.966
153.966
154.966
155.551
156.551
157.551
158.551
159.551
160.551
161.551
162.551
163.551
164.551
165.551
166.551
167.551
168.551
169.551
170.551
171.551
172.551
173.551
118
118
118
118
118
118
118
118
118
118
118
118
118
118
118
118
118
118
118
118
118
118
118
118
118
118
118
118
118
118
118
118
118
118
118
118
118
118
118
118
118
118
118
118
118
118
118
118
118
118
118
118
118
118
118
118
118
118
118
118
118
118
118
118
118
118
118
118
118
118
118
118
118
118
118
118
118
118
118
118.414
118.828
119.243
119.657
120.071
120.485
120.899
121.314
121.728
122.142
122.556
122.971
123.385
123.799
124.213
124.627
125.042
125.456
125.87
126.284
126.699
127.113
127.527
127.941
128.355
128.77
129.184
129.598
130.012
130.426
130.841
131.255
131.669
132.083
132.498
132.912
133.326
133.74
134.154
134.569
134.983
135.397
135.811
136.225
136.64
137.054
137.468
137.882
138.297
138.711
139.125
139.539
139.953
140.368
140.782
141.196
141.61
142.024
142.439
142.853
143.267
143.681
144.096
144.51
144.924
145.338
145.752
146.167
146.581
146.995
147.409
147.823
148.238
148.652
149.066
149.48
149.895
150.309
150.723
151.137
151.551
152.551
153.551
154.551
155.137
156.137
157.137
158.137
159.137
160.137
161.137
162.137
163.137
164.137
165.137
166.137
167.137
168.137
169.137
170.137
171.137
172.137
173.137
117
117
117
117
117
117
117
117
117
117
117
117
117
117
117
117
117
117
117
117
117
117
117
117
117
117
117
117
117
117
117
117
117
117
117
117
117
117
117
117
117
117
117
117
117
117
117
117
117
117
117
117
117
117
117
117
117
117
117
117
117
117
117
117
117
117
117
117
117
117
117
117
117
117
117
117
117
117
117
117.414
117.828
118.243
118.657
119.071
119.485
119.899
120.314
120.728
121.142
121.556
121.971
122.385
122.799
123.213
123.627
124.042
124.456
124.87
125.284
125.699
126.113
126.527
126.941
127.355
127.77
128.184
128.598
129.012
129.426
129.841
130.255
130.669
131.083
131.498
131.912
132.326
132.74
133.154
133.569
133.983
134.397
134.811
135.225
135.64
136.054
136.468
136.882
137.297
137.711
138.125
138.539
138.953
139.368
139.782
140.196
140.61
141.024
141.439
141.853
142.267
142.681
143.096
143.51
143.924
144.338
144.752
145.167
145.581
145.995
146.409
146.823
147.238
147.652
148.066
148.48
148.895
149.309
149.723
150.137
151.137
152.137
153.137
154.137
154.723
155.723
156.723
157.723
158.723
159.723
160.723
161.723
162.723
163.723
164.723
165.723
166.723
167.723
168.723
169.723
170.723
171.723
172.723
116
116
116
116
116
116
116
116
116
116
116
116
116
116
116
116
116
116
116
116
116
116
116
116
116
116
116
116
116
116
116
116
116
116
116
116
116
116
116
116
116
116
116
116
116
116
116
116
116
116
116
116
116
116
116
116
116
116
116
116
116
116
116
116
116
116
116
116
116
116
116
116
116
116
116
116
116
116
116
116.414
116.828
117.243
117.657
118.071
118.485
118.899
119.314
119.728
120.142
120.556
120.971
121.385
121.799
122.213
122.627
123.042
123.456
123.87
124.284
124.699
125.113
125.527
125.941
126.355
126.77
127.184
127.598
128.012
128.426
128.841
129.255
129.669
130.083
130.498
130.912
131.326
131.74
132.154
132.569
132.983
133.397
133.811
134.225
134.64
135.054
135.468
135.882
136.297
136.711
137.125
137.539
137.953
138.368
138.782
139.196
139.61
140.024
140.439
140.853
141.267
141.681
142.096
142.51
142.924
143.338
143.752
144.167
144.581
144.995
145.409
145.823
146.238
146.652
147.066
147.48
147.895
148.309
148.723
149.723
150.723
151.723
152.723
153.723
154.309
155.309
156.309
157.309
158.309
159.309
160.309
161.309
162.309
163.309
164.309
165.309
166.309
167.309
168.309
169.309
170.309
171.309
115
115
115
115
115
115
115
115
115
115
115
115
115
115
115
115
115
115
115
115
115
115
115
115
115
115
115
115
115
115
115
115
115
115
115
115
115
115
115
115
115
115
115
115
115
115
115
115
115
115
115
115
115
115
115
115
115
115
115
115
115
115
115
115
115
115
115
115
115
115
115
115
115
115
115
115
115
115
115
115.414
115.828
116.243
116.657
117.071
117.485
117.899
118.314
118.728
119.142
119.556
119.971
120.385
120.799
121.213
121.627
122.042
122.456
122.87
123.284
123.699
124.113
124.527
124.941
125.355
125.77
126.184
126.598
127.012
127.426
127.841
128.255
128.669
129.083
129.498
129.912
130.326
130.74
131.154
131.569
131.983
132.397
132.811
133.225
133.64
134.054
134.468
134.882
135.297
135.711
136.125
136.539
136.953
137.368
137.782
138.196
138.61
139.024
139.439
139.853
140.267
140.681
141.096
141.51
141.924
142.338
142.752
143.167
143.581
143.995
144.409
144.823
145.238
145.652
146.066
146.48
146.895
147.309
148.309
149.309
150.309
151.309
152.309
153.309
153.895
154.895
155.895
156.895
157.895
158.895
159.895
160.895
161.895
162.895
163.895
164.895
165.895
166.895
167.895
168.895
169.895
170.895
114
114
114
114
114
114
114
114
114
114
114
114
114
114
114
114
114
114
114
114
114
114
114
114
114
114
114
114
114
114
114
114
114
114
114
114
114
114
114
114
114
114
114
114
114
114
114
114
114
114
114
114
114
114
114
114
114
114
114
114
114
114
114
114
114
114
114
114
114
114
114
114
114
114
114
114
114
114
114
114.414
114.828
115.243
115.657
116.071
116.485
116.899
117.314
117.728
118.142
118.556
118.971
119.385
119.799
120.213
120.627
121.042
121.456
121.87
122.284
122.699
123.113
123.527
123.941
124.355
124.77
125.184
125.598
126.012
126.426
126.841
127.255
127.669
128.083
128.498
128.912
129.326
129.74
130.154
130.569
130.983
131.397
131.811
132.225
132.64
133.054
133.468
133.882
134.297
134.711
135.125
135.539
135.953
136.368
136.782
137.196
137.61
138.024
138.439
138.853
139.267
139.681
140.096
140.51
140.924
141.338
141.752
142.167
142.581
142.995
143.409
143.823
144.238
144.652
145.066
145.48
145.895
146.895
147.895
148.895
149.895
150.895
151.895
152.895
153.48
154.48
155.48
156.48
157.48
158.48
159.48
160.48
161.48
162.48
163.48
164.48
165.48
166.48
167.48
168.48
169.48
170.48
113
113
113
113
113
113
113
113
113
113
113
113
113
113
113
113
113
113
113
113
113
113
113
113
113
113
113
113
113
113
113
113
113
113
113
113
113
113
113
113
113
113
113
113
113
113
113
113
113
113
113
113
113
113
113
113
113
113
113
113
113
113
113
113
113
113
113
113
113
113
113
113
113
113
113
113
113
113
113
113.414
113.828
114.243
114.657
115.071
115.485
115.899
116.314
116.728
117.142
117.556
117.971
118.385
118.799
119.213
119.627
120.042
120.456
120.87
121.284
121.699
122.113
122.527
122.941
123.355
123.77
124.184
124.598
125.012
125.426
125.841
126.255
126.669
127.083
127.498
127.912
128.326
128.74
129.154
129.569
129.983
130.397
130.811
131.225
131.64
132.054
132.468
132.882
133.297
133.711
134.125
134.539
134.953
135.368
135.782
136.196
136.61
137.024
137.439
137.853
138.267
138.681
139.096
139.51
139.924
140.338
140.752
141.167
141.581
141.995
142.409
142.823
143.238
143.652
144.066
144.48
145.48
146.48
147.48
148.48
149.48
150.48
151.48
152.48
153.066
154.066
155.066
156.066
157.066
158.066
159.066
160.066
161.066
162.066
163.066
164.066
165.066
166.066
167.066
168.066
169.066
112
112
112
112
112
112
112
112
112
112
112
112
112
112
112
112
112
112
112
112
112
112
112
112
112
112
112
112
112
112
112
112
112
112
112
112
112
112
112
112
112
112
112
112
112
112
112
112
112
112
112
112
112
112
112
112
112
112
112
112
112
112
112
112
112
112
112
112
112
112
112
112
112
112
112
112
112
112
112
112.414
112.828
113.243
113.657
114.071
114.485
114.899
115.314
115.728
116.142
116.556
116.971
117.385
117.799
118.213
118.627
119.042
119.456
119.87
120.284
120.699
121.113
121.527
121.941
122.355
122.77
123.184
123.598
124.012
124.426
124.841
125.255
125.669
126.083
126.498
126.912
127.326
127.74
128.154
128.569
128.983
129.397
129.811
130.225
130.64
131.054
131.468
131.882
132.297
132.711
133.125
133.539
133.953
134.368
134.782
135.196
135.61
136.024
136.439
136.853
137.267
137.681
138.096
138.51
138.924
139.338
139.752
140.167
140.581
140.995
141.409
141.823
142.238
142.652
143.066
144.066
145.066
146.066
147.066
148.066
149.066
150.066
151.066
152.066
152.652
153.652
154.652
155.652
156.652
157.652
158.652
159.652
160.652
161.652
162.652
163.652
164.652
165.652
166.652
167.652
168.652
111
111
111
111
111
111
111
111
111
111
111
111
111
111
111
111
111
111
111
111
111
111
111
111
111
111
111
111
111
111
111
111
111
111
111
111
111
111
111
111
111
111
111
111
111
111
111
111
111
111
111
111
111
111
111
111
111
111
111
111
111
111
111
111
111
111
111
111
111
111
111
111
111
111
111
111
111
111
111
111.414
111.828
112.243
112.657
113.071
113.485
113.899
114.314
114.728
115.142
115.556
115.971
116.385
116.799
117.213
117.627
118.042
118.456
118.87
119.284
119.699
120.113
120.527
120.941
121.355
121.77
122.184
122.598
123.012
123.426
123.841
124.255
124.669
125.083
125.498
125.912
126.326
126.74
127.154
127.569
127.983
128.397
128.811
129.225
129.64
130.054
130.468
130.882
131.297
131.711
132.125
132.539
132.953
133.368
133.782
134.196
134.61
135.024
135.439
135.853
136.267
136.681
137.096
137.51
137.924
138.338
138.752
139.167
139.581
139.995
140.409
140.823
141.238
141.652
142.652
143.652
144.652
145.652
146.652
147.652
148.652
149.652
150.652
151.652
152.238
153.238
154.238
155.238
156.238
157.238
158.238
159.238
160.238
161.238
162.238
163.238
164.238
165.238
166.238
110
110
110
110
110
110
110
110
110
110
110
110
110
110
110
110
110
110
110
110
110
110
110
110
110
110
110
110
110
110
110
110
110
110
110
110
110
110
110
110
110
110
110
110
110
110
110
110
110
110
110
110
110
110
110
110
110
110
110
110
110
110
110
110
110
110
110
110
110
110
110
110
110
110
110
110
110
110
110
110.414
110.828
111.243
111.657
112.071
112.485
112.899
113.314
113.728
114.142
114.556
114.971
115.385
115.799
116.213
116.627
117.042
117.456
117.87
118.284
118.699
119.113
119.527
119.941
120.355
120.77
121.184
121.598
122.012
122.426
122.841
123.255
123.669
124.083
124.498
124.912
125.326
125.74
126.154
126.569
126.983
127.397
127.811
128.225
128.64
129.054
129.468
129.882
130.297
130.711
131.125
131.539
131.953
132.368
132.782
133.196
133.61
134.024
134.439
134.853
135.267
135.681
136.096
136.51
136.924
137.338
137.752
138.167
138.581
138.995
139.409
139.823
140.238
141.238
142.238
143.238
144.238
145.238
146.238
147.238
148.238
149.238
150.238
151.238
151.823
152.823
153.823
154.823
155.823
156.823
157.823
158.823
159.823
160.823
161.823
162.823
163.823
164.823
109
109
109
109
109
109
109
109
109
109
109
109
109
109
109
109
109
109
109
109
109
109
109
109
109
109
109
109
109
109
109
109
109
109
109
109
109
109
109
109
109
109
109
109
109
109
109
109
109
109
109
109
109
109
109
109
109
109
109
109
109
109
109
109
109
109
109
109
109
109
109
109
109
109
109
109
109
109
109
109.414
109.828
110.243
110.657
111.071
111.485
111.899
112.314
112.728
113.142
113.556
113.971
114.385
114.799
115.213
115.627
116.042
116.456
116.87
117.284
117.699
118.113
118.527
118.941
119.355
119.77
120.184
120.598
121.012
121.426
121.841
122.255
122.669
123.083
123.498
123.912
124.326
124.74
125.154
125.569
125.983
126.397
126.811
127.225
127.64
128.054
128.468
128.882
129.297
129.711
130.125
130.539
130.953
131.368
131.782
132.196
132.61
133.024
133.439
133.853
134.267
134.681
135.096
135.51
135.924
136.338
136.752
137.167
137.581
137.995
138.409
138.823
139.823
140.823
141.823
142.823
143.823
144.823
145.823
146.823
147.823
148.823
149.823
150.823
151.409
152.409
153.409
154.409
155.409
156.409
157.409
158.409
159.409
160.409
161.409
162.409
163.409
108
108
108
108
108
108
108
108
108
108
108
108
108
108
108
108
108
108
108
108
108
108
108
108
108
108
108
108
108
108
108
108
108
108
108
108
108
108
108
108
108
108
108
108
108
108
108
108
108
108
108
108
108
108
108
108
108
108
108
108
108
108
108
108
108
108
108
108
108
108
108
108
108
108
108
108
108
108
108
108.414
108.828
109.243
109.657
110.071
110.485
110.899
111.314
111.728
112.142
112.556
112.971
113.385
113.799
114.213
114.627
115.042
115.456
115.87
116.284
116.699
117.113
117.527
117.941
118.355
118.77
119.184
119.598
120.012
120.426
120.841
121.255
121.669
122.083
122.498
122.912
123.326
123.74
124.154
124.569
124.983
125.397
125.811
126.225
126.64
127.054
127.468
127.882
128.297
128.711
129.125
129.539
129.953
130.368
130.782
131.196
131.61
132.024
132.439
132.853
133.267
133.681
134.096
134.51
134.924
135.338
135.752
136.167
136.581
136.995
137.409
138.409
139.409
140.409
141.409
142.409
143.409
144.409
145.409
146.409
147.409
148.409
149.409
150.409
150.995
151.995
152.995
153.995
154.995
155.995
156.995
157.995
158.995
159.995
160.995
107
107
107
107
107
107
107
107
107
107
107
107
107
107
107
107
107
107
107
107
107
107
107
107
107
107
107
107
107
107
107
107
107
107
107
107
107
107
107
107
107
107
107
107
107
107
107
107
107
107
107
107
107
107
107
107
107
107
107
107
107
107
107
107
107
107
107
107
107
107
107
107
107
107
107
107
107
107
107
107.414
107.828
108.243
108.657
109.071
109.485
109.899
110.314
110.728
111.142
111.556
111.971
112.385
112.799
113.213
113.627
114.042
114.456
114.87
115.284
115.699
116.113
116.527
116.941
117.355
117.77
118.184
118.598
119.012
119.426
119.841
120.255
120.669
121.083
121.498
121.912
122.326
122.74
123.154
123.569
123.983
124.397
124.811
125.225
125.64
126.054
126.468
126.882
127.297
127.711
128.125
128.539
128.953
129.368
129.782
130.196
130.61
131.024
131.439
131.853
132.267
132.681
133.096
133.51
133.924
134.338
134.752
135.167
135.581
135.995
136.995
137.995
138.995
139.995
140.995
141.995
142.995
143.995
144.995
145.995
146.995
147.995
148.995
149.995
150.581
151.581
152.581
153.581
154.581
155.581
156.581
157.581
158.581
159.581
160.581
106
106
106
106
106
106
106
106
106
106
106
106
106
106
106
106
106
106
106
106
106
106
106
106
106
106
106
106
106
106
106
106
106
106
106
106
106
106
106
106
106
106
106
106
106
106
106
106
106
106
106
106
106
106
106
106
106
106
106
106
106
106
106
106
106
106
106
106
106
106
106
106
106
106
106
106
106
106
106
106.414
106.828
107.243
107.657
108.071
108.485
108.899
109.314
109.728
110.142
110.556
110.971
111.385
111.799
112.213
112.627
113.042
113.456
113.87
114.284
114.699
115.113
115.527
115.941
116.355
116.77
117.184
117.598
118.012
118.426
118.841
119.255
119.669
120.083
120.498
120.912
121.326
121.74
122.154
122.569
122.983
123.397
123.811
124.225
124.64
125.054
125.468
125.882
126.297
126.711
127.125
127.539
127.953
128.368
128.782
129.196
129.61
130.024
130.439
130.853
131.267
131.681
132.096
132.51
132.924
133.338
133.752
134.167
134.581
135.581
136.581
137.581
138.581
139.581
140.581
141.581
142.581
143.581
144.581
145.581
146.581
147.581
148.581
149.581
150.167
151.167
152.167
153.167
154.167
155.167
156.167
157.167
158.167
105
105
105
105
105
105
105
105
105
105
105
105
105
105
105
105
105
105
105
105
105
105
105
105
105
105
105
105
105
105
105
105
105
105
105
105
105
105
105
105
105
105
105
105
105
105
105
105
105
105
105
105
105
105
105
105
105
105
105
105
105
105
105
105
105
105
105
105
105
105
105
105
105
105
105
105
105
105
105
105
105
105.414
105.828
106.243
106.657
107.071
107.485
107.899
108.314
108.728
109.142
109.556
109.971
110.385
110.799
111.213
111.627
112.042
112.456
112.87
113.284
113.699
114.113
114.527
114.941
115.355
115.77
116.184
116.598
117.012
117.426
117.841
118.255
118.669
119.083
119.498
119.912
120.326
120.74
121.154
121.569
121.983
122.397
122.811
123.225
123.64
124.054
124.468
124.882
125.297
125.711
126.125
126.539
126.953
127.368
127.782
128.196
128.61
129.024
129.439
129.853
130.267
130.681
131.096
131.51
131.924
132.338
132.752
133.167
134.167
135.167
136.167
137.167
138.167
139.167
140.167
141.167
142.167
143.167
144.167
145.167
146.167
147.167
148.167
149.167
149.752
150.752
151.752
152.752
153.752
154.752
104
104
104
104
104
104
104
104
104
104
104
104
104
104
104
104
104
104
104
104
104
104
104
104
104
104
104
104
104
104
104
104
104
104
104
104
104
104
104
104
104
104
104
104
104
104
104
104
104
104
104
104
104
104
104
104
104
104
104
104
104
104
104
104
104
104
104
104
104
104
104
104
104
104
104
104
104
104
104
104
104
104.414
104.828
105.243
105.657
106.071
106.485
106.899
107.314
107.728
108.142
108.556
108.971
109.385
109.799
110.213
110.627
111.042
111.456
111.87
112.284
112.699
113.113
113.527
113.941
114.355
114.77
115.184
115.598
116.012
116.426
116.841
117.255
117.669
118.083
118.498
118.912
119.326
119.74
120.154
120.569
120.983
121.397
121.811
122.225
122.64
123.054
123.468
123.882
124.297
124.711
125.125
125.539
125.953
126.368
126.782
127.196
127.61
128.024
128.439
128.853
129.267
129.681
130.096
130.51
130.924
131.338
131.752
132.752
133.752
134.752
135.752
136.752
137.752
138.752
139.752
140.752
141.752
142.752
143.752
144.752
145.752
146.752
147.752
148.752
103
103
103
103
103
103
103
103
103
103
103
103
103
103
103
103
103
103
103
103
103
103
103
103
103
103
103
103
103
103
103
103
103
103
103
103
103
103
103
103
103
103
103
103
103
103
103
103
103
103
103
103
103
103
103
103
103
103
103
103
103
103
103
103
103
103
103
103
103
103
103
103
103
103
103
103
103
103
103
103
103
103.414
103.828
104.243
104.657
105.071
105.485
105.899
106.314
106.728
107.142
107.556
107.971
108.385
108.799
109.213
109.627
110.042
110.456
110.87
111.284
111.699
112.113
112.527
112.941
113.355
113.77
114.184
114.598
115.012
115.426
115.841
116.255
116.669
117.083
117.498
117.912
118.326
118.74
119.154
119.569
119.983
120.397
120.811
121.225
121.64
122.054
122.468
122.882
123.297
123.711
124.125
124.539
124.953
125.368
125.782
126.196
126.61
127.024
127.439
127.853
128.267
128.681
129.096
129.51
129.924
130.338
131.338
132.338
133.338
134.338
135.338
136.338
137.338
138.338
139.338
140.338
141.338
142.338
143.338
144.338
145.338
146.338
147.338
148.338
102
102
102
102
102
102
102
102
102
102
102
102
102
102
102
102
102
102
102
102
102
102
102
102
102
102
102
102
102
102
102
102
102
102
102
102
102
102
102
102
102
102
102
102
102
102
102
102
102
102
102
102
102
102
102
102
102
102
102
102
102
102
102
102
102
102
102
102
102
102
102
102
102
102
102
102
102
102
102
102
102
102.414
102.828
103.243
103.657
104.071
104.485
104.899
105.314
105.728
106.142
106.556
106.971
107.385
107.799
108.213
108.627
109.042
109.456
109.87
110.284
110.699
111.113
111.527
111.941
112.355
112.77
113.184
113.598
114.012
114.426
114.841
115.255
115.669
116.083
116.498
116.912
117.326
117.74
118.154
118.569
118.983
119.397
119.811
120.225
120.64
121.054
121.468
121.882
122.297
122.711
123.125
123.539
123.953
124.368
124.782
125.196
125.61
126.024
126.439
126.853
127.267
127.681
128.096
128.51
128.924
129.924
130.924
131.924
132.924
133.924
134.924
135.924
136.924
137.924
138.924
139.924
140.924
141.924
142.924
143.924
144.924
145.924
146.924
147.924
101
101
101
101
101
101
101
101
101
101
101
101
101
101
101
101
101
101
101
101
101
101
101
101
101
101
101
101
101
101
101
101
101
101
101
101
101
101
101
101
101
101
101
101
101
101
101
101
101
101
101
101
101
101
101
101
101
101
101
101
101
101
101
101
101
101
101
101
101
101
101
101
101
101
101
101
101
101
101
101
101
101.414
101.828
102.243
102.657
103.071
103.485
103.899
104.314
104.728
105.142
105.556
105.971
106.385
106.799
107.213
107.627
108.042
108.456
108.87
109.284
109.699
110.113
110.527
110.941
111.355
111.77
112.184
112.598
113.012
113.426
113.841
114.255
114.669
115.083
115.498
115.912
116.326
116.74
117.154
117.569
117.983
118.397
118.811
119.225
119.64
120.054
120.468
120.882
121.297
121.711
122.125
122.539
122.953
123.368
123.782
124.196
124.61
125.024
125.439
125.853
126.267
126.681
127.096
127.51
128.51
129.51
130.51
131.51
132.51
133.51
134.51
135.51
136.51
137.51
138.51
139.51
140.51
141.51
142.51
143.51
144.51
145.51
146.51
147.51
100
100
100
100
100
100
100
100
100
100
100
100
100
100
100
100
100
100
100
100
100
100
100
100
100
100
100
100
100
100
100
100
100
100
100
100
100
100
100
100
100
100
100
100
100
100
100
100
100
100
100
100
100
100
100
100
100
100
100
100
100
100
100
100
100
100
100
100
100
100
100
100
100
100
100
100
100
100
100
100
100
100.414
100.828
101.243
101.657
102.071
102.485
102.899
103.314
103.728
104.142
104.556
104.971
105.385
105.799
106.213
106.627
107.042
107.456
107.87
108.284
108.699
109.113
109.527
109.941
110.355
110.77
111.184
111.598
112.012
112.426
112.841
113.255
113.669
114.083
114.498
114.912
115.326
115.74
116.154
116.569
116.983
117.397
117.811
118.225
118.64
119.054
119.468
119.882
120.297
120.711
121.125
121.539
121.953
122.368
122.782
123.196
123.61
124.024
124.439
124.853
125.267
125.681
126.096
127.096
128.096
129.096
130.096
131.096
132.096
133.096
134.096
135.096
136.096
137.096
138.096
139.096
140.096
141.096
142.096
143.096
144.096
145.096
146.096
147.096
99
99
99
99
99
99
99
99
99
99
99
99
99
99
99
99
99
99
99
99
99
99
99
99
99
99
99
99
99
99
99
99
99
99
99
99
99
99
99
99
99
99
99
99
99
99
99
99
99
99
99
99
99
99
99
99
99
99
99
99
99
99
99
99
99
99
99
99
99
99
99
99
99
99
99
99
99
99
99
99
99
99.4142
99.8284
100.243
100.657
101.071
101.485
101.899
102.314
102.728
103.142
103.556
103.971
104.385
104.799
105.213
105.627
106.042
106.456
106.87
107.284
107.699
108.113
108.527
108.941
109.355
109.77
110.184
110.598
111.012
111.426
111.841
112.255
112.669
113.083
113.498
113.912
114.326
114.74
115.154
115.569
115.983
116.397
116.811
117.225
117.64
118.054
118.468
118.882
119.297
119.711
120.125
120.539
120.953
121.368
121.782
122.196
122.61
123.024
123.439
123.853
124.267
124.681
125.681
126.681
127.681
128.681
129.681
130.681
131.681
132.681
133.681
134.681
135.681
136.681
137.681
138.681
139.681
140.681
141.681
142.681
143.681
144.681
145.681
146.681
98
98
98
98
98
98
98
98
98
98
98
98
98
98
98
98
98
98
98
98
98
98
98
98
98
98
98
98
98
98
98
98
98
98
98
98
98
98
98
98
98
98
98
98
98
98
98
98
98
98
98
98
98
98
98
98
98
98
98
98
98
98
98
98
98
98
98
98
98
98
98
98
98
98
98
98
98
98
98
98
98
98.4142
98.8284
99.2426
99.6569
100.071
100.485
100.899
101.314
101.728
102.142
102.556
102.971
103.385
103.799
104.213
104.627
105.042
105.456
105.87
106.284
106.699
107.113
107.527
107.941
108.355
108.77
109.184
109.598
110.012
110.426
110.841
111.255
111.669
112.083
112.498
112.912
113.326
113.74
114.154
114.569
114.983
115.397
115.811
116.225
116.64
117.054
117.468
117.882
118.297
118.711
119.125
119.539
119.953
120.368
120.782
121.196
121.61
122.024
122.439
122.853
123.267
124.267
125.267
126.267
127.267
128.267
129.267
130.267
131.267
132.267
133.267
134.267
135.267
136.267
137.267
138.267
139.267
140.267
141.267
142.267
143.267
144.267
145.267
146.267
97
97
97
97
97
97
97
97
97
97
97
97
97
97
97
97
97
97
97
97
97
97
97
97
97
97
97
97
97
97
97
97
97
97
97
97
97
97
97
97
97
97
97
97
97
97
97
97
97
97
97
97
97
97
97
97
97
97
97
97
97
97
97
97
97
97
97
97
97
97
97
97
97
97
97
97
97
97
97
97
97
97.4142
97.8284
98.2426
98.6569
99.0711
99.4853
99.8995
100.314
100.728
101.142
101.556
101.971
102.385
102.799
103.213
103.627
104.042
104.456
104.87
105.284
105.699
106.113
106.527
106.941
107.355
107.77
108.184
108.598
109.012
109.426
109.841
110.255
110.669
111.083
111.498
111.912
112.326
112.74
113.154
113.569
113.983
114.397
114.811
115.225
115.64
116.054
116.468
116.882
117.297
117.711
118.125
118.539
118.953
119.368
119.782
120.196
120.61
121.024
121.439
121.853
122.853
123.853
124.853
125.853
126.853
127.853
128.853
129.853
130.853
131.853
132.853
133.853
134.853
135.853
136.853
137.853
138.853
139.853
140.853
141.853
142.853
143.853
144.853
145.853
96
96
96
96
96
96
96
96
96
96
96
96
96
96
96
96
96
96
96
96
96
96
96
96
96
96
96
96
96
96
96
96
96
96
96
96
96
96
96
96
96
96
96
96
96
96
96
96
96
96
96
96
96
96
96
96
96
96
96
96
96
96
96
96
96
96
96
96
96
96
96
96
96
96
96
96
96
96
96
96
96
96.4142
96.8284
97.2426
97.6569
98.0711
98.4853
98.8995
99.3137
99.7279
100.142
100.556
100.971
101.385
101.799
102.213
102.627
103.042
103.456
103.87
104.284
104.699
105.113
105.527
105.941
106.355
106.77
107.184
107.598
108.012
108.426
108.841
109.255
109.669
110.083
110.498
110.912
111.326
111.74
112.154
112.569
112.983
113.397
113.811
114.225
114.64
115.054
115.468
115.882
116.297
116.711
117.125
117.539
117.953
118.368
118.782
119.196
119.61
120.024
120.439
121.439
122.439
123.439
124.439
125.439
126.439
127.439
128.439
129.439
130.439
131.439
132.439
133.439
134.439
135.439
136.439
137.439
138.439
139.439
140.439
141.439
142.439
143.439
144.439
145.439
95
95
95
95
95
95
95
95
95
95
95
95
95
95
95
95
95
95
95
95
95
95
95
95
95
95
95
95
95
95
95
95
95
95
95
95
95
95
95
95
95
95
95
95
95
95
95
95
95
95
95
95
95
95
95
95
95
95
95
95
95
95
95
95
95
95
95
95
95
95
95
95
95
95
95
95
95
95
95
95
95
95.4142
95.8284
96.2426
96.6569
97.0711
97.4853
97.8995
98.3137
98.7279
99.1421
99.5564
99.9706
100.385
100.799
101.213
101.627
102.042
102.456
102.87
103.284
103.699
104.113
104.527
104.941
105.355
105.77
106.184
106.598
107.012
107.426
107.841
108.255
108.669
109.083
109.498
109.912
110.326
110.74
111.154
111.569
111.983
112.397
112.811
113.225
113.64
114.054
114.468
114.882
115.297
115.711
116.125
116.539
116.953
117.368
117.782
118.196
118.61
119.024
120.024
121.024
122.024
123.024
124.024
125.024
126.024
127.024
128.024
129.024
130.024
131.024
132.024
133.024
134.024
135.024
136.024
137.024
138.024
139.024
140.024
141.024
142.024
143.024
144.024
145.024
94
94
94
94
94
94
94
94
94
94
94
94
94
94
94
94
94
94
94
94
94
94
94
94
94
94
94
94
94
94
94
94
94
94
94
94
94
94
94
94
94
94
94
94
94
94
94
94
94
94
94
94
94
94
94
94
94
94
94
94
94
94
94
94
94
94
94
94
94
94
94
94
94
94
94
94
94
94
94
94
94
94.4142
94.8284
95.2426
95.6569
96.0711
96.4853
96.8995
97.3137
97.7279
98.1421
98.5564
98.9706
99.3848
99.799
100.213
100.627
101.042
101.456
101.87
102.284
102.699
103.113
103.527
103.941
104.355
104.77
105.184
105.598
106.012
106.426
106.841
107.255
107.669
108.083
108.498
108.912
109.326
109.74
110.154
110.569
110.983
111.397
111.811
112.225
112.64
113.054
113.468
113.882
114.297
114.711
115.125
115.539
115.953
116.368
116.782
117.196
117.61
118.61
119.61
120.61
121.61
122.61
123.61
124.61
125.61
126.61
127.61
128.61
129.61
130.61
131.61
132.61
133.61
134.61
135.61
136.61
137.61
138.61
139.61
140.61
141.61
142.61
143.61
144.61
93
93
93
93
93
93
93
93
93
93
93
93
93
93
93
93
93
93
93
93
93
93
93
93
93
93
93
93
93
93
93
93
93
93
93
93
93
93
93
93
93
93
93
93
93
93
93
93
93
93
93
93
93
93
93
93
93
93
93
93
93
93
93
93
93
93
93
93
93
93
93
93
93
93
93
93
93
93
93
93
93
93.4142
93.8284
94.2426
94.6569
95.0711
95.4853
95.8995
96.3137
96.7279
97.1421
97.5564
97.9706
98.3848
98.799
99.2132
99.6274
100.042
100.456
100.87
101.284
101.699
102.113
102.527
102.941
103.355
103.77
104.184
104.598
105.012
105.426
105.841
106.255
106.669
107.083
107.498
107.912
108.326
108.74
109.154
109.569
109.983
110.397
110.811
111.225
111.64
112.054
112.468
112.882
113.297
113.711
114.125
114.539
114.953
115.368
115.782
116.196
117.196
118.196
119.196
120.196
121.196
122.196
123.196
124.196
125.196
126.196
127.196
128.196
129.196
130.196
131.196
132.196
133.196
134.196
135.196
136.196
137.196
138.196
139.196
140.196
141.196
142.196
143.196
144.196
92
92
92
92
92
92
92
92
92
92
92
92
92
92
92
92
92
92
92
92
92
92
92
92
92
92
92
92
92
92
92
92
92
92
92
92
92
92
92
92
92
92
92
92
92
92
92
92
92
92
92
92
92
92
92
92
92
92
92
92
92
92
92
92
92
92
92
92
92
92
92
92
92
92
92
92
92
92
92
92
92
92.4142
92.8284
93.2426
93.6569
94.0711
94.4853
94.8995
95.3137
95.7279
96.1421
96.5564
96.9706
97.3848
97.799
98.2132
98.6274
99.0416
99.4559
99.8701
100.284
100.699
101.113
101.527
101.941
102.355
102.77
103.184
103.598
104.012
104.426
104.841
105.255
105.669
106.083
106.498
106.912
107.326
107.74
108.154
108.569
108.983
109.397
109.811
110.225
110.64
111.054
111.468
111.882
112.297
112.711
113.125
113.539
113.953
114.368
114.782
115.782
116.782
117.782
118.782
119.782
120.782
121.782
122.782
123.782
124.782
125.782
126.782
127.782
128.782
129.782
130.782
131.782
132.782
133.782
134.782
135.782
136.782
137.782
138.782
139.782
140.782
141.782
142.782
143.782
91
91
91
91
91
91
91
91
91
91
91
91
91
91
91
91
91
91
91
91
91
91
91
91
91
91
91
91
91
91
91
91
91
91
91
91
91
91
91
91
91
91
91
91
91
91
91
91
91
91
91
91
91
91
91
91
91
91
91
91
91
91
91
91
91
91
91
91
91
91
91
91
91
91
91
91
91
91
91
91
91
91.4142
91.8284
92.2426
92.6569
93.0711
93.4853
93.8995
94.3137
94.7279
95.1421
95.5564
95.9706
96.3848
96.799
97.2132
97.6274
98.0416
98.4559
98.8701
99.2843
99.6985
100.113
100.527
100.941
101.355
101.77
102.184
102.598
103.012
103.426
103.841
104.255
104.669
105.083
105.498
105.912
106.326
106.74
107.154
107.569
107.983
108.397
108.811
109.225
109.64
110.054
110.468
110.882
111.297
111.711
112.125
112.539
112.953
113.368
114.368
115.368
116.368
117.368
118.368
119.368
120.368
121.368
122.368
123.368
124.368
125.368
126.368
127.368
128.368
129.368
130.368
131.368
132.368
133.368
134.368
135.368
136.368
137.368
138.368
139.368
140.368
141.368
142.368
143.368
90
90
90
90
90
90
90
90
90
90
90
90
90
90
90
90
90
90
90
90
90
90
90
90
90
90
90
90
90
90
90
90
90
90
90
90
90
90
90
90
90
90
90
90
90
90
90
90
90
90
90
90
90
90
90
90
90
90
90
90
90
90
90
90
90
90
90
90
90
90
90
90
90
90
90
90
90
90
90
90
90
90.4142
90.8284
91.2426
91.6569
92.0711
92.4853
92.8995
93.3137
93.7279
94.1421
94.5564
94.9706
95.3848
95.799
96.2132
96.6274
97.0416
97.4559
97.8701
98.2843
98.6985
99.1127
99.5269
99.9412
100.355
100.77
101.184
101.598
102.012
102.426
102.841
103.255
103.669
104.083
104.498
104.912
105.326
105.74
106.154
106.569
106.983
107.397
107.811
108.225
108.64
109.054
109.468
109.882
110.297
110.711
111.125
111.539
111.953
112.953
113.953
114.953
115.953
116.953
117.953
118.953
119.953
120.953
121.953
122.953
123.953
124.953
125.953
126.953
127.953
128.953
129.953
130.953
131.953
132.953
133.953
134.953
135.953
136.953
137.953
138.953
139.953
140.953
141.953
142.953
89
89
89
89
89
89
89
89
89
89
89
89
89
89
89
89
89
89
89
89
89
89
89
89
89
89
89
89
89
89
89
89
89
89
89
89
89
89
89
89
89
89
89
89
89
89
89
89
89
89
89
89
89
89
89
89
89
89
89
89
89
89
89
89
89
89
89
89
89
89
89
89
89
89
89
89
89
89
89
89
89
89.4142
89.8284
90.2426
90.6569
91.0711
91.4853
91.8995
92.3137
92.7279
93.1421
93.5564
93.9706
94.3848
94.799
95.2132
95.6274
96.0416
96.4559
96.8701
97.2843
97.6985
98.1127
98.5269
98.9412
99.3554
99.7696
100.184
100.598
101.012
101.426
101.841
102.255
102.669
103.083
103.498
103.912
104.326
104.74
105.154
105.569
105.983
106.397
106.811
107.225
107.64
108.054
108.468
108.882
109.297
109.711
110.125
110.539
111.539
112.539
113.539
114.539
115.539
116.539
117.539
118.539
119.539
120.539
121.539
122.539
123.539
124.539
125.539
126.539
127.539
128.539
129.539
130.539
131.539
132.539
133.539
134.539
135.539
136.539
137.539
138.539
139.539
140.539
141.539
142.539
88
88
88
88
88
88
88
88
88
88
88
88
88
88
88
88
88
88
88
88
88
88
88
88
88
88
88
88
88
88
88
88
88
88
88
88
88
88
88
88
88
88
88
88
88
88
88
88
88
88
88
88
88
88
88
88
88
88
88
88
88
88
88
88
88
88
88
88
88
88
88
88
88
88
88
88
88
88
88
88
88
88.4142
88.8284
89.2426
89.6569
90.0711
90.4853
90.8995
91.3137
91.7279
92.1421
92.5564
92.9706
93.3848
93.799
94.2132
94.6274
95.0416
95.4559
95.8701
96.2843
96.6985
97.1127
97.5269
97.9412
98.3554
98.7696
99.1838
99.598
100.012
100.426
100.841
101.255
101.669
102.083
102.498
102.912
103.326
103.74
104.154
104.569
104.983
105.397
105.811
106.225
106.64
107.054
107.468
107.882
108.297
108.711
109.125
110.125
111.125
112.125
113.125
114.125
115.125
116.125
117.125
118.125
119.125
120.125
121.125
122.125
123.125
124.125
125.125
126.125
127.125
128.125
129.125
130.125
131.125
132.125
133.125
134.125
135.125
136.125
137.125
138.125
139.125
140.125
141.125
142.125
87
87
87
87
87
87
87
87
87
87
87
87
87
87
87
87
87
87
87
87
87
87
87
87
87
87
87
87
87
87
87
87
87
87
87
87
87
87
87
87
87
87
87
87
87
87
87
87
87
87
87
87
87
87
87
87
87
87
87
87
87
87
87
87
87
87
87
87
87
87
87
87
87
87
87
87
87
87
87
87
87
87.4142
87.8284
88.2426
88.6569
89.0711
89.4853
89.8995
90.3137
90.7279
91.1421
91.5564
91.9706
92.3848
92.799
93.2132
93.6274
94.0416
94.4559
94.8701
95.2843
95.6985
96.1127
96.5269
96.9412
97.3554
97.7696
98.1838
98.598
99.0122
99.4264
99.8407
100.255
100.669
101.083
101.498
101.912
102.326
102.74
103.154
103.569
103.983
104.397
104.811
105.225
105.64
106.054
106.468
106.882
107.297
107.711
108.711
109.711
110.711
111.711
112.711
113.711
114.711
115.711
116.711
117.711
118.711
119.711
120.711
121.711
122.711
123.711
124.711
125.711
126.711
127.711
128.711
129.711
130.711
131.711
132.711
133.711
134.711
135.711
136.711
137.711
138.711
139.711
140.711
141.711
86
86
86
86
86
86
86
86
86
86
86
86
86
86
86
86
86
86
86
86
86
86
86
86
86
86
86
86
86
86
86
86
86
86
86
86
86
86
86
86
86
86
86
86
86
86
86
86
86
86
86
86
86
86
86
86
86
86
86
86
86
86
86
86
86
86
86
86
86
86
86
86
86
86
86
86
86
86
86
86
86
86.4142
86.8284
87.2426
87.6569
88.0711
88.4853
88.8995
89.3137
89.7279
90.1421
90.5564
90.9706
91.3848
91.799
92.2132
92.6274
93.0416
93.4559
93.8701
94.2843
94.6985
95.1127
95.5269
95.9412
96.3554
96.7696
97.1838
97.598
98.0122
98.4264
98.8407
99.2549
99.6691
100.083
100.498
100.912
101.326
101.74
102.154
102.569
102.983
103.397
103.811
104.225
104.64
105.054
105.468
105.882
106.297
107.297
108.297
109.297
110.297
111.297
112.297
113.297
114.297
115.297
116.297
117.297
118.297
119.297
120.297
121.297
122.297
123.297
124.297
125.297
126.297
127.297
128.297
129.297
130.297
131.297
132.297
133.297
134.297
135.297
136.297
137.297
138.297
139.297
140.297
141.297
85
85
85
85
85
85
85
85
85
85
85
85
85
85
85
85
85
85
85
85
85
85
85
85
85
85
85
85
85
85
85
85
85
85
85
85
85
85
85
85
85
85
85
85
85
85
85
85
85
85
85
85
85
85
85
85
85
85
85
85
85
85
85
85
85
85
85
85
85
85
85
85
85
85
85
85
85
85
85
85
85
85.4142
85.8284
86.2426
86.6569
87.0711
87.4853
87.8995
88.3137
88.7279
89.1421
89.5564
89.9706
90.3848
90.799
91.2132
91.6274
92.0416
92.4559
92.8701
93.2843
93.6985
94.1127
94.5269
94.9412
95.3554
95.7696
96.1838
96.598
97.0122
97.4264
97.8407
98.2549
98.6691
99.0833
99.4975
99.9117
100.326
100.74
101.154
101.569
101.983
102.397
102.811
103.225
103.64
104.054
104.468
104.882
105.882
106.882
107.882
108.882
109.882
110.882
111.882
112.882
113.882
114.882
115.882
116.882
117.882
118.882
119.882
120.882
121.882
122.882
123.882
124.882
125.882
126.882
127.882
128.882
129.882
130.882
131.882
132.882
133.882
134.882
135.882
136.882
137.882
138.882
139.882
140.882
84
84
84
84
84
84
84
84
84
84
84
84
84
84
84
84
84
84
84
84
84
84
84
84
84
84
84
84
84
84
84
84
84
84
84
84
84
84
84
84
84
84
84
84
84
84
84
84
84
84
84
84
84
84
84
84
84
84
84
84
84
84
84
84
84
84
84
84
84
84
84
84
84
84
84
84
84
84
84
84
84
84.4142
84.8284
85.2426
85.6569
86.0711
86.4853
86.8995
87.3137
87.7279
88.1421
88.5564
88.9706
89.3848
89.799
90.2132
90.6274
91.0416
91.4559
91.8701
92.2843
92.6985
93.1127
93.5269
93.9412
94.3554
94.7696
95.1838
95.598
96.0122
96.4264
96.8407
97.2549
97.6691
98.0833
98.4975
98.9117
99.326
99.7402
100.154
100.569
100.983
101.397
101.811
102.225
102.64
103.054
103.468
104.468
105.468
106.468
107.468
108.468
109.468
110.468
111.468
112.468
113.468
114.468
115.468
116.468
117.468
118.468
119.468
120.468
121.468
122.468
123.468
124.468
125.468
126.468
127.468
128.468
129.468
130.468
131.468
132.468
133.468
134.468
135.468
136.468
137.468
138.468
139.468
140.468
83
83
83
83
83
83
83
83
83
83
83
83
83
83
83
83
83
83
83
83
83
83
83
83
83
83
83
83
83
83
83
83
83
83
83
83
83
83
83
83
83
83
83
83
83
83
83
83
83
83
83
83
83
83
83
83
83
83
83
83
83
83
83
83
83
83
83
83
83
83
83
83
83
83
83
83
83
83
83
83
83
83
83.4142
83.8284
84.2426
84.6569
85.0711
85.4853
85.8995
86.3137
86.7279
87.1421
87.5564
87.9706
88.3848
88.799
89.2132
89.6274
90.0416
90.4559
90.8701
91.2843
91.6985
92.1127
92.5269
92.9412
93.3554
93.7696
94.1838
94.598
95.0122
95.4264
95.8407
96.2549
96.6691
97.0833
97.4975
97.9117
98.326
98.7402
99.1544
99.5686
99.9828
100.397
100.811
101.225
101.64
102.054
103.054
104.054
105.054
106.054
107.054
108.054
109.054
110.054
111.054
112.054
113.054
114.054
115.054
116.054
117.054
118.054
119.054
120.054
121.054
122.054
123.054
124.054
125.054
126.054
82
82
82
82
82
82
82
82
82
82
82
82
82
82
82
82
82
82
82
82
82
82
82
82
82
82
82
82
82
82
82
82
82
82
82
82
82
82
82
82
82
82
82
82
82
82
82
82
82
82
82
82
82
82
82
82
82
82
82
82
82
82
82
82
82
82
82
82
82
82
82
82
82
82
82
82
82
82
82
82
82
82
82.4142
82.8284
83.2426
83.6569
84.0711
84.4853
84.8995
85.3137
85.7279
86.1421
86.5564
86.9706
87.3848
87.799
88.2132
88.6274
89.0416
89.4559
89.8701
90.2843
90.6985
91.1127
91.5269
91.9412
92.3554
92.7696
93.1838
93.598
94.0122
94.4264
94.8407
95.2549
95.6691
96.0833
96.4975
96.9117
97.326
97.7402
98.1544
98.5686
98.9828
99.397
99.8112
100.225
100.64
101.64
102.64
103.64
104.64
105.64
106.64
107.64
108.64
109.64
110.64
111.64
112.64
113.64
114.64
115.64
116.64
117.64
118.64
119.64
81
81
81
81
81
81
81
81
81
81
81
81
81
81
81
81
81
81
81
81
81
81
81
81
81
81
81
81
81
81
81
81
81
81
81
81
81
81
81
81
81
81
81
81
81
81
81
81
81
81
81
81
81
81
81
81
81
81
81
81
81
81
81
81
81
81
81
81
81
81
81
81
81
81
81
81
81
81
81
81
81
81
81.4142
81.8284
82.2426
82.6569
83.0711
83.4853
83.8995
84.3137
84.7279
85.1421
85.5564
85.9706
86.3848
86.799
87.2132
87.6274
88.0416
88.4559
88.8701
89.2843
89.6985
90.1127
90.5269
90.9412
91.3554
91.7696
92.1838
92.598
93.0122
93.4264
93.8407
94.2549
94.6691
95.0833
95.4975
95.9117
96.326
96.7402
97.1544
97.5686
97.9828
98.397
98.8112
99.2255
100.225
101.225
102.225
103.225
104.225
105.225
106.225
107.225
108.225
109.225
110.225
111.225
112.225
113.225
114.225
115.225
80
80
80
80
80
80
80
80
80
80
80
80
80
80
80
80
80
80
80
80
80
80
80
80
80
80
80
80
80
80
80
80
80
80
80
80
80
80
80
80
80
80
80
80
80
80
80
80
80
80
80
80
80
80
80
80
80
80
80
80
80
80
80
80
80
80
80
80
80
80
80
80
80
80
80
80
80
80
80
80
80
80
80.4142
80.8284
81.2426
81.6569
82.0711
82.4853
82.8995
83.3137
83.7279
84.1421
84.5564
84.9706
85.3848
85.799
86.2132
86.6274
87.0416
87.4559
87.8701
88.2843
88.6985
89.1127
89.5269
89.9412
90.3554
90.7696
91.1838
91.598
92.0122
92.4264
92.8407
93.2549
93.6691
94.0833
94.4975
94.9117
95.326
95.7402
96.1544
96.5686
96.9828
97.397
97.8112
98.8112
99.8112
100.811
101.811
102.811
103.811
104.811
105.811
106.811
107.811
108.811
109.811
110.811
111.811
112.811
113.811
114.811
79
79
79
79
79
79
79
79
79
79
79
79
79
79
79
79
79
79
79
79
79
79
79
79
79
79
79
79
79
79
79
79
79
79
79
79
79
79
79
79
79
79
79
79
79
79
79
79
79
79
79
79
79
79
79
79
79
79
79
79
79
79
79
79
79
79
79
79
79
79
79
79
79
79
79
79
79
79
79
79
79
79
79.4142
79.8284
80.2426
80.6569
81.0711
81.4853
81.8995
82.3137
82.7279
83.1421
83.5564
83.9706
84.3848
84.799
85.2132
85.6274
86.0416
86.4559
86.8701
87.2843
87.6985
88.1127
88.5269
88.9412
89.3554
89.7696
90.1838
90.598
91.0122
91.4264
91.8407
92.2549
92.6691
93.0833
93.4975
93.9117
94.326
94.7402
95.1544
95.5686
95.9828
96.397
97.397
98.397
99.397
100.397
101.397
102.397
103.397
104.397
105.397
106.397
107.397
108.397
109.397
110.397
78
78
78
78
78
78
78
78
78
78
78
78
78
78
78
78
78
78
78
78
78
78
78
78
78
78
78
78
78
78
78
78
78
78
78
78
78
78
78
78
78
78
78
78
78
78
78
78
78
78
78
78
78
78
78
78
78
78
78
78
78
78
78
78
78
78
78
78
78
78
78
78
78
78
78
78
78
78
78
78
78
78
78.4142
78.8284
79.2426
79.6569
80.0711
80.4853
80.8995
81.3137
81.7279
82.1421
82.5564
82.9706
83.3848
83.799
84.2132
84.6274
85.0416
85.4559
85.8701
86.2843
86.6985
87.1127
87.5269
87.9412
88.3554
88.7696
89.1838
89.598
90.0122
90.4264
90.8407
91.2549
91.6691
92.0833
92.4975
92.9117
93.326
93.7402
94.1544
94.5686
94.9828
95.9828
96.9828
97.9828
98.9828
99.9828
100.983
101.983
102.983
103.983
104.983
105.983
77
77
77
77
77
77
77
77
77
77
77
77
77
77
77
77
77
77
77
77
77
77
77
77
77
77
77
77
77
77
77
77
77
77
77
77
77
77
77
77
77
77
77
77
77
77
77
77
77
77
77
77
77
77
77
77
77
77
77
77
77
77
77
77
77
77
77
77
77
77
77
77
77
77
77
77
77
77
77
77
77
77
77.4142
77.8284
78.2426
78.6569
79.0711
79.4853
79.8995
80.3137
80.7279
81.1421
81.5564
81.9706
82.3848
82.799
83.2132
83.6274
84.0416
84.4559
84.8701
85.2843
85.6985
86.1127
86.5269
86.9412
87.3554
87.7696
88.1838
88.598
89.0122
89.4264
89.8407
90.2549
90.6691
91.0833
91.4975
91.9117
92.326
92.7402
93.1544
93.5686
94.5686
95.5686
96.5686
97.5686
98.5686
99.5686
100.569
101.569
102.569
103.569
76
76
76
76
76
76
76
76
76
76
76
76
76
76
76
76
76
76
76
76
76
76
76
76
76
76
76
76
76
76
76
76
76
76
76
76
76
76
76
76
76
76
76
76
76
76
76
76
76
76
76
76
76
76
76
76
76
76
76
76
76
76
76
76
76
76
76
76
76
76
76
76
76
76
76
76
76
76
76
76
76
76
76.4142
76.8284
77.2426
77.6569
78.0711
78.4853
78.8995
79.3137
79.7279
80.1421
80.5564
80.9706
81.3848
81.799
82.2132
82.6274
83.0416
83.4559
83.8701
84.2843
84.6985
85.1127
85.5269
85.9412
86.3554
86.7696
87.1838
87.598
88.0122
88.4264
88.8407
89.2549
89.6691
90.0833
90.4975
90.9117
91.326
91.7402
92.1544
93.1544
94.1544
95.1544
96.1544
97.1544
98.1544
99.1544
100.154
75
75
75
75
75
75
75
75
75
75
75
75
75
75
75
75
75
75
75
75
75
75
75
75
75
75
75
75
75
75
75
75
75
75
75
75
75
75
75
75
75
75
75
75
75
75
75
75
75
75
75
75
75
75
75
75
75
75
75
75
75
75
75
75
75
75
75
75
75
75
75
75
75
75
75
75
75
75
75
75
75
75
75.4142
75.8284
76.2426
76.6569
77.0711
77.4853
77.8995
78.3137
78.7279
79.1421
79.5564
79.9706
80.3848
80.799
81.2132
81.6274
82.0416
82.4559
82.8701
83.2843
83.6985
84.1127
84.5269
84.9412
85.3554
85.7696
86.1838
86.598
87.0122
87.4264
87.8407
88.2549
88.6691
89.0833
89.4975
89.9117
90.326
90.7402
91.7402
92.7402
93.7402
94.7402
95.7402
96.7402
74
74
74
74
74
74
74
74
74
74
74
74
74
74
74
74
74
74
74
74
74
74
74
74
74
74
74
74
74
74
74
74
74
74
74
74
74
74
74
74
74
74
74
74
74
74
74
74
74
74
74
74
74
74
74
74
74
74
74
74
74
74
74
74
74
74
74
74
74
74
74
74
74
74
74
74
74
74
74
74
74
74
74.4142
74.8284
75.2426
75.6569
76.0711
76.4853
76.8995
77.3137
77.7279
78.1421
78.5564
78.9706
79.3848
79.799
80.2132
80.6274
81.0416
81.4559
81.8701
82.2843
82.6985
83.1127
83.5269
83.9412
84.3554
84.7696
85.1838
85.598
86.0122
86.4264
86.8407
87.2549
87.6691
88.0833
88.4975
88.9117
89.326
90.326
91.326
92.326
93.326
94.326
73
73
73
73
73
73
73
73
73
73
73
73
73
73
73
73
73
73
73
73
73
73
73
73
73
73
73
73
73
73
73
73
73
73
73
73
73
73
73
73
73
73
73
73
73
73
73
73
73
73
73
73
73
73
73
73
73
73
73
73
73
73
73
73
73
73
73
73
73
73
73
73
73
73
73
73
73
73
73
73
73
73
73.4142
73.8284
74.2426
74.6569
75.0711
75.4853
75.8995
76.3137
76.7279
77.1421
77.5564
77.9706
78.3848
78.799
79.2132
79.6274
80.0416
80.4559
80.8701
81.2843
81.6985
82.1127
82.5269
82.9412
83.3554
83.7696
84.1838
84.598
85.0122
85.4264
85.8407
86.2549
86.6691
87.0833
87.4975
87.9117
88.9117
89.9117
90.9117
91.9117
92.9117
72
72
72
72
72
72
72
72
72
72
72
72
72
72
72
72
72
72
72
72
72
72
72
72
72
72
72
72
72
72
72
72
72
72
72
72
72
72
72
72
72
72
72
72
72
72
72
72
72
72
72
72
72
72
72
72
72
72
72
72
72
72
72
72
72
72
72
72
72
72
72
72
72
72
72
72
72
72
72
72
72
72
72.4142
72.8284
73.2426
73.6569
74.0711
74.4853
74.8995
75.3137
75.7279
76.1421
76.5564
76.9706
77.3848
77.799
78.2132
78.6274
79.0416
79.4559
79.8701
80.2843
80.6985
81.1127
81.5269
81.9412
82.3554
82.7696
83.1838
83.598
84.0122
84.4264
84.8407
85.2549
85.6691
86.0833
86.4975
87.4975
88.4975
89.4975
90.4975
91.4975
92.4975
71
71
71
71
71
71
71
71
71
71
71
71
71
71
71
71
71
71
71
71
71
71
71
71
71
71
71
71
71
71
71
71
71
71
71
71
71
71
71
71
71
71
71
71
71
71
71
71
71
71
71
71
71
71
71
71
71
71
71
71
71
71
71
71
71
71
71
71
71
71
71
71
71
71
71
71
71
71
71
71
71
71
71.4142
71.8284
72.2426
72.6569
73.0711
73.4853
73.8995
74.3137
74.7279
75.1421
75.5564
75.9706
76.3848
76.799
77.2132
77.6274
78.0416
78.4559
78.8701
79.2843
79.6985
80.1127
80.5269
80.9412
81.3554
81.7696
82.1838
82.598
83.0122
83.4264
83.8407
84.2549
84.6691
85.0833
86.0833
87.0833
88.0833
89.0833
70
70
70
70
70
70
70
70
70
70
70
70
70
70
70
70
70
70
70
70
70
70
70
70
70
70
70
70
70
70
70
70
70
70
70
70
70
70
70
70
70
70
70
70
70
70
70
70
70
70
70
70
70
70
70
70
70
70
70
70
70
70
70
70
70
70
70
70
70
70
70
70
70
70
70
70
70
70
70
70
70
70
70.4142
70.8284
71.2426
71.6569
72.0711
72.4853
72.8995
73.3137
73.7279
74.1421
74.5564
74.9706
75.3848
75.799
76.2132
76.6274
77.0416
77.4559
77.8701
78.2843
78.6985
79.1127
79.5269
79.9412
80.3554
80.7696
81.1838
81.598
82.0122
82.4264
82.8407
83.2549
83.6691
84.6691
85.6691
86.6691
87.6691
69
69
69
69
69
69
69
69
69
69
69
69
69
69
69
69
69
69
69
69
69
69
69
69
69
69
69
69
69
69
69
69
69
69
69
69
69
69
69
69
69
69
69
69
69
69
69
69
69
69
69
69
69
69
69
69
69
69
69
69
69
69
69
69
69
69
69
69
69
69
69
69
69
69
69
69
69
69
69
69
69
69
69.4142
69.8284
70.2426
70.6569
71.0711
71.4853
71.8995
72.3137
72.7279
73.1421
73.5564
73.9706
74.3848
74.799
75.2132
75.6274
76.0416
76.4559
76.8701
77.2843
77.6985
78.1127
78.5269
78.9412
79.3554
79.7696
80.1838
80.598
81.0122
81.4264
81.8407
82.2549
83.2549
84.2549
68
68
68
68
68
68
68
68
68
68
68
68
68
68
68
68
68
68
68
68
68
68
68
68
68
68
68
68
68
68
68
68
68
68
68
68
68
68
68
68
68
68
68
68
68
68
68
68
68
68
68
68
68
68
68
68
68
68
68
68
68
68
68
68
68
68
68
68
68
68
68
68
68
68
68
68
68
68
68
68
68
68
68
68.4142
68.8284
69.2426
69.6569
70.0711
70.4853
70.8995
71.3137
71.7279
72.1421
72.5564
72.9706
73.3848
73.799
74.2132
74.6274
75.0416
75.4559
75.8701
76.2843
76.6985
77.1127
77.5269
77.9412
78.3554
78.7696
79.1838
79.598
80.0122
80.4264
80.8407
81.8407
82.8407
67
67
67
67
67
67
67
67
67
67
67
67
67
67
67
67
67
67
67
67
67
67
67
67
67
67
67
67
67
67
67
67
67
67
67
67
67
67
67
67
67
67
67
67
67
67
67
67
67
67
67
67
67
67
67
67
67
67
67
67
67
67
67
67
67
67
67
67
67
67
67
67
67
67
67
67
67
67
67
67
67
67
67
67.4142
67.8284
68.2426
68.6569
69.0711
69.4853
69.8995
70.3137
70.7279
71.1421
71.5564
71.9706
72.3848
72.799
73.2132
73.6274
74.0416
74.4559
74.8701
75.2843
75.6985
76.1127
76.5269
76.9412
77.3554
77.7696
78.1838
78.598
79.0122
79.4264
80.4264
81.4264
66
66
66
66
66
66
66
66
66
66
66
66
66
66
66
66
66
66
66
66
66
66
66
66
66
66
66
66
66
66
66
66
66
66
66
66
66
66
66
66
66
66
66
66
66
66
66
66
66
66
66
66
66
66
66
66
66
66
66
66
66
66
66
66
66
66
66
66
66
66
66
66
66
66
66
66
66
66
66
66
66
66
66
66.4142
66.8284
67.2426
67.6569
68.0711
68.4853
68.8995
69.3137
69.7279
70.1421
70.5564
70.9706
71.3848
71.799
72.2132
72.6274
73.0416
73.4559
73.8701
74.2843
74.6985
75.1127
75.5269
75.9412
76.3554
76.7696
77.1838
77.598
78.0122
79.0122
65
65
65
65
65
65
65
65
65
65
65
65
65
65
65
65
65
65
65
65
65
65
65
65
65
65
65
65
65
65
65
65
65
65
65
65
65
65
65
65
65
65
65
65
65
65
65
65
65
65
65
65
65
65
65
65
65
65
65
65
65
65
65
65
65
65
65
65
65
65
65
65
65
65
65
65
65
65
65
65
65
65
65
65.4142
65.8284
66.2426
66.6569
67.0711
67.4853
67.8995
68.3137
68.7279
69.1421
69.5564
69.9706
70.3848
70.799
71.2132
71.6274
72.0416
72.4559
72.8701
73.2843
73.6985
74.1127
74.5269
74.9412
75.3554
75.7696
76.1838
76.598
77.598
64
64
64
64
64
64
64
64
64
64
64
64
64
64
64
64
64
64
64
64
64
64
64
64
64
64
64
64
64
64
64
64
64
64
64
64
64
64
64
64
64
64
64
64
64
64
64
64
64
64
64
64
64
64
64
64
64
64
64
64
64
64
64
64
64
64
64
64
64
64
64
64
64
64
64
64
64
64
64
64
64
64
64
64.4142
64.8284
65.2426
65.6569
66.0711
66.4853
66.8995
67.3137
67.7279
68.1421
68.5564
68.9706
69.3848
69.799
70.2132
70.6274
71.0416
71.4559
71.8701
72.2843
72.6985
73.1127
73.5269
73.9412
74.3554
74.7696
75.1838
63
63
63
63
63
63
63
63
63
63
63
63
63
63
63
63
63
63
63
63
63
63
63
63
63
63
63
63
63
63
63
63
63
63
63
63
63
63
63
63
63
63
63
63
63
63
63
63
63
63
63
63
63
63
63
63
63
63
63
63
63
63
63
63
63
63
63
63
63
63
63
63
63
63
63
63
63
63
63
63
63
63
63
63.4142
63.8284
64.2426
64.6569
65.0711
65.4853
65.8995
66.3137
66.7279
67.1421
67.5564
67.9706
68.3848
68.799
69.2132
69.6274
70.0416
70.4559
70.8701
71.2843
71.6985
72.1127
72.5269
72.9412
73.3554
73.7696
74.7696
62
62
62
62
62
62
62
62
62
62
62
62
62
62
62
62
62
62
62
62
62
62
62
62
62
62
62
62
62
62
62
62
62
62
62
62
62
62
62
62
62
62
62
62
62
62
62
62
62
62
62
62
62
62
62
62
62
62
62
62
62
62
62
62
62
62
62
62
62
62
62
62
62
62
62
62
62
62
62
62
62
62
62
62.4142
62.8284
63.2426
63.6569
64.0711
64.4853
64.8995
65.3137
65.7279
66.1421
66.5564
66.9706
67.3848
67.799
68.2132
68.6274
69.0416
69.4559
69.8701
70.2843
70.6985
71.1127
71.5269
71.9412
72.3554
61
61
61
61
61
61
61
61
61
61
61
61
61
61
61
61
61
61
61
61
61
61
61
61
61
61
61
61
61
61
61
61
61
61
61
61
61
61
61
61
61
61
61
61
61
61
61
61
61
61
61
61
61
61
61
61
61
61
61
61
61
61
61
61
61
61
61
61
61
61
61
61
61
61
61
61
61
61
61
61
61
61
61
61.4142
61.8284
62.2426
62.6569
63.0711
63.4853
63.8995
64.3137
64.7279
65.1421
65.5564
65.9706
66.3848
66.799
67.2132
67.6274
68.0416
68.4559
68.8701
69.2843
69.6985
70.1127
70.5269
70.9412
60
60
60
60
60
60
60
60
60
60
60
60
60
60
60
60
60
60
60
60
60
60
60
60
60
60
60
60
60
60
60
60
60
60
60
60
60
60
60
60
60
60
60
60
60
60
60
60
60
60
60
60
60
60
60
60
60
60
60
60
60
60
60
60
60
60
60
60
60
60
60
60
60
60
60
60
60
60
60
60
60
60
60
60
60
60
60
60
60
60
60
60.4142
60.8284
61.2426
61.6569
62.0711
62.4853
62.8995
63.3137
63.7279
64.1421
64.5564
64.9706
65.3848
65.799
66.2132
66.6274
67.0416
67.4559
67.8701
68.2843
68.6985
69.1127
69.5269
70.5269
59
59
59
59
59
59
59
59
59
59
59
59
59
59
59
59
59
59
59
59
59
59
59
59
59
59
59
59
59
59
59
59
59
59
59
59
59
59
59
59
59
59
59
59
59
59
59
59
59
59
59
59
59
59
59
59
59
59
59
59
59
59
59
59
59
59
59
59
59
59
59
59
59
59
59
59
59
59
59
59
59
59
59
59
59
59
59
59
59
59
59
59
59
59
59
59
59
59
59
59
59
59
59
59
59
59
59
59.4142
59.8284
60.2426
60.6569
61.0711
61.4853
61.8995
62.3137
62.7279
63.1421
63.5564
63.9706
64.3848
64.799
65.2132
65.6274
66.0416
66.4559
66.8701
67.2843
67.6985
68.1127
69.1127
58
58
58
58
58
58
58
58
58
58
58
58
58
58
58
58
58
58
58
58
58
58
58
58
58
58
58
58
58
58
58
58
58
58
58
58
58
58
58
58
58
58
58
58
58
58
58
58
58
58
58
58
58
58
58
58
58
58
58
58
58
58
58
58
58
58
58
58
58
58
58
58
58
58
58
58
58
58
58
58
58
58
58
58
58
58
58
58
58
58
58
58
58
58
58
58
58
58
58
58
58
58
58
58
58
58
58
58
58
58
58
58
58
58
58
58.4142
58.8284
59.2426
59.6569
60.0711
60.4853
60.8995
61.3137
61.7279
62.1421
62.5564
62.9706
63.3848
63.799
64.2132
64.6274
65.0416
65.4559
65.8701
66.2843
66.6985
57
57
57
57
57
57
57
57
57
57
57
57
57
57
57
57
57
57
57
57
57
57
57
57
57
57
57
57
57
57
57
57
57
57
57
57
57
57
57
57
57
57
57
57
57
57
57
57
57
57
57
57
57
57
57
57
57
57
57
57
57
57
57
57
57
57
57
57
57
57
57
57
57
57
57
57
57
57
57
57
57
57
57
57
57
57
57
57
57
57
57
57
57
57
57
57
57
57
57
57
57
57
57
57
57
57
57
57
57
57
57
57
57
57
57
57
57
57
57
57
57
57
57
57.4142
57.8284
58.2426
58.6569
59.0711
59.4853
59.8995
60.3137
60.7279
61.1421
61.5564
61.9706
62.3848
62.799
63.2132
63.6274
64.0416
64.4559
64.8701
65.2843
56
56
56
56
56
56
56
56
56
56
56
56
56
56
56
56
56
56
56
56
56
56
56
56
56
56
56
56
56
56
56
56
56
56
56
56
56
56
56
56
56
56
56
56
56
56
56
56
56
56
56
56
56
56
56
56
56
56
56
56
56
56
56
56
56
56
56
56
56
56
56
56
56
56
56
56
56
56
56
56
56
56
56
56
56
56
56
56
56
56
56
56
56
56
56
56
56
56
56
56
56
56
56
56
56
56
56
56
56
56
56
56
56
56
56
56
56
56
56
56
56
56
56
56
56
56
56
56
56
56.4142
56.8284
57.2426
57.6569
58.0711
58.4853
58.8995
59.3137
59.7279
60.1421
60.5564
60.9706
61.3848
61.799
62.2132
62.6274
63.0416
63.4559
63.8701
55
55
55
55
55
55
55
55
55
55
55
55
55
55
55
55
55
55
55
55
55
55
55
55
55
55
55
55
55
55
55
55
55
55
55
55
55
55
55
55
55
55
55
55
55
55
55
55
55
55
55
55
55
55
55
55
55
55
55
55
55
55
55
55
55
55
55
55
55
55
55
55
55
55
55
55
55
55
55
55
55
55
55
55
55
55
55
55
55
55
55
55
55
55
55
55
55
55
55
55
55
55
55
55
55
55
55
55
55
55
55
55
55
55
55
55
55
55
55
55
55
55
55
55
55
55
55
55
55
55
55
55
55
55
55.4142
55.8284
56.2426
56.6569
57.0711
57.4853
57.8995
58.3137
58.7279
59.1421
59.5564
59.9706
60.3848
60.799
61.2132
61.6274
62.0416
62.4559
54
54
54
54
54
54
54
54
54
54
54
54
54
54
54
54
54
54
54
54
54
54
54
54
54
54
54
54
54
54
54
54
54
54
54
54
54
54
54
54
54
54
54
54
54
54
54
54
54
54
54
54
54
54
54
54
54
54
54
54
54
54
54
54
54
54
54
54
54
54
54
54
54
54
54
54
54
54
54
54
54
54
54
54
54
54
54
54
54
54
54
54
54
54
54
54
54
54
54
54
54
54
54
54
54
54
54
54
54
54
54
54
54
54
54
54
54
54
54
54
54
54
54
54
54
54
54
54
54
54
54
54
54
54
54.4142
54.8284
55.2426
55.6569
56.0711
56.4853
56.8995
57.3137
57.7279
58.1421
58.5564
58.9706
59.3848
59.799
60.2132
60.6274
61.0416
61.4559
53
53
53
53
53
53
53
53
53
53
53
53
53
53
53
53
53
53
53
53
53
53
53
53
53
53
53
53
53
53
53
53
53
53
53
53
53
53
53
53
53
53
53
53
53
53
53
53
53
53
53
53
53
53
53
53
53
53
53
53
53
53
53
53
53
53
53
53
53
53
53
53
53
53
53
53
53
53
53
53
53
53
53
53
53
53
53
53
53
53
53
53
53
53
53
53
53
53
53
53
53
53
53
53
53
53
53
53
53
53
53
53
53
53
53
53
53
53
53
53
53
53
53
53
53
53
53
53
53
53
53
53
53
53
53
53
53
53
53
53
53.4142
53.8284
54.2426
54.6569
55.0711
55.4853
55.8995
56.3137
56.7279
57.1421
57.5564
57.9706
58.3848
58.799
59.2132
59.6274
60.0416
61.0416
52
52
52
52
52
52
52
52
52
52
52
52
52
52
52
52
52
52
52
52
52
52
52
52
52
52
52
52
52
52
52
52
52
52
52
52
52
52
52
52
52
52
52
52
52
52
52
52
52
52
52
52
52
52
52
52
52
52
52
52
52
52
52
52
52
52
52
52
52
52
52
52
52
52
52
52
52
52
52
52
52
52
52
52
52
52
52
52
52
52
52
52
52
52
52
52
52
52
52
52
52
52
52
52
52
52
52
52
52
52
52
52
52
52
52
52
52
52
52
52
52
52
52
52
52
52
52
52
52
52
52
52
52
52
52
52
52
52
52
52
52
52
52
52
52.4142
52.8284
53.2426
53.6569
54.0711
54.4853
54.8995
55.3137
55.7279
56.1421
56.5564
56.9706
57.3848
57.799
58.2132
58.6274
51
51
51
51
51
51
51
51
51
51
51
51
51
51
51
51
51
51
51
51
51
51
51
51
51
51
51
51
51
51
51
51
51
51
51
51
51
51
51
51
51
51
51
51
51
51
51
51
51
51
51
51
51
51
51
51
51
51
51
51
51
51
51
51
51
51
51
51
51
51
51
51
51
51
51
51
51
51
51
51
51
51
51
51
51
51
51
51
51
51
51
51
51
51
51
51
51
51
51
51
51
51
51
51
51
51
51
51
51
51
51
51
51
51
51
51
51
51
51
51
51
51
51
51
51
51
51
51
51
51
51
51
51
51
51
51
51
51
51
51
51
51
51
51
51
51
51
51.4142
51.8284
52.2426
52.6569
53.0711
53.4853
53.8995
54.3137
54.7279
55.1421
55.5564
55.9706
56.3848
56.799
57.2132
50
50
50
50
50
50
50
50
50
50
50
50
50
50
50
50
50
50
50
50
50
50
50
50
50
50
50
50
50
50
50
50
50
50
50
50
50
50
50
50
50
50
50
50
50
50
50
50
50
50
50
50
50
50
50
50
50
50
50
50
50
50
50
50
50
50
50
50
50
50
50
50
50
50
50
50
50
50
50
50
50
50
50
50
50
50
50
50
50
50
50
50
50
50
50
50
50
50
50
50
50
50
50
50
50
50
50
50
50
50
50
50
50
50
50
50
50
50
50
50
50
50
50
50
50
50
50
50
50
50
50
50
50
50
50
50
50
50
50
50
50
50
50
50
50
50
50
50
50
50
50.4142
50.8284
51.2426
51.6569
52.0711
52.4853
52.8995
53.3137
53.7279
54.1421
54.5564
54.9706
55.3848
55.799
56.799
49
49
49
49
49
49
49
49
49
49
49
49
49
49
49
49
49
49
49
49
49
49
49
49
49
49
49
49
49
49
49
49
49
49
49
49
49
49
49
49
49
49
49
49
49
49
49
49
49
49
49
49
49
49
49
49
49
49
49
49
49
49
49
49
49
49
49
49
49
49
49
49
49
49
49
49
49
49
49
49
49
49
49
49
49
49
49
49
49
49
49
49
49
49
49
49
49
49
49
49
49
49
49
49
49
49
49
49
49
49
49
49
49
49
49
49
49
49
49
49
49
49
49
49
49
49
49
49
49
49
49
49
49
49
49
49
49
49
49
49
49
49
49
49
49
49
49
49
49
49
49
49
49
49.4142
49.8284
50.2426
50.6569
51.0711
51.4853
51.8995
52.3137
52.7279
53.1421
53.5564
53.9706
54.3848
55.3848
48
48
48
48
48
48
48
48
48
48
48
48
48
48
48
48
48
48
48
48
48
48
48
48
48
48
48
48
48
48
48
48
48
48
48
48
48
48
48
48
48
48
48
48
48
48
48
48
48
48
48
48
48
48
48
48
48
48
48
48
48
48
48
48
48
48
48
48
48
48
48
48
48
48
48
48
48
48
48
48
48
48
48
48
48
48
48
48
48
48
48
48
48
48
48
48
48
48
48
48
48
48
48
48
48
48
48
48
48
48
48
48
48
48
48
48
48
48
48
48
48
48
48
48
48
48
48
48
48
48
48
48
48
48
48
48
48
48
48
48
48
48
48
48
48
48
48
48
48
48
48
48
48
48
48
48
48
48.4142
48.8284
49.2426
49.6569
50.0711
50.4853
50.8995
51.3137
51.7279
52.1421
52.5564
52.9706
47
47
47
47
47
47
47
47
47
47
47
47
47
47
47
47
47
47
47
47
47
47
47
47
47
47
47
47
47
47
47
47
47
47
47
47
47
47
47
47
47
47
47
47
47
47
47
47
47
47
47
47
47
47
47
47
47
47
47
47
47
47
47
47
47
47
47
47
47
47
47
47
47
47
47
47
47
47
47
47
47
47
47
47
47
47
47
47
47
47
47
47
47
47
47
47
47
47
47
47
47
47
47
47
47
47
47
47
47
47
47
47
47
47
47
47
47
47
47
47
47
47
47
47
47
47
47
47
47
47
47
47
47
47
47
47
47
47
47
47
47
47
47
47
47
47
47
47
47
47
47
47
47
47
47
47
47
47
47
47.4142
47.8284
48.2426
48.6569
49.0711
49.4853
49.8995
50.3137
50.7279
51.1421
51.5564
51.9706
46
46
46
46
46
46
46
46
46
46
46
46
46
46
46
46
46
46
46
46
46
46
46
46
46
46
46
46
46
46
46
46
46
46
46
46
46
46
46
46
46
46
46
46
46
46
46
46
46
46
46
46
46
46
46
46
46
46
46
46
46
46
46
46
46
46
46
46
46
46
46
46
46
46
46
46
46
46
46
46
46
46
46
46
46
46
46
46
46
46
46
46
46
46
46
46
46
46
46
46
46
46
46
46
46
46
46
46
46
46
46
46
46
46
46
46
46
46
46
46
46
46
46
46
46
46
46
46
46
46
46
46
46
46
46
46
46
46
46
46
46
46
46
46
46
46
46
46
46
46
46
46
46
46
46
46
46
46
46
46.4142
46.8284
47.2426
47.6569
48.0711
48.4853
48.8995
49.3137
49.7279
50.1421
50.5564
50.9706
45
45
45
45
45
45
45
45
45
45
45
45
45
45
45
45
45
45
45
45
45
45
45
45
45
45
45
45
45
45
45
45
45
45
45
45
45
45
45
45
45
45
45
45
45
45
45
45
45
45
45
45
45
45
45
45
45
45
45
45
45
45
45
45
45
45
45
45
45
45
45
45
45
45
45
45
45
45
45
45
45
45
45
45
45
45
45
45
45
45
45
45
45
45
45
45
45
45
45
45
45
45
45
45
45
45
45
45
45
45
45
45
45
45
45
45
45
45
45
45
45
45
45
45
45
45
45
45
45
45
45
45
45
45
45
45
45
45
45
45
45
45
45
45
45
45
45
45
45
45
45
45
45
45
45
45
45
45
45
45
45.4142
45.8284
46.2426
46.6569
47.0711
47.4853
47.8995
48.3137
48.7279
49.1421
49.5564
44
44
44
44
44
44
44
44
44
44
44
44
44
44
44
44
44
44
44
44
44
44
44
44
44
44
44
44
44
44
44
44
44
44
44
44
44
44
44
44
44
44
44
44
44
44
44
44
44
44
44
44
44
44
44
44
44
44
44
44
44
44
44
44
44
44
44
44
44
44
44
44
44
44
44
44
44
44
44
44
44
44
44
44
44
44
44
44
44
44
44
44
44
44
44
44
44
44
44
44
44
44
44
44
44
44
44
44
44
44
44
44
44
44
44
44
44
44
44
44
44
44
44
44
44
44
44
44
44
44
44
44
44
44
44
44
44
44
44
44
44
44
44
44
44
44
44
44
44
44
44
44
44
44
44
44
44
44
44
44
44
44
44.4142
44.8284
45.2426
45.6569
46.0711
46.4853
46.8995
47.3137
47.7279
48.1421
48.5564
43
43
43
43
43
43
43
43
43
43
43
43
43
43
43
43
43
43
43
43
43
43
43
43
43
43
43
43
43
43
43
43
43
43
43
43
43
43
43
43
43
43
43
43
43
43
43
43
43
43
43
43
43
43
43
43
43
43
43
43
43
43
43
43
43
43
43
43
43
43
43
43
43
43
43
43
43
43
43
43
43
43
43
43
43
43
43
43
43
43
43
43
43
43
43
43
43
43
43
43
43
43
43
43
43
43
43
43
43
43
43
43
43
43
43
43
43
43
43
43
43
43
43
43
43
43
43
43
43
43
43
43
43
43
43
43
43
43
43
43
43
43
43
43
43
43
43
43
43
43
43
43
43
43
43
43
43
43
43
43
43
43
43
43
43
43
43.4142
43.8284
44.2426
44.6569
45.0711
45.4853
45.8995
46.3137
46.7279
47.1421
42
42
42
42
42
42
42
42
42
42
42
42
42
42
42
42
42
42
42
42
42
42
42
42
42
42
42
42
42
42
42
42
42
42
42
42
42
42
42
42
42
42
42
42
42
42
42
42
42
42
42
42
42
42
42
42
42
42
42
42
42
42
42
42
42
42
42
42
42
42
42
42
42
42
42
42
42
42
42
42
42
42
42
42
42
42
42
42
42
42
42
42
42
42
42
42
42
42
42
42
42
42
42
42
42
42
42
42
42
42
42
42
42
42
42
42
42
42
42
42
42
42
42
42
42
42
42
42
42
42
42
42
42
42
42
42
42
42
42
42
42
42
42
42
42
42
42
42
42
42
42
42
42
42
42
42
42
42
42
42
42
42
42
42
42
42
42
42.4142
42.8284
43.2426
43.6569
44.0711
44.4853
44.8995
45.3137
45.7279
46.1421
41
41
41
41
41
41
41
41
41
41
41
41
41
41
41
41
41
41
41
41
41
41
41
41
41
41
41
41
41
41
41
41
41
41
41
41
41
41
41
41
41
41
41
41
41
41
41
41
41
41
41
41
41
41
41
41
41
41
41
41
41
41
41
41
41
41
41
41
41
41
41
41
41
41
41
41
41
41
41
41
41
41
41
41
41
41
41
41
41
41
41
41
41
41
41
41
41
41
41
41
41
41
41
41
41
41
41
41
41
41
41
41
41
41
41
41
41
41
41
41
41
41
41
41
41
41
41
41
41
41
41
41
41
41
41
41
41
41
41
41
41
41
41
41
41
41
41
41
41
41
41
41
41
41
41
41
41
41
41
41
41
41
41
41
41
41
41
41
41
41.4142
41.8284
42.2426
42.6569
43.0711
43.4853
43.8995
44.3137
44.7279
40
40
40
40
40
40
40
40
40
40
40
40
40
40
40
40
40
40
40
40
40
40
40
40
40
40
40
40
40
40
40
40
40
40
40
40
40
40
40
40
40
40
40
40
40
40
40
40
40
40
40
40
40
40
40
40
40
40
40
40
40
40
40
40
40
40
40
40
40
40
40
40
40
40
40
40
40
40
40
40
40
40
40
40
40
40
40
40
40
40
40
40
40
40
40
40
40
40
40
40
40
40
40
40
40
40
40
40
40
40
40
40
40
40
40
40
40
40
40
40
40
40
40
40
40
40
40
40
40
40
40
40
40
40
40
40
40
40
40
40
40
40
40
40
40
40
40
40
40
40
40
40
40
40
40
40
40
40
40
40
40
40
40
40
40
40
40
40
40
40
40
40
40.4142
40.8284
41.2426
41.6569
42.0711
42.4853
42.8995
43.3137
44.3137
39
39
39
39
39
39
39
39
39
39
39
39
39
39
39
39
39
39
39
39
39
39
39
39
39
39
39
39
39
39
39
39
39
39
39
39
39
39
39
39
39
39
39
39
39
39
39
39
39
39
39
39
39
39
39
39
39
39
39
39
39
39
39
39
39
39
39
39
39
39
39
39
39
39
39
39
39
39
39
39
39
39
39
39
39
39
39
39
39
39
39
39
39
39
39
39
39
39
39
39
39
39
39
39
39
39
39
39
39
39
39
39
39
39
39
39
39
39
39
39
39
39
39
39
39
39
39
39
39
39
39
39
39
39
39
39
39
39
39
39
39
39
39
39
39
39
39
39
39
39
39
39
39
39
39
39
39
39
39
39
39
39
39
39
39
39
39
39
39
39
39
39
39.4142
39.8284
40.2426
40.6569
41.0711
41.4853
41.8995
38
38
38
38
38
38
38
38
38
38
38
38
38
38
38
38
38
38
38
38
38
38
38
38
38
38
38
38
38
38
38
38
38
38
38
38
38
38
38
38
38
38
38
38
38
38
38
38
38
38
38
38
38
38
38
38
38
38
38
38
38
38
38
38
38
38
38
38
38
38
38
38
38
38
38
38
38
38
38
38
38
38
38
38
38
38
38
38
38
38
38
38
38
38
38
38
38
38
38
38
38
38
38
38
38
38
38
38
38
38
38
38
38
38
38
38
38
38
38
38
38
38
38
38
38
38
38
38
38
38
38
38
38
38
38
38
38
38
38
38
38
38
38
38
38
38
38
38
38
38
38
38
38
38
38
38
38
38
38
38
38
38
38
38
38
38
38
38
38
38
38
38
38
38
38
38
38.4142
38.8284
39.2426
39.6569
40.0711
40.4853
40.8995
37
37
37
37
37
37
37
37
37
37
37
37
37
37
37
37
37
37
37
37
37
37
37
37
37
37
37
37
37
37
37
37
37
37
37
37
37
37
37
37
37
37
37
37
37
37
37
37
37
37
37
37
37
37
37
37
37
37
37
37
37
37
37
37
37
37
37
37
37
37
37
37
37
37
37
37
37
37
37
37
37
37
37
37
37
37
37
37
37
37
37
37
37
37
37
37
37
37
37
37
37
37
37
37
37
37
37
37
37
37
37
37
37
37
37
37
37
37
37
37
37
37
37
37
37
37
37
37
37
37
37
37
37
37
37
37
37
37
37
37
37
37
37
37
37
37
37
37
37
37
37
37
37
37
37
37
37
37
37
37
37
37
37
37
37
37
37
37
37
37
37
37
37
37
37
37
37.4142
37.8284
38.2426
38.6569
39.0711
39.4853
39.8995
36
36
36
36
36
36
36
36
36
36
36
36
36
36
36
36
36
36
36
36
36
36
36
36
36
36
36
36
36
36
36
36
36
36
36
36
36
36
36
36
36
36
36
36
36
36
36
36
36
36
36
36
36
36
36
36
36
36
36
36
36
36
36
36
36
36
36
36
36
36
36
36
36
36
36
36
36
36
36
36
36
36
36
36
36
36
36
36
36
36
36
36
36
36
36
36
36
36
36
36
36
36
36
36
36
36
36
36
36
36
36
36
36
36
36
36
36
36
36
36
36
36
36
36
36
36
36
36
36
36
36
36
36
36
36
36
36
36
36
36
36
36
36
36
36
36
36
36
36
36
36
36
36
36
36
36
36
36
36
36
36
36
36
36
36
36
36
36
36
36
36
36
36
36
36
36
36
36.4142
36.8284
37.2426
37.6569
38.0711
38.4853
35
35
35
35
35
35
35
35
35
35
35
35
35
35
35
35
35
35
35
35
35
35
35
35
35
35
35
35
35
35
35
35
35
35
35
35
35
35
35
35
35
35
35
35
35
35
35
35
35
35
35
35
35
35
35
35
35
35
35
35
35
35
35
35
35
35
35
35
35
35
35
35
35
35
35
35
35
35
35
35
35
35
35
35
35
35
35
35
35
35
35
35
35
35
35
35
35
35
35
35
35
35
35
35
35
35
35
35
35
35
35
35
35
35
35
35
35
35
35
35
35
35
35
35
35
35
35
35
35
35
35
35
35
35
35
35
35
35
35
35
35
35
35
35
35
35
35
35
35
35
35
35
35
35
35
35
35
35
35
35
35
35
35
35
35
35
35
35
35
35
35
35
35
35
35
35
35
35
35.4142
35.8284
36.2426
36.6569
37.0711
37.4853
34
34
34
34
34
34
34
34
34
34
34
34
34
34
34
34
34
34
34
34
34
34
34
34
34
34
34
34
34
34
34
34
34
34
34
34
34
34
34
34
34
34
34
34
34
34
34
34
34
34
34
34
34
34
34
34
34
34
34
34
34
34
34
34
34
34
34
34
34
34
34
34
34
34
34
34
34
34
34
34
34
34
34
34
34
34
34
34
34
34
34
34
34
34
34
34
34
34
34
34
34
34
34
34
34
34
34
34
34
34
34
34
34
34
34
34
34
34
34
34
34
34
34
34
34
34
34
34
34
34
34
34
34
34
34
34
34
34
34
34
34
34
34
34
34
34
34
34
34
34
34
34
34
34
34
34
34
34
34
34
34
34
34
34
34
34
34
34
34
34
34
34
34
34
34
34
34
34
34
34.4142
34.8284
35.2426
35.6569
36.0711
36.4853
33
33
33
33
33
33
33
33
33
33
33
33
33
33
33
33
33
33
33
33
33
33
33
33
33
33
33
33
33
33
33
33
33
33
33
33
33
33
33
33
33
33
33
33
33
33
33
33
33
33
33
33
33
33
33
33
33
33
33
33
33
33
33
33
33
33
33
33
33
33
33
33
33
33
33
33
33
33
33
33
33
33
33
33
33
33
33
33
33
33
33
33
33
33
33
33
33
33
33
33
33
33
33
33
33
33
33
33
33
33
33
33
33
33
33
33
33
33
33
33
33
33
33
33
33
33
33
33
33
33
33
33
33
33
33
33
33
33
33
33
33
33
33
33
33
33
33
33
33
33
33
33
33
33
33
33
33
33
33
33
33
33
33
33
33
33
33
33
33
33
33
33
33
33
33
33
33
33
33
33
33
33
33.4142
33.8284
34.2426
34.6569
35.0711
32
32
32
32
32
32
32
32
32
32
32
32
32
32
32
32
32
32
32
32
32
32
32
32
32
32
32
32
32
32
32
32
32
32
32
32
32
32
32
32
32
32
32
32
32
32
32
32
32
32
32
32
32
32
32
32
32
32
32
32
32
32
32
32
32
32
32
32
32
32
32
32
32
32
32
32
32
32
32
32
32
32
32
32
32
32
32
32
32
32
32
32
32
32
32
32
32
32
32
32
32
32
32
32
32
32
32
32
32
32
32
32
32
32
32
32
32
32
32
32
32
32
32
32
32
32
32
32
32
32
32
32
32
32
32
32
32
32
32
32
32
32
32
32
32
32
32
32
32
32
32
32
32
32
32
32
32
32
32
32
32
32
32
32
32
32
32
32
32
32
32
32
32
32
32
32
32
32
32
32
32
32
32
32.4142
32.8284
33.2426
33.6569
34.0711
31
31
31
31
31
31
31
31
31
31
31
31
31
31
31
31
31
31
31
31
31
31
31
31
31
31
31
31
31
31
31
31
31
31
31
31
31
31
31
31
31
31
31
31
31
31
31
31
31
31
31
31
31
31
31
31
31
31
31
31
31
31
31
31
31
31
31
31
31
31
31
31
31
31
31
31
31
31
31
31
31
31
31
31
31
31
31
31
31
31
31
31
31
31
31
31
31
31
31
31
31
31
31
31
31
31
31
31
31
31
31
31
31
31
31
31
31
31
31
31
31
31
31
31
31
31
31
31
31
31
31
31
31
31
31
31
31
31
31
31
31
31
31
31
31
31
31
31
31
31
31
31
31
31
31
31
31
31
31
31
31
31
31
31
31
31
31
31
31
31
31
31
31
31
31
31
31
31
31
31
31
31
31
31
31.4142
31.8284
32.2426
32.6569
33.0711
30
30
30
30
30
30
30
30
30
30
30
30
30
30
30
30
30
30
30
30
30
30
30
30
30
30
30
30
30
30
30
30
30
30
30
30
30
30
30
30
30
30
30
30
30
30
30
30
30
30
30
30
30
30
30
30
30
30
30
30
30
30
30
30
30
30
30
30
30
30
30
30
30
30
30
30
30
30
30
30
30
30
30
30
30
30
30
30
30
30
30
30
30
30
30
30
30
30
30
30
30
30
30
30
30
30
30
30
30
30
30
30
30
30
30
30
30
30
30
30
30
30
30
30
30
30
30
30
30
30
30
30
30
30
30
30
30
30
30
30
30
30
30
30
30
30
30
30
30
30
30
30
30
30
30
30
30
30
30
30
30
30
30
30
30
30
30
30
30
30
30
30
30
30
30
30
30
30
30
30
30
30
30
30
30
30
30.4142
30.8284
31.2426
31.6569
29
29
29
29
29
29
29
29
29
29
29
29
29
29
29
29
29
29
29
29
29
29
29
29
29
29
29
29
29
29
29
29
29
29
29
29
29
29
29
29
29
29
29
29
29
29
29
29
29
29
29
29
29
29
29
29
29
29
29
29
29
29
29
29
29
29
29
29
29
29
29
29
29
29
29
29
29
29
29
29
29
29
29
29
29
29
29
29
29
29
29
29
29
29
29
29
29
29
29
29
29
29
29
29
29
29
29
29
29
29
29
29
29
29
29
29
29
29
29
29
29
29
29
29
29
29
29
29
29
29
29
29
29
29
29
29
29
29
29
29
29
29
29
29
29
29
29
29
29
29
29
29
29
29
29
29
29
29
29
29
29
29
29
29
29
29
29
29
29
29
29
29
29
29
29
29
29
29
29
29
29
29
29
29
29
29
29.4142
29.8284
30.2426
30.6569
28
28
28
28
28
28
28
28
28
28
28
28
28
28
28
28
28
28
28
28
28
28
28
28
28
28
28
28
28
28
28
28
28
28
28
28
28
28
28
28
28
28
28
28
28
28
28
28
28
28
28
28
28
28
28
28
28
28
28
28
28
28
28
28
28
28
28
28
28
28
28
28
28
28
28
28
28
28
28
28
28
28
28
28
28
28
28
28
28
28
28
28
28
28
28
28
28
28
28
28
28
28
28
28
28
28
28
28
28
28
28
28
28
28
28
28
28
28
28
28
28
28
28
28
28
28
28
28
28
28
28
28
28
28
28
28
28
28
28
28
28
28
28
28
28
28
28
28
28
28
28
28
28
28
28
28
28
28
28
28
28
28
28
28
28
28
28
28
28
28
28
28
28
28
28
28
28
28
28
28
28
28
28
28
28
28
28
28
28.4142
28.8284
29.2426
29.6569
27
27
27
27
27
27
27
27
27
27
27
27
27
27
27
27
27
27
27
27
27
27
27
27
27
27
27
27
27
27
27
27
27
27
27
27
27
27
27
27
27
27
27
27
27
27
27
27
27
27
27
27
27
27
27
27
27
27
27
27
27
27
27
27
27
27
27
27
27
27
27
27
27
27
27
27
27
27
27
27
27
27
27
27
27
27
27
27
27
27
27
27
27
27
27
27
27
27
27
27
27
27
27
27
27
27
27
27
27
27
27
27
27
27
27
27
27
27
27
27
27
27
27
27
27
27
27
27
27
27
27
27
27
27
27
27
27
27
27
27
27
27
27
27
27
27
27
27
27
27
27
27
27
27
27
27
27
27
27
27
27
27
27
27
27
27
27
27
27
27
27
27
27
27
27
27
27
27
27
27
27
27
27
27
27
27
27
27
27
27.4142
27.8284
28.2426
29.2426
26
26
26
26
26
26
26
26
26
26
26
26
26
26
26
26
26
26
26
26
26
26
26
26
26
26
26
26
26
26
26
26
26
26
26
26
26
26
26
26
26
26
26
26
26
26
26
26
26
26
26
26
26
26
26
26
26
26
26
26
26
26
26
26
26
26
26
26
26
26
26
26
26
26
26
26
26
26
26
26
26
26
26
26
26
26
26
26
26
26
26
26
26
26
26
26
26
26
26
26
26
26
26
26
26
26
26
26
26
26
26
26
26
26
26
26
26
26
26
26
26
26
26
26
26
26
26
26
26
26
26
26
26
26
26
26
26
26
26
26
26
26
26
26
26
26
26
26
26
26
26
26
26
26
26
26
26
26
26
26
26
26
26
26
26
26
26
26
26
26
26
26
26
26
26
26
26
26
26
26
26
26
26
26
26
26
26
26
26
26
26
26
26.4142
26.8284
25
25
25
25
25
25
25
25
25
25
25
25
25
25
25
25
25
25
25
25
25
25
25
25
25
25
25
25
25
25
25
25
25
25
25
25
25
25
25
25
25
25
25
25
25
25
25
25
25
25
25
25
25
25
25
25
25
25
25
25
25
25
25
25
25
25
25
25
25
25
25
25
25
25
25
25
25
25
25
25
25
25
25
25
25
25
25
25
25
25
25
25
25
25
25
25
25
25
25
25
25
25
25
25
25
25
25
25
25
25
25
25
25
25
25
25
25
25
25
25
25
25
25
25
25
25
25
25
25
25
25
25
25
25
25
25
25
25
25
25
25
25
25
25
25
25
25
25
25
25
25
25
25
25
25
25
25
25
25
25
25
25
25
25
25
25
25
25
25
25
25
25
25
25
25
25
25
25
25
25
25
25
25
25
25
25
25
25
25
25
25
25
25
25.4142
25.8284
24
24
24
24
24
24
24
24
24
24
24
24
24
24
24
24
24
24
24
24
24
24
24
24
24
24
24
24
24
24
24
24
24
24
24
24
24
24
24
24
24
24
24
24
24
24
24
24
24
24
24
24
24
24
24
24
24
24
24
24
24
24
24
24
24
24
24
24
24
24
24
24
24
24
24
24
24
24
24
24
24
24
24
24
24
24
24
24
24
24
24
24
24
24
24
24
24
24
24
24
24
24
24
24
24
24
24
24
24
24
24
24
24
24
24
24
24
24
24
24
24
24
24
24
24
24
24
24
24
24
24
24
24
24
24
24
24
24
24
24
24
24
24
24
24
24
24
24
24
24
24
24
24
24
24
24
24
24
24
24
24
24
24
24
24
24
24
24
24
24
24
24
24
24
24
24
24
24
24
24
24
24
24
24
24
24
24
24
24
24
24
24
24
24
24.4142
24.8284
23
23
23
23
23
23
23
23
23
23
23
23
23
23
23
23
23
23
23
23
23
23
23
23
23
23
23
23
23
23
23
23
23
23
23
23
23
23
23
23
23
23
23
23
23
23
23
23
23
23
23
23
23
23
23
23
23
23
23
23
23
23
23
23
23
23
23
23
23
23
23
23
23
23
23
23
23
23
23
23
23
23
23
23
23
23
23
23
23
23
23
23
23
23
23
23
23
23
23
23
23
23
23
23
23
23
23
23
23
23
23
23
23
23
23
23
23
23
23
23
23
23
23
23
23
23
23
23
23
23
23
23
23
23
23
23
23
23
23
23
23
23
23
23
23
23
23
23
23
23
23
23
23
23
23
23
23
23
23
23
23
23
23
23
23
23
23
23
23
23
23
23
23
23
23
23
23
23
23
23
23
23
23
23
23
23
23
23
23
23
23
23
23
23
23
23
23
23
23
23.4142
23.8284
22
22
22
22
22
22
22
22
22
22
22
22
22
22
22
22
22
22
22
22
22
22
22
22
22
22
22
22
22
22
22
22
22
22
22
22
22
22
22
22
22
22
22
22
22
22
22
22
22
22
22
22
22
22
22
22
22
22
22
22
22
22
22
22
22
22
22
22
22
22
22
22
22
22
22
22
22
22
22
22
22
22
22
22
22
22
22
22
22
22
22
22
22
22
22
22
22
22
22
22
22
22
22
22
22
22
22
22
22
22
22
22
22
22
22
22
22
22
22
22
22
22
22
22
22
22
22
22
22
22
22
22
22
22
22
22
22
22
22
22
22
22
22
22
22
22
22
22
22
22
22
22
22
22
22
22
22
22
22
22
22
22
22
22
22
22
22
22
22
22
22
22
22
22
22
22
22
22
22
22
22
22
22
22
22
22
22
22
22
22
22
22
22
22
22
22
22
22
22
22
22
22
22
22
22
22.4142
22.8284
21
21
21
21
21
21
21
21
21
21
21
21
21
21
21
21
21
21
21
21
21
21
21
21
21
21
21
21
21
21
21
21
21
21
21
21
21
21
21
21
21
21
21
21
21
21
21
21
21
21
21
21
21
21
21
21
21
21
21
21
21
21
21
21
21
21
21
21
21
21
21
21
21
21
21
21
21
21
21
21
21
21
21
21
21
21
21
21
21
21
21
21
21
21
21
21
21
21
21
21
21
21
21
21
21
21
21
21
21
21
21
21
21
21
21
21
21
21
21
21
21
21
21
21
21
21
21
21
21
21
21
21
21
21
21
21
21
21
21
21
21
21
21
21
21
21
21
21
21
21
21
21
21
21
21
21
21
21
21
21
21
21
21
21
21
21
21
21
21
21
21
21
21
21
21
21
21
21
21
21
21
21
21
21
21
21
21
21
21
21
21
21
21
21
21
21
21
21
21
21
21
21
21
21
21
21.4142
20
20
20
20
20
20
20
20
20
20
20
20
20
20
20
20
20
20
20
20
20
20
20
20
20
20
20
20
20
20
20
20
20
20
20
20
20
20
20
20
20
20
20
20
20
20
20
20
20
20
20
20
20
20
20
20
20
20
20
20
20
20
20
20
20
20
20
20
20
20
20
20
20
20
20
20
20
20
20
20
20
20
20
20
20
20
20
20
20
20
20
20
20
20
20
20
20
20
20
20
20
20
20
20
20
20
20
20
20
20
20
20
20
20
20
20
20
20
20
20
20
20
20
20
20
20
20
20
20
20
20
20
20
20
20
20
20
20
20
20
20
20
20
20
20
20
20
20
20
20
20
20
20
20
20
20
20
20
20
20
20
20
20
20
20
20
20
20
20
20
20
20
20
20
20
20
20
20
20
20
20
20
20
20
20
20
20
20
20
20
20
20
20
20
20
20
20
20
20
20
20
20
20
20
20
20.4142
19
19
19
19
19
19
19
19
19
19
19
19
19
19
19
19
19
19
19
19
19
19
19
19
19
19
19
19
19
19
19
19
19
19
19
19
19
19
19
19
19
19
19
19
19
19
19
19
19
19
19
19
19
19
19
19
19
19
19
19
19
19
19
19
19
19
19
19
19
19
19
19
19
19
19
19
19
19
19
19
19
19
19
19
19
19
19
19
19
19
19
19
19
19
19
19
19
19
19
19
19
19
19
19
19
19
19
19
19
19
19
19
19
19
19
19
19
19
19
19
19
19
19
19
19
19
19
19
19
19
19
19
19
19
19
19
19
19
19
19
19
19
19
19
19
19
19
19
19
19
19
19
19
19
19
19
19
19
19
19
19
19
19
19
19
19
19
19
19
19
19
19
19
19
19
19
19
19
19
19
19
19
19
19
19
19
19
19
19
19
19
19
19
19
19
19
19
19
19
19
19
19
19
19
19
19.4142
18
18
18
18
18
18
18
18
18
18
18
18
18
18
18
18
18
18
18
18
18
18
18
18
18
18
18
18
18
18
18
18
18
18
18
18
18
18
18
18
18
18
18
18
18
18
18
18
18
18
18
18
18
18
18
18
18
18
18
18
18
18
18
18
18
18
18
18
18
18
18
18
18
18
18
18
18
18
18
18
18
18
18
18
18
18
18
18
18
18
18
18
18
18
18
18
18
18
18
18
18
18
18
18
18
18
18
18
18
18
18
18
18
18
18
18
18
18
18
18
18
18
18
18
18
18
18
18
18
18
18
18
18
18
18
18
18
18
18
18
18
18
18
18
18
18
18
18
18
18
18
18
18
18
18
18
18
18
18
18
18
18
18
18
18
18
18
18
18
18
18
18
18
18
18
18
18
18
18
18
18
18
18
18
18
18
18
18
18
18
18
18
18
18
18
18
18
18
18
18
18
18
18
18
18
18
18.4142
17
17
17
17
17
17
17
17
17
17
17
17
17
17
17
17
17
17
17
17
17
17
17
17
17
17
17
17
17
17
17
17
17
17
17
17
17
17
17
17
17
17
17
17
17
17
17
17
17
17
17
17
17
17
17
17
17
17
17
17
17
17
17
17
17
17
17
17
17
17
17
17
17
17
17
17
17
17
17
17
17
17
17
17
17
17
17
17
17
17
17
17
17
17
17
17
17
17
17
17
17
17
17
17
17
17
17
17
17
17
17
17
17
17
17
17
17
17
17
17
17
17
17
17
17
17
17
17
17
17
17
17
17
17
17
17
17
17
17
17
17
17
17
17
17
17
17
17
17
17
17
17
17
17
17
17
17
17
17
17
17
17
17
17
17
17
17
17
17
17
17
17
17
17
17
17
17
17
17
17
17
17
17
17
17
17
17
17
17
17
17
17
17
17
17
17
17
17
17
17
17
17
17
17
17
17
17.4142
16
16
16
16
16
16
16
16
16
16
16
16
16
16
16
16
16
16
16
16
16
16
16
16
16
16
16
16
16
16
16
16
16
16
16
16
16
16
16
16
16
16
16
16
16
16
16
16
16
16
16
16
16
16
16
16
16
16
16
16
16
16
16
16
16
16
16
16
16
16
16
16
16
16
16
16
16
16
16
16
16
16
16
16
16
16
16
16
16
16
16
16
16
16
16
16
16
16
16
16
16
16
16
16
16
16
16
16
16
16
16
16
16
16
16
16
16
16
16
16
16
16
16
16
16
16
16
16
16
16
16
16
16
16
16
16
16
16
16
16
16
16
16
16
16
16
16
16
16
16
16
16
16
16
16
16
16
16
16
16
16
16
16
16
16
16
16
16
16
16
16
16
16
16
16
16
16
16
16
16
16
16
16
16
16
16
16
16
16
16
16
16
16
16
16
16
16
16
16
16
16
16
16
16
16
16
16.4142
15
15
15
15
15
15
15
15
15
15
15
15
15
15
15
15
15
15
15
15
15
15
15
15
15
15
15
15
15
15
15
15
15
15
15
15
15
15
15
15
15
15
15
15
15
15
15
15
15
15
15
15
15
15
15
15
15
15
15
15
15
15
15
15
15
15
15
15
15
15
15
15
15
15
15
15
15
15
15
15
15
15
15
15
15
15
15
15
15
15
15
15
15
15
15
15
15
15
15
15
15
15
15
15
15
15
15
15
15
15
15
15
15
15
15
15
15
15
15
15
15
15
15
15
15
15
15
15
15
15
15
15
15
15
15
15
15
15
15
15
15
15
15
15
15
15
15
15
15
15
15
15
15
15
15
15
15
15
15
15
15
15
15
15
15
15
15
15
15
15
15
15
15
15
15
15
15
15
15
15
15
15
15
15
15
15
15
15
15
15
15
15
15
15
15
15
15
15
15
15
15
15
15
15
15
15
15.4142
14
14
14
14
14
14
14
14
14
14
14
14
14
14
14
14
14
14
14
14
14
14
14
14
14
14
14
14
14
14
14
14
14
14
14
14
14
14
14
14
14
14
14
14
14
14
14
14
14
14
14
14
14
14
14
14
14
14
14
14
14
14
14
14
14
14
14
14
14
14
14
14
14
14
14
14
14
14
14
14
14
14
14
14
14
14
14
14
14
14
14
14
14
14
14
14
14
14
14
14
14
14
14
14
14
14
14
14
14
14
14
14
14
14
14
14
14
14
14
14
14
14
14
14
14
14
14
14
14
14
14
14
14
14
14
14
14
14
14
14
14
14
14
14
14
14
14
14
14
14
14
14
14
14
14
14
14
14
14
14
14
14
14
14
14
14
14
14
14
14
14
14
14
14
14
14
14
14
14
14
14
14
14
14
14
14
14
14
14
14
14
14
14
14
14
14
14
14
14
14
14
14
14
14
14
14
14.4142
13
13
13
13
13
13
13
13
13
13
13
13
13
13
13
13
13
13
13
13
13
13
13
13
13
13
13
13
13
13
13
13
13
13
13
13
13
13
13
13
13
13
13
13
13
13
13
13
13
13
13
13
13
13
13
13
13
13
13
13
13
13
13
13
13
13
13
13
13
13
13
13
13
13
13
13
13
13
13
13
13
13
13
13
13
13
13
13
13
13
13
13
13
13
13
13
13
13
13
13
13
13
13
13
13
13
13
13
13
13
13
13
13
13
13
13
13
13
13
13
13
13
13
13
13
13
13
13
13
13
13
13
13
13
13
13
13
13
13
13
13
13
13
13
13
13
13
13
13
13
13
13
13
13
13
13
13
13
13
13
13
13
13
13
13
13
13
13
13
13
13
13
13
13
13
13
13
13
13
13
13
13
13
13
13
13
13
13
13
13
13
13
13
13
13
13
13
13
13
13
13
13
13
13
13
13
13
13.4142
12
12
12
12
12
12
12
12
12
12
12
12
12
12
12
12
12
12
12
12
12
12
12
12
12
12
12
12
12
12
12
12
12
12
12
12
12
12
12
12
12
12
12
12
12
12
12
12
12
12
12
12
12
12
12
12
12
12
12
12
12
12
12
12
12
12
12
12
12
12
12
12
12
12
12
12
12
12
12
12
12
12
12
12
12
12
12
12
12
12
12
12
12
12
12
12
12
12
12
12
12
12
12
12
12
12
12
12
12
12
12
12
12
12
12
12
12
12
12
12
12
12
12
12
12
12
12
12
12
12
12
12
12
12
12
12
12
12
12
12
12
12
12
12
12
12
12
12
12
12
12
12
12
12
12
12
12
12
12
12
12
12
12
12
12
12
12
12
12
12
12
12
12
12
12
12
12
12
12
12
12
12
12
12
12
12
12
12
12
12
12
12
12
12
12
12
12
12
12
12
12
12
12
12
12
12
12
12.4142
11
11
11
11
11
11
11
11
11
11
11
11
11
11
11
11
11
11
11
11
11
11
11
11
11
11
11
11
11
11
11
11
11
11
11
11
11
11
11
11
11
11
11
11
11
11
11
11
11
11
11
11
11
11
11
11
11
11
11
11
11
11
11
11
11
11
11
11
11
11
11
11
11
11
11
11
11
11
11
11
11
11
11
11
11
11
11
11
11
11
11
11
11
11
11
11
11
11
11
11
11
11
11
11
11
11
11
11
11
11
11
11
11
11
11
11
11
11
11
11
11
11
11
11
11
11
11
11
11
11
11
11
11
11
11
11
11
11
11
11
11
11
11
11
11
11
11
11
11
11
11
11
11
11
11
11
11
11
11
11
11
11
11
11
11
11
11
11
11
11
11
11
11
11
11
11
11
11
11
11
11
11
11
11
11
11
11
11
11
11
11
11
11
11
11
11
11
11
11
11
11
11
11
11
11
11
11
10
10
10
10
10
10
10
10
10
10
10
10
10
10
10
10
10
10
10
10
10
10
10
10
10
10
10
10
10
10
10
10
10
10
10
10
10
10
10
10
10
10
10
10
10
10
10
10
10
10
10
10
10
10
10
10
10
10
10
10
10
10
10
10
10
10
10
10
10
10
10
10
10
10
10
10
10
10
10
10
10
10
10
10
10
10
10
10
10
10
10
10
10
10
10
10
10
10
10
10
10
10
10
10
10
10
10
10
10
10
10
10
10
10
10
10
10
10
10
10
10
10
10
10
10
10
10
10
10
10
10
10
10
10
10
10
10
10
10
10
10
10
10
10
10
10
10
10
10
10
10
10
10
10
10
10
10
10
10
10
10
10
10
10
10
10
10
10
10
10
10
10
10
10
10
10
10
10
10
10
10
10
10
10
10
10
10
10
10
10
10
10
10
10
10
10
10
10
10
10
10
10
10
10
10
10
10
9
9
9
9
9
9
9
9
9
9
9
9
9
9
9
9
9
9
9
9
9
9
9
9
9
9
9
9
9
9
9
9
9
9
9
9
9
9
9
9
9
9
9
9
9
9
9
9
9
9
9
9
9
9
9
9
9
9
9
9
9
9
9
9
9
9
9
9
9
9
9
9
9
9
9
9
9
9
9
9
9
9
9
9
9
9
9
9
9
9
9
9
9
9
9
9
9
9
9
9
9
9
9
9
9
9
9
9
9
9
9
9
9
9
9
9
9
9
9
9
9
9
9
9
9
9
9
9
9
9
9
9
9
9
9
9
9
9
9
9
9
9
9
9
9
9
9
9
9
9
9
9
9
9
9
9
9
9
9
9
9
9
9
9
9
9
9
9
9
9
9
9
9
9
9
9
9
9
9
9
9
9
9
9
9
9
9
9
9
9
9
9
9
9
9
9
9
9
9
9
9
9
9
9
9
9
9
8
8
8
8
8
8
8
8
8
8
8
8
8
8
8
8
8
8
8
8
8
8
8
8
8
8
8
8
8
8
8
8
8
8
8
8
8
8
8
8
8
8
8
8
8
8
8
8
8
8
8
8
8
8
8
8
8
8
8
8
8
8
8
8
8
8
8
8
8
8
8
8
8
8
8
8
8
8
8
8
8
8
8
8
8
8
8
8
8
8
8
8
8
8
8
8
8
8
8
8
8
8
8
8
8
8
8
8
8
8
8
8
8
8
8
8
8
8
8
8
8
8
8
8
8
8
8
8
8
8
8
8
8
8
8
8
8
8
8
8
8
8
8
8
8
8
8
8
8
8
8
8
8
8
8
8
8
8
8
8
8
8
8
8
8
8
8
8
8
8
8
8
8
8
8
8
8
8
8
8
8
8
8
8
8
8
8
8
8
8
8
8
8
8
8
8
8
8
8
8
8
8
8
8
8
8
8
7
7
7
7
7
7
7
7
7
7
7
7
7
7
7
7
7
7
7
7
7
7
7
7
7
7
7
7
7
7
7
7
7
7
7
7
7
7
7
7
7
7
7
7
7
7
7
7
7
7
7
7
7
7
7
7
7
7
7
7
7
7
7
7
7
7
7
7
7
7
7
7
7
7
7
7
7
7
7
7
7
7
7
7
7
7
7
7
7
7
7
7
7
7
7
7
7
7
7
7
7
7
7
7
7
7
7
7
7
7
7
7
7
7
7
7
7
7
7
7
7
7
7
7
7
7
7
7
7
7
7
7
7
7
7
7
7
7
7
7
7
7
7
7
7
7
7
7
7
7
7
7
7
7
7
7
7
7
7
7
7
7
7
7
7
7
7
7
7
7
7
7
7
7
7
7
7
7
7
7
7
7
7
7
7
7
7
7
7
7
7
7
7
7
7
7
7
7
7
7
7
7
7
7
7
7
7
6
6
6
6
6
6
6
6
6
6
6
6
6
6
6
6
6
6
6
6
6
6
6
6
6
6
6
6
6
6
6
6
6
6
6
6
6
6
6
6
6
6
6
6
6
6
6
6
6
6
6
6
6
6
6
6
6
6
6
6
6
6
6
6
6
6
6
6
6
6
6
6
6
6
6
6
6
6
6
6
6
6
6
6
6
6
6
6
6
6
6
6
6
6
6
6
6
6
6
6
6
6
6
6
6
6
6
6
6
6
6
6
6
6
6
6
6
6
6
6
6
6
6
6
6
6
6
6
6
6
6
6
6
6
6
6
6
6
6
6
6
6
6
6
6
6
6
6
6
6
6
6
6
6
6
6
6
6
6
6
6
6
6
6
6
6
6
6
6
6
6
6
6
6
6
6
6
6
6
6
6
6
6
6
6
6
6
6
6
6
6
6
6
6
6
6
6
6
6
6
6
6
6
6
6
6
6
6
6
6
6
6
6
6
6
6
6
6
6
6
6
6
6
6
6
6
6
6
6
6
6
6
6
6
6
6
6
6
6
6
6
6
6
6
6
6
6
6
6
6
6
6
6
6
6
6
6
6
6
6
6
6
6
6
6
6
6
6
6
6
6
6
6
6
6
6
6
6
6
6
6
6
6
6
6
6
6
6
6
6
6
6
6
6
6
6
6
6
6
6
6
6
6
6
6
6
6
6
6
6
6
6
6
6
6
6
6
6
6
6
6
6
6
6
6
6
6
6
6
6
6
6
6
6
6
6
6
6
6
6
6
6
6
6
6
6
6
6
6
6
6
6
6
6
6
6
6
6
6
6
6
6
6
6
6
6
6
6
6
6
6
6
6
6
6
6
6
6
6
6
6
6
6
6
6
6
6
6
6
6
6
6
6
6
6
6
6
6
6
6
6
6
6
6
6
6
6
6
6
6
6
6
6
6
6
6
6
6
6
6
6
6
6
6
6
6
6
6
6
6
6
6
6
6
6
6
6
6
6
6
6
6
6
6
6
6
6
6
6
6
6
6
6
6
6
6
6
6
6
6
6
6
6
6
6
6
6
6
6
6
6
6
6
6
6
6
6
6
6
6
6
6
6
6
6
6
6
6
6
6
6
6
6
6
6
6
6
6
6
6
6
6
6
6
6
6
6
6
6
6
6
6
5
5
5
5
5
5
5
5
5
5
5
5
5
5
5
5
5
5
5
5
5
5
5
5
5
5
5
5
5
5
5
5
5
5
5
5
5
5
5
5
5
5
5
5
5
5
5
5
5
5
5
5
5
5
5
5
5
5
5
5
5
5
5
5
5
5
5
5
5
5
5
5
5
5
5
5
5
5
5
5
5
5
5
5
5
5
5
5
5
5
5
5
5
5
5
5
5
5
5
5
5
5
5
5
5
5
5
5
5
5
5
5
5
5
5
5
5
5
5
5
5
5
5
5
5
5
5
5
5
5
5
5
5
5
5
5
5
5
5
5
5
5
5
5
5
5
5
5
5
5
5
5
5
5
5
5
5
5
5
5
5
5
5
5
5
5
5
5
5
5
5
5
5
5
5
5
5
5
5
5
5
5
5
5
5
5
5
5
5
5
5
5
5
5
5
5
5
5
5
5
5
5
5
5
5
5
5
5
5
5
5
5
5
5
5
5
5
5
5
5
5
5
5
5
5
5
5
5
5
5
5
5
5
5
5
5
5
5
5
5
5
5
5
5
5
5
5
5
5
5
5
5
5
5
5
5
5
5
5
5
5
5
5
5
5
5
5
5
5
5
5
5
5
5
5
5
5
5
5
5
5
5
5
5
5
5
5
5
5
5
5
5
5
5
5
5
5
5
5
5
5
5
5
5
5
5
5
5
5
5
5
5
5
5
5
5
5
5
5
5
5
5
5
5
5
5
5
5
5
5
5
5
5
5
5
5
5
5
5
5
5
5
5
5
5
5
5
5
5
5
5
5
5
5
5
5
5
5
5
5
5
5
5
5
5
5
5
5
5
5
5
5
5
5
5
5
5
5
5
5
5
5
5
5
5
5
5
5
5
5
5
5
5
5
5
5
5
5
5
5
5
5
5
5
5
5
5
5
5
5
5
5
5
5
5
5
5
5
5
5
5
5
5
5
5
5
5
5
5
5
5
5
5
5
5
5
5
5
5
5
5
5
5
5
5
5
5
5
5
5
5
5
5
5
5
5
5
5
5
5
5
5
5
5
5
5
5
5
5
5
5
5
5
5
5
5
5
5
5
5
5
5
5
5
5
5
5
5
5
5
5
5
5
5
5
5
5
5
5
5
5
5
5
5
5
5
5
5
5
5
5
5
4
4
4
4
4
4
4
4
4
4
4
4
4
4
4
4
4
4
4
4
4
4
4
4
4
4
4
4
4
4
4
4
4
4
4
4
4
4
4
4
4
4
4
4
4
4
4
4
4
4
4
4
4
4
4
4
4
4
4
4
4
4
4
4
4
4
4
4
4
4
4
4
4
4
4
4
4
4
4
4
4
4
4
4
4
4
4
4
4
4
4
4
4
4
4
4
4
4
4
4
4
4
4
4
4
4
4
4
4
4
4
4
4
4
4
4
4
4
4
4
4
4
4
4
4
4
4
4
4
4
4
4
4
4
4
4
4
4
4
4
4
4
4
4
4
4
4
4
4
4
4
4
4
4
4
4
4
4
4
4
4
4
4
4
4
4
4
4
4
4
4
4
4
4
4
4
4
4
4
4
4
4
4
4
4
4
4
4
4
4
4
4
4
4
4
4
4
4
4
4
4
4
4
4
4
4
4
4
4
4
4
4
4
4
4
4
4
4
4
4
4
4
4
4
4
4
4
4
4
4
4
4
4
4
4
4
4
4
4
4
4
4
4
4
4
4
4
4
4
4
4
4
4
4
4
4
4
4
4
4
4
4
4
4
4
4
4
4
4
4
4
4
4
4
4
4
4
4
4
4
4
4
4
4
4
4
4
4
4
4
4
4
4
4
4
4
4
4
4
4
4
4
4
4
4
4
4
4
4
4
4
4
4
4
4
4
4
4
4
4
4
4
4
4
4
4
4
4
4
4
4
4
4
4
4
4
4
4
4
4
4
4
4
4
4
4
4
4
4
4
4
4
4
4
4
4
4
4
4
4
4
4
4
4
4
4
4
4
4
4
4
4
4
4
4
4
4
4
4
4
4
4
4
4
4
4
4
4
4
4
4
4
4
4
4
4
4
4
4
4
4
4
4
4
4
4
4
4
4
4
4
4
4
4
4
4
4
4
4
4
4
4
4
4
4
4
4
4
4
4
4
4
4
4
4
4
4
4
4
4
4
4
4
4
4
4
4
4
4
4
4
4
4
4
4
4
4
4
4
4
4
4
4
4
4
4
4
4
4
4
4
4
4
4
4
4
4
4
4
4
4
4
4
4
4
4
4
4
4
4
4
4
4
4
4
4
4
4
4
4
4
4
4
4
4
4
4
4
4
4
4
4
3
3
3
3
3
3
3
3
3
3
3
3
3
3
3
3
3
3
3
3
3
3
3
3
3
3
3
3
3
3
3
3
3
3
3
3
3
3
3
3
3
3
3
3
3
3
3
3
3
3
3
3
3
3
3
3
3
3
3
3
3
3
3
3
3
3
3
3
3
3
3
3
3
3
3
3
3
3
3
3
3
3
3
3
3
3
3
3
3
3
3
3
3
3
3
3
3
3
3
3
3
3
3
3
3
3
3
3
3
3
3
3
3
3
3
3
3
3
3
3
3
3
3
3
3
3
3
3
3
3
3
3
3
3
3
3
3
3
3
3
3
3
3
3
3
3
3
3
3
3
3
3
3
3
3
3
3
3
3
3
3
3
3
3
3
3
3
3
3
3
3
3
3
3
3
3
3
3
3
3
3
3
3
3
3
3
3
3
3
3
3
3
3
3
3
3
3
3
3
3
3
3
3
3
3
3
3
3
3
3
3
3
3
3
3
3
3
3
3
3
3
3
3
3
3
3
3
3
3
3
3
3
3
3
3
3
3
3
3
3
3
3
3
3
3
3
3
3
3
3
3
3
3
3
3
3
3
3
3
3
3
3
3
3
3
3
3
3
3
3
3
3
3
3
3
3
3
3
3
3
3
3
3
3
3
3
3
3
3
3
3
3
3
3
3
3
3
3
3
3
3
3
3
3
3
3
3
3
3
3
3
3
3
3
3
3
3
3
3
3
3
3
3
3
3
3
3
3
3
3
3
3
3
3
3
3
3
3
3
3
3
3
3
3
3
3
3
3
3
3
3
3
3
3
3
3
3
3
3
3
3
3
3
3
3
3
3
3
3
3
3
3
3
3
3
3
3
3
3
3
3
3
3
3
3
3
3
3
3
3
3
3
3
3
3
3
3
3
3
3
3
3
3
3
3
3
3
3
3
3
3
3
3
3
3
3
3
3
3
3
3
3
3
3
3
3
3
3
3
3
3
3
3
3
3
3
3
3
3
3
3
3
3
3
3
3
3
3
3
3
3
3
3
3
3
3
3
3
3
3
3
3
3
3
3
3
3
3
3
3
3
3
3
3
3
3
3
3
3
3
3
3
3
3
3
3
3
3
3
3
3
3
3
3
3
3
3
3
3
3
3
3
3
3
3
3
3
3
3
3
3
3
2
2
2
2
2
2
2
2
2
2
2
2
2
2
2
2
2
2
2
2
2
2
2
2
2
2
2
2
2
2
2
2
2
2
2
2
2
2
2
2
2
2
2
2
2
2
2
2
2
2
2
2
2
2
2
2
2
2
2
2
2
2
2
2
2
2
2
2
2
2
2
2
2
2
2
2
2
2
2
2
2
2
2
2
2
2
2
2
2
2
2
2
2
2
2
2
2
2
2
2
2
2
2
2
2
2
2
2
2
2
2
2
2
2
2
2
2
2
2
2
2
2
2
2
2
2
2
2
2
2
2
2
2
2
2
2
2
2
2
2
2
2
2
2
2
2
2
2
2
2
2
2
2
2
2
2
2
2
2
2
2
2
2
2
2
2
2
2
2
2
2
2
2
2
2
2
2
2
2
2
2
2
2
2
2
2
2
2
2
2
2
2
2
2
2
2
2
2
2
2
2
2
2
2
2
2
2
2
2
2
2
2
2
2
2
2
2
2
2
2
2
2
2
2
2
2
2
2
2
2
2
2
2
2
2
2
2
2
2
2
2
2
2
2
2
2
2
2
2
2
2
2
2
2
2
2
2
2
2
2
2
2
2
2
2
2
2
2
2
2
2
2
2
2
2
2
2
2
2
2
2
2
2
2
2
2
2
2
2
2
2
2
2
2
2
2
2
2
2
2
2
2
2
2
2
2
2
2
2
2
2
2
2
2
2
2
2
2
2
2
2
2
2
2
2
2
2
2
2
2
2
2
2
2
2
2
2
2
2
2
2
2
2
2
2
2
2
2
2
2
2
2
2
2
2
2
2
2
2
2
2
2
2
2
2
2
2
2
2
2
2
2
2
2
2
2
2
2
2
2
2
2
2
2
2
2
2
2
2
2
2
2
2
2
2
2
2
2
2
2
2
2
2
2
2
2
2
2
2
2
2
2
2
2
2
2
2
2
2
2
2
2
2
2
2
2
2
2
2
2
2
2
2
2
2
2
2
2
2
2
2
2
2
2
2
2
2
2
2
2
2
2
2
2
2
2
2
2
2
2
2
2
2
2
2
2
2
2
2
2
2
2
2
2
2
2
2
2
2
2
2
2
2
2
2
2
2
2
2
2
2
2
2
2
2
2
2
2
2
2
2
2
2
2
2
2
2
2
2
2
2
2
1
1
1
1
1
1
1
1
1
1
1
1
1
1
1
1
1
1
1
1
1
1
1
1
1
1
1
1
1
1
1
1
1
1
1
1
1
1
1
1
1
1
1
1
1
1
1
1
1
1
1
1
1
1
1
1
1
1
1
1
1
1
1
1
1
1
1
1
1
1
1
1
1
1
1
1
1
1
1
1
1
1
1
1
1
1
1
1
1
1
1
1
1
1
1
1
1
1
1
1
1
1
1
1
1
1
1
1
1
1
1
1
1
1
1
1
1
1
1
1
1
1
1
1
1
1
1
1
1
1
1
1
1
1
1
1
1
1
1
1
1
1
1
1
1
1
1
1
1
1
1
1
1
1
1
1
1
1
1
1
1
1
1
1
1
1
1
1
1
1
1
1
1
1
1
1
1
1
1
1
1
1
1
1
1
1
1
1
1
1
1
1
1
1
1
1
1
1
1
1
1
1
1
1
1
1
1
1
1
1
1
1
1
1
1
1
1
1
1
1
1
1
1
1
1
1
1
1
1
1
1
1
1
1
1
1
1
1
1
1
1
1
1
1
1
1
1
1
1
1
1
1
1
1
1
1
1
1
1
1
1
1
1
1
1
1
1
1
1
1
1
1
1
1
1
1
1
1
1
1
1
1
1
1
1
1
1
1
1
1
1
1
1
1
1
1
1
1
1
1
1
1
1
1
1
1
1
1
1
1
1
1
1
1
1
1
1
1
1
1
1
1
1
1
1
1
1
1
1
1
1
1
1
1
1
1
1
1
1
1
1
1
1
1
1
1
1
1
1
1
1
1
1
1
1
1
1
1
1
1
1
1
1
1
1
1
1
1
1
1
1
1
1
1
1
1
1
1
1
1
1
1
1
1
1
1
1
1
1
1
1
1
1
1
1
1
1
1
1
1
1
1
1
1
1
1
1
1
1
1
1
1
1
1
1
1
1
1
1
1
1
1
1
1
1
1
1
1
1
1
1
1
1
1
1
1
1
1
1
1
1
1
1
1
1
1
1
1
1
1
1
1
1
1
1
1
1
1
1
1
1
1
1
1
1
1
1
1
1
1
1
1
1
1
1
1
1
1
1
1
1
1
1
1
1
1
1
1
1
1
1
1
1
1
1
1
1
1
1
1
1
1
1
1
1
1
1
1
1
1
1
1
0
0
0
0
0
0
0
0
0
0
0
0
0
0
0
0
0
0
0
0
0
0
0
0
0
0
0
0
0
0
0
0
0
0
0
0
0
0
0
0
0
0
0
0
0
0
0
0
0
0
0
0
0
0
0
0
0
0
0
0
0
0
0
0
0
0
0
0
0
0
0
0
0
0
0
0
0
0
0
0
0
0
0
0
0
0
0
0
0
0
0
0
0
0
0
0
0
0
0
0
0
0
0
0
0
0
0
0
0
0
0
0
0
0
0
0
0
0
0
0
0
0
0
0
0
0
0
0
0
0
0
0
0
0
0
0
0
0
0
0
0
0
0
0
0
0
0
0
0
0
0
0
0
0
0
0
0
0
0
0
0
0
0
0
0
0
0
0
0
0
0
0
0
0
0
0
0
0
0
0
0
0
0
0
0
0
0
0
0
0
0
0
0
0
0
0
0
0
0
0
0
0
0
0
0
0
0
0
0
0
0
0
0
0
0
0
0
0
0
0
0
0
0
0
0
0
0
0
0
0
0
0
0
0
0
0
0
0
0
0
0
0
0
0
0
0
0
0
0
0
0
0
0
0
0
0
0
0
0
0
0
0
0
0
0
0
0
0
0
0
0
0
0
0
0
0
0
0
0
0
0
0
0
0
0
0
0
0
0
0
0
0
0
0
0
0
0
0
0
0
0
0
0
0
0
0
0
0
0
0
0
0
0
0
0
0
0
0
0
0
0
0
0
0
0
0
0
0
0
0
0
0
0
0
0
0
0
0
0
0
0
0
0
0
0
0
0
0
0
0
0
0
0
0
0
0
0
0
0
0
0
0
0
0
0
0
0
0
0
0
0
0
0
0
0
0
0
0
0
0
0
0
0
0
0
0
0
0
0
0
0
0
0
0
0
0
0
0
0
0
0
0
0
0
0
0
0
0
0
0
0
0
0
0
0
0
0
0
0
0
0
0
0
0
0
0
0
0
0
0
0
0
0
0
0
0
0
0
0
0
0
0
0
0
0
0
0
0
0
0
0
0
0
0
0
0
0
0
0
0
0
0
0
0
0
0
0
0
0
0
0
0
0
0
0
0
0
0
0
0
0
0
0
0
0
0
0
0
0
0
0
0
0
0
0
0
0
0
0
0
0
0
0
0
0
0
0
0
0
0
0
0
