6
6
6
6
6
6
6
6
6
6
6
6
6
6
6
6
6
6
6
6
6
6
6
6
6
6
6
6
6
6
6
6
6
6
6
6
6
6
6
6
6
6
6
6
6
6
6
6
6
6
6
6
6
6
6
6
6
6
6
6
6
6
6
6
6
6
6
6
6
6
6
6
6
6
6
6
6
6
6
6
6
6
6
6
6
6
6
6
6
6
6
6
6
6
6
6
6
6
6
6
6
6
6
6
6
6
6
6
6
6
6
6
6
6
6
6
6
6
6
6
6
6
6
6
6
6
6
6
6
6
6
6
6
6
6
6
6
6
6
6
6
6
6
6
6
6
6
6
6
6
6
6
6
6
6
6
6
6
6
6
6
6
6
6
6
6
6
6
6
6
6
6
6
6
6
6
6
6
6
6
6
6
6
6
6
6
6
6
6
6
6
6
6
6
6
6
6
6
6
6
6
6
6
6
6
6
6
6
6
6
6
6
6
6
6
6
6
6
6
6
6
6
6
6
6
6
6
6
6
6
6
6
6
6
6
6
6
6
6
6
6
6
6
6
6
6
6
6
6
6
6
6
6
7
7
7
7
7
7
7
7
7
7
7
7
7
7
7
7
7
7
8
8
8
8
8
8
8
8
8
8
8
8
8
8
8
8
8
8
9
9
9
9
9
9
9
9.41421
10.4142
9
9
9
9
9
9
9
9
9
9
9
9
9
9
9
9.41421
10.4142
9
10
10
10
10
10
10.8284
11.4142
10.4142
10
10
10
10
10
10
10
10
10
10
10
10
10
10.8284
10
10
11
11
11
11
11
11.8284
11.8284
11
11
11
11.4142
12.4142
11
11
11.4142
12.4142
11
11
11
11
11
11
11
11.8284
11
12
12
12
12
12.8284
13.2426
12.8284
12
12
12.8284
12
12.8284
12
12
12
12
12
12.8284
12
13
13
13
13
14.2426
13.8284
13
13
13.8284
13
13
13
13.8284
13
13
13
13
13
13
13.8284
13
14
14
14.4142
14
14
14
15.2426
15.2426
14.8284
14
14
14.8284
14
14.8284
15.2426
14
14
14
14
14
14
14
14
14
14
14.8284
14
14
14
15
15
15
15
15.4142
15
15
15
15
16.2426
16.6569
16.6569
16.2426
15
15
15.8284
15
16.2426
15
15
15
15
15
15
15
15
15
15
15
15.8284
15
15
16
16
16
16.4142
16
16
17.6569
18.0711
19.0711
19.0711
18.0711
17.6569
16
16
16
16
16.8284
16
16
17.2426
17.6569
16
16
16
16
16
16
16
16
16
16.8284
16
16
17
17
17
17
17.4142
17
17
17
19.4853
20.4853
20.4853
19.4853
17
17
17.8284
18.2426
17
18.6569
19.0711
17
17
17
17
17
17
17
17
17
17
17
17
17
17
17
17.8284
18.2426
17
17
17
17
19.8284
18.8284
18.4142
18
18
20.8995
21.8995
22.8995
22.8995
21.8995
20.8995
18
18
19.2426
18
18
20.0711
20.4853
21.4853
18
18
18
18
18
18
18
18
18
18
18
18
18
18
18
19.2426
18
18
18
20.2426
19
19
19
23.3137
24.3137
25.3137
26.3137
27.3137
27.3137
26.3137
25.3137
24.3137
23.3137
19
19
19
20.2426
19
21.8995
22.8995
19
19
19
19
19
19
19
19
19
19
19
19
19
19
19
19
20.2426
19
19
19
19
21.2426
20
20
27.7279
28.7279
29.7279
30.7279
31.7279
31.7279
30.7279
29.7279
28.7279
27.7279
20
20
21.2426
21.6569
20
23.3137
24.3137
25.3137
26.3137
20
20
20
21.2426
20
20
22.2426
21
21
21
21
21
22.6569
21
21
26.7279
21
21
21
21
21
21
21
21
21
21
21
21
22.2426
21
21
21
21
21
21
21
21
23.6569
23.2426
22
22
22
22
22
22
22
22
22
22
23.6569
22
22
22
27.1421
28.1421
22
23.2426
23.6569
24.6569
23
23
23
23
23
23
24.6569
25.0711
23
28.5563
29.5563
30.5563
23
24.6569
26.0711
25.6569
24
24
24
24
24
24
26.0711
24
24
30.9706
31.9706
32.9706
33.9706
24
25.6569
26.0711
27.0711
25
25
25
25
25
25
25
25
27.0711
27.4853
28.4853
25
25
34.3848
35.3848
36.3848
37.3848
25
27.0711
28.4853
28.0711
26
26
26
26
26
26
26
26
26
26
28.8995
26
26
26
37.799
38.799
39.799
26
26
26
28.0711
28.4853
29.4853
30.8995
29.8995
29.4853
27
27
27
27
27
27
27
27
27
29.8995
30.3137
27
27
27
40.2132
41.2132
42.2132
43.2132
27
29.8995
30.8995
31.3137
28
28
28
28
28
28
28
28
28
28
28
28
28
28
28
28
28
28
28
28
28.4142
28.8284
29.2426
29.6569
30.0711
30.4853
30.8995
31.3137
31.7279
32.1421
32.5563
32.9706
33.3848
33.799
34.2132
34.6274
35.0416
28
28
28
31.3137
31.7279
28
28
43.6274
44.6274
45.6274
46.6274
47.6274
48.6274
28
31.3137
32.3137
32.7279
32.3137
29
36.0416
29
29
32.7279
29
49.0416
50.0416
51.0416
52.0416
53.0416
29
32.7279
33.7279
34.7279
33.7279
30
30
37.0416
37.0416
36.6274
36.2132
35.799
35.3848
34.9706
30
30
30
30
33.7279
30
30
30
30
53.4558
30
35.1421
35.1421
34.7279
31
35.9706
35.5563
35.1421
34.7279
34.3137
33.8995
31
31
31
31
31
34.7279
35.1421
36.1421
31
31
31
31
53.8701
54.8701
55.8701
56.8701
57.8701
58.8701
59.8701
60.8701
89.6985
90.6985
91.6985
92.6985
93.6985
94.6985
95.6985
96.6985
97.6985
98.6985
99.6985
100.698
101.698
102.698
103.698
104.698
105.698
106.698
107.698
108.698
109.698
110.698
111.698
112.698
113.698
114.698
114.426
31
35.5564
36.5564
36.5564
36.1421
32
34.8995
34.4853
34.0711
33.6569
33.2426
32.8284
32.4142
32
32
32
32
32
32
32
32
36.5564
37.5564
32
32
32
61.2843
62.2843
63.2843
64.2843
65.2843
66.2843
67.2843
68.2843
69.2843
70.2843
71.2843
72.2843
73.2843
74.2843
75.2843
76.2843
77.2843
78.2843
79.2843
80.2843
81.2843
82.2843
83.2843
84.2843
85.2843
86.2843
87.2843
88.2843
89.2843
114.012
113.012
112.012
111.012
110.012
109.012
33.4142
32.4142
32
36.9706
37.9706
38.9706
37.9706
37.5564
33
33
33
33
33
33
33
33
33
33
33
33
33
33
33
33
33
33
33
37.9706
38.9706
33
33
33
33
33
108.598
107.598
106.598
105.598
104.598
33.8284
38.3848
39.3848
41.3848
40.3848
39.3848
34
34
34
39.3848
40.3848
34
34
34
34
34
34
104.184
103.184
102.184
34.8284
39.799
40.799
41.799
42.799
43.799
42.799
41.799
35
35
35
35
40.799
35
35
35
35
35
35
101.77
100.77
99.7696
98.7696
35.8284
43.2132
44.2132
45.2132
46.2132
47.2132
46.2132
45.2132
44.2132
36
36
36
41.799
42.2132
43.2132
36
36.4142
36.8284
37.2426
37.6569
98.3554
97.3554
36.8284
47.6274
48.6274
49.6274
50.6274
51.6274
52.6274
50.6274
49.6274
48.6274
47.6274
46.6274
37
37
43.6274
44.6274
45.6274
38.6569
96.9412
95.9412
94.9412
94.5269
38.2426
37.8284
53.0416
54.0416
55.0416
56.0416
57.0416
58.0416
59.0416
60.0416
61.0416
62.0416
63.0416
64.0416
65.0416
66.0416
67.0416
68.0416
69.0416
70.0416
69.6985
69.2843
51.0416
38
38
38
46.0416
39.6569
40.0711
40.4853
93.5269
39.2426
68.2843
55.4559
54.4559
53.4559
52.4559
51.4559
39
39
39
39
39
46.4559
47.4559
48.4559
41.4853
41.8995
42.3137
42.7279
93.1127
92.1127
91.1127
40.2426
67.2843
65.8701
64.8701
63.8701
62.8701
61.8701
60.8701
59.8701
58.8701
57.8701
56.8701
55.8701
40
40
305.167
304.167
303.167
302.752
302.338
301.924
301.51
40
40
48.8701
49.8701
43.7279
44.1421
90.6985
89.6985
88.6985
41.6569
41.2426
66.8701
41
308.752
307.752
306.752
305.752
304.752
300.51
300.096
299.681
299.267
298.853
298.439
41
41
41
50.2843
51.2843
45.1421
45.5563
45.9706
88.2843
87.2843
86.2843
42.6569
42
42
310.338
309.338
308.338
297.439
297.024
296.61
296.196
295.782
42
42
51.6985
52.6985
46.9706
47.3848
85.8701
84.8701
44.0711
43.6569
43
43
43
310.924
309.924
294.782
294.368
293.953
43
43
53.1127
54.1127
55.1127
56.1127
48.3848
48.799
84.4559
83.4559
82.4559
81.4559
46.4853
45.4853
45.0711
44
44
310.51
292.953
292.539
292.125
291.711
44
44
44
56.5269
57.5269
49.799
81.0417
80.0417
47.8995
46.8995
45
45
312.096
311.096
310.096
290.711
290.297
289.882
45
45
45
57.9411
58.9411
59.9411
60.9411
50.799
51.2132
79.6274
78.6274
77.6274
76.6274
49.3137
48.3137
46
311.681
288.882
288.468
288.054
287.64
46
61.3554
62.3554
52.2132
76.2132
75.2132
74.2132
73.2132
72.799
52.7279
51.7279
50.7279
49.7279
47
47
311.267
286.64
47
47.4142
62.7696
53.2132
71.799
53.1422
48
48
48
48
310.853
285.64
285.225
284.811
284.397
284.811
48.4142
48.8284
49.2426
63.1838
64.1838
65.1838
66.1838
54.2132
71.3848
70.3848
69.3848
68.3848
57.5564
56.5564
55.5564
54.5564
53.5564
49
49
310.439
283.811
284.225
284.64
285.054
50.2426
50.6569
51.0711
66.598
67.598
55.2132
67.9706
66.9706
65.9706
64.9706
63.9706
62.9706
61.9706
60.9706
59.9706
58.9706
57.9706
50
50
310.024
284.054
284.468
284.882
285.297
285.711
286.125
286.539
52.0711
52.4853
52.8995
53.3137
68.0122
69.0122
70.0122
56.2132
51
51
51
51
309.61
285.539
285.953
286.368
286.782
287.196
287.61
288.024
54.3137
54.7279
55.1421
70.4264
71.4264
72.4264
73.4264
57.2132
58.0416
58.4559
58.8701
59.2843
59.6985
60.1127
60.5269
60.9411
61.3554
61.7696
62.1838
62.598
52
52
52
52
309.196
308.196
307.196
287.024
287.439
287.853
288.267
288.681
289.096
289.51
289.924
290.338
291.338
292.338
293.338
294.338
295.338
296.338
297.338
298.338
299.338
300.338
301.338
302.338
303.338
304.338
305.338
306.338
307.338
308.338
309.338
310.338
56.1421
56.5564
56.9706
57.3848
73.8407
74.8407
58.2132
88.5686
89.5686
90.5686
91.5686
92.5686
93.5686
94.5686
95.5686
96.5686
97.5686
98.5686
99.5686
100.569
57.799
58.2132
58.6274
59.0416
63.598
64.0122
64.4264
64.8407
65.2549
66.2549
53
53
306.782
305.782
309.924
310.924
311.924
312.924
313.924
314.924
315.924
316.924
317.924
318.924
319.924
58.3848
58.799
59.2132
75.2549
76.2549
77.2549
78.2549
59.6274
59.2132
85.9828
86.9828
87.9828
88.9828
100.983
101.983
102.983
103.983
104.983
105.983
106.983
57.9706
58.3848
58.799
66.6691
67.6691
68.6691
69.6691
70.6691
71.6691
54
305.368
319.51
320.51
321.51
322.51
323.51
324.51
60.2132
78.6691
79.6691
80.6691
60.6274
86.397
107.397
58.9706
72.0833
72.0833
55
55
55
304.953
303.953
324.096
61.2132
61.6274
62.0416
62.4559
81.0833
61.6274
82.8112
83.8112
84.8112
85.8112
86.8112
108.397
108.811
109.811
110.811
111.811
59.5564
59.9706
73.0833
73.4975
74.4975
75.4975
76.0833
75.0833
74.0833
73.0833
72.4975
56.4142
56
56
56
303.539
302.539
323.681
324.681
325.681
326.681
327.681
328.681
63.4559
63.8701
64.2843
64.6985
81.4975
82.4975
83.4975
84.4975
63.0416
62.6274
81.2254
82.2254
83.2254
112.225
113.225
114.225
115.225
116.225
60.5564
72.9117
58.6569
58.2426
57.8284
57.4142
302.125
301.125
300.125
299.125
328.267
329.267
330.267
331.267
332.267
65.6985
66.1127
66.5269
84.9117
85.9117
86.9117
64.4558
64.0416
80.6396
81.6396
116.64
117.64
117.284
116.284
60.7279
61.1421
61.5564
73.3259
60.4853
60.0711
59.6569
298.711
297.711
296.711
295.711
294.711
293.711
331.853
332.853
333.853
334.853
67.5269
67.9411
68.3554
68.7696
86.6985
85.6985
84.6985
83.6985
82.6985
67.8701
66.8701
65.8701
65.4558
80.0539
81.0539
116.699
115.699
114.699
113.699
112.699
61.7279
74.3259
62.7279
62.3137
61.8995
61.4853
293.297
292.297
291.297
290.297
289.297
288.297
287.297
286.297
285.297
284.297
283.297
282.297
281.297
334.439
335.439
336.439
337.439
338.439
69.7696
70.1838
70.598
71.0122
82.2843
81.2843
80.2843
79.2843
78.2843
77.2843
76.2843
75.2843
74.2843
73.2843
72.2843
71.2843
70.2843
69.2843
68.2843
79.4681
80.4681
113.113
112.113
111.113
110.113
109.113
62.3137
62.7279
75.3259
64.5564
64.1421
63.7279
280.882
279.882
278.882
277.882
338.024
339.024
340.024
72.0122
72.4264
72.8407
73.2549
79.0539
79.4681
79.8823
109.527
108.527
107.527
106.527
105.527
63.3137
76.3259
67.2132
66.799
66.3848
65.9706
65.5564
277.468
276.468
275.468
274.468
339.61
340.61
341.61
342.61
74.2549
74.6691
75.0833
75.4975
75.9117
79.6396
80.0539
105.941
104.941
103.941
102.941
101.941
64.3137
77.3259
69.4559
69.0416
68.6274
68.2132
274.054
273.054
272.054
271.64
342.196
343.196
344.196
76.9117
77.3259
77.7402
78.1544
78.5686
80.6396
102.355
101.355
100.355
99.3554
98.3554
97.3554
65.3137
78.3259
70.4559
270.64
343.782
344.782
345.782
346.782
347.782
79.5686
81.6396
97.7696
66.3137
79.3259
73.5269
73.1127
72.6985
72.2843
71.8701
71.4559
269.64
269.225
347.368
80.5686
80.9828
81.397
81.8112
82.8112
83.8112
82.6396
98.1838
97.1838
96.1838
95.1838
94.1838
93.1838
67.3137
80.3259
76.598
76.1838
75.7696
75.3554
74.9411
74.5269
190.953
191.953
192.953
193.953
194.953
195.953
196.953
197.953
198.953
199.953
200.953
201.953
202.953
203.953
204.953
205.953
206.953
207.953
268.225
267.811
346.953
347.953
348.953
349.953
84.2254
85.2254
86.2254
87.2254
88.2254
83.2254
83.6396
93.598
92.598
91.598
90.598
89.598
88.598
87.598
86.598
85.598
84.598
83.598
82.598
81.598
68.3137
68.7279
81.3259
80.9117
80.4975
80.0833
79.6691
79.2549
78.8407
78.4264
78.0122
77.598
186.539
187.539
188.539
189.539
190.539
207.539
208.539
209.539
210.539
266.811
349.539
350.539
351.539
88.6397
89.6397
89.1838
88.1838
87.1838
86.1838
85.1838
84.2254
82.0122
81.0122
80.0122
79.0122
78.0122
77.598
77.1838
76.7696
76.3554
75.9412
75.5269
75.1127
74.6985
74.2843
73.8701
73.4559
73.0417
72.6274
69.7279
182.125
183.125
184.125
185.125
186.125
210.125
211.125
212.125
265.811
265.397
351.125
352.125
353.125
354.125
85.598
84.598
83.598
82.598
81.598
85.2254
73.6274
73.2132
72.799
72.3848
71.9706
71.5564
71.1422
70.7279
70.3137
70.7279
179.711
180.711
181.711
211.711
212.711
213.711
214.711
264.397
353.711
354.711
355.711
356.711
357.711
82.0122
81.0122
80.0122
79.598
79.1838
86.2254
71.3137
70.8995
70.4853
70.0711
69.6569
69.2426
68.8284
71.7279
72.1421
73.1421
176.297
177.297
178.297
179.297
214.297
215.297
216.297
263.397
306.297
307.297
308.297
309.297
310.297
311.297
312.297
313.297
314.297
315.297
316.297
317.297
318.297
357.297
358.297
359.297
80.1838
79.7696
79.3553
78.9411
86.8112
87.2254
69.8284
69.4142
69
69
69
73.5564
74.5564
173.882
174.882
175.882
215.882
216.882
262.397
301.882
302.882
303.882
304.882
305.882
318.711
319.711
320.711
321.711
359.711
360.711
361.711
362.711
79.9411
79.5269
79.1127
78.6985
87.8112
70
70
70
70
70
74.9706
75.9706
172.468
173.468
216.468
217.468
218.468
219.468
261.397
297.468
298.468
299.468
300.468
301.468
322.125
323.125
324.125
363.125
364.125
365.125
79.6985
79.2843
78.8701
78.4558
88.8112
71
71
71
71
76.3848
77.3848
169.64
170.054
171.054
172.054
219.054
220.054
260.397
297.054
324.539
365.539
366.539
367.539
368.539
369.539
79.4558
89.8112
72
77.799
78.799
79.799
168.64
219.64
259.397
293.64
294.64
295.64
296.64
325.539
325.953
369.953
80.4558
80.0416
90.8112
73
73
73
80.2132
165.225
166.225
167.225
168.225
219.225
220.225
221.225
258.397
290.225
291.225
292.225
293.225
326.953
370.368
371.368
372.368
373.368
81.0416
80.6274
80.2132
91.8112
74
74
74
74
80.6274
81.6274
82.6274
163.811
164.811
220.811
221.811
256.983
257.397
286.811
287.811
288.811
289.811
327.953
328.368
328.782
373.782
374.782
375.782
376.782
377.782
81.2132
81.6274
82.0416
92.8112
93.2254
75
75
75.4142
83.0416
84.0416
161.397
162.397
163.397
221.397
222.397
223.397
255.983
283.397
284.397
285.397
286.397
329.782
378.196
379.196
380.196
83.0416
83.4558
94.2254
76.4142
76.8284
77.2426
84.4559
85.4559
86.4559
87.4559
88.4559
158.983
159.983
160.983
222.983
223.983
224.983
254.569
254.983
280.983
281.983
282.983
330.782
380.61
381.61
382.61
383.61
384.61
84.4558
84.8701
95.2254
78.2426
78.6569
79.0711
88.8701
89.8701
90.8701
91.8701
92.8701
156.569
157.569
158.569
224.569
225.569
226.569
253.569
279.569
280.569
331.782
385.024
386.024
387.024
85.8701
86.2843
86.6985
96.2254
80.0711
80.4853
93.2843
94.2843
95.2843
96.2843
97.2843
98.2843
99.2843
100.284
153.154
154.154
155.154
156.154
226.154
227.154
228.154
229.154
252.154
253.154
276.154
277.154
278.154
279.154
332.782
387.439
388.439
389.439
390.439
391.439
87.6985
88.1127
97.2254
81.4853
81.8995
82.3137
100.699
101.699
102.699
103.699
104.699
105.699
106.699
107.699
108.699
109.699
110.699
111.699
151.326
151.74
152.74
228.74
229.74
230.74
249.326
249.74
250.74
251.74
275.74
333.782
391.853
392.853
393.853
394.853
89.1127
98.2254
83.3137
112.113
150.326
230.326
248.326
272.326
273.326
274.326
275.326
334.782
395.267
90.1127
90.5269
99.2254
84.3137
84.7279
85.1421
112.527
146.912
147.912
148.912
149.912
229.912
230.912
231.912
232.912
233.912
244.912
245.912
246.912
247.912
270.912
271.912
335.782
395.681
396.681
397.681
91.5269
100.225
100.64
86.1421
86.5564
86.9706
112.941
144.498
145.498
146.498
233.498
234.498
235.498
236.498
237.498
238.498
239.498
240.498
241.498
242.498
243.498
244.498
269.497
270.497
338.196
337.196
336.782
398.096
399.096
400.096
401.096
92.5269
92.9411
101.64
87.9706
88.3848
113.355
141.083
142.083
143.083
144.083
268.083
269.083
338.61
401.51
402.51
403.51
404.51
93.9411
94.3553
94.7696
102.64
89.3848
89.799
113.77
136.669
137.669
138.669
139.669
140.669
265.669
266.669
267.669
340.024
339.61
404.924
405.924
406.924
95.7696
103.64
104.054
90.799
91.2132
114.184
132.255
133.255
134.255
135.255
136.255
264.255
265.255
341.439
341.024
407.338
408.338
409.338
410.338
96.7696
97.1838
105.054
92.2132
92.6274
93.0416
114.598
125.841
126.841
127.841
128.841
129.841
130.841
131.841
262.841
263.841
342.853
342.439
410.752
411.752
412.752
98.1838
106.054
94.0416
94.4559
115.012
116.426
117.426
118.426
119.426
120.426
121.426
122.426
123.426
124.426
125.426
261.426
262.426
345.267
344.267
343.853
413.167
414.167
415.167
416.167
99.1838
99.598
107.054
95.4559
95.8701
115.426
261.841
347.681
346.681
345.681
416.581
417.581
100.598
108.054
108.468
109.468
96.8701
176.255
177.255
178.255
179.255
180.255
181.255
182.255
183.255
184.255
185.255
186.255
187.255
188.255
189.255
190.255
191.255
192.255
193.255
194.255
195.255
196.255
197.255
198.255
199.255
262.255
348.096
417.995
101.598
109.882
97.8701
98.2843
171.669
172.669
173.669
174.669
175.669
176.669
199.669
200.669
201.669
202.669
203.669
204.669
260.669
261.669
262.669
352.51
351.51
350.51
349.51
348.51
418.409
419.409
420.409
421.409
102.598
110.882
99.2843
99.6985
100.113
168.083
169.083
170.083
171.083
172.083
205.083
206.083
207.083
208.083
209.083
260.083
261.083
355.924
354.924
353.924
352.924
421.823
422.823
103.598
104.012
111.882
101.113
101.527
164.498
165.498
166.498
167.498
168.498
209.498
210.498
211.498
260.497
358.338
357.338
356.338
423.238
424.238
105.012
112.882
102.527
102.941
160.912
161.912
162.912
163.912
164.912
211.912
212.912
213.912
214.912
259.912
260.912
361.752
360.752
359.752
358.752
353.581
353.995
354.409
354.823
355.238
355.652
356.652
357.652
358.652
359.652
360.652
361.652
362.652
363.652
364.652
365.652
366.652
424.652
425.652
426.652
427.652
106.012
113.882
114.297
103.941
158.326
159.326
160.326
161.326
215.326
216.326
217.326
260.326
364.167
363.167
362.167
352.51
352.924
353.338
353.752
354.167
354.581
367.066
368.066
369.066
370.066
371.066
372.066
428.066
429.066
107.012
107.426
107.841
115.297
104.941
105.355
105.77
154.74
155.74
156.74
157.74
158.74
217.74
218.74
219.74
260.74
366.581
365.581
364.581
352.267
352.681
353.096
353.51
372.48
373.48
374.48
375.48
429.48
430.48
108.841
116.297
106.77
107.184
155.154
220.154
261.154
368.995
367.995
366.995
353.267
375.895
430.895
431.895
109.841
117.297
108.184
152.569
153.569
154.569
155.569
221.154
221.569
222.569
259.569
260.569
261.569
369.409
353.439
353.853
354.267
376.895
377.309
378.309
379.309
432.309
110.841
118.297
109.184
109.598
150.983
151.983
152.983
222.983
223.983
259.983
370.823
369.823
354.024
354.439
379.723
380.723
381.723
432.723
433.723
434.723
111.841
119.297
110.598
147.397
148.397
149.397
150.397
151.397
224.397
225.397
226.397
260.397
373.238
372.238
371.238
353.782
354.196
354.61
355.024
382.137
383.137
435.137
436.137
112.841
120.297
111.598
112.012
144.811
145.811
146.811
147.811
226.811
227.811
259.811
260.811
374.652
373.652
355.196
354.782
383.551
384.551
385.551
436.551
113.841
114.255
121.297
113.012
113.426
113.841
144.225
145.225
228.225
229.225
260.225
375.066
357.024
356.61
356.196
385.966
386.966
436.966
437.966
115.255
122.297
114.841
141.64
142.64
143.64
144.64
229.64
230.64
231.64
260.64
376.48
375.48
358.439
358.024
387.38
388.38
438.38
439.38
440.38
116.255
123.297
123.711
115.841
116.255
141.054
142.054
232.054
233.054
261.054
377.895
376.895
359.853
359.439
388.794
389.794
390.794
440.794
117.255
124.711
117.255
139.468
140.468
141.468
233.468
260.468
261.468
378.309
360.853
391.208
392.208
415.208
416.208
417.208
418.208
419.208
420.208
421.208
422.208
423.208
424.208
441.208
442.208
118.255
125.711
118.255
118.669
139.882
234.468
260.882
380.723
379.723
378.723
361.853
392.622
415.622
424.622
442.622
119.255
126.711
119.669
138.297
139.297
140.297
235.468
235.882
261.297
381.137
363.267
362.853
393.622
394.037
414.037
415.037
416.037
425.622
426.037
427.037
443.037
120.255
127.711
120.669
137.711
138.711
236.882
261.711
381.551
365.096
364.681
364.267
395.037
412.451
413.451
414.451
427.451
428.451
429.451
443.451
444.451
121.255
121.669
128.711
121.669
122.083
122.498
138.125
237.882
238.297
262.125
381.966
366.096
396.037
396.451
411.865
412.865
429.865
430.865
444.865
122.669
129.711
123.498
137.539
138.539
239.297
262.539
383.38
382.38
367.51
367.096
397.451
411.279
412.279
431.279
432.279
445.279
446.279
123.669
130.711
124.498
135.953
136.953
137.953
240.297
240.711
241.125
262.953
383.794
368.51
398.451
409.694
410.694
411.694
432.694
446.694
124.669
131.711
125.498
136.368
242.125
263.368
384.208
369.51
399.451
399.865
400.279
410.108
433.694
434.108
447.108
125.669
132.711
126.498
126.912
135.782
136.782
243.125
262.782
263.782
385.622
384.622
370.924
370.51
401.279
410.522
435.108
447.522
448.522
449.522
126.669
133.711
127.912
136.782
244.125
263.196
386.037
371.924
402.279
410.936
436.108
449.936
127.669
134.711
128.912
137.782
245.125
263.61
386.451
372.924
403.279
410.35
411.35
437.108
437.522
437.936
450.35
128.669
135.711
129.912
138.782
246.125
246.539
264.024
386.865
373.924
404.279
410.765
438.936
450.765
129.669
136.711
130.912
139.782
247.539
264.439
387.279
374.924
405.279
405.694
411.179
439.936
451.179
130.669
137.711
131.912
140.368
140.782
248.539
264.853
387.694
375.924
406.694
411.593
440.936
451.593
131.669
138.711
132.912
141.368
249.539
265.267
388.108
377.338
376.924
407.694
412.007
441.936
452.007
132.669
139.711
133.912
139.054
139.468
139.882
140.297
140.711
141.125
141.539
141.953
142.368
250.539
250.953
251.368
251.782
252.196
252.61
253.024
253.439
253.853
254.267
254.681
255.681
256.681
257.681
258.681
259.681
260.681
261.681
262.681
263.681
264.681
265.681
389.108
388.694
388.279
387.865
387.451
387.037
386.622
386.208
385.794
385.38
384.966
384.551
384.137
383.723
383.309
382.895
382.48
382.066
381.652
381.238
380.823
380.409
379.995
379.581
379.167
378.752
378.338
408.694
409.108
409.522
409.936
410.35
410.765
411.179
411.593
412.007
412.421
442.936
443.35
443.765
444.179
444.593
445.007
445.421
446.421
447.421
448.421
449.421
450.421
451.421
452.421
133.669
134.083
134.497
134.912
135.326
135.74
136.154
136.569
136.983
137.397
137.811
138.225
138.64
139.054
139.468
139.882
140.297
140.711
134.912
135.326
135.74
136.154
136.569
136.983
137.397
137.811
138.225
138.64
