170.154
170.569
170.983
171.397
171.811
172.225
172.64
173.054
173.468
173.882
174.297
174.711
175.125
175.539
175.953
176.368
176.782
177.196
177.61
178.024
178.439
178.853
179.267
180.267
181.267
182.267
183.267
184.267
185.267
186.267
187.267
188.267
220.368
220.782
221.196
221.61
222.024
222.439
222.853
223.267
223.681
224.096
224.51
225.51
226.51
227.51
228.51
229.51
184.238
183.823
183.409
182.995
182.581
182.167
181.752
181.338
180.924
180.51
180.096
179.681
179.267
178.853
178.439
178.024
177.61
177.196
176.782
176.368
175.953
175.539
175.125
169.154
187.853
219.368
229.096
183.238
174.125
168.154
187.439
218.368
228.681
182.238
173.125
166.74
167.154
187.024
216.953
217.368
228.267
181.238
172.125
165.74
185.61
186.61
215.953
227.853
180.238
171.125
164.326
164.74
185.196
214.953
227.439
179.238
170.125
163.326
184.782
213.953
227.024
178.238
169.125
161.498
161.912
162.326
184.368
212.953
226.61
177.238
168.125
159.669
160.083
160.498
183.953
211.953
226.196
176.238
167.125
166.711
157.012
157.426
157.841
158.255
158.669
182.539
183.539
210.539
210.953
225.782
175.238
165.711
156.012
182.125
209.539
225.368
174.238
164.711
155.012
181.711
208.125
208.539
224.953
225.953
173.238
163.711
163.297
162.882
154.012
179.297
180.297
181.297
207.125
225.539
172.238
161.882
153.012
178.882
205.297
205.711
206.125
225.125
171.238
160.882
160.468
152.012
178.468
204.297
224.711
170.238
159.468
151.012
177.054
178.054
203.297
224.297
169.238
158.468
150.012
175.64
176.64
201.882
202.882
223.882
224.882
168.238
157.468
157.054
149.012
175.225
200.468
201.468
224.468
167.823
156.054
148.012
172.811
173.811
174.811
198.054
199.054
200.054
224.054
225.054
226.054
167.409
155.054
154.64
147.012
171.397
172.397
196.64
197.64
225.64
166.995
153.64
153.225
152.811
146.012
169.983
170.983
195.225
196.225
225.225
166.581
165.581
151.811
151.397
145.012
168.569
169.569
191.811
192.811
193.811
194.811
224.811
225.581
165.167
150.397
149.983
144.012
168.154
189.983
190.397
191.397
224.581
224.167
164.752
148.983
148.569
148.154
147.74
143.012
165.74
166.74
167.74
188.983
223.167
164.338
146.74
142.012
164.326
165.326
152.569
153.569
154.569
155.569
156.569
184.569
185.569
186.569
187.569
188.569
222.167
163.924
145.74
145.326
141.012
162.912
163.912
139.154
140.154
141.154
142.154
143.154
144.154
145.154
146.154
147.154
148.154
149.154
150.154
151.154
152.154
156.154
157.154
158.154
159.154
160.154
161.154
162.154
163.154
164.154
165.154
166.154
167.154
168.154
169.154
170.154
171.154
172.154
173.154
174.154
175.154
176.154
177.154
178.154
179.154
180.154
181.154
182.154
183.154
184.154
221.752
220.752
163.51
162.51
161.51
144.326
143.912
143.498
143.083
142.669
140.012
159.498
160.498
161.498
162.498
128.74
129.74
130.74
131.74
132.74
133.74
134.74
135.74
136.74
137.74
138.74
220.338
219.338
218.338
161.096
141.669
141.255
140.841
140.426
140.012
139.598
157.083
158.083
159.083
110.326
111.326
112.326
113.326
114.326
115.326
116.326
117.326
118.326
119.326
120.326
121.326
122.326
123.326
124.326
125.326
126.326
127.326
128.326
217.924
216.924
160.681
153.669
154.669
155.669
156.669
101.941
102.355
102.77
103.184
103.598
104.012
104.426
104.841
105.255
105.669
106.083
106.498
106.912
107.912
108.912
109.912
216.51
215.51
160.267
159.267
151.255
152.255
153.255
98.0417
98.4559
98.8701
99.2843
99.6985
100.113
100.527
100.941
215.096
214.096
158.853
157.853
150.841
95.799
96.2132
96.6274
97.0417
213.681
212.681
212.267
157.439
144.426
145.426
146.426
147.426
148.426
149.426
150.426
94.799
211.267
157.024
134.012
135.012
136.012
137.012
138.012
139.012
140.012
141.012
142.012
143.012
144.012
92.1422
92.5564
92.9706
93.3848
93.799
210.853
209.853
156.61
155.61
133.598
89.8995
90.3137
90.7279
91.1422
209.439
208.439
207.439
206.439
155.196
154.196
153.196
132.598
88.0711
88.4853
88.8995
206.024
205.024
130.024
129.024
128.024
127.024
126.024
152.782
151.782
131.598
85.8284
86.2426
86.6569
87.0711
204.61
203.61
202.61
133.61
132.61
131.61
130.61
129.61
125.61
124.61
123.61
122.61
121.61
151.368
150.368
130.598
84
84.4142
84.8284
202.196
201.196
200.196
199.196
198.196
136.196
135.196
134.196
133.196
121.196
120.196
119.196
149.953
148.953
147.953
129.598
83
83
83
197.782
196.782
195.782
194.782
136.782
135.782
118.782
117.782
116.782
115.782
147.539
146.539
145.539
128.598
82.8284
82.4142
82
130.77
131.77
132.77
133.77
134.77
135.77
136.77
137.77
138.77
139.77
140.77
141.77
194.368
193.368
192.368
191.368
190.368
137.368
136.368
115.368
114.368
113.368
145.125
144.125
143.125
142.125
127.598
82.6569
82.2426
81.8284
130.355
142.184
189.953
188.953
187.953
187.539
136.953
112.953
111.953
111.539
141.711
126.598
81.6569
126.941
127.941
128.941
129.941
143.184
143.598
144.598
145.598
146.598
186.539
136.539
110.539
141.297
140.297
139.297
125.598
81.4853
81.0711
80.6569
125.527
126.527
147.012
148.012
149.012
150.012
151.012
152.012
186.125
185.125
184.125
183.125
137.125
136.125
110.125
109.125
108.125
138.882
137.882
136.882
135.882
124.598
80.8995
80.4853
124.113
125.113
152.426
153.426
154.426
155.426
156.426
182.711
181.711
180.711
179.711
138.711
137.711
136.711
107.711
106.711
105.711
104.711
135.468
134.468
123.598
80.7279
80.3137
79.8995
123.699
156.841
157.841
158.841
159.841
160.841
161.841
162.841
163.841
179.297
178.297
177.297
138.297
104.297
103.297
102.297
134.054
133.054
132.054
131.054
122.598
80.5564
80.1421
79.7279
121.284
122.284
123.284
164.255
165.255
166.255
167.255
168.255
169.255
170.255
171.255
172.255
173.255
174.255
175.255
176.255
177.255
178.255
179.255
180.255
181.255
182.255
183.255
184.255
185.255
176.882
175.882
174.882
173.882
138.882
137.882
101.882
100.882
99.8823
98.8823
130.64
129.64
121.598
79.9706
79.5564
120.87
185.669
186.669
187.669
188.669
189.669
190.669
191.669
192.669
193.669
194.669
195.669
196.669
197.669
198.669
199.669
200.669
201.669
202.669
203.669
173.468
172.468
171.468
139.468
138.468
98.4681
97.4681
96.4681
95.4681
129.225
128.225
120.598
80.2132
79.799
79.3848
78.9706
120.456
204.083
205.083
206.083
207.083
208.083
209.083
210.083
211.083
212.083
213.083
171.054
170.054
169.054
168.64
139.054
95.0539
94.0539
93.0539
92.6397
92.2255
91.8112
127.811
126.811
119.598
79.6274
79.2132
120.042
213.498
167.64
167.225
139.64
138.64
90.8112
90.397
89.9828
89.5686
126.397
118.598
78.6274
119.627
214.498
214.912
215.912
216.912
217.912
217.225
216.225
166.225
139.225
88.5686
125.983
124.983
123.983
117.598
78.4559
78.0416
77.6274
119.213
215.811
214.811
213.811
212.811
211.811
210.811
165.811
164.811
163.811
162.811
140.811
139.811
138.811
87.5686
87.1544
86.7402
86.326
85.9117
85.4975
85.0833
84.6691
123.569
122.569
116.598
78.2843
77.8701
77.4559
118.799
210.397
209.397
208.397
207.397
206.397
205.397
162.397
161.397
160.397
141.397
140.397
83.6691
83.2549
82.8407
82.4264
82.0122
81.598
81.1838
80.7696
80.3554
122.154
115.598
77.6985
77.2843
118.385
119.385
120.385
204.983
203.983
202.983
201.983
200.983
159.983
158.983
157.983
156.983
143.983
142.983
141.983
140.983
79.3554
78.9412
78.5269
78.1127
77.6985
77.2843
76.8701
121.74
120.74
114.598
77.9412
77.5269
77.1127
76.6985
119.971
200.569
199.569
198.569
197.569
156.569
155.569
154.569
153.569
152.569
151.569
148.569
147.569
146.569
145.569
144.569
143.569
75.8701
75.4559
75.0416
74.6274
74.2132
73.799
73.3848
120.326
113.598
78.1838
77.7696
77.3554
76.9412
119.556
120.556
197.154
196.154
195.154
194.154
151.154
150.154
149.154
148.154
72.3848
71.9706
71.5564
71.1421
70.7279
70.3137
69.8995
69.4853
119.912
112.598
77.598
77.1838
120.142
121.142
193.74
192.74
191.74
190.74
68.4853
68.0711
67.6569
67.2426
66.8284
66.4142
119.498
111.598
77.4264
77.0122
76.598
120.728
190.326
189.326
188.326
187.326
186.326
65.4142
65
65
65
65
65
119.083
118.083
117.083
110.598
77.6691
77.2549
76.8407
76.4264
120.314
121.314
185.912
64
64
64
64
64
64
116.669
109.598
77.2549
68.8995
69.8995
70.8995
71.8995
72.8995
73.8995
74.8995
75.8995
76.8995
77.8995
78.8995
79.8995
80.8995
81.8995
82.8995
120.9
185.498
184.498
183.498
63
116.255
108.598
80.8407
79.8407
78.8407
77.8407
76.8407
66.4853
67.4853
68.4853
83.3137
84.3137
85.3137
86.3137
87.3137
121.314
122.314
123.314
183.083
182.083
181.083
180.083
62
62
62
62
62
62.4142
62.8284
63.2426
63.6569
115.841
107.598
82.4264
81.4264
80.4264
63.0711
64.0711
65.0711
66.0711
87.7279
88.7279
89.7279
123.728
124.728
179.669
178.669
177.669
176.669
175.669
62.6569
63.0711
63.4853
63.8995
64.3137
64.7279
65.1422
65.5564
65.9706
66.3848
66.799
67.2132
67.6274
115.426
106.598
86.0122
85.0122
84.0122
83.0122
82.0122
61.6569
62.6569
90.1422
91.1422
92.1422
93.1422
125.142
126.142
175.255
174.255
173.255
66.6274
67.0417
67.4559
67.8701
68.2843
69.2843
70.2843
71.2843
72.2843
73.2843
74.2843
75.2843
76.2843
77.2843
78.2843
79.2843
80.2843
81.2843
82.2843
83.2843
84.2843
85.2843
86.2843
87.2843
88.2843
89.2843
115.012
105.598
92.598
91.598
90.598
89.598
88.598
87.598
86.598
85.598
59.8284
60.2426
61.2426
93.5564
94.5564
126.556
172.841
171.841
170.841
169.841
168.841
88.8701
89.8701
90.8701
91.8701
92.8701
93.8701
94.8701
95.8701
114.598
113.598
104.598
103.184
102.184
101.184
100.184
99.1838
98.1838
97.1838
96.1838
95.1838
94.1838
93.1838
92.1838
58.8284
94.9706
95.9706
126.971
127.971
128.971
168.426
167.426
166.426
165.426
164.426
163.426
95.4559
96.4559
97.4559
98.4559
97.8112
96.8112
113.184
104.184
57.4142
57.8284
96.3848
97.3848
98.3848
99.3848
129.385
163.012
162.012
161.012
160.012
159.012
158.012
96.397
95.397
94.397
93.397
92.397
112.77
111.77
56.4142
99.799
100.799
129.799
157.598
156.598
155.598
154.598
153.598
152.598
151.598
150.598
149.598
91.9828
90.9828
89.9828
88.9828
87.9828
111.355
55.4142
101.213
130.213
61.2132
61.6274
62.0416
62.4559
62.8701
63.2843
63.6985
64.1127
64.5269
64.9411
65.3554
65.7696
66.1838
66.598
67.0122
67.4264
67.8407
68.2549
68.6691
69.0833
69.4975
70.4975
71.4975
72.4975
73.4975
74.4975
75.4975
76.4975
149.184
87.5686
86.5686
85.5686
84.5686
84.1544
110.941
54
54.4142
102.213
102.627
130.627
60.2132
76.0833
148.77
147.77
146.77
145.77
144.77
143.77
142.77
141.77
140.77
139.77
138.77
83.1544
110.527
109.527
53
103.627
104.042
105.042
131.042
55.8995
56.3137
56.7279
57.1421
57.5564
57.9706
58.3848
58.799
59.2132
75.6691
76.6691
77.6691
78.6691
79.6691
80.6691
81.6691
82.6691
138.355
137.355
136.355
135.355
134.355
133.355
132.355
131.355
130.355
82.7402
81.7402
80.7402
109.113
108.113
107.113
52
105.456
106.456
131.456
53.2426
53.6569
54.0711
54.4853
54.8995
82.2549
83.2549
84.2549
85.2549
86.2549
87.2549
88.2549
88.7402
129.941
128.941
127.941
126.941
125.941
124.941
123.941
122.941
80.3259
79.3259
78.3259
77.3259
76.3259
106.699
105.699
100.284
51
106.87
107.87
108.87
109.87
129.87
130.87
131.87
51
51
51.4142
51.8284
52.2426
88.3259
87.3259
86.3259
85.3259
84.3259
83.3259
82.3259
122.527
121.527
120.527
119.527
118.527
117.527
116.527
115.527
75.9117
74.9117
73.9117
72.9117
105.284
104.284
103.284
102.284
101.284
99.8701
50
110.284
111.284
129.284
130.284
50
50
50
50
50
81.9117
80.9117
79.9117
78.9117
77.9117
76.9117
115.113
114.113
113.113
112.113
111.113
110.113
109.113
108.113
107.113
72.4975
71.4975
70.4975
99.4559
49
111.699
112.699
113.699
128.699
129.699
49
49
49
76.4975
75.4975
74.4975
73.4975
72.4975
71.4975
106.699
105.699
104.699
103.699
102.699
101.699
100.699
99.6985
98.6985
97.6985
96.6985
95.6985
94.6985
93.6985
92.6985
91.6985
90.6985
89.6985
88.6985
87.6985
86.6985
85.6985
84.6985
83.6985
82.6985
81.6985
80.6985
79.6985
78.6985
77.6985
76.6985
70.0833
69.0833
68.0833
99.0416
48
114.113
115.113
116.113
117.113
127.113
128.113
129.113
48
48
48
48
71.0833
70.0833
69.0833
68.0833
67.0833
76.2843
75.2843
74.2843
73.2843
72.2843
71.2843
70.2843
69.2843
68.2843
67.2843
66.2843
57.3137
58.3137
59.3137
67.6691
66.6691
65.6691
98.6274
47
117.527
127.527
47
47
66.6691
65.6691
64.6691
63.6691
62.6691
62.2549
65.8701
56.8995
59.7279
65.2549
64.2549
63.2549
62.8406
98.2132
46
118.527
118.941
119.941
120.941
121.941
122.941
123.941
124.941
125.941
126.941
127.941
46
61.2549
65.4559
64.4559
63.4559
62.4559
61.4559
60.4559
59.4559
49.4853
50.4853
51.4853
52.4853
53.4853
54.4853
55.4853
56.4853
60.7279
61.1422
62.1422
63.1422
64.1422
65.1422
66.1422
67.1422
61.8406
97.799
45
45
45
45
45
60.8406
59.8406
58.8406
57.8406
57.4264
59.0416
58.0416
57.0416
47.0711
48.0711
49.0711
67.5564
68.5564
69.5564
70.5564
61.4264
60.4264
59.4264
97.3848
44
44
44
56.4264
56.0122
55.598
55.1838
56.6274
55.6274
54.6274
53.6274
45.6569
46.6569
70.9706
71.9706
72.9706
73.9706
59.0122
58.0122
57.0122
96.9706
43
43
43
43
54.1838
53.7696
53.3554
52.9411
53.2132
52.2132
51.2132
43.8284
44.2426
45.2426
74.3848
75.3848
76.3848
56.598
55.598
54.598
96.5564
95.5564
94.5564
93.5564
92.5564
91.5564
90.5564
89.5564
88.5564
87.5564
86.5564
85.5564
84.5564
83.5564
82.5564
81.5564
80.5564
79.5564
78.5564
77.5564
76.5564
75.5564
74.5564
73.5564
72.5564
71.5564
70.5564
69.5564
68.5564
67.5564
66.5564
65.5564
64.5564
63.5564
62.5564
61.5564
60.5564
59.5564
58.5564
57.5564
56.5564
42
42
42
51.9411
51.5269
51.1127
50.6985
50.799
49.799
48.799
47.799
42.4142
42.8284
76.799
77.799
78.799
54.1838
53.1838
52.7696
52.3554
56.1421
55.1421
54.1421
53.1421
52.1421
51.1421
50.1421
41
41
41
41
41
61.6985
62.6985
63.6985
64.6985
65.6985
66.6985
67.6985
68.6985
69.6985
70.6985
71.6985
72.6985
73.6985
74.6985
75.6985
76.6985
77.6985
78.6985
79.6985
80.6985
81.6985
82.6985
49.6985
49.2843
48.8701
48.4558
48.0416
47.3848
46.3848
41.4142
79.2132
80.2132
81.2132
51.3554
50.9411
50.5269
49.7279
48.7279
47.7279
46.7279
45.7279
40
40
40
40
40
54.2843
55.2843
56.2843
57.2843
58.2843
59.2843
60.2843
61.2843
83.1127
84.1127
83.7696
82.7696
81.7696
80.7696
79.7696
78.7696
47.0416
46.6274
46.2132
45.9706
44.9706
40
40.4142
81.6274
82.6274
83.6274
49.5269
49.1127
48.6985
48.2843
45.3137
44.3137
43.3137
39
39
39
39
50.8701
51.8701
52.8701
53.8701
78.3554
77.3554
76.3554
75.3554
74.3554
73.3554
45.2132
44.799
44.3848
43.9706
44.5564
43.5564
43.1421
39
84.0417
85.0417
86.0417
47.2843
46.8701
46.4558
42.8995
38
38
38
50.4559
72.9411
42.9706
42.5563
42.1421
41.7279
42.1421
38
86.4559
45.4558
45.0416
44.6274
44.2132
42.4853
41.4853
40.4853
39.4853
37
37
47.0416
48.0416
49.0416
50.0416
72.5269
71.5269
70.5269
69.5269
68.5269
67.5269
40.7279
41.1421
40.7279
37
87.4559
87.8701
43.2132
39.0711
38.0711
36
36
36
36
36
43.6274
44.6274
45.6274
46.6274
67.1127
66.1127
65.1127
64.1127
63.1127
39.7279
39.3137
38.8995
39.7279
39.3137
36
88.8701
89.2843
90.2843
42.2132
41.799
41.3848
40.9706
40.5563
37.6569
36.6569
35
35
35
35
35
42.2132
43.2132
62.6985
61.6985
60.6985
37.8995
37.4853
38.3137
37.8995
35
90.6985
91.6985
92.6985
39.5563
39.1421
38.7279
38.3137
37.8995
37.4853
37.0711
36.6569
36.2426
35.2426
34.8284
34
34
34
34
39.799
40.799
41.799
60.2843
59.2843
58.2843
57.2843
56.2843
36.4853
36.0711
35.6569
35.2426
36.8995
34
93.1127
94.1127
35.6569
35.2426
34.8284
34.4142
33.8284
33
33
33
33
33
33
37.9706
38.3848
39.3848
55.8701
54.8701
53.8701
52.8701
51.8701
34.2426
33.8284
33.4142
36.4853
35.4853
35.0711
33
94.4558
93.4558
92.4558
91.4558
33.4142
32.8284
32.4142
32
32
32
32
32
32
36.5564
36.9706
51.4558
50.4558
49.4558
32.4142
32
32
32
34.0711
32
91.0416
90.0416
32.4142
31.4142
31
31
31
31
31
31
35.1421
35.5564
49.0416
48.0416
47.0416
46.0416
45.0416
31
31
31
31
31
33.0711
32.6569
31
31
89.6274
88.6274
87.6274
31.4142
30.4142
30
30
30
30
30
30
34.1421
44.6274
30
30
30
31.6569
30
87.2132
30.4142
29.4142
29
29
29
32.3137
32.7279
33.7279
44.2132
43.2132
42.2132
41.2132
29
30.6569
29
86.799
85.799
84.799
29.4142
28
28
28
28
28
28
28
30.8995
31.3137
40.799
39.799
38.799
28
28
28
28
28
29.6569
29.2426
28
28
84.3848
83.3848
82.3848
81.3848
28.4142
27
27
27
27
27
27
27
29.4853
29.8995
38.3848
37.3848
36.3848
35.3848
27
27
27
27
28.2426
27
27
27
80.9706
79.9706
27.4142
26
26
26
26
26
26
26
26
28.4853
34.9706
33.9706
32.9706
26
26
26
26
26
26
27.2426
26
26
79.5563
78.5563
77.5563
76.5563
26.4142
25
25
25
25
25
27.0711
28.0711
32.5563
31.5563
30.5563
25
25
25
25
25
25
25
26.2426
25.8284
25
25
76.1421
75.1421
74.1421
25.4142
24
24
24
24
24
24
25.2426
25.6569
26.6569
24
24
24
24
24
24
24
24
24
24
24
24
24
24
24
24
24
30.1421
29.1421
28.1421
24
24
24
24
24
24
24
24
24
24
24.8284
24
24
73.7279
72.7279
71.7279
70.7279
24.4142
23
23
23
23
24.2426
23
23
23
23
23
23
23
23
23
23
23
27.7279
26.7279
26.3137
23
23
23
23
23
23
23
23
23
23
23
23.8284
23
23
23
23
23
70.3137
69.3137
68.3137
67.3137
23.4142
22
22
22
22
22.8284
23.2426
22
22
22
22
22
22
22
22
22
25.3137
24.8995
22
22
22
22
22
22
22
22
22.8284
22
22
22
22
22
66.8995
65.8995
64.8995
63.8995
62.8995
22.4142
21
21
21
21
21
21
21
21
21
21
21
21
21
21
21
21.8284
21
21
21
21
21
21
21
23.8995
21
21
21
21
21
21.8284
21
21
21
21
21
21
62.4853
21.4142
20
20
20
20
20.8284
20
20
23.4853
22.4853
20
20.8284
20
62.0711
61.0711
60.0711
59.0711
58.0711
19
19
19
19
19
19
19
19
19
19
19
19
19
19
19.4142
19.8284
19
19
19
19
19
22.0711
21.0711
19
19
19
19.8284
19
19
19
19
19
19
57.6569
56.6569
55.6569
54.6569
53.6569
52.6569
18
18
18
18
18
18
18
18
18
18
18
18.4142
18
18
18
18
18
20.6569
19.6569
19.2426
18
18
18
18
19.4142
18.4142
18
18
18
18
18
18
52.2426
51.2426
50.2426
49.2426
48.2426
47.2426
46.2426
45.2426
44.2426
17
17
17
17
17
17
17
17
17.4142
17
17
17
17
18.2426
17
17
17
17
17
17
17
43.8284
42.8284
41.8284
40.8284
39.8284
38.8284
37.8284
36.8284
35.8284
34.8284
33.8284
32.8284
31.8284
30.8284
16
16
16
16
16
16
16
16
16
16
16
16
16.4142
16
16
16
16
17.2426
16.8284
16
16
16
16
16
30.4142
29.4142
28.4142
27.4142
26.4142
25.4142
24.4142
23.4142
22.4142
21.4142
20.4142
19.4142
18.4142
17.4142
16.4142
15
15
15
15
15
15
15
15
15
15
15
15
15
15
15
15
15.8284
15
15
15
15
15
15
14
14
14
14
14
14
14
14
14
14
14
14
14
14
14
14
14
14.8284
14.4142
14
14
14
14
14
13
13
13
13
13
13
13
13
13
13
13
13
13
13
13
13
13
13
13
13.4142
13
13
13
13
13
12
12
12
12
12
12
12
12
12.4142
12
12
12
11
11
11
11
11
11
11
11
11
11
11
11
11
11
11
11
11
11.4142
11
11
11
10
10
10
10
10
10
10
10
10.4142
10
10
10
10
10
9
9
9
9
9
9
9.41421
9
9
9
8
8
8
8
8
8
8.41421
8
8
8
8
7
7
7
7
7
7
7
7
7
7
6
6
6
6
6
6
6
6
6
6
6
6
6
6
6
6
6
6
6
6
6
6
6
6
6
6
6
6
6
6
6
6
6
6
6
6
6
6
6
6
6
6
6
6
6
6
6
6
6
6
6
6
6
6
6
6
6
6
6
6
6
6
6
6
6
6
6
6
6
6
6
6
6
6
6
6
6
6
6
6
6
6
6
6
6
6
6
6
6
6
6
6
6
6
6
6
6
6
6
6
6
6
6
6
6
6
6
6
6
6
6
6
6
6
6
6
6
6
6
6
6
6
6
6
6
6
6
6
6
6
6
6
6
6
6
6
6
6
6
6
6
6
6
6
6
6
6
6
6
6
6
6
6
6
6
6
6
6
6
6
6
6
6
6
6
6
6
6
6
6
6
6
6
6
6
6
6
6
6
6
6
6
6
6
6
6
6
6
6
6
6
6
6
6
6
6
6
6
6
6
6
