1.15878
1.15533
1.15188
1.14843
1.14498
1.14152
1.13807
1.13462
1.13117
1.12772
1.12426
1.12081
1.11736
1.11391
1.11046
1.10701
1.10355
1.1001
1.09665
1.0932
1.08975
1.08629
1.08284
1.16012
1.15664
1.15316
1.14967
1.14619
1.14271
1.13923
1.13575
1.13227
1.12879
1.12531
1.12183
1.11835
1.11487
1.11139
1.1079
1.10442
1.10094
1.09746
1.09398
1.0905
1.08702
1.08354
1.16147
1.15796
1.15445
1.15094
1.14743
1.14392
1.14041
1.1369
1.13339
1.12988
1.12637
1.12286
1.11935
1.11584
1.11233
1.10882
1.10531
1.1018
1.09829
1.09478
1.09127
1.08776
1.08425
1.16285
1.15931
1.15577
1.15223
1.14869
1.14515
1.14161
1.13807
1.13453
1.13099
1.12745
1.12391
1.12037
1.11683
1.11329
1.10975
1.10621
1.10267
1.09913
1.09559
1.09205
1.08851
1.08497
1.16426
1.16069
1.15712
1.15355
1.14997
1.1464
1.14283
1.13926
1.13569
1.13212
1.12855
1.12498
1.12141
1.11784
1.11427
1.1107
1.10712
1.10355
1.09998
1.09641
1.09284
1.08927
1.0857
1.16569
1.16208
1.15848
1.15488
1.15128
1.14768
1.14407
1.14047
1.13687
1.13327
1.12967
1.12607
1.12246
1.11886
1.11526
1.11166
1.10806
1.10445
1.10085
1.09725
1.09365
1.09005
1.08644
1.16714
1.16351
1.15987
1.15624
1.15261
1.14897
1.14534
1.14171
1.13807
1.13444
1.1308
1.12717
1.12354
1.1199
1.11627
1.11264
1.109
1.10537
1.10174
1.0981
1.09447
1.09084
1.0872
1.16862
1.16495
1.16129
1.15762
1.15396
1.15029
1.14662
1.14296
1.13929
1.13563
1.13196
1.1283
1.12463
1.12097
1.1173
1.11363
1.10997
1.1063
1.10264
1.09897
1.09531
1.09164
1.08797
1.17012
1.16643
1.16273
1.15903
1.15533
1.15163
1.14793
1.14424
1.14054
1.13684
1.13314
1.12944
1.12574
1.12205
1.11835
1.11465
1.11095
1.10725
1.10355
1.09986
1.09616
1.09246
1.08876
1.08506
1.17539
1.17166
1.16793
1.16419
1.16046
1.15673
1.153
1.14927
1.14554
1.1418
1.13807
1.13434
1.13061
1.12688
1.12315
1.11941
1.11568
1.11195
1.10822
1.10449
1.10076
1.09702
1.09329
1.08956
1.08583
1.17698
1.17322
1.16945
1.16569
1.16192
1.15815
1.15439
1.15062
1.14686
1.14309
1.13933
1.13556
1.1318
1.12803
1.12426
1.1205
1.11673
1.11297
1.1092
1.10544
1.10167
1.09791
1.09414
1.09037
1.08661
1.17861
1.17481
1.17101
1.16721
1.16341
1.15961
1.15581
1.15201
1.14821
1.14441
1.14061
1.1368
1.133
1.1292
1.1254
1.1216
1.1178
1.114
1.1102
1.1064
1.1026
1.0988
1.095
1.0912
1.0874
1.1841
1.18026
1.17642
1.17259
1.16875
1.16492
1.16108
1.15725
1.15341
1.14958
1.14574
1.14191
1.13807
1.13424
1.1304
1.12657
1.12273
1.1189
1.11506
1.11122
1.10739
1.10355
1.09972
1.09588
1.09205
1.08821
1.18582
1.18194
1.17807
1.1742
1.17033
1.16646
1.16259
1.15872
1.15485
1.15098
1.1471
1.14323
1.13936
1.13549
1.13162
1.12775
1.12388
1.12001
1.11614
1.11226
1.10839
1.10452
1.10065
1.09678
1.09291
1.08904
1.08517
1.08129
1.18757
1.18366
1.17975
1.17585
1.17194
1.16803
1.16412
1.16022
1.15631
1.1524
1.14849
1.14458
1.14068
1.13677
1.13286
1.12895
1.12505
1.12114
1.11723
1.11332
1.10942
1.10551
1.1016
1.09769
1.09378
1.08988
1.08597
1.08206
1.19725
1.1933
1.18936
1.18541
1.18147
1.17752
1.17358
1.16963
1.16569
1.16174
1.1578
1.15385
1.14991
1.14596
1.14202
1.13807
1.13413
1.13018
1.12624
1.12229
1.11835
1.1144
1.11046
1.10651
1.10257
1.09862
1.09468
1.09073
1.08679
1.08284
1.19914
1.19516
1.19118
1.18719
1.18321
1.17923
1.17524
1.17126
1.16728
1.1633
1.15931
1.15533
1.15135
1.14736
1.14338
1.1394
1.13542
1.13143
1.12745
1.12347
1.11949
1.1155
1.11152
1.10754
1.10355
1.09957
1.09559
1.09161
1.08762
1.08364
1.2051
1.20108
1.19705
1.19303
1.18901
1.18499
1.18097
1.17695
1.17292
1.1689
1.16488
1.16086
1.15684
1.15282
1.1488
1.14477
1.14075
1.13673
1.13271
1.12869
1.12467
1.12065
1.11662
1.1126
1.10858
1.10456
1.10054
1.09652
1.09249
1.08847
1.08445
1.21117
1.20711
1.20305
1.19899
1.19492
1.19086
1.1868
1.18274
1.17868
1.17462
1.17056
1.1665
1.16244
1.15838
1.15432
1.15025
1.14619
1.14213
1.13807
1.13401
1.12995
1.12589
1.12183
1.11777
1.11371
1.10965
1.10558
1.10152
1.09746
1.0934
1.08934
1.08528
1.08122
1.22726
1.21736
1.21326
1.20916
1.20506
1.20096
1.19685
1.19275
1.18865
1.18455
1.18045
1.17635
1.17225
1.16815
1.16405
1.15994
1.15584
1.15174
1.14764
1.14354
1.13944
1.13534
1.13124
1.12714
1.12303
1.11893
1.11483
1.11073
1.10663
1.10253
1.09843
1.09433
1.09023
1.08612
1.08202
1.24539
1.23539
1.22539
1.21539
1.21125
1.20711
1.20297
1.19882
1.19468
1.19054
1.1864
1.18225
1.17811
1.17397
1.16983
1.16569
1.16154
1.1574
1.15326
1.14912
1.14498
1.14083
1.13669
1.13255
1.12841
1.12426
1.12012
1.11598
1.11184
1.1077
1.10355
1.09941
1.09527
1.09113
1.08699
1.08284
1.26389
1.25379
1.24369
1.23359
1.22348
1.21338
1.2092
1.20502
1.20083
1.19665
1.19246
1.18828
1.1841
1.17991
1.17573
1.17154
1.16736
1.16318
1.15899
1.15481
1.15062
1.14644
1.14226
1.13807
1.13389
1.1297
1.12552
1.12134
1.11715
1.11297
1.10878
1.1046
1.10042
1.09623
1.09205
1.08786
1.08368
1.0795
1.28276
1.27256
1.26235
1.25215
1.24195
1.23174
1.22154
1.21133
1.20711
1.20288
1.19865
1.19443
1.1902
1.18597
1.18175
1.17752
1.17329
1.16907
1.16484
1.16061
1.15639
1.15216
1.14793
1.14371
1.13948
1.13525
1.13103
1.1268
1.12257
1.11835
1.11412
1.10989
1.10567
1.10144
1.09721
1.09299
1.08876
1.08453
1.08031
1.29172
1.28141
1.2711
1.26079
1.25048
1.24017
1.22986
1.21955
1.20924
1.20497
1.2007
1.19643
1.19216
1.18789
1.18362
1.17935
1.17508
1.17081
1.16654
1.16227
1.158
1.15373
1.14946
1.14519
1.14092
1.13665
1.13238
1.12811
1.12384
1.11957
1.1153
1.11103
1.10676
1.10249
1.09822
1.09395
1.08968
1.08541
1.08113
1.33211
1.32169
1.31127
1.30086
1.29044
1.28002
1.26961
1.25919
1.24877
1.23836
1.22794
1.21752
1.20711
1.20279
1.19848
1.19416
1.18985
1.18553
1.18122
1.1769
1.17259
1.16827
1.16396
1.15965
1.15533
1.15102
1.1467
1.14239
1.13807
1.13376
1.12944
1.12513
1.12081
1.1165
1.11218
1.10787
1.10355
1.09924
1.09492
1.09061
1.08629
1.08198
1.07767
1.37335
1.36282
1.3523
1.34177
1.33124
1.32072
1.31019
1.29966
1.28914
1.27861
1.26809
1.25756
1.24703
1.23651
1.22598
1.21545
1.20493
1.20057
1.19621
1.19185
1.18749
1.18313
1.17877
1.17441
1.17005
1.16569
1.16133
1.15697
1.15261
1.14825
1.14389
1.13953
1.13516
1.1308
1.12644
1.12208
1.11772
1.11336
1.109
1.10464
1.10028
1.09592
1.09156
1.0872
1.08284
1.07848
1.41547
1.40483
1.39419
1.38355
1.37291
1.36228
1.35164
1.341
1.33036
1.31972
1.30908
1.29845
1.28781
1.27717
1.26653
1.25589
1.24525
1.23462
1.22398
1.21334
1.2027
1.19829
1.19389
1.18948
1.18507
1.18067
1.17626
1.17186
1.16745
1.16304
1.15864
1.15423
1.14982
1.14542
1.14101
1.1366
1.1322
1.12779
1.12338
1.11898
1.11457
1.11016
1.10576
1.10135
1.09694
1.09254
1.08813
1.08372
1.07932
1.07491
1.0705
1.46924
1.45849
1.44774
1.43699
1.42623
1.41548
1.40473
1.39398
1.38322
1.37247
1.36172
1.35096
1.34021
1.32946
1.31871
1.30795
1.2972
1.28645
1.2757
1.26494
1.25419
1.24344
1.23268
1.22193
1.21118
1.20043
1.19597
1.19152
1.18706
1.18261
1.17816
1.1737
1.16925
1.1648
1.16034
1.15589
1.15143
1.14698
1.14253
1.13807
1.13362
1.12916
1.12471
1.12026
1.1158
1.11135
1.10689
1.10244
1.09799
1.09353
1.08908
1.08462
1.08017
1.07572
1.07126
1.53506
1.52419
1.51332
1.50245
1.49158
1.48071
1.46984
1.45897
1.4481
1.43723
1.42636
1.41549
1.40462
1.39376
1.38289
1.37202
1.36115
1.35028
1.33941
1.32854
1.31767
1.3068
1.29593
1.28506
1.27419
1.26332
1.25245
1.24158
1.23071
1.21984
1.20897
1.1981
1.1936
1.1891
1.1846
1.18009
1.17559
1.17109
1.16659
1.16208
1.15758
1.15308
1.14858
1.14407
1.13957
1.13507
1.13057
1.12607
1.12156
1.11706
1.11256
1.10806
1.10355
1.09905
1.09455
1.09005
1.08554
1.08104
1.07654
1.07204
1.06754
1.6243
1.61331
1.60232
1.59133
1.58034
1.56935
1.55837
1.54738
1.53639
1.5254
1.51441
1.50342
1.49243
1.48144
1.47045
1.45946
1.44848
1.43749
1.4265
1.41551
1.40452
1.39353
1.38254
1.37155
1.36056
1.34957
1.33859
1.3276
1.31661
1.30562
1.29463
1.28364
1.27265
1.26166
1.25067
1.23968
1.2287
1.21771
1.20672
1.19573
1.19118
1.18662
1.18207
1.17752
1.17297
1.16842
1.16387
1.15931
1.15476
1.15021
1.14566
1.14111
1.13655
1.132
1.12745
1.1229
1.11835
1.1138
1.10924
1.10469
1.10014
1.09559
1.09104
1.08648
1.08193
1.07738
1.07283
1.06828
1.06373
1.68219
1.67108
1.65997
1.64886
1.63774
1.62663
1.61552
1.60441
1.5933
1.58219
1.57108
1.55997
1.54886
1.53774
1.52663
1.51552
1.50441
1.4933
1.48219
1.47108
1.45997
1.44886
1.43774
1.42663
1.41552
1.40441
1.3933
1.38219
1.37108
1.35997
1.34886
1.33774
1.32663
1.31552
1.30441
1.2933
1.28219
1.27108
1.25997
1.24886
1.23774
1.22663
1.21552
1.20441
1.1933
1.1887
1.1841
1.17949
1.17489
1.17029
1.16569
1.16108
1.15648
1.15188
1.14728
1.14267
1.13807
1.13347
1.12887
1.12426
1.11966
1.11506
1.11046
1.10585
1.10125
1.09665
1.09205
1.08745
1.08284
1.07824
1.07364
1.06904
1.06443
1.69644
1.6852
1.67396
1.66273
1.65149
1.64026
1.62902
1.61778
1.60655
1.59531
1.58408
1.57284
1.5616
1.55037
1.53913
1.5279
1.51666
1.50542
1.49419
1.48295
1.47172
1.46048
1.44925
1.43801
1.42677
1.41554
1.4043
1.39307
1.38183
1.37059
1.35936
1.34812
1.33689
1.32565
1.31441
1.30318
1.29194
1.28071
1.26947
1.25823
1.247
1.23576
1.22453
1.21329
1.20205
1.19082
1.18616
1.18151
1.17686
1.1722
1.16755
1.16289
1.15824
1.15359
1.14893
1.14428
1.13962
1.13497
1.13031
1.12566
1.12101
1.11635
1.1117
1.10704
1.10239
1.09774
1.09308
1.08843
1.08377
1.07912
1.07447
1.06981
1.06516
1.7451
1.73373
1.72237
1.71101
1.69964
1.68828
1.67692
1.66555
1.65419
1.64283
1.63146
1.6201
1.60873
1.59737
1.58601
1.57464
1.56328
1.55192
1.54055
1.52919
1.51783
1.50646
1.4951
1.48373
1.47237
1.46101
1.44964
1.43828
1.42692
1.41555
1.40419
1.39283
1.38146
1.3701
1.35873
1.34737
1.33601
1.32464
1.31328
1.30192
1.29055
1.27919
1.26783
1.25646
1.2451
1.23373
1.22237
1.21101
1.19964
1.18828
1.18357
1.17887
1.17416
1.16945
1.16474
1.16004
1.15533
1.15062
1.14592
1.14121
1.1365
1.1318
1.12709
1.12238
1.11767
1.11297
1.10826
1.10355
1.09885
1.09414
1.08943
1.08473
1.08002
1.07531
1.0706
1.0659
1.06119
1.05648
1.80637
1.79488
1.78338
1.77189
1.7604
1.7489
1.73741
1.72591
1.71442
1.70292
1.69143
1.67994
1.66844
1.65695
1.64545
1.63396
1.62246
1.61097
1.59948
1.58798
1.57649
1.56499
1.5535
1.542
1.53051
1.51902
1.50752
1.49603
1.48453
1.47304
1.46154
1.45005
1.43856
1.42706
1.41557
1.40407
1.39258
1.38108
1.36959
1.3581
1.3466
1.33511
1.32361
1.31212
1.30063
1.28913
1.27764
1.26614
1.25465
1.24315
1.23166
1.22017
1.20867
1.19718
1.18568
1.18092
1.17616
1.1714
1.16664
1.16188
1.15712
1.15235
1.14759
1.14283
1.13807
1.13331
1.12855
1.12379
1.11903
1.11427
1.10951
1.10474
1.09998
1.09522
1.09046
1.0857
1.08094
1.07618
1.07142
1.06666
1.06189
1.05713
1.05237
1.85744
1.84582
1.83419
1.82256
1.81093
1.7993
1.78768
1.77605
1.76442
1.75279
1.74116
1.72954
1.71791
1.70628
1.69465
1.68303
1.6714
1.65977
1.64814
1.63651
1.62489
1.61326
1.60163
1.59
1.57837
1.56675
1.55512
1.54349
1.53186
1.52023
1.50861
1.49698
1.48535
1.47372
1.4621
1.45047
1.43884
1.42721
1.41558
1.40396
1.39233
1.3807
1.36907
1.35744
1.34582
1.33419
1.32256
1.31093
1.2993
1.28768
1.27605
1.26442
1.25279
1.24116
1.22954
1.21791
1.20628
1.19465
1.18303
1.17821
1.17339
1.16858
1.16376
1.15894
1.15413
1.14931
1.14449
1.13968
1.13486
1.13004
1.12523
1.12041
1.11559
1.11078
1.10596
1.10115
1.09633
1.09151
1.0867
1.08188
1.07706
1.07225
1.06743
1.06261
1.0578
1.05298
1.89795
1.88619
1.87442
1.86266
1.85089
1.83913
1.82736
1.8156
1.80383
1.79207
1.78031
1.76854
1.75678
1.74501
1.73325
1.72148
1.70972
1.69795
1.68619
1.67442
1.66266
1.65089
1.63913
1.62736
1.6156
1.60383
1.59207
1.58031
1.56854
1.55678
1.54501
1.53325
1.52148
1.50972
1.49795
1.48619
1.47442
1.46266
1.45089
1.43913
1.42736
1.4156
1.40383
1.39207
1.38031
1.36854
1.35678
1.34501
1.33325
1.32148
1.30972
1.29795
1.28619
1.27442
1.26266
1.25089
1.23913
1.22736
1.2156
1.20383
1.19207
1.18031
1.17543
1.17056
1.16569
1.16081
1.15594
1.15107
1.14619
1.14132
1.13645
1.13157
1.1267
1.12183
1.11695
1.11208
1.10721
1.10234
1.09746
1.09259
1.08772
1.08284
1.07797
1.0731
1.06822
1.06335
1.05848
1.0536
1.04873
1.95133
1.93943
1.92752
1.91562
1.90371
1.89181
1.8799
1.868
1.85609
1.84419
1.83228
1.82038
1.80847
1.79657
1.78466
1.77276
1.76085
1.74895
1.73704
1.72514
1.71324
1.70133
1.68943
1.67752
1.66562
1.65371
1.64181
1.6299
1.618
1.60609
1.59419
1.58228
1.57038
1.55847
1.54657
1.53466
1.52276
1.51085
1.49895
1.48704
1.47514
1.46324
1.45133
1.43943
1.42752
1.41562
1.40371
1.39181
1.3799
1.368
1.35609
1.34419
1.33228
1.32038
1.30847
1.29657
1.28466
1.27276
1.26085
1.24895
1.23704
1.22514
1.21324
1.20133
1.18943
1.17752
1.17259
1.16766
1.16273
1.1578
1.15287
1.14793
1.143
1.13807
1.13314
1.12821
1.12328
1.11835
1.11342
1.10848
1.10355
1.09862
1.09369
1.08876
1.08383
1.0789
1.07397
1.06904
1.0641
1.05917
1.05424
1.04931
1.04438
1.99395
1.9819
1.96985
1.9578
1.94575
1.93371
1.92166
1.90961
1.89756
1.88551
1.87346
1.86142
1.84937
1.83732
1.82527
1.81322
1.80118
1.78913
1.77708
1.76503
1.75298
1.74093
1.72889
1.71684
1.70479
1.69274
1.68069
1.66864
1.6566
1.64455
1.6325
1.62045
1.6084
1.59636
1.58431
1.57226
1.56021
1.54816
1.53611
1.52407
1.51202
1.49997
1.48792
1.47587
1.46383
1.45178
1.43973
1.42768
1.41563
1.40358
1.39154
1.37949
1.36744
1.35539
1.34334
1.3313
1.31925
1.3072
1.29515
1.2831
1.27105
1.25901
1.24696
1.23491
1.22286
1.21081
1.19877
1.18672
1.17467
1.16968
1.16469
1.1597
1.15471
1.14972
1.14473
1.13974
1.13474
1.12975
1.12476
1.11977
1.11478
1.10979
1.1048
1.09981
1.09482
1.08983
1.08484
1.07985
1.07486
1.06987
1.06488
1.05989
1.0549
1.04991
1.04491
1.03992
1.03493
2.0498
2.0376
2.02541
2.01321
2.00102
1.98882
1.97663
1.96443
1.95224
1.94004
1.92785
1.91565
1.90346
1.89126
1.87906
1.86687
1.85467
1.84248
1.83028
1.81809
1.80589
1.7937
1.7815
1.76931
1.75711
1.74492
1.73272
1.72053
1.70833
1.69614
1.68394
1.67175
1.65955
1.64736
1.63516
1.62297
1.61077
1.59858
1.58638
1.57419
1.56199
1.5498
1.5376
1.52541
1.51321
1.50102
1.48882
1.47663
1.46443
1.45224
1.44004
1.42785
1.41565
1.40346
1.39126
1.37906
1.36687
1.35467
1.34248
1.33028
1.31809
1.30589
1.2937
1.2815
1.26931
1.25711
1.24492
1.23272
1.22053
1.20833
1.19614
1.18394
1.17175
1.1667
1.16164
1.15659
1.15154
1.14649
1.14144
1.13639
1.13134
1.12629
1.12123
1.11618
1.11113
1.10608
1.10103
1.09598
1.09093
1.08587
1.08082
1.07577
1.07072
1.06567
1.06062
1.05557
1.05051
1.04546
1.04041
1.03536
2.09468
2.08233
2.06999
2.05764
2.0453
2.03295
2.02061
2.00826
1.99591
1.98357
1.97122
1.95888
1.94653
1.93419
1.92184
1.9095
1.89715
1.8848
1.87246
1.86011
1.84777
1.83542
1.82308
1.81073
1.79838
1.78604
1.77369
1.76135
1.749
1.73666
1.72431
1.71196
1.69962
1.68727
1.67493
1.66258
1.65024
1.63789
1.62554
1.6132
1.60085
1.58851
1.57616
1.56382
1.55147
1.53912
1.52678
1.51443
1.50209
1.48974
1.4774
1.46505
1.4527
1.44036
1.42801
1.41567
1.40332
1.39098
1.37863
1.36629
1.35394
1.34159
1.32925
1.3169
1.30456
1.29221
1.27987
1.26752
1.25517
1.24283
1.23048
1.21814
1.20579
1.19345
1.1811
1.16875
1.16364
1.15853
1.15341
1.1483
1.14319
1.13807
1.13296
1.12784
1.12273
1.11762
1.1125
1.10739
1.10228
1.09716
1.09205
1.08693
1.08182
1.07671
1.07159
1.06648
1.06137
1.05625
1.05114
1.04602
1.04091
1.0358
1.03068
2.11569
2.10319
2.09069
2.07819
2.06569
2.05319
2.04069
2.02819
2.01569
2.00319
1.99069
1.97819
1.96569
1.95319
1.94069
1.92819
1.91569
1.90319
1.89069
1.87819
1.86569
1.85319
1.84069
1.82819
1.81569
1.80319
1.79069
1.77819
1.76569
1.75319
1.74069
1.72819
1.71569
1.70319
1.69069
1.67819
1.66569
1.65319
1.64069
1.62819
1.61569
1.60319
1.59069
1.57819
1.56569
1.55319
1.54069
1.52819
1.51569
1.50319
1.49069
1.47819
1.46569
1.45319
1.44069
1.42819
1.41569
1.40319
1.39069
1.37819
1.36569
1.35319
1.34069
1.32819
1.31569
1.30319
1.29069
1.27819
1.26569
1.25319
1.24069
1.22819
1.21569
1.20319
1.19069
1.17819
1.16569
1.16051
1.15533
1.15015
1.14498
1.1398
1.13462
1.12944
1.12426
1.11909
1.11391
1.10873
1.10355
1.09838
1.0932
1.08802
1.08284
1.07767
1.07249
1.06731
1.06213
1.05695
1.05178
1.0466
1.04142
1.03624
1.03107
2.1752
2.16254
2.14988
2.13722
2.12457
2.11191
2.09925
2.08659
2.07393
2.06127
2.04862
2.03596
2.0233
2.01064
1.99798
1.98532
1.97267
1.96001
1.94735
1.93469
1.92203
1.90938
1.89672
1.88406
1.8714
1.85874
1.84608
1.83343
1.82077
1.80811
1.79545
1.78279
1.77014
1.75748
1.74482
1.73216
1.7195
1.70684
1.69419
1.68153
1.66887
1.65621
1.64355
1.63089
1.61824
1.60558
1.59292
1.58026
1.5676
1.55495
1.54229
1.52963
1.51697
1.50431
1.49165
1.479
1.46634
1.45368
1.44102
1.42836
1.4157
1.40305
1.39039
1.37773
1.36507
1.35241
1.33976
1.3271
1.31444
1.30178
1.28912
1.27646
1.26381
1.25115
1.23849
1.22583
1.21317
1.20051
1.18786
1.1752
1.16254
1.1573
1.15205
1.14681
1.14157
1.13632
1.13108
1.12584
1.12059
1.11535
1.11011
1.10486
1.09962
1.09438
1.08913
1.08389
1.07865
1.07341
1.06816
1.06292
1.05768
1.05243
1.04719
1.04195
1.0367
1.03146
1.02622
2.23624
2.22342
2.2106
2.19778
2.18495
2.17213
2.15931
2.14649
2.13367
2.12085
2.10803
2.09521
2.08239
2.06957
2.05675
2.04393
2.03111
2.01829
2.00547
1.99265
1.97983
1.96701
1.95419
1.94136
1.92854
1.91572
1.9029
1.89008
1.87726
1.86444
1.85162
1.8388
1.82598
1.81316
1.80034
1.78752
1.7747
1.76188
1.74906
1.73624
1.72342
1.7106
1.69778
1.68495
1.67213
1.65931
1.64649
1.63367
1.62085
1.60803
1.59521
1.58239
1.56957
1.55675
1.54393
1.53111
1.51829
1.50547
1.49265
1.47983
1.46701
1.45419
1.44136
1.42854
1.41572
1.4029
1.39008
1.37726
1.36444
1.35162
1.3388
1.32598
1.31316
1.30034
1.28752
1.2747
1.26188
1.24906
1.23624
1.22342
1.2106
1.19778
1.18495
1.17213
1.15931
1.154
1.14869
1.14338
1.13807
1.13276
1.12745
1.12214
1.11683
1.11152
1.10621
1.1009
1.09559
1.09028
1.08497
1.07966
1.07435
1.06904
1.06373
1.05841
1.0531
1.04779
1.04248
1.03717
1.03186
1.02655
1.02124
2.28587
2.27289
2.2599
2.24691
2.23393
2.22094
2.20795
2.19496
2.18198
2.16899
2.156
2.14302
2.13003
2.11704
2.10406
2.09107
2.07808
2.06509
2.05211
2.03912
2.02613
2.01315
2.00016
1.98717
1.97418
1.9612
1.94821
1.93522
1.92224
1.90925
1.89626
1.88328
1.87029
1.8573
1.84431
1.83133
1.81834
1.80535
1.79237
1.77938
1.76639
1.75341
1.74042
1.72743
1.71444
1.70146
1.68847
1.67548
1.6625
1.64951
1.63652
1.62354
1.61055
1.59756
1.58457
1.57159
1.5586
1.54561
1.53263
1.51964
1.50665
1.49367
1.48068
1.46769
1.4547
1.44172
1.42873
1.41574
1.40276
1.38977
1.37678
1.3638
1.35081
1.33782
1.32483
1.31185
1.29886
1.28587
1.27289
1.2599
1.24691
1.23393
1.22094
1.20795
1.19496
1.18198
1.16899
1.156
1.15062
1.14524
1.13986
1.13449
1.12911
1.12373
1.11835
1.11297
1.10759
1.10221
1.09683
1.09145
1.08607
1.08069
1.07531
1.06993
1.06455
1.05917
1.05379
1.04841
1.04304
1.03766
1.03228
1.0269
1.02152
2.33456
2.3214
2.30824
2.29508
2.28193
2.26877
2.25561
2.24245
2.2293
2.21614
2.20298
2.18982
2.17666
2.16351
2.15035
2.13719
2.12403
2.11087
2.09772
2.08456
2.0714
2.05824
2.04508
2.03193
2.01877
2.00561
1.99245
1.9793
1.96614
1.95298
1.93982
1.92666
1.91351
1.90035
1.88719
1.87403
1.86087
1.84772
1.83456
1.8214
1.80824
1.79508
1.78193
1.76877
1.75561
1.74245
1.7293
1.71614
1.70298
1.68982
1.67666
1.66351
1.65035
1.63719
1.62403
1.61087
1.59772
1.58456
1.5714
1.55824
1.54508
1.53193
1.51877
1.50561
1.49245
1.4793
1.46614
1.32366
1.3105
1.29734
1.28418
1.27103
1.25787
1.24471
1.23155
1.2184
1.20524
1.19208
1.17892
1.16576
1.15261
1.14716
1.14171
1.13625
1.1308
1.12535
1.1199
1.11445
1.109
1.10355
1.0981
1.09265
1.0872
1.08175
1.0763
1.07085
1.0654
1.05995
1.0545
1.04905
1.0436
1.03815
1.0327
1.02725
1.0218
1.01635
1.0109
2.41121
2.39788
2.38454
2.37121
2.35788
2.34454
2.33121
2.31788
2.30454
2.29121
2.27788
2.26454
2.25121
2.23788
2.22454
2.21121
2.19788
2.18454
2.17121
2.15788
2.14454
2.13121
2.11788
2.10454
2.09121
2.07788
2.06454
2.05121
2.03788
2.02454
2.01121
1.99788
1.98454
1.97121
1.95788
1.94454
1.93121
1.91788
1.90454
1.89121
1.87788
1.86454
1.85121
1.83788
1.82454
1.81121
1.79788
1.78454
1.77121
1.75788
1.74454
1.73121
1.71788
1.70454
1.69121
1.67788
1.66454
1.65121
1.63788
1.62454
1.61121
1.59788
1.58454
1.57121
1.26912
1.25578
1.24245
1.22912
1.21578
1.20245
1.18912
1.17578
1.16245
1.14912
1.14359
1.13807
1.13255
1.12703
1.1215
1.11598
1.11046
1.10493
1.09941
1.09389
1.08837
1.08284
1.07732
1.0718
1.06627
1.06075
1.05523
1.04971
1.04418
1.03866
1.03314
1.02761
1.02209
1.01657
1.01105
1
2.48993
2.47642
2.4629
2.44939
2.43588
2.42236
2.40885
2.39534
2.38182
2.36831
2.3548
2.34128
2.32777
2.31426
2.30074
2.28723
2.27371
2.2602
2.24669
2.23317
2.21966
2.20615
2.19263
2.17912
2.16561
2.15209
2.13858
2.12507
2.11155
2.09804
2.08453
2.07101
2.0575
2.04398
2.03047
2.01696
2.00344
1.98993
1.97642
1.9629
1.94939
1.93588
1.92236
1.90885
1.89534
1.88182
1.86831
1.8548
1.84128
1.82777
1.81426
1.80074
1.78723
1.77371
1.7602
1.74669
1.73317
1.71966
1.70615
1.69263
1.67912
1.66561
1.65209
1.22662
1.2131
1.19959
1.18608
1.17256
1.15905
1.14554
1.13994
1.13434
1.12874
1.12315
1.11755
1.11195
1.10635
1.10076
1.09516
1.08956
1.08396
1.07837
1.07277
1.06717
1.06157
1.05598
1.05038
1.04478
1.03918
1.03359
1.02799
1.02239
1.01679
1.0112
1
1
2.55711
2.54341
2.52971
2.51602
2.50232
2.48862
2.47492
2.46122
2.44752
2.43382
2.42012
2.40643
2.39273
2.37903
2.36533
2.35163
2.33793
2.32423
2.31054
2.29684
2.28314
2.26944
2.25574
2.24204
2.22834
2.21465
2.20095
2.18725
2.17355
2.15985
2.14615
2.13245
2.11875
2.10506
2.09136
2.07766
2.06396
2.05026
2.03656
2.02286
2.00917
1.99547
1.98177
1.96807
1.95437
1.94067
1.92697
1.91328
1.89958
1.88588
1.87218
1.85848
1.84478
1.83108
1.81738
1.80369
1.78999
1.77629
1.76259
1.74889
1.73519
1.72149
1.19665
1.18295
1.16925
1.15555
1.14185
1.13618
1.13051
1.12483
1.11916
1.11348
1.10781
1.10214
1.09646
1.09079
1.08511
1.07944
1.07376
1.06809
1.06242
1.05674
1.05107
1.04539
1.03972
1.03405
1.02837
1.0227
1.01702
1.01135
1
1
1
1
2.59838
2.58449
2.5706
2.55671
2.54282
2.52893
2.51505
2.50116
2.48727
2.47338
2.45949
2.4456
2.43171
2.41782
2.40393
2.39005
2.37616
2.36227
2.34838
2.33449
2.3206
2.30671
2.29282
2.27893
2.26505
2.25116
2.23727
2.22338
2.20949
2.1956
2.18171
2.16782
2.15393
2.14005
2.12616
2.11227
2.09838
2.08449
2.0706
2.05671
2.04282
2.02893
2.01505
2.00116
1.98727
1.97338
1.95949
1.9456
1.93171
1.91782
1.90393
1.89005
1.87616
1.86227
1.84838
1.83449
1.8206
1.80671
1.79282
1.77893
1.76505
1.75929
1.20752
1.19363
1.17974
1.16585
1.15196
1.13807
1.13232
1.12657
1.12081
1.11506
1.10931
1.10355
1.0978
1.09205
1.08629
1.08054
1.07479
1.06904
1.06328
1.05753
1.05178
1.04602
1.04027
1.03452
1.02876
1.02301
1.01726
1.01151
1
1
1
1
2.68306
2.66898
2.65489
2.64081
2.62673
2.61264
2.59856
2.58447
2.57039
2.5563
2.54222
2.52813
2.51405
2.49997
2.48588
2.4718
2.45771
2.44363
2.42954
2.41546
2.40137
2.38729
2.3732
2.35912
2.34504
2.33095
2.31687
2.30278
2.2887
2.27461
2.26053
2.24644
2.23236
2.21828
2.20419
2.19011
2.17602
2.16194
2.14785
2.13377
2.11968
2.1056
2.09151
2.07743
2.06335
2.04926
2.03518
2.02109
2.00701
1.99292
1.97884
1.96475
1.95067
1.93658
1.9225
1.90842
1.89433
1.88025
1.86616
1.85208
1.83799
1.82391
1.19052
1.17644
1.16235
1.14827
1.13418
1.12835
1.12251
1.11668
1.11085
1.10501
1.09918
1.09334
1.08751
1.08168
1.07584
1.07001
1.06417
1.05834
1.05251
1.04667
1.04084
1.035
1.02917
1.02334
1.0175
1.01167
1
1
1
1
2.7416
2.72731
2.71302
2.69874
2.68445
2.67017
2.65588
2.6416
2.62731
2.61302
2.59874
2.58445
2.57017
2.55588
2.5416
2.52731
2.51302
2.49874
2.48445
2.47017
2.45588
2.4416
2.42731
2.41302
2.39874
2.38445
2.37017
2.35588
2.3416
2.32731
2.31302
2.29874
2.28445
2.27017
2.25588
2.2416
2.22731
2.21302
2.19874
2.18445
2.17017
2.15588
2.1416
2.12731
2.11302
2.09874
2.08445
2.07017
2.05588
2.0416
2.02731
2.01302
1.99874
1.98445
1.97017
1.95588
1.9416
1.92731
1.91302
1.89874
1.18732
1.17304
1.15875
1.14447
1.13018
1.12426
1.11835
1.11243
1.10651
1.1006
1.09468
1.08876
1.08284
1.07693
1.07101
1.06509
1.05917
1.05326
1.04734
1.04142
1.0355
1.02959
1.02367
1.01775
1.01183
1
1
1
1
1
2.81632
2.80183
2.78733
2.77284
2.75835
2.74385
2.72936
2.71487
2.70038
2.68588
2.67139
2.6569
2.64241
2.62791
2.61342
2.59893
2.58443
2.56994
2.55545
2.54096
2.52646
2.51197
2.49748
2.48298
2.46849
2.454
2.43951
2.42501
2.41052
2.39603
2.38154
2.36704
2.35255
2.33806
2.32356
2.30907
2.29458
2.28009
2.26559
2.2511
2.23661
2.22212
2.20762
2.19313
2.17864
2.16414
2.14965
2.13516
2.12067
2.10617
2.09168
2.07719
2.0627
2.0482
2.03371
2.01922
2.00472
1.99023
1.97574
1.96125
1.15505
1.14056
1.12607
1.12006
1.11406
1.10806
1.10205
1.09605
1.09005
1.08404
1.07804
1.07204
1.06603
1.06003
1.05403
1.04802
1.04202
1.03602
1.03002
1.02401
1.01801
1.01201
1
1
1
1
1
1
2.89324
2.87853
2.86383
2.84912
2.83441
2.81971
2.805
2.7903
2.77559
2.76088
2.74618
2.73147
2.71677
2.70206
2.68736
2.67265
2.65794
2.64324
2.62853
2.61383
2.59912
2.58441
2.56971
2.555
2.5403
2.52559
2.51088
2.49618
2.48147
2.46677
2.45206
2.43736
2.42265
2.40794
2.39324
2.37853
2.36383
2.34912
2.33441
2.31971
2.305
2.2903
2.27559
2.26088
2.24618
2.23147
2.21677
2.20206
2.18736
2.17265
2.15794
2.14324
2.12853
2.11383
2.09912
2.08441
2.06971
2.055
2.0403
1.15124
1.13653
1.12183
1.11574
1.10965
1.10355
1.09746
1.09137
1.08528
1.07919
1.0731
1.06701
1.06091
1.05482
1.04873
1.04264
1.03655
1.03046
1.02437
1.01827
1.01218
1
1
1
1
1
1
1
2.97245
2.95753
2.9426
2.92768
2.91275
2.89783
2.8829
2.86798
2.85305
2.83813
2.8232
2.80827
2.79335
2.77842
2.7635
2.74857
2.73365
2.71872
2.7038
2.68887
2.67395
2.65902
2.6441
2.62917
2.61424
2.59932
2.58439
2.56947
2.55454
2.53962
2.52469
2.50977
2.49484
2.47992
2.46499
2.45007
2.43514
2.42021
2.40529
2.39036
2.37544
2.36051
2.34559
2.33066
2.31574
2.30081
2.28589
2.27096
2.25604
2.24111
2.22618
2.21126
2.19633
2.18141
2.16648
2.15156
2.13663
1.13239
1.11746
1.11128
1.1051
1.09892
1.09273
1.08655
1.08037
1.07419
1.06801
1.06182
1.05564
1.04946
1.04328
1.03709
1.03091
1.02473
1.01855
1.01236
1
1
1
1
1
1
1
3.05407
3.03892
3.02377
3.00862
2.99346
2.97831
2.96316
2.94801
2.93286
2.91771
2.90255
2.8874
2.87225
2.8571
2.84195
2.8268
2.81165
2.79649
2.78134
2.76619
2.75104
2.73589
2.72074
2.70558
2.69043
2.67528
2.66013
2.64498
2.62983
2.61468
2.59952
2.58437
2.56922
2.55407
2.53892
2.52377
2.50862
2.49346
2.47831
2.46316
2.44801
2.43286
2.41771
2.40255
2.3874
2.37225
2.3571
2.34195
2.3268
2.31165
2.29649
2.28134
2.26619
2.25104
2.23589
2.22074
2.20558
1.12812
1.11297
1.10669
1.10042
1.09414
1.08786
1.08159
1.07531
1.06904
1.06276
1.05648
1.05021
1.04393
1.03766
1.03138
1.0251
1.01883
1.01255
1
1
1
1
1
1
1
1
1
3.12281
3.10743
3.09204
3.07666
3.06127
3.04589
3.0305
3.01512
2.99974
2.98435
2.96897
2.95358
2.9382
2.92281
2.90743
2.89204
2.87666
2.86127
2.84589
2.8305
2.81512
2.79974
2.78435
2.76897
2.75358
2.7382
2.72281
2.70743
2.69204
2.67666
2.66127
2.64589
2.6305
2.61512
2.59974
2.58435
2.56897
2.55358
2.5382
2.52281
2.50743
2.49204
2.47666
2.46127
2.44589
2.4305
2.41512
2.39974
2.38435
2.36897
2.35358
2.3382
2.32281
2.30743
2.29204
1.12372
1.10833
1.10196
1.09559
1.08922
1.08284
1.07647
1.0701
1.06373
1.05735
1.05098
1.04461
1.03824
1.03186
1.02549
1.01912
1.01275
1
1
1
1
1
1
1
1
1
1
3.20933
3.1937
3.17808
3.16245
3.14683
3.1312
3.11558
3.09995
3.08433
3.0687
3.05308
3.03745
3.02183
3.0062
2.99058
2.97495
2.95933
2.9437
2.92808
2.91245
2.89683
2.8812
2.86558
2.84995
2.83433
2.8187
2.80308
2.78745
2.77183
2.7562
2.74058
2.72495
2.70933
2.6937
2.67808
2.66245
2.64683
2.6312
2.61558
2.59995
2.58433
2.5687
2.55308
2.53745
2.52183
2.5062
2.49058
2.47495
2.45933
2.4437
2.42808
2.41245
2.39683
1.11918
1.10355
1.09708
1.09061
1.08414
1.07767
1.07119
1.06472
1.05825
1.05178
1.0453
1.03883
1.03236
1.02589
1.01942
1.01294
1
1
1
1
1
1
1
1
1
1
1
3.26685
3.25097
3.2351
3.21923
3.20335
3.18748
3.17161
3.15573
3.13986
3.12399
3.10812
3.09224
3.07637
3.0605
3.04462
3.02875
3.01288
2.997
2.98113
2.96526
2.94938
2.93351
2.91764
2.90177
2.88589
2.87002
2.85415
2.83827
2.8224
2.80653
2.79065
2.77478
2.75891
2.74304
2.72716
2.71129
2.69542
2.67954
2.66367
2.6478
2.63192
2.61605
2.60018
2.58431
2.56843
2.55256
2.53669
2.52081
2.50494
2.48907
2.47319
2.45732
2.45075
1.13037
1.1145
1.09862
1.09205
1.08547
1.0789
1.07232
1.06575
1.05917
1.0526
1.04602
1.03945
1.03287
1.0263
1.01972
1.01315
1
1
1
1
1
1
1
1
1
1
1
3.35848
3.34235
3.32622
3.31009
3.29396
3.27783
3.2617
3.24557
3.22944
3.21331
3.19718
3.18106
3.16493
3.1488
3.13267
3.11654
3.10041
3.08428
3.06815
3.05202
3.03589
3.01977
3.00364
2.98751
2.97138
2.95525
2.93912
2.92299
2.90686
2.89073
2.8746
2.85848
2.84235
2.82622
2.81009
2.79396
2.77783
2.7617
2.74557
2.72944
2.71331
2.69718
2.68106
2.66493
2.6488
2.63267
2.61654
2.60041
2.58428
2.56815
2.55202
2.53589
2.51977
1.10966
1.09353
1.08685
1.08017
1.07349
1.06681
1.06013
1.05345
1.04677
1.04009
1.0334
1.02672
1.02004
1.01336
1
1
1
1
1
1
1
1
1
1
1
1
1
3.43672
3.42032
3.40393
3.38754
3.37114
3.35475
3.33836
3.32196
3.30557
3.28918
3.27278
3.25639
3.23999
3.2236
3.20721
3.19081
3.17442
3.15803
3.14163
3.12524
3.10885
3.09245
3.07606
3.05967
3.04327
3.02688
3.01049
2.99409
2.9777
2.96131
2.94491
2.92852
2.91213
2.89573
2.87934
2.86295
2.84655
2.83016
2.81377
2.79737
2.78098
2.76458
2.74819
2.7318
2.7154
2.69901
2.68262
2.66622
2.64983
2.63344
2.61704
1.10467
1.08828
1.08148
1.07469
1.0679
1.06111
1.05432
1.04753
1.04074
1.03395
1.02716
1.02037
1.01358
1
1
1
1
1
1
1
1
1
1
1
1
1
1.13807
1.13117
1.12426
1.11736
1.11046
1.10355
3.5509
3.53423
3.51756
3.5009
3.48423
3.46756
3.4509
3.43423
3.41756
3.4009
3.38423
3.36756
3.3509
3.33423
3.31756
3.3009
3.28423
3.26756
3.2509
3.23423
3.21756
3.2009
3.18423
3.16756
3.1509
3.13423
3.11756
3.1009
3.08423
3.06756
3.0509
3.03423
3.01756
3.0009
2.98423
2.96756
2.9509
2.93423
2.91756
2.9009
2.88423
2.86756
2.8509
2.83423
2.81756
2.8009
2.78423
2.76756
2.7509
2.73423
1.09951
1.08284
1.07594
1.06904
1.06213
1.05523
1.04833
1.04142
1.03452
1.02761
1.02071
1.01381
1
1
1
1
1
1
1
1
1
1
1
1
1
1
1.14041
1.13339
1.12637
1.11935
1.11233
1.10531
1.09829
1.09127
1.08425
1.07723
1.07021
1.06319
1.05616
3.63505
3.6181
3.60115
3.58421
3.56726
3.55031
3.53336
3.51641
3.49946
3.48251
3.46556
3.44861
3.43166
3.41471
3.39776
3.38082
3.36387
3.34692
3.32997
3.31302
3.29607
3.27912
3.26217
3.24522
3.22827
3.21132
3.19437
3.17743
3.16048
3.14353
3.12658
3.10963
3.09268
3.07573
3.05878
3.04183
3.02488
3.00793
2.99098
2.97404
2.95709
2.94014
2.92319
2.90624
2.88929
2.87234
2.85539
2.83844
2.82149
1.07723
1.07021
1.06319
1.05616
1.04914
1.04212
1.0351
1.02808
1.02106
1.01404
1
1
1
1
1
1
1
1
1
1
1
1
1
1
1
1.14283
1.13569
1.12855
1.12141
1.11427
1.10712
1.09998
1.09284
1.0857
1.07856
1.07142
1.06427
1.05713
1.04999
1.04285
1.03571
1.02857
3.72211
3.70487
3.68763
3.67038
3.65314
3.6359
3.61866
3.60142
3.58418
3.56694
3.5497
3.53245
3.51521
3.49797
3.48073
3.46349
3.44625
3.42901
3.41176
3.39452
3.37728
3.36004
3.3428
3.32556
3.30832
3.29107
3.27383
3.25659
3.23935
3.22211
3.20487
3.18763
3.17038
3.15314
3.1359
3.11866
3.10142
3.08418
3.06694
3.0497
3.03245
3.01521
2.99797
2.98073
2.96349
2.94625
1.07142
1.06427
1.05713
1.04999
1.04285
1.03571
1.02857
1.02142
1.01428
1
1
1
1
1
1
1
1
1
1
1
1
1
1
1
1
1.14534
1.13807
1.1308
1.12354
1.11627
1.109
1.10174
1.09447
1.0872
1.07994
1.07267
1.0654
1.05814
1.05087
1.0436
1.03633
1.02907
1.0218
1.01453
3.81222
3.79468
3.77713
3.75959
3.74204
3.7245
3.70696
3.68941
3.67187
3.65433
3.63678
3.61924
3.60169
3.58415
3.56661
3.54906
3.53152
3.51397
3.49643
3.47889
3.46134
3.4438
3.42626
3.40871
3.39117
3.37362
3.35608
3.33854
3.32099
3.30345
3.2859
3.26836
3.25082
3.23327
3.21573
3.19818
3.18064
3.1631
3.14555
3.12801
3.11047
3.09292
3.07538
3.05783
1.07267
1.0654
1.05814
1.05087
1.0436
1.03633
1.02907
1.0218
1.01453
1
1
1
1
1
1
1
1
1
1
1
1
1
1
1
1
1
1
1.14793
1.14054
1.13314
1.12574
1.11835
1.11095
1.10355
1.09616
1.08876
1.08136
1.07397
1.06657
1.05917
1.05178
1.04438
1.03698
1.02959
1.02219
1.01479
1
1
1
3.92341
3.90555
3.88769
3.86983
3.85198
3.83412
3.81626
3.79841
3.78055
3.76269
3.74483
3.72698
3.70912
3.69126
3.67341
3.65555
3.63769
3.61983
3.60198
3.58412
3.56626
3.54841
3.53055
3.51269
3.49483
3.47698
3.45912
3.44126
3.42341
3.40555
3.38769
3.36983
3.35198
3.33412
3.31626
3.29841
3.28055
3.26269
3.24483
3.22698
3.20912
3.19126
3.17341
3.15555
1.06657
1.05917
1.05178
1.04438
1.03698
1.02959
1.02219
1.01479
1
1
1
1
1
1
1
1
1
1
1
1
1
1
1
1
1
1
1
1.15062
1.14309
1.13556
1.12803
1.1205
1.11297
1.10544
1.09791
1.09037
1.08284
1.07531
1.06778
1.06025
1.05272
1.04519
1.03766
1.03012
1.02259
1.01506
1
1
1
1
1
4.03864
4.02045
4.00227
3.98409
3.96591
3.94773
3.92954
3.91136
3.89318
3.875
3.85682
3.83864
3.82045
3.80227
3.78409
3.76591
3.74773
3.72954
3.71136
3.69318
3.675
3.65682
3.63864
3.62045
3.60227
3.58409
3.56591
3.54773
3.52954
3.51136
3.49318
3.475
3.45682
3.43864
3.42045
3.40227
3.38409
3.36591
3.34773
3.32954
3.31136
3.29318
3.275
1.06025
1.05272
1.04519
1.03766
1.03012
1.02259
1.01506
1
1
1
1
1
1
1
1
1
1
1
1
1
1
1
1
1
1
1
1.01506
1.15341
1.14574
1.13807
1.1304
1.12273
1.11506
1.10739
1.09972
1.09205
1.08438
1.07671
1.06904
1.06137
1.05369
1.04602
1.03835
1.03068
1.02301
1.01534
1
1
1
1
1
4.1211
4.10258
4.08406
4.06554
4.04702
4.0285
4.00998
3.99147
3.97295
3.95443
3.93591
3.91739
3.89887
3.88036
3.86184
3.84332
3.8248
3.80628
3.78776
3.76924
3.75073
3.73221
3.71369
3.69517
3.67665
3.65813
3.63961
3.6211
3.60258
3.58406
3.56554
3.54702
3.5285
3.50998
3.49147
3.47295
3.45443
3.43591
3.41739
3.39887
3.38036
3.36184
3.35417
1.06137
1.05369
1.04602
1.03835
1.03068
1.02301
1.01534
1
1
1
1
1
1
1
1
1
1
1
1
1
1
1
1
1
1
1
1.01534
1.15631
1.14849
1.14068
1.13286
1.12505
1.11723
1.10942
1.1016
1.09378
1.08597
1.07815
1.07034
1.06252
1.05471
1.04689
1.03908
1.03126
1.02345
1.01563
1.00782
1
1
1
1
1
1
1
4.22554
4.20667
4.1878
4.16893
4.15006
4.1312
4.11233
4.09346
4.07459
4.05572
4.03686
4.01799
3.99912
3.98025
3.96138
3.94252
3.92365
3.90478
3.88591
3.86705
3.84818
3.82931
3.81044
3.79157
3.77271
3.75384
3.73497
3.7161
3.69723
3.67837
3.6595
3.64063
3.62176
3.60289
3.58403
3.56516
3.54629
3.52742
3.50855
3.48969
3.47082
3.45195
1.07358
1.05471
1.04689
1.03908
1.03126
1.02345
1.01563
1.00782
1
1
1
1
1
1
1
1
1
1
1
1
1
1
1
1
1
1.00782
1.01563
1.02345
1.17058
1.15135
1.14338
1.13542
1.12745
1.11949
1.11152
1.10355
1.09559
1.08762
1.07966
1.07169
1.06373
1.05576
1.04779
1.03983
1.03186
1.0239
1.01593
1.00797
1
1
1
1
1
1
1
1
1
4.35322
4.33399
4.31476
4.29553
4.2763
4.25707
4.23784
4.21861
4.19938
4.18015
4.16092
4.14168
4.12245
4.10322
4.08399
4.06476
4.04553
4.0263
4.00707
3.98784
3.96861
3.94938
3.93015
3.91092
3.89168
3.87245
3.85322
3.83399
3.81476
3.79553
3.7763
3.75707
3.73784
3.71861
3.69938
3.68015
3.66092
3.64168
3.62245
3.60322
3.58399
1.04779
1.03983
1.03186
1.0239
1.01593
1.00797
1
1
1
1
1
1
1
1
1
1
1
1
1
1
1
1
1
1.00797
1.01593
1.0239
1.03186
1.03983
1.04779
1.18541
1.1658
1.14619
1.13807
1.12995
1.12183
1.11371
1.10558
1.09746
1.08934
1.08122
1.0731
1.06497
1.05685
1.04873
1.04061
1.03249
1.02437
1.01624
1.00812
1
1
1
1
1
1
1
1
1
1
1
1
1
4.48592
4.46631
4.4467
4.42709
4.40749
4.38788
4.36827
4.34866
4.32906
4.30945
4.28984
4.27023
4.25062
4.23102
4.21141
4.1918
4.17219
4.15258
4.13298
4.11337
4.09376
4.07415
4.05455
4.03494
4.01533
3.99572
3.97611
3.95651
3.9369
3.91729
3.89768
3.87808
3.85847
3.83886
3.81925
3.79964
3.78004
3.76043
3.74082
3.72121
3.7016
1
1
1
1
1
1
1
1
1.04873
1.04061
1.03249
1.02437
1.01624
1.00812
1
1
1
1
1
1
1
1
1
1
1
1
1
1
1
1
1
1.00812
1.01624
1.02437
1.03249
1.04061
1.04873
1.05685
1.20083
1.18083
1.16083
1.14083
1.13255
1.12426
1.11598
1.1077
1.09941
1.09113
1.08284
1.07456
1.06627
1.05799
1.04971
1.04142
1.03314
1.02485
1.01657
1.00828
1
1
1
1
1
1
1
1
1
1
1
1
1
1
1
1
4.64392
4.62392
4.60392
4.58392
4.56392
4.54392
4.52392
4.50392
4.48392
4.46392
4.44392
4.42392
4.40392
4.38392
4.36392
4.34392
4.32392
4.30392
4.28392
4.26392
4.24392
4.22392
4.20392
4.18392
4.16392
4.14392
4.12392
4.10392
4.08392
4.06392
4.04392
4.02392
4.00392
3.98392
3.96392
3.94392
3.92392
3.90392
3.88392
3.86392
3.84392
1.01657
1.00828
1
1
1
1
1
1
1
1
1
1
1
1
1.04142
1.03314
1.02485
1.01657
1.00828
1
1
1
1
1
1
1
1
1
1
1
1
1
1
1
1
1
1.00828
1.01657
1.02485
1.03314
1.04142
1.04971
1.05799
1.06627
1.07456
1.08284
1.21689
1.19648
1.17607
1.15566
1.13525
1.1268
1.11835
1.10989
1.10144
1.09299
1.08453
1.07608
1.06763
1.05917
1.05072
1.04227
1.03381
1.02536
1.01691
1.00845
1
1
1
1
1
1
1
1
1
1
1
1
1
1
1
1
1
1
4.78796
4.76756
4.74715
4.72674
4.70633
4.68592
4.66552
4.64511
4.6247
4.60429
4.58388
4.56347
4.54307
4.52266
4.50225
4.48184
4.46143
4.44103
4.42062
4.40021
4.3798
4.35939
4.33898
4.31858
4.29817
4.27776
4.25735
4.23694
4.21654
4.19613
4.17572
4.15531
4.1349
4.1145
4.09409
4.07368
4.05327
4.03286
4.01245
3.99205
1.02536
1.01691
1.00845
1
1
1
1
1
1
1
1
1
1
1
1
1
1
1
1.04227
1.03381
1.02536
1.01691
1.00845
1
1
1
1
1
1
1
1
1
1
1
1
1
1
1
1
1
1.00845
1.01691
1.02536
1.03381
1.04227
1.05072
1.05917
1.06763
1.07608
1.08453
1.09299
1.23361
1.21278
1.19194
1.17111
1.15028
1.12944
1.12081
1.11218
1.10355
1.09492
1.08629
1.07767
1.06904
1.06041
1.05178
1.04315
1.03452
1.02589
1.01726
1.00863
1
1
1
1
1
1
1
1
1
1
1
1
1
1
1
1
1
1
1
1
1
1.00863
4.97968
4.95884
4.93801
4.91718
4.89634
4.87551
4.85468
4.83384
4.81301
4.79218
4.77134
4.75051
4.72968
4.70884
4.68801
4.66718
4.64634
4.62551
4.60468
4.58384
4.56301
4.54218
4.52134
4.50051
4.47968
4.45884
4.43801
4.41718
4.39634
4.37551
4.35468
4.33384
4.31301
4.29218
4.27134
4.25051
4.22968
4.20884
4.18801
4.16718
4.14634
4.12551
4.10468
1.03452
1.02589
1.01726
1.00863
1
1
1
1
1
1
1
1
1
1
1
1
1
1
1
1
1.03452
1.02589
1.01726
1.00863
1
1
1
1
1
1
1
1
1
1
1
1
1
1
1
1
1
1.00863
1.01726
1.02589
1.03452
1.04315
1.05178
1.06041
1.06904
1.07767
1.08629
1.09492
1.10355
1.11218
1.12081
1.12944
1.25104
1.22977
1.20849
1.18721
1.16594
1.14466
1.12338
1.11457
1.10576
1.09694
1.08813
1.07932
1.0705
1.06169
1.05288
1.04407
1.03525
1.02644
1.01763
1.00881
1
1
1
1
1
1
1
1
1
1
1
1
1
1
1
1
1
1
1
1
1
1.00881
1.01763
1.02644
1.03525
1.04407
1.05288
5.95948
5.9382
5.91693
5.89565
5.87437
5.8531
5.83182
5.81054
5.78927
5.76799
5.74671
5.72544
5.70416
5.68288
5.66161
5.64033
5.61905
5.61024
5.20082
5.17955
5.15827
5.13699
5.11572
5.09444
5.07316
5.05189
5.03061
5.00933
4.98806
4.96678
4.9455
4.92423
4.90295
4.88167
4.8604
4.83912
4.81784
4.79657
4.77529
4.75401
4.73274
4.71146
4.69018
4.66891
4.64763
4.62636
4.60508
4.5838
4.56253
4.54125
4.51997
4.4987
4.47742
4.45614
4.43487
4.41359
4.39231
4.37104
4.34976
4.32848
4.30721
4.28593
4.26465
4.24338
1.05288
1.04407
1.03525
1.02644
1.01763
1.00881
1
1
1
1
1
1
1
1
1
1
1
1
1
1
1
1
1
1.03525
1.02644
1.01763
1.00881
1
1
1
1
1
1
1
1
1
1
1
1
1
1
1
1
1
1.00881
1.01763
1.02644
1.03525
1.04407
1.05288
1.06169
1.0705
1.07932
1.08813
1.09694
1.10576
1.11457
1.12338
1.1322
1.14101
1.14982
1.15864
1.26923
1.2475
1.22576
1.20402
1.18228
1.16054
1.1388
1.11706
1.10806
1.09905
1.09005
1.08104
1.07204
1.06303
1.05403
1.04502
1.03602
1.02701
1.01801
1.009
1
1
1
1
1
1
1
1
1
1
1
1
1
1
1
1
1
1
1
1
1
1.009
1.01801
1.02701
1.03602
1.04502
1.05403
6.08003
6.05829
6.03655
6.01481
5.99307
5.97133
5.94959
5.92786
5.90612
5.88438
5.86264
5.8409
5.81916
5.79742
5.77568
5.75394
5.7322
5.71046
5.32289
5.30115
5.27941
5.25767
5.23593
5.21419
5.19245
5.17072
5.14898
5.12724
5.1055
5.08376
5.06202
5.04028
5.01854
4.9968
4.97506
4.95332
4.93158
4.90985
4.88811
4.86637
4.84463
4.82289
4.80115
4.77941
4.75767
4.73593
4.71419
4.69245
4.67072
4.64898
4.62724
4.6055
4.58376
4.56202
4.54028
4.51854
4.4968
4.47506
4.45332
4.43158
4.40985
4.38811
4.36637
4.35736
1.05403
1.04502
1.03602
1.02701
1.01801
1.009
1
1
1
1
1
1
1
1
1
1
1
1
1
1
1
1
1
1.03602
1.02701
1.01801
1.009
1
1
1
1
1
1
1
1
1
1
1
1
1
1
1
1
1
1.009
1.01801
1.02701
1.03602
1.04502
1.05403
1.06303
1.07204
1.08104
1.09005
1.09905
1.10806
1.11706
1.12606
1.13507
1.14407
1.15308
1.16208
1.28824
1.26601
1.24379
1.22157
1.19935
1.17712
1.1549
1.13268
1.11046
1.10125
1.09205
1.08284
1.07364
1.06443
1.05523
1.04602
1.03682
1.02761
1.01841
1.0092
1
1
1
1
1
1
1
1
1
1
1
1
1
1
1
1
1
1
1
1
1
1.0092
1.01841
1.02761
1.03682
1.04602
1.05523
1.06443
1.07364
1.08284
1.09205
1.10125
1.11046
1.11966
6.2726
6.25038
6.22816
6.20594
6.18371
6.16149
6.13927
6.11705
6.09482
6.0726
6.05038
6.02816
6.00594
5.98371
5.96149
5.93927
5.91705
5.89482
5.8726
5.85038
5.82816
5.80594
5.78371
5.76149
5.73927
5.71705
5.69482
5.6726
5.65038
5.62816
5.60594
5.58371
5.56149
5.53927
5.51705
5.49482
5.4726
5.45038
5.42816
5.40594
5.38371
5.36149
5.33927
5.31705
5.29482
5.2726
5.25038
5.22816
5.20594
5.18371
5.16149
5.13927
5.11705
5.09482
5.0726
5.05038
5.02816
5.00594
4.98371
4.96149
4.93927
4.91705
4.89482
4.8726
4.85038
4.82816
4.80594
4.78371
4.76149
4.73927
4.71705
4.69482
4.6726
4.65038
4.62816
4.60594
4.58371
4.56149
4.53927
4.51705
4.49482
1.06443
1.05523
1.04602
1.03682
1.02761
1.01841
1.0092
1
1
1
1
1
1
1
1
1
1
1
1
1
1
1
1
1
1
1
1.03682
1.02761
1.01841
1.0092
1
1
1
1
1
1
1
1
1
1
1
1
1
1
1
1
1
1.0092
1.01841
1.02761
1.03682
1.04602
1.05523
1.06443
1.07364
1.08284
1.09205
1.10125
1.11046
1.11966
1.12887
1.13807
1.14728
1.15648
1.16569
1.17489
1.1841
1.1933
1.2025
1.21171
1.3081
1.28537
1.26264
1.23992
1.21719
1.19446
1.17174
1.14901
1.12628
1.10355
1.09414
1.08473
1.07531
1.0659
1.05648
1.04707
1.03766
1.02824
1.01883
1.00941
1
1
1
1
1
1
1
1
1
1
1
1
1
1
1
1
1
1
1
1
1
1.00941
1.01883
1.02824
1.03766
1.04707
1.05648
1.0659
1.07531
1.08473
1.09414
1.10355
1.11297
1.12238
1.1318
1.14121
1.15062
1.16004
1.16945
1.17887
1.18828
1.19769
1.20711
1.21652
1.22593
1.23535
1.24476
1.25418
1.26359
6.49276
6.47003
6.4473
6.42458
6.40185
6.37912
6.35639
6.33367
6.31094
6.28821
6.26548
6.24276
6.22003
6.1973
6.17458
6.15185
6.12912
6.10639
6.08367
6.06094
6.03821
6.01548
5.99276
5.97003
5.9473
5.92458
5.90185
5.87912
5.85639
5.83367
5.81094
5.78821
5.76548
5.74276
5.72003
5.6973
5.67458
5.65185
5.62912
5.60639
5.58367
5.56094
5.53821
5.51548
5.49276
5.47003
5.4473
5.42458
5.40185
5.37912
5.35639
5.33367
5.31094
5.28821
5.26548
5.24276
5.22003
5.1973
5.17458
5.15185
5.12912
5.10639
5.08367
5.06094
5.03821
5.01548
4.99276
4.97003
4.9473
4.92458
4.90185
4.87912
4.85639
4.83367
4.81094
4.78821
4.76548
4.74276
4.72003
4.6973
4.67458
4.65185
1.0659
1.05648
1.04707
1.03766
1.02824
1.01883
1.00941
1
1
1
1
1
1
1
1
1
1
1
1
1
1
1
1
1
1
1
1.02824
1.01883
1.00941
1
1
1
1
1
1
1
1
1
1
1
1
1
1
1
1
1
1.00941
1.01883
1.02824
1.03766
1.04707
1.05648
1.0659
1.07531
1.08473
1.09414
1.10355
1.11297
1.12238
1.1318
1.14121
1.15062
1.16004
1.16945
1.17887
1.18828
1.19769
1.20711
1.21652
1.22593
1.23535
1.24476
1.25418
1.26359
1.28632
1.32889
1.30563
1.28238
1.25912
1.23586
1.21261
1.18935
1.1661
1.14284
1.11958
1.09633
1.0867
1.07706
1.06743
1.0578
1.04816
1.03853
1.0289
1.01927
1.00963
1
1
1
1
1
1
1
1
1
1
1
1
1
1
1
1
1
1
1
1
1
1.00963
1.01927
1.0289
1.03853
1.04816
1.0578
1.06743
1.07706
1.0867
1.09633
1.10596
1.11559
1.12523
1.13486
1.14449
1.15413
1.16376
1.17339
1.18302
1.19266
1.20229
1.21192
1.22156
1.23119
1.24082
1.25046
1.26009
1.26972
1.29298
1.31623
1.33949
1.36274
1.386
1.40926
1.43251
1.45577
1.47902
1.50228
1.52553
1.54879
1.57205
1.5953
1.61856
1.64181
1.66507
1.68833
1.71158
1.7036
1.68035
1.65709
1.63383
1.61058
1.58732
1.56407
1.54081
1.51755
1.4943
1.47104
1.44779
1.42453
1.40128
6.67664
6.65338
6.63013
6.60687
6.58362
6.56036
6.53711
6.51385
6.49059
6.46734
6.44408
6.42083
6.39757
6.37432
6.35106
6.3278
6.30455
6.28129
6.25804
6.23478
6.21152
6.18827
6.16501
6.14176
6.1185
6.09525
6.07199
6.04873
6.02548
6.00222
5.97897
5.95571
5.93245
5.9092
5.88594
5.86269
5.83943
5.81618
5.79292
5.76966
5.74641
5.72315
5.6999
5.67664
5.65338
5.63013
5.60687
5.58362
5.56036
5.53711
5.51385
5.49059
5.46734
5.44408
5.42083
5.39757
5.37432
5.35106
5.3278
5.30455
5.28129
5.25804
5.23478
5.21152
5.18827
5.16501
5.14176
5.1185
5.09525
5.07199
5.04873
5.02548
5.00222
4.97897
4.95571
4.93245
4.9092
4.88594
4.86269
4.83943
4.81618
4.79292
1.07706
1.06743
1.0578
1.04816
1.03853
1.0289
1.01927
1.00963
1
1
1
1
1
1
1
1
1
1
1
1
1
1
1
1
1
1
1
1
1.0289
1.01927
1.00963
1
1
1
1
1
1
1
1
1
1
1
1
1
1
1
1
1
1.00963
1.01927
1.0289
1.03853
1.04816
1.0578
1.06743
1.07706
1.0867
1.09633
1.10596
1.11559
1.12523
1.13486
1.14449
1.15413
1.16376
1.17339
1.18302
1.19266
1.20229
1.21192
1.22156
1.23119
1.24082
1.25046
1.26009
1.28334
1.3066
1.16019
1.13638
1.11257
1.08876
1.0789
1.06904
1.05917
1.04931
1.03945
1.02959
1.01972
1.00986
1
1
1
1
1
1
1
1
1
1
1
1
1
1
1
1
1
1
1
1
1
1.00986
1.01972
1.02959
1.03945
1.04931
1.05917
1.06904
1.0789
1.08876
1.09862
1.10848
1.11835
1.12821
1.13807
1.14793
1.1578
1.16766
1.17752
1.18738
1.19724
1.20711
1.21697
1.22683
1.23669
1.24656
1.25642
1.26628
1.29009
1.3139
1.33771
1.36152
1.38533
1.40914
1.43295
1.45676
1.48057
1.50438
1.52819
1.55199
1.5758
1.59961
1.62342
1.64723
1.67104
1.69485
1.71866
1.74247
1.7343
1.71049
1.68668
1.66287
1.63906
1.61525
1.59144
1.56763
1.54382
1.52002
1.49621
1.4724
1.44859
1.42478
1.40097
1.37716
1.35335
1.32954
1.30573
1.29587
1.28601
1.27614
1.26628
1.25642
1.24656
1.23669
1.22683
1
1
1
1
1
1
1
1
6.86928
6.84547
6.82166
6.79785
6.77404
6.75023
6.72642
6.70261
6.6788
6.65499
6.63118
6.60738
6.58357
6.55976
6.53595
6.51214
6.48833
6.46452
6.44071
6.4169
6.39309
6.36928
6.34547
6.32166
6.29785
6.27404
6.25023
6.22642
6.20261
6.1788
6.15499
6.13118
6.10738
6.08357
6.05976
6.03595
6.01214
5.98833
5.96452
5.94071
5.9169
5.89309
5.86928
5.84547
5.82166
5.79785
5.77404
5.75023
5.72642
5.70261
5.6788
5.65499
5.63118
5.60738
5.58357
5.55976
5.53595
5.51214
5.48833
5.46452
5.44071
5.4169
5.39309
5.36928
5.34547
5.32166
5.29785
5.27404
5.25023
5.22642
5.20261
5.1788
5.15499
5.13118
5.10738
5.08357
5.05976
5.03595
5.01214
4.98833
4.96452
1.0789
1.06904
1.05917
1.04931
1.03945
1.02959
1.01972
1.00986
1
1
1
1
1
1
1
1
1
1
1
1
1
1
1
1
1
1
1
1
1
1.04353
1.01972
1.00986
1
1
1
1
1
1
1
1
1
1
1
1
1
1
1
1
1
1.00986
1.01972
1.02959
1.03945
1.04931
1.05917
1.06904
1.0789
1.08876
1.09862
1.10848
1.11835
1.12821
1.13807
1.14793
1.1578
1.16766
1.17752
1.18738
1.19724
1.20711
1.21697
1.22683
1.23669
1.24656
1.25642
1.28023
1.30404
1.32785
1.1296
1.10521
1.08082
1.07072
1.06062
1.05051
1.04041
1.03031
1.02021
1.0101
1
1
1
1
1
1
1
1
1
1
1
1
1
1
1
1
1
1
1
1
1
1.0101
1.02021
1.03031
1.04041
1.05051
1.06062
1.07072
1.08082
1.09092
1.10103
1.11113
1.12123
1.13134
1.14144
1.15154
1.16164
1.17175
1.18185
1.19195
1.20206
1.21216
1.22226
1.23236
1.24247
1.25257
1.26267
1.28706
1.31145
1.33584
1.36023
1.38462
1.40901
1.4334
1.45779
1.48218
1.50657
1.53097
1.55536
1.57975
1.60414
1.62853
1.65292
1.67731
1.7017
1.72609
1.75048
1.77487
1.7665
1.74211
1.71772
1.69333
1.66894
1.64455
1.62016
1.59577
1.57138
1.54699
1.5226
1.49821
1.47382
1.44943
1.42503
1.40064
1.37625
1.35186
1.32747
1.30308
1.29298
1.28288
1.27278
1.26267
1.25257
1.24247
1.23236
1.22226
1.21216
1.20206
1.19195
1.18185
1
1
1
1
1
1
1
1
1
1
1
1
1
1
1
1
7.09571
7.07132
7.04693
7.02254
6.99815
6.97376
6.94937
6.92498
6.90058
6.87619
6.8518
6.82741
6.80302
6.77863
6.75424
6.72985
6.70546
6.68107
6.65668
6.63229
6.6079
6.58351
6.55912
6.53473
6.51034
6.48595
6.46156
6.43717
6.41278
6.38839
6.364
6.33961
6.31522
6.29083
6.26644
6.24205
6.21766
6.19327
6.16888
6.14449
6.1201
6.09571
6.07132
6.04693
6.02254
5.99815
5.97376
5.94937
5.92498
5.90058
5.87619
5.8518
5.82741
5.80302
5.77863
5.75424
5.72985
5.70546
5.68107
5.65668
5.63229
5.6079
5.58351
5.55912
5.53473
5.51034
5.48595
5.46156
5.43717
5.41278
5.38839
5.364
5.33961
5.31522
5.29083
5.26644
5.24205
5.21766
5.19327
5.16888
5.14449
1
1
1
1.0101
1.02021
1.03031
1.04041
1.05051
1.08082
1.07072
1.06062
1.05051
1.04041
1.03031
1.02021
1.0101
1
1
1
1
1
1
1
1
1
1
1
1
1
1
1
1
1
1
1
1
1
1.0101
1
1
1
1
1
1
1
1
1
1
1
1
1
1
1
1
1
1.0101
1.02021
1.03031
1.04041
1.05051
1.06062
1.07072
1.08082
1.09092
1.10103
1.11113
1.12123
1.13134
1.14144
1.15154
1.16164
1.17175
1.18185
1.19195
1.20206
1.21216
1.22226
1.23236
1.24247
1.25257
1.27696
1.30135
1.32574
1.35013
1.07249
1.06213
1.05178
1.04142
1.03107
1.02071
1.01036
1
1
1
1
1
1
1
1
1
1
1
1
1
1
1
1
1
1
1
1
1
1.01036
1.02071
1.03107
1.04142
1.05178
1.06213
1.07249
1.08284
1.0932
1.10355
1.11391
1.12426
1.13462
1.14497
1.15533
1.16569
1.17604
1.1864
1.19675
1.20711
1.21746
1.22782
1.23817
1.24853
1.25888
1.28388
1.30888
1.33388
1.35888
1.38388
1.40888
1.43388
1.45888
1.48388
1.50888
1.53388
1.55888
1.58388
1.60888
1.63388
1.65888
1.68388
1.70888
1.73388
1.75888
1.78388
1.80888
1.80031
1.77531
1.75031
1.72531
1.70031
1.67531
1.65031
1.62531
1.60031
1.57531
1.55031
1.52531
1.50031
1.47531
1.45031
1.42531
1.40031
1.37531
1.35031
1.32531
1.30031
1.28995
1.27959
1.26924
1.25888
1.24853
1.23817
1.22782
1.21746
1.20711
1.19675
1.1864
1.17604
1.16569
1.15533
1.14497
1.13462
1.12426
1
1
1
1
1
1
1
1
1
1
1
1
1
1
1
1
1
1
1
1
7.30845
7.28345
7.25845
7.23345
7.20845
7.18345
7.15845
7.13345
7.10845
7.08345
7.05845
7.03345
7.00845
6.98345
6.95845
6.93345
6.90845
6.88345
6.85845
6.83345
6.80845
6.78345
6.75845
6.73345
6.70845
6.68345
6.65845
6.63345
6.60845
6.58345
6.55845
6.53345
6.50845
6.48345
6.45845
6.43345
6.40845
6.38345
6.35845
6.33345
6.30845
6.28345
6.25845
6.23345
6.20845
6.18345
6.15845
6.13345
6.10845
6.08345
6.05845
6.03345
6.00845
5.98345
5.95845
5.93345
5.90845
5.88345
5.85845
5.83345
5.80845
5.78345
5.75845
5.73345
5.70845
5.68345
5.65845
5.63345
5.60845
5.58345
5.55845
5.53345
5.50845
5.48345
5.45845
5.43345
5.40845
5.38345
5.35845
5.33345
1
1
1
1
1
1
1
1.01036
1.02071
1.03107
1.04142
1.05178
1.06213
1.07249
1.0932
1.08284
1.07249
1.06213
1.05178
1.04142
1.03107
1.02071
1.01036
1
1
1
1
1
1
1
1
1
1
1
1
1
1
1
1
1
1
1
1
1
1.01036
1
1
1
1
1
1
1
1
1
1
1
1
1
1
1
1
1
1.01036
1.02071
1.03107
1.04142
1.05178
1.06213
1.07249
1.08284
1.0932
1.10355
1.11391
1.12426
1.13462
1.14497
1.15533
1.16569
1.17604
1.1864
1.19675
1.20711
1.21746
1.22782
1.23817
1.24853
1.27353
1.29853
1.32353
1.34853
1.37353
1.06373
1.0531
1.04248
1.03186
1.02124
1.01062
1
1
1
1
1
1
1
1
1
1
1
1
1
1
1
1
1
1
1
1
1
1.01062
1.02124
1.03186
1.04248
1.0531
1.06373
1.07435
1.08497
1.09559
1.10621
1.11683
1.12745
1.13807
1.14869
1.15931
1.16993
1.18055
1.19118
1.2018
1.21242
1.22304
1.23366
1.24428
1.2549
1.28054
1.30618
1.33182
1.35747
1.38311
1.40875
1.43439
1.46003
1.48567
1.51131
1.53695
1.56259
1.58823
1.61388
1.63952
1.66516
1.6908
1.71644
1.74208
1.76772
1.79336
1.819
1.84464
1.83585
1.8102
1.78456
1.75892
1.73328
1.70764
1.682
1.65636
1.63072
1.60508
1.57944
1.55379
1.52815
1.50251
1.47687
1.45123
1.42559
1.39995
1.37431
1.34867
1.32303
1.29738
1.28676
1.27614
1.26552
1.2549
1.24428
1.23366
1.22304
1.21242
1.2018
1.19118
1.18055
1.16993
1.15931
1.14869
1.13807
1.12745
1.11683
1.10621
1.09559
1.08497
1.07435
1.06373
1
1
1
1
1
1
1
1
1
1
1
1
1
1
1
1
1
1
1
1
1
1
1
7.50647
7.48083
7.45519
7.42955
7.40391
7.37827
7.35263
7.32698
7.30134
7.2757
7.25006
7.22442
7.19878
7.17314
7.1475
7.12186
7.09622
7.07057
7.04493
7.01929
6.99365
6.96801
6.94237
6.91673
6.89109
6.86545
6.83981
6.81416
6.78852
6.76288
6.73724
6.7116
6.68596
6.66032
6.63468
6.60904
6.5834
6.55775
6.53211
6.50647
6.48083
6.45519
6.42955
6.40391
6.37827
6.35263
6.32698
6.30134
6.2757
6.25006
6.22442
6.19878
6.17314
6.1475
6.12186
6.09622
6.07057
6.04493
6.01929
5.99365
5.96801
5.94237
5.91673
5.89109
5.86545
5.83981
5.81416
5.78852
5.76288
5.73724
5.7116
5.68596
5.66032
5.63468
5.60904
5.5834
5.55775
5.53211
5.50647
1
1
1
1
1
1
1
1
1
1
1
1.01062
1.02124
1.03186
1.04248
1.0531
1.06373
1.07435
1.08497
1.09559
1.10621
1.09559
1.08497
1.07435
1.06373
1.0531
1.04248
1.03186
1.02124
1.01062
1
1
1
1
1
1
1
1
1
1
1
1
1
1
1
1
1
1
1
1
1
1
1.01062
1
1
1
1
1
1
1
1
1
1
1
1
1
1
1
1
1
1.01062
1.02124
1.03186
1.04248
1.0531
1.06373
1.07435
1.08497
1.09559
1.10621
1.11683
1.12745
1.13807
1.14869
1.15931
1.16993
1.18055
1.19118
1.2018
1.21242
1.22304
1.23366
1.24428
1.26992
1.29556
1.3212
1.34684
1.37249
1.39813
1.0545
1.0436
1.0327
1.0218
1.0109
1
1
1
1
1
1
1
1
1
1
1
1
1
1
1
1
1
1
1
1
1
1.0109
1.0218
1.0327
1.0436
1.0545
1.0654
1.0763
1.0872
1.0981
1.109
1.1199
1.1308
1.1417
1.1526
1.16351
1.17441
1.18531
1.19621
1.20711
1.21801
1.22891
1.23981
1.25071
1.27702
1.30334
1.32966
1.35597
1.38229
1.4086
1.43492
1.46123
1.48755
1.51387
1.54018
1.5665
1.59281
1.61913
1.64545
1.67176
1.69808
1.72439
1.75071
1.77702
1.80334
1.82966
1.85597
1.88229
1.87326
1.84694
1.82063
1.79431
1.76799
1.74168
1.71536
1.68905
1.66273
1.63642
1.6101
1.58378
1.55747
1.53115
1.50484
1.47852
1.4522
1.42589
1.39957
1.37326
1.34694
1.32063
1.29431
1.28341
1.27251
1.26161
1.25071
1.23981
1.22891
1.21801
1.20711
1.19621
1.18531
1.17441
1.16351
1.1526
1.1417
1.1308
1.1199
1.109
1.0981
1.0872
1.0763
1.0654
1.0545
1.0436
1.0327
1.0218
1.0109
1
1
1
1
1
1
1
1
1
1
1
1
1
1
1
1
1
1
1
1
1
1
1
1
1
1
1
7.74123
7.71491
7.6886
7.66228
7.63596
7.60965
7.58333
7.55702
7.5307
7.50438
7.47807
7.45175
7.42544
7.39912
7.37281
7.34649
7.32017
7.29386
7.26754
7.24123
7.21491
7.1886
7.16228
7.13596
7.10965
7.08333
7.05702
7.0307
7.00438
6.97807
6.95175
6.92544
6.89912
6.87281
6.84649
6.82017
6.79386
6.76754
6.74123
6.71491
6.6886
6.66228
6.63596
6.60965
6.58333
6.55702
6.5307
6.50438
6.47807
6.45175
6.42544
6.39912
6.37281
6.34649
6.32017
6.29386
6.26754
6.24123
6.21491
6.1886
6.16228
6.13596
6.10965
6.08333
6.05702
6.0307
6.00438
5.97807
5.95175
5.92544
5.89912
5.87281
5.84649
5.82017
5.79386
5.76754
5.74123
5.71491
5.6886
1
1
1
1
1
1
1
1
1
1
1
1
1.0109
1.0218
1.0327
1.0436
1.0545
1.0654
1.0763
1.0872
1.0981
1.109
1.1199
1.0981
1.0872
1.0763
1.0654
1.0545
1.0436
1.0327
1.0218
1.0109
1
1
1
1
1
1
1
1
1
1
1
1
1
1
1
1
1
1
1
1
1
1
1.0109
1
1
1
1
1
1
1
1
1
1
1
1
1
1
1
1
1
1.0109
1.0218
1.0327
1.0436
1.0545
1.0654
1.0763
1.0872
1.0981
1.109
1.1199
1.1308
1.1417
1.1526
1.16351
1.17441
1.18531
1.19621
1.20711
1.21801
1.22891
1.23981
1.26612
1.29244
1.31876
1.34507
1.37139
1.3977
1.42402
1.07181
1.04478
1.03359
1.02239
1.0112
1
1
1
1
1
1
1
1
1
1
1
1
1
1
1
1
1
1
1
1
1
1.0112
1.02239
1.03358
1.04478
1.05597
1.06717
1.07836
1.08956
1.10075
1.11195
1.12314
1.13434
1.14553
1.15673
1.16792
1.17912
1.19031
1.20151
1.2127
1.2239
1.23509
1.24629
1.27332
1.30034
1.32737
1.3544
1.38142
1.40845
1.43548
1.46251
1.48953
1.51656
1.54359
1.57061
1.59764
1.62467
1.65169
1.67872
1.70575
1.73278
1.7598
1.78683
1.81386
1.84088
1.86791
1.89494
1.92197
1.91269
1.88566
1.85864
1.83161
1.80458
1.77756
1.75053
1.7235
1.69647
1.66945
1.64242
1.61539
1.58837
1.56134
1.53431
1.50729
1.48026
1.45323
1.4262
1.39918
1.37215
1.34512
1.3181
1.29107
1.27987
1.26868
1.25748
1.24629
1.23509
1.2239
1.2127
1.20151
1.19031
1.17912
1.16792
1.15673
1.14553
1.13434
1.12314
1.11195
1.10075
1.08956
1.07836
1.06717
1.05597
1.04478
1.03358
1.02239
1.0112
1
1
1
1
1
1
1
1
1
1
1
1
1
1
1
1
1
1
1
1
1
1
1
1
1
1
1
7.96164
7.93462
7.90759
7.88056
7.85354
7.82651
7.79948
7.77246
7.74543
7.7184
7.69137
7.66435
7.63732
7.61029
7.58327
7.55624
7.52921
7.50218
7.47516
7.44813
7.4211
7.39408
7.36705
7.34002
7.313
7.28597
7.25894
7.23191
7.20489
7.17786
7.15083
7.12381
7.09678
7.06975
7.04273
7.0157
6.98867
6.96164
6.93462
6.90759
6.88056
6.85354
6.82651
6.79948
6.77246
6.74543
6.7184
6.69137
6.66435
6.63732
6.61029
6.58327
6.55624
6.52921
6.50218
6.47516
6.44813
6.4211
6.39408
6.36705
6.34002
6.313
6.28597
6.25894
6.23191
6.20489
6.17786
6.15083
6.12381
6.09678
6.06975
6.04273
6.0157
5.98867
5.96164
5.93462
5.90759
5.88056
5.86937
1
1
1
1
1
1
1
1
1
1
1
1
1.0112
1.02239
1.03358
1.04478
1.05597
1.06717
1.07836
1.08956
1.10075
1.11195
1.12314
1.10075
1.08956
1.07836
1.06717
1.05597
1.04478
1.03358
1.02239
1.0112
1
1
1
1
1
1
1
1
1
1
1
1
1
1
1
1
1
1
1
1
1
1
1.0112
1
1
1
1
1
1
1
1
1
1
1
1
1
1
1
1
1
1.0112
1.02239
1.03358
1.04478
1.05597
1.06717
1.07836
1.08956
1.10075
1.11195
1.12314
1.13434
1.14553
1.15673
1.16792
1.17912
1.19031
1.20151
1.2127
1.2239
1.23509
1.26212
1.28915
1.31618
1.3432
1.37023
1.39726
1.42428
1.45131
1.03452
1.02301
1.01151
1
1
1
1
1
1
1
1
1
1
1
1
1
1
1
1
1
1
1
1
1
1.01151
1.02301
1.03452
1.04602
1.05753
1.06904
1.08054
1.09205
1.10355
1.11506
1.12657
1.13807
1.14958
1.16108
1.17259
1.18409
1.1956
1.20711
1.21861
1.23012
1.24162
1.2694
1.29718
1.32496
1.35274
1.38051
1.40829
1.43607
1.46385
1.49162
1.5194
1.54718
1.57496
1.60274
1.63051
1.65829
1.68607
1.71385
1.74162
1.7694
1.79718
1.82496
1.85274
1.88051
1.90829
1.93607
1.96385
1.95432
1.92654
1.89876
1.87098
1.8432
1.81543
1.78765
1.75987
1.73209
1.70432
1.67654
1.64876
1.62098
1.5932
1.56543
1.53765
1.50987
1.48209
1.45432
1.42654
1.39876
1.37098
1.3432
1.31543
1.28765
1.27614
1.26464
1.25313
1.24162
1.23012
1.21861
1.20711
1.1956
1.18409
1.17259
1.16108
1.14958
1.13807
1.12657
1.11506
1.10355
1.09205
1.08054
1.06904
1.05753
1.04602
1.03452
1.02301
1.01151
1
1
1
1
1
1
1
1
1
1
1
1
1
1
1
1
1
1
1
1
1
1
1
1
1
1
1
1
1
1
1
1
1
8.19431
8.16653
8.13875
8.11097
8.0832
8.05542
8.02764
7.99986
7.97208
7.94431
7.91653
7.88875
7.86097
7.8332
7.80542
7.77764
7.74986
7.72208
7.69431
7.66653
7.63875
7.61097
7.5832
7.55542
7.52764
7.49986
7.47208
7.44431
7.41653
7.38875
7.36097
7.3332
7.30542
7.27764
7.24986
7.22208
7.19431
7.16653
7.13875
7.11097
7.0832
7.05542
7.02764
6.99986
6.97208
6.94431
6.91653
6.88875
6.86097
6.8332
6.80542
6.77764
6.74986
6.72208
6.69431
6.66653
6.63875
6.61097
6.5832
6.55542
6.52764
6.49986
6.47208
6.44431
6.41653
6.38875
6.36097
6.3332
6.30542
6.27764
6.24986
6.22208
6.19431
6.16653
6.13875
6.11097
6.0832
6.07169
1
1
1
1
1
1
1
1
1
1
1
1
1
1
1.01151
1.02301
1.03452
1.04602
1.05753
1.06904
1.08054
1.09205
1.10355
1.11506
1.12657
1.10355
1.09205
1.08054
1.06904
1.05753
1.04602
1.03452
1.02301
1.01151
1
1
1
1
1
1
1
1
1
1
1
1
1
1
1
1
1
1
1
1
1
1
1.01151
1
1
1
1
1
1
1
1
1
1
1
1
1
1
1
1
1
1.01151
1.02301
1.03452
1.04602
1.05753
1.06904
1.08054
1.09205
1.10355
1.11506
1.12657
1.13807
1.14958
1.16108
1.17259
1.18409
1.1956
1.20711
1.21861
1.23012
1.2579
1.28567
1.31345
1.34123
1.36901
1.39679
1.42456
1.45234
1.48012
1.02367
1.01183
1
1
1
1
1
1
1
1
1
1
1
1
1
1
1
1
1
1
1
1
1
1.01183
1.02367
1.0355
1.04734
1.05917
1.07101
1.08284
1.09468
1.10651
1.11835
1.13018
1.14202
1.15385
1.16569
1.17752
1.18935
1.20119
1.21302
1.22486
1.23669
1.26527
1.29384
1.32241
1.35098
1.37955
1.40812
1.43669
1.46527
1.49384
1.52241
1.55098
1.57955
1.60812
1.63669
1.66527
1.69384
1.72241
1.75098
1.77955
1.80812
1.83669
1.86527
1.89384
1.92241
1.95098
1.97955
2.00812
1.99832
1.96975
1.94118
1.9126
1.88403
1.85546
1.82689
1.79832
1.76975
1.74118
1.7126
1.68403
1.65546
1.62689
1.59832
1.56975
1.54118
1.5126
1.48403
1.45546
1.42689
1.39832
1.36975
1.34118
1.3126
1.28403
1.2722
1.26036
1.24853
1.23669
1.22486
1.21302
1.20119
1.18935
1.17752
1.16569
1.15385
1.14202
1.13018
1.11835
1.10651
1.09468
1.08284
1.07101
1.05917
1.04734
1.0355
1.02367
1.01183
1
1
1
1
1
1
1
1
1
1
1
1
1
1
1
1
1
1
1
1
1
1
1
1
1
1
1
1
1
1
1
1
1
1
1
1
1
1
1
8.44026
8.41169
8.38312
8.35455
8.32598
8.29741
8.26884
8.24026
8.21169
8.18312
8.15455
8.12598
8.09741
8.06884
8.04026
8.01169
7.98312
7.95455
7.92598
7.89741
7.86884
7.84026
7.81169
7.78312
7.75455
7.72598
7.69741
7.66884
7.64026
7.61169
7.58312
7.55455
7.52598
7.49741
7.46884
7.44026
7.41169
7.38312
7.35455
7.32598
7.29741
7.26884
7.24026
7.21169
7.18312
7.15455
7.12598
7.09741
7.06884
7.04026
7.01169
6.98312
6.95455
6.92598
6.89741
6.86884
6.84026
6.81169
6.78312
6.75455
6.72598
6.69741
6.66884
6.64026
6.61169
6.58312
6.55455
6.52598
6.49741
6.46884
6.44026
6.41169
6.38312
6.35455
6.32598
6.29741
1
1
1
1
1
1
1
1
1
1
1
1
1
1
1
1
1.01183
1.02367
1.0355
1.04734
1.05917
1.07101
1.08284
1.09468
1.10651
1.11835
1.13018
1.14202
1.10651
1.09468
1.08284
1.07101
1.05917
1.04734
1.0355
1.02367
1.01183
1
1
1
1
1
1
1
1
1
1
1
1
1
1
1
1
1
1
1
1
1
1
1.01183
1
1
1
1
1
1
1
1
1
1
1
1
1
1
1
1
1
1.01183
1.02367
1.0355
1.04734
1.05917
1.07101
1.08284
1.09468
1.10651
1.11835
1.13018
1.14202
1.15385
1.16569
1.17752
1.18935
1.20119
1.21302
1.22486
1.25343
1.282
1.31057
1.33914
1.36772
1.39629
1.42486
1.45343
1.482
1.51057
1.02437
1.01218
1
1
1
1
1
1
1
1
1
1
1
1
1
1
1
1
1
1
1
1
1
1.01218
1.02437
1.03655
1.04873
1.06091
1.0731
1.08528
1.09746
1.10964
1.12183
1.13401
1.14619
1.15838
1.17056
1.18274
1.19492
1.20711
1.21929
1.23147
1.26088
1.2903
1.31971
1.34912
1.37853
1.40794
1.43735
1.46677
1.49618
1.52559
1.555
1.58441
1.61383
1.64324
1.67265
1.70206
1.73147
1.76088
1.7903
1.81971
1.84912
1.87853
1.90794
1.93735
1.96677
1.99618
2.02559
2.055
2.04491
2.0155
1.98609
1.95667
1.92726
1.89785
1.86844
1.83903
1.80962
1.7802
1.75079
1.72138
1.69197
1.66256
1.63314
1.60373
1.57432
1.54491
1.5155
1.48609
1.45667
1.42726
1.39785
1.36844
1.33903
1.30962
1.2802
1.26802
1.25584
1.24366
1.23147
1.21929
1.20711
1.19492
1.18274
1.17056
1.15838
1.14619
1.13401
1.12183
1.10964
1.09746
1.08528
1.0731
1.06091
1.04873
1.03655
1.02437
1.01218
1
1
1
1
1
1
1
1
1
1
1
1
1
1
1
1
1
1
1
1
1
1
1
1
1
1
1
1
1
1
1
1
1
1
1
1
1
1
1
1
1
1
8.75951
8.7301
8.70069
8.67128
8.64187
8.61246
8.58304
8.55363
8.52422
8.49481
8.4654
8.43598
8.40657
8.37716
8.34775
8.31834
8.28893
8.25951
8.2301
8.20069
8.17128
8.14187
8.11246
8.08304
8.05363
8.02422
7.99481
7.9654
7.93598
7.90657
7.87716
7.84775
7.81834
7.78893
7.75951
7.7301
7.70069
7.67128
7.64187
7.61246
7.58304
7.55363
7.52422
7.49481
7.4654
7.43598
7.40657
7.37716
7.34775
7.31834
7.28893
7.25951
7.2301
7.20069
7.17128
7.14187
7.11246
7.08304
7.05363
7.02422
6.99481
6.9654
6.93598
6.90657
6.87716
6.84775
6.81834
6.78893
6.75951
6.7301
6.70069
6.67128
6.64187
6.61246
6.58304
6.55363
6.52422
1
1
1
1
1
1
1
1
1
1
1
1
1
1
1
1
1
1
1.01218
1.02437
1.03655
1.04873
1.06091
1.0731
1.08528
1.09746
1.10964
1.12183
1.13401
1.14619
1.09746
1.08528
1.0731
1.06091
1.04873
1.03655
1.02437
1.01218
1
1
1
1
1
1
1
1
1
1
1
1
1
1
1
1
1
1
1
1
1
1
1
1
1
1
1
1
1
1
1
1
1
1
1
1
1
1
1
1
1
1.01218
1.02437
1.03655
1.04873
1.06091
1.0731
1.08528
1.09746
1.10964
1.12183
1.13401
1.14619
1.15838
1.17056
1.18274
1.19492
1.20711
1.21929
1.2487
1.27811
1.30752
1.33694
1.36635
1.39576
1.42517
1.45458
1.484
1.51341
1.54282
1.01255
1
1
1
1
1
1
1
1
1
1
1
1
1
1
1
1
1
1
1
1
1
1.01255
1.0251
1.03766
1.05021
1.06276
1.07531
1.08786
1.10042
1.11297
1.12552
1.13807
1.15062
1.16317
1.17573
1.18828
1.20083
1.21338
1.22593
1.25624
1.28654
1.31684
1.34715
1.37745
1.40775
1.43806
1.46836
1.49866
1.52897
1.55927
1.58957
1.61987
1.65018
1.68048
1.71078
1.74109
1.77139
1.80169
1.832
1.8623
1.8926
1.9229
1.95321
1.98351
2.01381
2.04412
2.07442
2.10472
2.09432
2.06402
2.03372
2.00342
1.97311
1.94281
1.91251
1.8822
1.8519
1.8216
1.79129
1.76099
1.73069
1.70039
1.67008
1.63978
1.60948
1.57917
1.54887
1.51857
1.48826
1.45796
1.42766
1.39735
1.36705
1.33675
1.30645
1.27614
1.26359
1.25104
1.23849
1.22593
1.21338
1.20083
1.18828
1.17573
1.16317
1.15062
1.13807
1.12552
1.11297
1.10042
1.08786
1.07531
1.06276
1.05021
1.03766
1.0251
1.01255
1
1
1
1
1
1
1
1
1
1
1
1
1
1
1
1
1
1
1
1
1
1
1
1
1
1
1
1
1
1
1
1
1
1
1
1
1
1
1
1
1
1
1
1
1
9.03751
9.0072
8.9769
8.9466
8.91629
8.88599
8.85569
8.82538
8.79508
8.76478
8.73448
8.70417
8.67387
8.64357
8.61326
8.58296
8.55266
8.52235
8.49205
8.46175
8.43145
8.40114
8.37084
8.34054
8.31023
8.27993
8.24963
8.21932
8.18902
8.15872
8.12842
8.09811
8.06781
8.03751
8.0072
7.9769
7.9466
7.91629
7.88599
7.85569
7.82538
7.79508
7.76478
7.73448
7.70417
7.67387
7.64357
7.61326
7.58296
7.55266
7.52235
7.49205
7.46175
7.43145
7.40114
7.37084
7.34054
7.31023
7.27993
7.24963
7.21932
7.18902
7.15872
7.12842
7.09811
7.06781
7.03751
7.0072
6.9769
6.9466
6.91629
6.88599
6.85569
6.82538
6.79508
6.76478
1
1
1
1
1
1
1
1
1
1
1
1
1
1
1
1
1
1
1
1.01255
1.0251
1.03766
1.05021
1.06276
1.07531
1.08786
1.10042
1.11297
1.12552
1.13807
1.15062
1.16317
1.17573
1.10042
1.08786
1.07531
1.06276
1.05021
1.03766
1.0251
1.01255
1
1
1
1
1
1
1
1
1
1
1
1
1
1
1
1
1
1
1
1
1
1
1
1
1
1
1
1
1
1
1
1
1
1
1
1
1
1
1
1
1
1.01255
1.0251
1.03766
1.05021
1.06276
1.07531
1.08786
1.10042
1.11297
1.12552
1.13807
1.15062
1.16317
1.17573
1.18828
1.20083
1.21338
1.24369
1.27399
1.30429
1.33459
1.3649
1.3952
1.4255
1.45581
1.48611
1.51641
1.54672
1.57702
1.01294
1
1
1
1
1
1
1
1
1
1
1
1
1
1
1
1
1
1
1
1
1
1.01294
1.02589
1.03883
1.05178
1.06472
1.07766
1.09061
1.10355
1.1165
1.12944
1.14239
1.15533
1.16827
1.18122
1.19416
1.20711
1.22005
1.2513
1.28255
1.3138
1.34505
1.3763
1.40755
1.4388
1.47005
1.5013
1.53255
1.5638
1.59505
1.6263
1.65755
1.6888
1.72005
1.7513
1.78255
1.8138
1.84505
1.8763
1.90755
1.9388
1.97005
2.0013
2.03255
2.0638
2.09505
2.1263
2.15755
2.14683
2.11558
2.08433
2.05308
2.02183
1.99058
1.95933
1.92808
1.89683
1.86558
1.83433
1.80308
1.77183
1.74058
1.70933
1.67808
1.64683
1.61558
1.58433
1.55308
1.52183
1.49058
1.45933
1.42808
1.39683
1.36558
1.33433
1.30308
1.27183
1.25888
1.24594
1.233
1.22005
1.20711
1.19416
1.18122
1.16827
1.15533
1.14239
1.12944
1.1165
1.10355
1.09061
1.07766
1.06472
1.05178
1.03883
1.02589
1.01294
1
1
1
1
1
1
1
1
1
1
1
1
1
1
1
1
1
1
1
1
1
1
1
1
1
1
1
1
1
1
1
1
1
1
1
1
1
1
1
1
1
1
1
1
1
1
1
1
1
1
9.33287
9.30162
9.27037
9.23912
9.20787
9.17662
9.14537
9.11412
9.08287
9.05162
9.02037
8.98912
8.95787
8.92662
8.89537
8.86412
8.83287
8.80162
8.77037
8.73912
8.70787
8.67662
8.64537
8.61412
8.58287
8.55162
8.52037
8.48912
8.45787
8.42662
8.39537
8.36412
8.33287
8.30162
8.27037
8.23912
8.20787
8.17662
8.14537
8.11412
8.08287
8.05162
8.02037
7.98912
7.95787
7.92662
7.89537
7.86412
7.83287
7.80162
7.77037
7.73912
7.70787
7.67662
7.64537
7.61412
7.58287
7.55162
7.52037
7.48912
7.45787
7.42662
7.39537
7.36412
7.33287
7.30162
7.27037
7.23912
7.20787
7.17662
7.14537
7.11412
7.08287
7.05162
1
1
1
1
1
1
1
1
1
1
1
1
1
1
1
1
1
1
1
1
1
1.01294
1.02589
1.03883
1.05178
1.06472
1.07766
1.09061
1.10355
1.1165
1.12944
1.14239
1.15533
1.16827
1.18122
1.10355
1.09061
1.07766
1.06472
1.05178
1.03883
1.02589
1.01294
1
1
1
1
1
1
1
1
1
1
1
1
1
1
1
1
1
1
1
1
1
1
1
1
1
1
1
1
1
1
1
1
1
1
1
1
1
1
1
1
1
1.01294
1.02589
1.03883
1.05178
1.06472
1.07766
1.09061
1.10355
1.1165
1.12944
1.14239
1.15533
1.16827
1.18122
1.19416
1.20711
1.23836
1.26961
1.30086
1.33211
1.36336
1.39461
1.42586
1.45711
1.48836
1.51961
1.55086
1.58211
1.61336
1
1
1
1
1
1
1
1
1
1
1
1
1
1
1
1
1
1
1
1
1
1.01336
1.02672
1.04009
1.05345
1.06681
1.08017
1.09353
1.10689
1.12026
1.13362
1.14698
1.16034
1.1737
1.18706
1.20043
1.21379
1.24605
1.2783
1.31056
1.34282
1.37508
1.40734
1.43959
1.47185
1.50411
1.53637
1.56863
1.60088
1.63314
1.6654
1.69766
1.72992
1.76217
1.79443
1.82669
1.85895
1.89121
1.92347
1.95572
1.98798
2.02024
2.0525
2.08476
2.11701
2.14927
2.18153
2.21379
2.20272
2.17046
2.1382
2.10594
2.07369
2.04143
2.00917
1.97691
1.94465
1.9124
1.88014
1.84788
1.81562
1.78336
1.75111
1.71885
1.68659
1.65433
1.62207
1.58982
1.55756
1.5253
1.49304
1.46078
1.42853
1.39627
1.36401
1.33175
1.29949
1.26723
1.25387
1.24051
1.22715
1.21379
1.20043
1.18706
1.1737
1.16034
1.14698
1.13362
1.12026
1.10689
1.09353
1.08017
1.06681
1.05345
1.04009
1.02672
1.01336
1
1
1
1
1
1
1
1
1
1
1
1
1
1
1
1
1
1
1
1
1
1
1
1
1
1
1
1
1
1
1
1
1
1
1
1
1
1
1
1
1
1
1
1
1
1
1
1
1
1
1
1
9.58278
9.55052
9.51826
9.486
9.45375
9.42149
9.38923
9.35697
9.32471
9.29246
9.2602
9.22794
9.19568
9.16342
9.13117
9.09891
9.06665
9.03439
9.00213
8.96988
8.93762
8.90536
8.8731
8.84084
8.80858
8.77633
8.74407
8.71181
8.67955
8.64729
8.61504
8.58278
8.55052
8.51826
8.486
8.45375
8.42149
8.38923
8.35697
8.32471
8.29246
8.2602
8.22794
8.19568
8.16342
8.13117
8.09891
8.06665
8.03439
8.00213
7.96988
7.93762
7.90536
7.8731
7.84084
7.80858
7.77633
7.74407
7.71181
7.67955
7.64729
7.61504
7.58278
7.55052
7.51826
7.486
7.45375
7.42149
7.38923
7.35697
7.32471
1
1
1
1
1
1
1
1
1
1
1
1
1
1
1
1
1
1
1
1
1
1
1.01336
1.02672
1.04009
1.05345
1.06681
1.08017
1.09353
1.10689
1.12026
1.13362
1.14698
1.16034
1.1737
1.18706
1.10689
1.09353
1.08017
1.06681
1.05345
1.04009
1.02672
1.01336
1
1
1
1
1
1
1
1
1
1
1
1
1
1
1
1
1
1
1
1
1
1
1
1
1
1
1
1
1
1
1
1
1
1
1
1
1
1
1
1
1
1.01336
1.02672
1.04009
1.05345
1.06681
1.08017
1.09353
1.10689
1.12026
1.13362
1.14698
1.16034
1.1737
1.18706
1.20043
1.23268
1.26494
1.2972
1.32946
1.36172
1.39397
1.42623
1.45849
1.49075
1.52301
1.55526
1.58752
1.61978
1.65204
1
1
1
1
1
1
1
1
1
1
1
1
1
1
1
1
1
1
1
1
1
1.01381
1.02761
1.04142
1.05523
1.06904
1.08284
1.09665
1.11046
1.12426
1.13807
1.15188
1.16569
1.17949
1.1933
1.20711
1.24044
1.27377
1.30711
1.34044
1.37377
1.40711
1.44044
1.47377
1.50711
1.54044
1.57377
1.60711
1.64044
1.67377
1.70711
1.74044
1.77377
1.80711
1.84044
1.87377
1.90711
1.94044
1.97377
2.00711
2.04044
2.07377
2.10711
2.14044
2.17377
2.20711
2.24044
2.27377
2.26234
2.229
2.19567
2.16234
2.129
2.09567
2.06234
2.029
1.99567
1.96234
1.929
1.89567
1.86234
1.829
1.79567
1.76234
1.729
1.69567
1.66234
1.629
1.59567
1.56234
1.529
1.49567
1.46234
1.429
1.39567
1.36234
1.329
1.29567
1.26234
1.24853
1.23472
1.22091
1.20711
1.1933
1.17949
1.16569
1.15188
1.13807
1.12426
1.11046
1.09665
1.08284
1.06904
1.05523
1.04142
1.02761
1.01381
1
1
1
1
1
1
1
1
1
1
1
1
1
1
1
1
1
1
1
1
1
1
1
1
1
1
1
1
1
1
1
1
1
1
1
1
1
1
1
1
1
1
1
1
1
1
1
1
1
1
1
1
1
1
9.91601
9.88268
9.84934
9.81601
9.78268
9.74934
9.71601
9.68268
9.64934
9.61601
9.58268
9.54934
9.51601
9.48268
9.44934
9.41601
9.38268
9.34934
9.31601
9.28268
9.24934
9.21601
9.18268
9.14934
9.11601
9.08268
9.04934
9.01601
8.98268
8.94934
8.91601
8.88268
8.84934
8.81601
8.78268
8.74934
8.71601
8.68268
8.64934
8.61601
8.58268
8.54934
8.51601
8.48268
8.44934
8.41601
8.38268
8.34934
8.31601
8.28268
8.24934
8.21601
8.18268
8.14934
8.11601
8.08268
8.04934
8.01601
7.98268
7.94934
7.91601
7.88268
7.84934
7.81601
7.78268
7.74934
7.71601
7.68268
7.64934
7.61601
1
1
1
1
1
1
1
1
1
1
1
1
1
1
1
1
1
1
1
1
1
1
1
1.01381
1.02761
1.04142
1.05523
1.06904
1.08284
1.09665
1.11046
1.12426
1.13807
1.15188
1.16569
1.17949
1.1933
1.09665
1.08284
1.06904
1.05523
1.04142
1.02761
1.01381
1
1
1
1
1
1
1
1
1
1
1
1
1
1
1
1
1
1
1
1
1
1
1
1
1
1
1
1
1
1
1
1
1
1
1
1
1
1
1
1
1
1.01381
1.02761
1.04142
1.05523
1.06904
1.08284
1.09665
1.11046
1.12426
1.13807
1.15188
1.16569
1.17949
1.1933
1.22663
1.25997
1.2933
1.32663
1.35997
1.3933
1.42663
1.45997
1.4933
1.52663
1.55997
1.5933
1.62663
1.65997
1
1
1
1
1
1
1
1
1
1
1
1
1
1
1
1
1
1
1
1
1
1.01428
1.02857
1.04285
1.05713
1.07142
1.0857
1.09998
1.11427
1.12855
1.14283
1.15712
1.1714
1.18568
1.19997
1.23445
1.26893
1.30341
1.3379
1.37238
1.40686
1.44134
1.47583
1.51031
1.54479
1.57928
1.61376
1.64824
1.68272
1.71721
1.75169
1.78617
1.82065
1.85514
1.88962
1.9241
1.95859
1.99307
2.02755
2.06203
2.09652
2.131
2.16548
2.19997
2.23445
2.26893
2.30341
2.3379
2.32606
2.29158
2.2571
2.22262
2.18813
2.15365
2.11917
2.08468
2.0502
2.01572
1.98124
1.94675
1.91227
1.87779
1.8433
1.80882
1.77434
1.73986
1.70537
1.67089
1.63641
1.60193
1.56744
1.53296
1.49848
1.46399
1.42951
1.39503
1.36055
1.32606
1.29158
1.2571
1.24281
1.22853
1.21425
1.19996
1.18568
1.1714
1.15712
1.14283
1.12855
1.11427
1.09998
1.0857
1.07142
1.05713
1.04285
1.02857
1.01428
1
1
1
1
1
1
1
1
1
1
1
1
1
1
1
1
1
1
1
1
1
1
1
1
1
1
1
1
1
1
1
1
1
1
1
1
1
1
1
1
1
1
1
1
1
1
1
1
1
1
1
1
1
1
10.2722
10.2377
10.2033
10.1688
10.1343
10.0998
10.0653
10.0308
9.99636
9.96188
9.9274
9.89292
9.85843
9.82395
9.78947
9.75498
9.7205
9.68602
9.65154
9.61705
9.58257
9.54809
9.51361
9.47912
9.44464
9.41016
9.37567
9.34119
9.30671
9.27223
9.23774
9.20326
9.16878
9.1343
9.09981
9.06533
9.03085
8.99636
8.96188
8.9274
8.89292
8.85843
8.82395
8.78947
8.75498
8.7205
8.68602
8.65154
8.61705
8.58257
8.54809
8.51361
8.47912
8.44464
8.41016
8.37567
8.34119
8.30671
8.27223
8.23774
8.20326
8.16878
8.1343
8.09981
8.06533
8.03085
7.99636
7.96188
7.9274
7.91312
1
1
1
1
1
1
1
1
1
1
1
1
1
1
1
1
1
1
1
1
1
1
1
1.01428
1.02857
1.04285
1.05713
1.07142
1.0857
1.09998
1.11427
1.12855
1.14283
1.15712
1.1714
1.18568
1.22016
1.09998
1.0857
1.07142
1.05713
1.04285
1.02857
1.01428
1
1
1
1
1
1
1
1
1
1
1
1
1
1
1
1
1
1
1
1
1
1
1
1
1
1
1
1
1
1
1
1
1
1
1
1
1
1
1
1
1
1.01428
1.02857
1.04285
1.05713
1.07142
1.0857
1.09998
1.11427
1.12855
1.14283
1.15712
1.1714
1.18568
1.22016
1.25465
1.28913
1.32361
1.3581
1.39258
1.42706
1.46154
1.49603
1.53051
1.56499
1.59947
1.63396
1.66844
1.70292
1
1
1
1
1
1
1
1
1
1
1
1
1
1
1
1
1
1
1
1
1
1.01479
1.02959
1.04438
1.05917
1.07397
1.08876
1.10355
1.11835
1.13314
1.14793
1.16273
1.17752
1.19231
1.22803
1.26374
1.29946
1.33517
1.37088
1.4066
1.44231
1.47803
1.51374
1.54946
1.58517
1.62088
1.6566
1.69231
1.72803
1.76374
1.79946
1.83517
1.87088
1.9066
1.94231
1.97803
2.01374
2.04946
2.08517
2.12088
2.1566
2.19231
2.22803
2.26374
2.29946
2.33517
2.37088
2.4066
2.39434
2.35863
2.32292
2.2872
2.25149
2.21577
2.18006
2.14434
2.10863
2.07292
2.0372
2.00149
1.96577
1.93006
1.89434
1.85863
1.82292
1.7872
1.75149
1.71577
1.68006
1.64434
1.60863
1.57292
1.5372
1.50149
1.46577
1.43006
1.39434
1.35863
1.32292
1.2872
1.25149
1.23669
1.2219
1.20711
1.19231
1.17752
1.16273
1.14793
1.13314
1.11835
1.10355
1.08876
1.07397
1.05917
1.04438
1.02959
1.01479
1
1
1
1
1
1
1
1
1
1
1
1
1
1
1
1
1
1
1
1
1
1
1
1
1
1
1
1
1
1
1
1
1
1
1
1
1
1
1
1
1
1
1
1
1
1
1
1
1
1
1
1
1
1
10.6539
10.6182
10.5825
10.5467
10.511
10.4753
10.4396
10.4039
10.3682
10.3325
10.2967
10.261
10.2253
10.1896
10.1539
10.1182
10.0825
10.0467
10.011
9.97531
9.9396
9.90388
9.86817
9.83246
9.79674
9.76103
9.72531
9.6896
9.65388
9.61817
9.58246
9.54674
9.51103
9.47531
9.4396
9.40388
9.36817
9.33246
9.29674
9.26103
9.22531
9.1896
9.15388
9.11817
9.08246
9.04674
9.01103
8.97531
8.9396
8.90388
8.86817
8.83246
8.79674
8.76103
8.72531
8.6896
8.65388
8.61817
8.58246
8.54674
8.51103
8.47531
8.4396
8.40388
8.36817
8.33246
8.29674
8.26103
8.24623
1
1
1
1
1
1
1
1
1
1
1
1
1
1
1
1
1
1
1
1
1
1
1
1
1
1.01479
1.02959
1.04438
1.05917
1.07397
1.08876
1.10355
1.11835
1.13314
1.14793
1.16273
1.17752
1.10355
1.08876
1.07397
1.05917
1.04438
1.02959
1.01479
1
1
1
1
1
1
1
1
1
1
1
1
1
1
1
1
1
1
1
1
1
1
1
1
1
1
1
1
1
1
1
1
1
1
1
1
1
1
1
1
1
1.01479
1.02959
1.04438
1.05917
1.07397
1.08876
1.10355
1.11835
1.13314
1.14793
1.16273
1.17752
1.21323
1.24895
1.28466
1.32038
1.35609
1.39181
1.42752
1
1
1
1
1
1
1
1
1
1
1
1
1
1
1
1
1
1
1
1
1
1.01534
1.03068
1.04602
1.06136
1.07671
1.09205
1.10739
1.12273
1.13807
1.15341
1.16875
1.18409
1.22113
1.25817
1.29521
1.33224
1.36928
1.40632
1.44335
1.48039
1.51743
1.55447
1.5915
1.62854
1.66558
1.70261
1.73965
1.77669
1.81372
1.85076
1.8878
1.92484
1.96187
1.99891
2.03595
2.07298
2.11002
2.14706
2.18409
2.22113
2.25817
2.29521
2.33224
2.36928
2.40632
2.44335
2.48039
2.46768
2.43064
2.39361
2.35657
2.31953
2.2825
2.24546
2.20842
2.17139
2.13435
2.09731
2.06027
2.02324
1.9862
1.94916
1.91213
1.87509
1.83805
1.80102
1.76398
1.72694
1.6899
1.65287
1.61583
1.57879
1.54176
1.50472
1.46768
1.43064
1.39361
1.35657
1.31953
1.2825
1.24546
1.23012
1.21478
1.19944
1.18409
1.16875
1.15341
1.13807
1.12273
1.10739
1.09205
1.07671
1.06136
1.04602
1.03068
1.01534
1
1
1
1
1
1
1
1
1
1
1
1
1
1
1
1
1
1
1
1
1
1
1
1
1
1
1
1
1
1
1
1
1
1
1
1
1
1
1
1
1
1
1
1
1
1
1
1
1
1
1
1
1
1
1
1
1
11.0638
11.0268
10.9897
10.9527
10.9157
10.8786
10.8416
10.8046
10.7675
10.7305
10.6934
10.6564
10.6194
10.5823
10.5453
10.5083
10.4712
10.4342
10.3971
10.3601
10.3231
10.286
10.249
10.212
10.1749
10.1379
10.1009
10.0638
10.0268
9.98974
9.9527
9.91567
9.87863
9.84159
9.80456
9.76752
9.73048
9.69344
9.65641
9.61937
9.58233
9.5453
9.50826
9.47122
9.43418
9.39715
9.36011
9.32307
9.28604
9.249
9.21196
9.17493
9.13789
9.10085
9.06381
9.02678
8.98974
8.9527
8.91567
8.87863
8.84159
8.80456
8.76752
8.73048
8.69344
8.65641
8.61937
1
1
1
1
1
1
1
1
1
1
1
1
1
1
1
1
1
1
1
1
1
1
1
1
1
1
1.01534
1.03068
1.04602
1.06136
1.07671
1.09205
1.10739
1.12273
1.13807
1.15341
1.16875
1.18409
1.10739
1.09205
1.07671
1.06136
1.04602
1.03068
1.01534
1
1
1
1
1
1
1
1
1
1
1
1
1
1
1
1
1
1
1
1
1
1
1
1
1
1
1
1
1
1
1
1
1
1
1
1
1
1
1
1
1
1.01534
1.03068
1.04602
1.06136
1.07671
1.09205
1.10739
1.12273
1.13807
1.15341
1.16875
1.20579
1.24283
1.27986
1.3169
1.35394
1
1
1
1
1
1
1
1
1
1
1
1
1
1
1
1
1
1
1
1
1
1.01593
1.03186
1.04779
1.06373
1.07966
1.09559
1.11152
1.12745
1.14338
1.15931
1.17524
1.21371
1.25217
1.29063
1.32909
1.36755
1.40601
1.44447
1.48294
1.5214
1.55986
1.59832
1.63678
1.67524
1.71371
1.75217
1.79063
1.82909
1.86755
1.90601
1.94447
1.98294
2.0214
2.05986
2.09832
2.13678
2.17524
2.21371
2.25217
2.29063
2.32909
2.36755
2.40601
2.44447
2.48294
2.5214
2.55986
2.54666
2.5082
2.46974
2.43128
2.39282
2.35435
2.31589
2.27743
2.23897
2.20051
2.16205
2.12358
2.08512
2.04666
2.0082
1.96974
1.93128
1.89282
1.85435
1.81589
1.77743
1.73897
1.70051
1.66205
1.62358
1.58512
1.54666
1.5082
1.46974
1.43128
1.39282
1.35435
1.31589
1.27743
1.23897
1.22304
1.20711
1.19118
1.17524
1.15931
1.14338
1.12745
1.11152
1.09559
1.07966
1.06373
1.04779
1.03186
1.01593
1
1
1
1
1
1
1
1
1
1
1
1
1
1
1
1
1
1
1
1
1
1
1
1
1
1
1
1
1
1
1
1
1
1
1
1
1
1
1
1
1
1
1
1
1
1
1
1
1
1
1
1
1
1
1
1
1
1
11.4668
11.4284
11.3899
11.3514
11.313
11.2745
11.236
11.1976
11.1591
11.1207
11.0822
11.0437
11.0053
10.9668
10.9284
10.8899
10.8514
10.813
10.7745
10.736
10.6976
10.6591
10.6207
10.5822
10.5437
10.5053
10.4668
10.4284
10.3899
10.3514
10.313
10.2745
10.236
10.1976
10.1591
10.1207
10.0822
10.0437
10.0053
9.96682
9.92835
9.88989
9.85143
9.81297
9.77451
9.73605
9.69758
9.65912
9.62066
9.5822
9.54374
9.50528
9.46682
9.42835
9.38989
9.35143
9.31297
9.27451
9.23605
9.19758
9.15912
9.12066
9.0822
9.04374
9.00528
1
1
1
1
1
1
1
1
1
1
1
1
1
1
1
1
1
1
1
1
1
1
1
1
1
1
1
1.01593
1.03186
1.04779
1.06373
1.07966
1.09559
1.11152
1.12745
1.14338
1.15931
1.17524
1.19118
1.09559
1.07966
1.06373
1.04779
1.03186
1.01593
1
1
1
1
1
1
1
1
1
1
1
1
1
1
1
1
1
1
1
1
1
1
1
1
1
1
1
1
1
1
1
1
1
1
1
1
1
1
1
1
1
1.01593
1.03186
1.04779
1.06373
1.07966
1.09559
1.11152
1.12745
1.14338
1.15931
1.19777
1.23624
1
1
1
1
1
1
1
1
1
1
1
1
1
1
1
1
1
1
1
1
1
1.01657
1.03314
1.04971
1.06627
1.08284
1.09941
1.11598
1.13255
1.14912
1.16569
1.20569
1.24569
1.28569
1.32569
1.36569
1.40569
1.44569
1.48569
1.52569
1.56569
1.60569
1.64569
1.68569
1.72569
1.76569
1.80569
1.84569
1.88569
1.92569
1.96569
2.00569
2.04569
2.08569
2.12569
2.16569
2.20569
2.24569
2.28569
2.32569
2.36569
2.40569
2.44569
2.48569
2.52569
2.56569
2.60569
2.64569
2.63196
2.59196
2.55196
2.51196
2.47196
2.43196
2.39196
2.35196
2.31196
2.27196
2.23196
2.19196
2.15196
2.11196
2.07196
2.03196
1.99196
1.95196
1.91196
1.87196
1.83196
1.79196
1.75196
1.71196
1.67196
1.63196
1.59196
1.55196
1.51196
1.47196
1.43196
1.39196
1.35196
1.31196
1.27196
1.23196
1.21539
1.19882
1.18225
1.16569
1.14912
1.13255
1.11598
1.09941
1.08284
1.06627
1.04971
1.03314
1.01657
1
1
1
1
1
1
1
1
1
1
1
1
1
1
1
1
1
1
1
1
1
1
1
1
1
1
1
1
1
1
1
1
1
1
1
1
1
1
1
1
1
1
1
1
1
1
1
1
1
1
1
1
1
1
1
1
1
1
1.01657
11.9421
11.9021
11.8621
11.8221
11.7821
11.7421
11.7021
11.6621
11.6221
11.5821
11.5421
11.5021
11.4621
11.4221
11.3821
11.3421
11.3021
11.2621
11.2221
11.1821
11.1421
11.1021
11.0621
11.0221
10.9821
10.9421
10.9021
10.8621
10.8221
10.7821
10.7421
10.7021
10.6621
10.6221
10.5821
10.5421
10.5021
10.4621
10.4221
10.3821
10.3421
10.3021
10.2621
10.2221
10.1821
10.1421
10.1021
10.0621
10.0221
9.98206
9.94206
9.90206
9.86206
9.82206
9.78206
9.74206
9.70206
9.66206
9.62206
9.58206
9.54206
9.50206
9.46206
9.42206
1
1
1
1
1
1
1
1
1
1
1
1
1
1
1
1
1
1
1
1
1
1
1
1
1
1
1
1
1.01657
1.03314
1.04971
1.06627
1.08284
1.09941
1.11598
1.13255
1.14912
1.16569
1.18225
1.12284
1.08284
1.06627
1.04971
1.03314
1.01657
1
1
1
1
1
1
1
1
1
1
1
1
1
1
1
1
1
1
1
1
1
1
1
1
1
1
1
1
1
1
1
1
1
1
1
1
1
1
1
1
1
1.01657
1.03314
1.04971
1.06627
1.08284
1.09941
1.11598
1.13255
1.14912
1.18912
1.22912
1
1
1
1
1
1
1
1
1
1
1
1
1
1
1
1
1
1
1
1
1
1.01726
1.03452
1.05178
1.06904
1.08629
1.10355
1.12081
1.13807
1.15533
1.197
1.23866
1.28033
1.322
1.36366
1.40533
2.14818
2.18985
2.23151
2.27318
2.31485
2.35651
2.39818
2.43985
2.48151
2.52318
2.56485
2.60651
2.64818
2.68985
2.73151
2.76603
2.72437
2.6827
2.64103
2.59937
2.5577
2.51603
2.47437
2.4327
2.39103
2.34937
2.3077
2.26603
2.22437
2.1827
2.14103
2.09937
2.0577
2.01603
1.97437
1.9327
1.89103
1.84937
1.8077
1.76603
1.72437
1.6827
1.64103
1.59937
1.5577
1.51603
1.47437
1.4327
1.39103
1.34937
1.3077
1.26603
1.22437
1.20711
1.18985
1.17259
1.15533
1.13807
1.12081
1.10355
1.08629
1.06904
1.05178
1.03452
1.01726
1
1
1
1
1
1
1
1
1
1
1
1
1
1
1
1
1
1
1
1
1
1
1
1
1
1
1
1
1
1
1
1
1
1
1
1
1
1
1
1
1
1
1
1
1
1
1
1
1
1
1
1
1
1
1
1
1
1
1
1
1
1.01726
12.4152
12.3736
12.3319
12.2902
12.2486
12.2069
12.1652
12.1236
12.0819
12.0402
11.9986
11.9569
11.9152
11.8736
11.8319
11.7902
11.7486
11.7069
11.6652
11.6236
11.5819
11.5402
11.4986
11.4569
11.4152
11.3736
11.3319
11.2902
11.2486
11.2069
11.1652
11.1236
11.0819
11.0402
10.9986
10.9569
10.9152
10.8736
10.8319
10.7902
10.7486
10.7069
10.6652
10.6236
10.5819
10.5402
10.4986
10.4569
10.4152
10.3736
10.3319
10.2902
10.2486
10.2069
10.1652
10.1236
10.0819
10.0402
9.99857
9.9569
1
1
1
1
1
1
1
1
1
1
1
1
1
1
1
1
1
1
1
1
1
1
1
1
1
1
1
1
1
1
1.01726
1.03452
1.05178
1.06904
1.08629
1.10355
1.12081
1.13807
1.15533
1.17259
1.21426
1.06904
1.05178
1.03452
1.01726
1
1
1
1
1
1
1
1
1
1
1
1
1
1
1
1
1
1
1
1
1
1
1
1
1
1
1
1
1
1
1
1
1
1
1
1
1
1
1
1
1
1.01726
1.03452
1.05178
1.06904
1.08629
1.10355
1.12081
1.13807
1.17974
1
1
1
1
1
1
1
1
1
1
1
1
1
1
1
1
1
1
1
1
1
1.01801
1.03602
1.05403
1.07204
1.09005
1.10806
1.12606
1.14407
1.18755
1.23103
1.27451
2.47698
2.52046
2.56394
2.60742
2.65089
2.69437
2.73785
2.78133
2.82481
2.86829
2.86829
2.82481
2.78133
2.73785
2.69437
2.65089
2.60742
2.56394
2.52046
2.47698
2.4335
2.39002
2.34655
2.30307
2.25959
2.21611
2.17263
2.12915
2.08568
2.0422
1.99872
1.95524
1.91176
1.86829
1.82481
1.78133
1.73785
1.69437
1.65089
1.60742
1.56394
1.52046
1.47698
1.4335
1.39002
1.34655
1.30307
1.25959
1.21611
1.1981
1.18009
1.16208
1.14407
1.12606
1.10806
1.09005
1.07204
1.05403
1.03602
1.01801
1
1
1
1
1
1
1
1
1
1
1
1
1
1
1
1
1
1
1
1
1
1
1
1
1
1
1
1
1
1
1
1
1
1
1
1
1
1
1
1
1
1
1
1
1
1
1
1
1
1
1
1
1
1
1
1
1
1
1
1
1
1.01801
12.8861
12.8426
12.7991
12.7556
12.7122
12.6687
12.6252
12.5817
12.5383
12.4948
12.4513
12.4078
12.3643
12.3209
12.2774
12.2339
12.1904
12.147
12.1035
12.06
12.0165
11.973
11.9296
11.8861
11.8426
11.7991
11.7556
11.7122
11.6687
11.6252
11.5817
11.5383
11.4948
11.4513
11.4078
11.3643
11.3209
11.2774
11.2339
11.1904
11.147
11.1035
11.06
11.0165
10.973
10.9296
10.8861
10.8426
10.7991
10.7556
10.7122
10.6687
10.6252
10.5817
10.5383
10.4948
10.4513
1
1
1
1
1
1
1
1
1
1
1
1
1
1
1
1
1
1
1
1
1
1
1
1
1
1
1
1
1
1
1
1.01801
1.03602
1.05403
1.07204
1.09005
1.10806
1.12606
1.14407
1.16208
1.20556
1.07204
1.05403
1.03602
1.01801
1
1
1
1
1
1
1
1
1
1
1
1
1
1
1
1
1
1
1
1
1
1
1
1
1
1
1
1
1
1
1
1
1
1
1
1
1
1
1
1
1
1.01801
1.03602
1.05403
1.07204
1.09005
1.10806
1.12606
1
1
1
1
1
1
1
1
1
1
1
1
1
1
1
1
1
1
1
1
1
1.01883
1.03766
1.05648
1.07531
1.09414
1.11297
1.1318
1.17725
1.2227
2.83567
2.88113
2.92658
2.97204
3.01749
2.97983
2.93438
2.88892
2.84347
2.79802
2.75256
2.70711
2.66165
2.6162
2.57074
2.52529
2.47983
2.43438
2.38892
2.34347
2.29802
2.25256
2.20711
2.16165
2.1162
2.07074
2.02529
1.97983
1.93438
1.88892
1.84347
1.79802
1.75256
1.70711
1.66165
1.6162
1.57074
1.52529
1.47983
1.43438
1.38892
1.34347
1.29802
1.25256
1.20711
1.18828
1.16945
1.15062
1.1318
1.11297
1.09414
1.07531
1.05648
1.03766
1.01883
1
1
1
1
1
1
1
1
1
1
1
1
1
1
1
1
1
1
1
1
1
1
1
1
1
1
1
1
1
1
1
1
1
1
1
1
1
1
1
1
1
1
1
1
1
1
1
1
1
1
1
1
1
1
1
1
1
1
1
1
1
1.01883
13.4452
13.3997
13.3543
13.3088
13.2634
13.2179
13.1725
13.127
13.0815
13.0361
12.9906
12.9452
12.8997
12.8543
12.8088
12.7634
12.7179
12.6725
12.627
12.5815
12.5361
12.4906
12.4452
12.3997
12.3543
12.3088
12.2634
12.2179
12.1725
12.127
12.0815
12.0361
11.9906
11.9452
11.8997
11.8543
11.8088
11.7634
11.7179
11.6725
11.627
11.5815
11.5361
11.4906
11.4452
11.3997
11.3543
11.3088
11.2634
11.2179
11.1725
11.127
11.0815
11.0361
10.9906
1
1
1
1
1
1
1
1
1
1
1
1
1
1
1
1
1
1
1
1
1
1
1
1
1
1
1
1
1
1
1
1
1.01883
1.03766
1.05648
1.07531
1.09414
1.11297
1.1318
1.15062
1.19608
1.05648
1.03766
1.01883
1
1
1
1
1
1
1
1
1
1
1
1
1
1
1
1
1
1
1
1
1
1
1
1
1
1
1
1
1
1
1
1
1
1
1
1
1
1
1
1
1
1.01883
1.03766
1.05648
1.07531
1.09414
1.11297
1
1
1
1
1
1
1
1
1
1
1
1
1
1
1
1
1
1
1
1
1
1.01972
1.03945
1.05917
1.0789
1.09862
1.11835
3.04622
2.9986
2.95098
2.90336
2.85574
2.80812
2.7605
2.71288
2.66526
2.61765
2.57003
2.52241
2.47479
2.42717
2.37955
2.33193
2.28431
2.23669
2.18907
2.14146
2.09384
2.04622
1.9986
1.95098
1.90336
1.67343
1.62582
1.5782
1.53058
1.48296
1.43534
1.38772
1.3401
1.29248
1.24486
1.19724
1.17752
1.1578
1.13807
1.11835
1.09862
1.0789
1.05917
1.03945
1.01972
1
1
1
1
1
1
1
1
1
1
1
1
1
1
1
1
1
1
1
1
1
1
1
1
1
1
1
1
1
1
1
1
1
1
1
1
1
1
1
1
1
1
1
1
1
1
1
1
1
1
1
1
1
1
1
1
1
1
1
1
1
1
1
1.01972
14.0575
14.0099
13.9623
13.9147
13.8671
13.8194
13.7718
13.7242
13.6766
13.629
13.5813
13.5337
13.4861
13.4385
13.3909
13.3433
13.2956
13.248
13.2004
13.1528
13.1052
13.0575
13.0099
12.9623
12.9147
12.8671
12.8194
12.7718
12.7242
12.6766
12.629
12.5813
12.5337
12.4861
12.4385
12.3909
12.3433
12.2956
12.248
12.2004
12.1528
12.1052
12.0575
12.0099
11.9623
11.9147
11.8671
11.8194
11.7718
11.7242
11.6766
11.629
1
1
1
1
1
1
1
1
1
1
1
1
1
1
1
1
1
1
1
1
1
1
1
1
1
1
1
1
1
1
1
1
1
1
1.01972
1.03945
1.05917
1.0789
1.09862
1.11835
1.13807
1.05917
1.03945
1.01972
1
1
1
1
1
1
1
1
1
1
1
1
1
1
1
1
1
1
1
1
1
1
1
1
1
1
1
1
1
1
1
1
1
1
1
1
1
1
1
1
1
1.01972
1.03945
1.05917
1.0789
1.09862
1
1
1
1
1
1
1
1
1
1
1
1
1
1
1
1
1
1
1
1
1
1.02071
1.04142
1.06213
1.08284
1.10355
1.12426
3.21924
3.16924
3.11924
3.06924
3.01924
2.96924
2.91924
2.86924
2.81924
2.76924
2.71924
2.66924
2.61924
2.56924
2.51924
2.46924
2.41924
2.36924
2.31924
2.26924
2.21924
2.16924
2.11924
2.06924
2.04853
1.7364
1.6864
1.6364
1.5864
1.5364
1.4864
1.4364
1.3864
1.3364
1.2864
1.2364
1.1864
1.16569
1.14497
1.12426
1.10355
1.08284
1.06213
1.04142
1.02071
1
1
1
1
1
1
1
1
1
1
1
1
1
1
1
1
1
1
1
1
1
1
1
1
1
1
1
1
1
1
1
1
1
1
1
1
1
1
1
1
1
1
1
1
1
1
1
1
1
1
1
1
1
1
1
1
1
1
1
1
1
1
1
1.02071
14.7811
14.7311
14.6811
14.6311
14.5811
14.5311
14.4811
14.4311
14.3811
14.3311
14.2811
14.2311
14.1811
14.1311
14.0811
14.0311
13.9811
13.9311
13.8811
13.8311
13.7811
13.7311
13.6811
13.6311
13.5811
13.5311
13.4811
13.4311
13.3811
13.3311
13.2811
13.2311
13.1811
13.1311
13.0811
13.0311
12.9811
12.9311
12.8811
12.8311
12.7811
12.7311
12.6811
12.6311
12.5811
12.5311
12.4811
12.4311
12.3811
12.3311
12.2811
12.2604
1
1
1
1
1
1
1
1
1
1
1
1
1
1
1
1
1
1
1
1
1
1
1
1
1
1
1
1
1
1
1
1
1
1
1.02071
1.04142
1.06213
1.08284
1.10355
1.12426
1.14497
1.06213
1.04142
1.02071
1
1
1
1
1
1
1
1
1
1
1
1
1
1
1
1
1
1
1
1
1
1
1
1
1
1
1
1
1
1
1
1
1
1
1
1
1
1
1
1
1
1.02071
1.04142
1.06213
1.08284
1.10355
1
1
1
1
1
1
1
1
1
1
1
1
1
1
1
1
1
1
1
1
1
1.0218
1.0436
1.0654
1.0872
1.109
1.38493
1.3323
1.27967
1.22704
1.17441
1.1526
1.1308
1.109
1.0872
1.0654
1.0436
1.0218
1
1
1
1
1
1
1
1
1
1
1
1
1
1
1
1
1
1
1
1
1
1
1
1
1
1
1
1
1
1
1
1
1
1
1
1
1
1
1
1
1
1
1
1
1
1
1
1
1
1
1
1
1
1
1
1
1
1
1
1
1
1
1
1.0218
15.423
15.3704
15.3177
15.2651
15.2125
15.1598
15.1072
15.0546
15.0019
14.9493
14.8967
14.844
14.7914
14.7388
14.6861
14.6335
14.5809
14.5282
14.4756
14.423
14.3704
14.3177
14.2651
14.2125
14.1598
14.1072
14.0546
14.0019
13.9493
13.8967
13.844
13.7914
13.7388
13.6861
13.6335
13.5809
13.5282
13.4756
13.423
13.3704
13.3177
13.2651
13.2125
13.1598
13.1072
13.0546
13.0019
1
1
1
1
1
1
1
1
1
1
1
1
1
1
1
1
1
1
1
1
1
1
1
1
1
1
1
1
1
1
1
1
1
1
1.0218
1.0436
1.0654
1.0872
1.109
1.1308
1.18344
1.0654
1.0436
1.0218
1
1
1
1
1
1
1
1
1
1
1
1
1
1
1
1
1
1
1
1
1
1
1
1
1
1
1
1
1
1
1
1
1
1
1
1
1
1
1
1
1
1.0218
1.0436
1.0654
1.0872
1.13983
1
1
1
1
1
1
1
1
1
1
1
1
1
1
1
1
1
1
1
1
1
1
1.02301
1.04602
1.06904
1.09205
1.27219
1.21664
1.16108
1.13807
1.11506
1.09205
1.06904
1.04602
1.02301
1
1
1
1
1
1
1
1
1
1
1
1
1
1
1
1
1
1
1
1
1
1
1
1
1
1
1
1
1
1
1
1
1
1
1
1
1
1
1
1
1
1
1
1
1
1
1
1
1
1
1
1
1
1
1
1
1
1
1
1
1
1
1
1.02301
16.1917
16.1362
16.0806
16.0251
15.9695
15.9139
15.8584
15.8028
15.7473
15.6917
15.6362
15.5806
15.5251
15.4695
15.4139
15.3584
15.3028
15.2473
15.1917
15.1362
15.0806
15.0251
14.9695
14.9139
14.8584
14.8028
14.7473
14.6917
14.6362
14.5806
14.5251
14.4695
14.4139
14.3584
14.3028
14.2473
14.1917
14.1362
14.0806
14.0251
13.9695
13.9139
1
1
1
1
1
1
1
1
1
1
1
1
1
1
1
1
1
1
1
1
1
1
1
1
1
1
1
1
1
1
1
1
1
1
1
1.02301
1.04602
1.06904
1.09205
1.11506
1.17061
1.04602
1.02301
1
1
1
1
1
1
1
1
1
1
1
1
1
1
1
1
1
1
1
1
1
1
1
1
1
1
1
1
1
1
1
1
1
1
1
1
1
1
1
1
1
1.02301
1.04602
1.06904
1
1
1
1
1
1
1
1
1
1
1
1
1
1
1
1
1
1
1
1
1
1
1.02437
1.04873
1.0731
1.13192
1.20502
1.14619
1.12183
1.09746
1.0731
1.04873
1.02437
1
1
1
1
1
1
1
1
1
1
1
1
1
1
1
1
1
1
1
1
1
1
1
1
1
1
1
1
1
1
1
1
1
1
1
1
1
1
1
1
1
1
1
1
1
1
1
1
1
1
1
1
1
1
1
1
1
1
1
1
1
1
1
1
16.9921
16.9332
16.8744
16.8156
16.7568
16.6979
16.6391
16.5803
16.5215
16.4627
16.4038
16.345
16.2862
16.2274
16.1685
16.1097
16.0509
15.9921
15.9332
15.8744
15.8156
15.7568
15.6979
15.6391
15.5803
15.5215
15.4627
15.4038
15.345
15.2862
15.2274
15.1685
15.1097
15.0509
14.9921
14.9332
14.8744
1
1
1
1
1
1
1
1
1
1
1
1
1
1
1
1
1
1
1
1
1
1
1
1
1
1
1
1
1
1
1
1
1
1
1
1.02437
1.04873
1.0731
1.09746
1.15629
1.04873
1.02437
1
1
1
1
1
1
1
1
1
1
1
1
1
1
1
1
1
1
1
1
1
1
1
1
1
1
1
1
1
1
1
1
1
1
1
1
1
1
1
1
1
1.02437
1.04873
1
1
1
1
1
1
1
1
1
1
1
1
1
1
1
1
1
1
1
1
1
1
1.02589
1.05178
1.12944
1.10355
1.07766
1.05178
1.02589
1
1
1
1
1
1
1
1
1
1
1
1
1
1
1
1
1
1
1
1
1
1
1
1
1
1
1
1
1
1
1
1
1
1
1
1
1
1
1
1
1
1
1
1
1
1
1
1
1
1
1
1
1
1
1
1
1
1
1
1
1
1
1
1
17.83
17.7675
17.705
17.6425
17.58
17.5175
17.455
17.3925
17.33
17.2675
17.205
17.1425
17.08
17.0175
16.955
16.8925
16.83
16.7675
16.705
16.6425
16.58
16.5175
16.455
16.3925
16.33
16.2675
16.205
16.1425
16.08
1
1
1
1
1
1
1
1
1
1
1
1
1
1
1
1
1
1
1
1
1
1
1
1
1
1
1
1
1
1
1
1
1
1
1
1
1.02589
1.05178
1.07766
1.08839
1.02589
1
1
1
1
1
1
1
1
1
1
1
1
1
1
1
1
1
1
1
1
1
1
1
1
1
1
1
1
1
1
1
1
1
1
1
1
1
1
1
1
1
1.02589
1.05178
1
1
1
1
1
1
1
1
1
1
1
1
1
1
1
1
1
1
1
1
1
1
1.02761
1.11046
1.08284
1.05523
1.02761
1
1
1
1
1
1
1
1
1
1
1
1
1
1
1
1
1
1
1
1
1
1
1
1
1
1
1
1
1
1
1
1
1
1
1
1
1
1
1
1
1
1
1
1
1
1
1
1
1
1
1
1
1
1
1
1
1
1
1
1
1
1
1
1
18.5796
18.5129
18.4462
18.3796
18.3129
18.2462
18.1796
18.1129
18.0462
17.9796
17.9129
17.8462
17.7796
17.7129
17.6462
17.5796
1
1
1
1
1
1
1
1
1
1
1
1
1
1
1
1
1
1
1
1
1
1
1
1
1
1
1
1
1
1
1
1
1
1
1
1
1.02761
1.05523
1
1
1
1
1
1
1
1
1
1
1
1
1
1
1
1
1
1
1
1
1
1
1
1
1
1
1
1
1
1
1
1
1
1
1
1
1
1
1
1
1
1.02761
1
1
1
1
1
1
1
1
1
1
1
1
1
1
1
1
1
1
1
1
1
1
1.02959
1.08876
1.05917
1.02959
1
1
1
1
1
1
1
1
1
1
1
1
1
1
1
1
1
1
1
1
1
1
1
1
1
1
1
1
1
1
1
1
1
1
1
1
1
1
1
1
1
1
1
1
1
1
1
1
1
1
1
1
1
1
1
1
1
1
1
1
1
1
1
1
1
1
1
1
1
1
1
1
1
1
1
1
1
1
1
1
1
1
1
1
1
1
1
1
1
1
1
1
1
1
1
1
1
1
1
1
1
1
1.02959
1.05917
1
1
1
1
1
1
1
1
1
1
1
1
1
1
1
1
1
1
1
1
1
1
1
1
1
1
1
1
1
1
1
1
1
1
1
1
1
1
1
1
1
1.02959
1
1
1
1
1
1
1
1
1
1
1
1
1
1
1
1
1
1
1
1
1
1
1
1.06373
1.03186
1
1
1
1
1
1
1
1
1
1
1
1
1
1
1
1
1
1
1
1
1
1
1
1
1
1
1
1
1
1
1
1
1
1
1
1
1
1
1
1
1
1
1
1
1
1
1
1
1
1
1
1
1
1
1
1
1
1
1
1
1
1
1
1
1
1
1
1
1
1
1
1
1
1
1
1
1
1
1
1
1
1
1
1
1
1
1
1
1
1
1
1
1
1
1
1
1
1
1
1
1
1
1.03186
1
1
1
1
1
1
1
1
1
1
1
1
1
1
1
1
1
1
1
1
1
1
1
1
1
1
1
1
1
1
1
1
1
1
1
1
1
1
1
1
1
1.03186
1
1
1
1
1
1
1
1
1
1
1
1
1
1
1
1
1
1
1
1
1
1
1
1.06904
1.03452
1
1
1
1
1
1
1
1
1
1
1
1
1
1
1
1
1
1
1
1
1
1
1
1
1
1
1
1
1
1
1
1
1
1
1
1
1
1
1
1
1
1
1
1
1
1
1
1
1
1
1
1
1
1
1
1
1
1
1
1
1
1
1
1
1
1
1
1
1
1
1
1
1
1
1
1
1
1
1
1
1
1
1
1
1
1
1
1
1
1
1
1
1
1
1
1
1
1
1
1
1
1
1.03452
1
1
1
1
1
1
1
1
1
1
1
1
1
1
1
1
1
1
1
1
1
1
1
1
1
1
1
1
1
1
1
1
1
1
1
1
1
1
1
1
1
1.03452
1
1
1
1
1
1
1
1
1
1
1
1
1
1
1
1
1
1
1
1
1
1
1
1.07531
1.03766
1
1
1
1
1
1
1
1
1
1
1
1
1
1
1
1
1
1
1
1
1
1
1
1
1
1
1
1
1
1
1
1
1
1
1
1
1
1
1
1
1
1
1
1
1
1
1
1
1
1
1
1
1
1
1
1
1
1
1
1
1
1
1
1
1
1
1
1
1
1
1
1
1
1
1
1
1
1
1
1
1
1
1
1
1
1
1
1
1
1
1
1
1
1
1
1
1
1
1
1
1
1
1.03766
1
1
1
1
1
1
1
1
1
1
1
1
1
1
1
1
1
1
1
1
1
1
1
1
1
1
1
1
1
1
1
1
1
1
1
1
1
1
1
1
1
1
1
1
1
1
1
1
1
1
1
1
1
1
1
1
1
1
1
1
1
1
1
1
1.14142
1.04142
1
1
1
1
1
1
1
1
1
1
1
1
1
1
1
1
1
1
1
1
1
1
1
1
1
1
1
1
1
1
1
1
1
1
1
1
1
1
1
1
1
1
1
1
1
1
1
1
1
1
1
1
1
1
1
1
1
1
1
1
1
1
1
1
1
1
1
1
1
1
1
1
1
1
1
1
1
1
1
1
1
1
1
1
1
1
1
1
1
1
1
1
1
1
1
1
1
1
1
1
1
1
1.04142
1
1
1
1
1
1
1
1
1
1
1
1
1
1
1
1
1
1
1
1
1
1
1
1
1
1
1
1
1
1
1
1
1
1
1
1
1
1
1
1
1
1
1
1
1
1
1
1
1
1
1
1
1
1
1
1
1
1
1
1
1
1
1
1
1
1
1
1
1
1
1
1
1
1
1
1
1
1
1
1
1
1
1
1
1
1
1
1
1
1
1
1
1
1
1
1
1
1
1
1
1
1
1
1
1
1
1
1
1
1
1
1
1
1
1
1
1
1
1
1
1
1
1
1
1
1
1
1
1
1
1
1
1
1
1
1
1
1
1
1
1
1
1
1
1
1
1
1
1
1
1
1
1
1
1
1
1
1
1
1
1
1
1
1
1
1
1
1
1
1
1
1
1
1
1
1
1
1
1
1
1
1
1
1
1
1
1
1
1
1
1
1
1
1
1
1
1
1
1
1
1
1
1
1
1
1
1
1
1
1
1
1
1
1
1
1
1
1
1
1
1
1
1
1
1
1
1
1
1
1
1
1
1
1
1
1
1
1
1
1
1
1
1
1
1
1
1
1
1
1
1
1
1
1
1
1
1
1
1
1
1
1
1
1
1
1
1
1
1
1
1
1
1
1
1
1
1
1
1
1
1
1
1
1
1
1
1
1
1
1
1
1
1
1
1
1
1
1
1
1
1
1
1
1
1
1
1
1
1
1
1
1
1
1
1
1
1
1
1
1
1
1
1
1
1
1
1
1
1
1
1
1
1
1
1
1
1
1
1
1
1
1
1
1
1
1
1
1
1
1
1
1
1
1
1
1
1
1
1
1
1
1
1
1
1
1
1
1
1
1
1
1
1
1
1
1
1
1
1
1
1
1
1
1
1
1
1
1
1
1
1
1
1
1
1
1
1
1
1
1
1
1
1
1
1
1
1
1
1
1
1
1
1
1
1
1
1
1
1
1
1
1
1
1
1
1
1
1
1
1
1
1
1
1
1
1
1
1
1
1
1
1
1
1
1
1
1
1
1
1
1
1
1
1
1
1
1
1
1
1
1
1
1
1
1
1
1
1
1
1
1
1
1
1
1
1
1
1
1
1
1
1
1
1
1
1
1
1
1
1
1
1
1
1
1
1
1
1
1
1
1
1
1
1
1
1
1
1
1
1
1
1
1
1
1
1
1
1
1
1
1
1
1
1
1
1
1
1
1
1
1
1
1
1
1
1
1
1
1
1
1
1
1
1
1
1
1
1
1
1
1
1
1
1
1
1
1
1
1
1
1
1
1
1
1
1
1
1
1
1
1
1
1
1
1
1
1
1
1
1
1
1
1
1
1
1
1
1
1
1
1
1
1
1
1
1
1
1
1
1
1
1
1
1
1
1
1
1
1
1
1
1
1
1
1
1
1
1
1
1
1
1
1
1
1
1
1
1
1
1
1
1
1
1
1
1
1
1
1
1
1
1
1
1
1
1
1
1
1
1
1
1
1
1
1
1
1
1
1
1
1
1
1
1
1
1
1
1
1
1
1
1
1
1
1
1
1
1
1
1
1
1
1
1
1
1
1
1
1
1
1
1
1
1
1
1
1
1
1
1
1
1
1
1
1
1
1
1
1
1
1
1
1
1
1
1
1
1
1
1
1
1
1
1
1
1
1
1
1
1
1
1
1
1
1
1
1
1
1
1
1
1
1
1
1
1
1
1
1
1
1
1
1
1
1
1
1
1
1
1
1
1
1
1
1
1
1
1
1
1
1
1
1
1
1
1
1
1
1
1
1
1
1
1
1
1
1
1
1
1
1
1
1
1
1
1
1
1
1
1
1
1
1
1
1
1
1
1
1
1
1
1
1
1
1
1
1
1
1
1
1
1
1
1
1
1
1
1
1
1
1
1
1
1
1
1
1
1
1
1
1
1
1
1
1
1
1
1
1
1
1
1
1
1
1
1
1
1
1
1
1
1
1
1
1
1
1
1
1
1
1
1
1
1
1
1
1
1
1
1
1
1
1
1
1
1
1
1
1
1
1
1
1
1
1
1
1
1
1
1
1
1
1
1
1
1
1
1
1
1
1
1
1
1
1
1
1
1
1
1
1
1
1
1
1
1
1
1
1
1
1
1
1
1
1
1
1
1
1
1
1
1
1
1
1
1
1
1
1
1
1
1
1
1
1
1
1
1
1
1
1
1
1
1
1
1
1
1
1
1
1
1
1
1
1
1
1
1
1
1
1
1
1
1
1
1
1
1
1
1
1
1
1
1
1
1
1
1
1
1
1
1
1
1
1
1
1
1
1
1
1
1
1
1
1
1
1
1
1
1
1
1
1
1
1
1
1
1
1
1
1
1
1
1
1
1
1
1
1
1
1
1
1
1
1
1
1
1
1
1
1
1
1
1
1
1
1
1
1
1
1
1
1
1
1
1
1
1
1
1
1
1
1
1
1
1
1
1
1
1
1
1
1
1
1
1
1
1
1
1
1
1
1
1
1
1
1
1
1
1
1
1
1
1
1
1
1
1
1
1
1
1
1
1
1
1
1
1
1
1
1
1
1
1
1
1
1
1
1
1
1
1
1
1
1
1
1
1
1
1
1
1
1
1
1
1
1
1
1
1
1
1
1
1
1
1
1
1
1
1
1
1
1
1
1
1
1
1
1
1
1
1
1
1
1
1
1
1
1
1
1
1
1
1
1
1
1
1
1
1
1
1
1
1
1
1
1
1
1
1
1
1
1
1
1
1
1
1
1
1
1
1
1
1
1
1
1
1
1
1
1
1
1
1
1
1
1
1
1
1
1
1
1
1
1
1
1
1
1
1
1
1
1
1
1
1
1
1
1
1
1
1
1
1
1
1
1
1
1
1
1
1
1
1
1
1
1
1
1
1
1
1
1
1
1
1
1
1
1
1
1
1
1
1
1
1
1
1
1
1
1
1
1
1
1
1
1
1
1
1
1
1
1
1
1
1
1
1
1
1
1
1
1
1
1
1
1
1
1
1
1
1
1
1
1
1
1
1
1
1
1
1
1
1
1
1
1
1
1
1
1
1
1
1
1
1
1
1
1
1
1
1
1
1
1
1
1
1
1
1
1
1
1
1
1
1
1
1
1
1
1
1
1
1
1
1
1
1
1
1
1
1
1
1
1
1
1
1
1
1
1
1
1
1
1
1
1
1
1
1
1
1
1
1
1
1
1
1
1
1
1
1
1
1
1
1
1
1
1
1
1
1
1
1
1
1
1
1
1
1
1
1
1
1
1
1
1
1
1
1
1
1
1
1
1
1
1
1
1
1
1
1
1
1
1
1
1
1
1
1
1
1
1
1
1
1
1
1
1
1
1
1
1
1
1
1
1
1
1
1
1
1
1
1
1
1
1
1
1
1
1
1
1
1
1
1
1
1
1
1
1
1
1
1
1
1
1
1
1
1
1
1
1
1
1
1
1
1
1
1
1
1
1
1
1
1
1
1
1
1
1
1
1
1
1
1
1
1
1
1
1
1
1
1
1
1
1
1
1
1
1
1
1
1
1
1
1
1
1
1
1
1
1
1
1
1
1
1
1
1
1
1
1
1
1
1
1
1
1
1
1
1
1
1
1
1
1
1
1
1
1
1
1
1
1
1
1
1
1
1
1
1
1
1
1
1
1
1
1
1
1
1
1
1
1
1
1
1
1
1
1
1
1
1
1
1
1
1
1
1
1
1
1
1
1
1
1
1
1
1
1
1
1
1
1
1
1
1
1
1
1
1
1
1
1
1
1
1
1
1
1
1
1
1
1
1
1
1
1
1
1
1
1
1
1
1
1
1
1
1
1
1
1
1
1
1
1
1
1
1
1
1
1
1
1
1
1
1
1
1
1
1
1
1
1
1
1
1
1
1
1
1
1
1
1
1
1
1
1
1
1
1
1
1
1
1
1
1
1
1
1
1
1
1
1
1
1
1
1
1
1
1
1
1
1
1
1
1
1
1
1
1
1
1
1
1
1
1
1
1
1
1
1
1
1
1
1
1
1
1
1
1
1
1
1
1
1
1
1
1
1
1
1
1
1
1
1
1
1
1
1
1
1
1
1
1
1
1
1
1
1
1
1
1
1
1
1
1
1
1
1
1
1
1
1
1
1
1
1
1
1
1
1
1
1
1
1
1
1
1
1
1
1
1
1
1
1
1
1
1
1
1
1
1
1
1
1
1
1
1
1
1
1
1
1
1
1
1
1
1
1
1
1
1
1
1
1
1
1
1
1
1
1
1
1
1
1
1
1
1
1
1
1
1
1
1
1
1
1
1
1
1
1
1
1
1
1
1
1
1
1
1
1
1
1
1
1
1
1
1
1
1
1
1
1
1
1
1
1
1
1
1
1
1
1
1
1
1
1
1
1
1
1
1
1
1
1
1
1
1
1
1
1
1
1
1
1
1
1
1
1
1
1
1
1
1
1
1
1
1
1
1
1
1
1
1
1
1
1
1
1
1
1
1
1
1
1
1
1
1
1
1
1
1
1
1
1
1
1
1
1
1
1
1
1
1
1
1
1
1
1
1
1
1
1
1
1
1
1
1
1
1
1
1
1
1
1
1
1
1
1
1
1
1
1
1
1
1
1
1
1
1
1
1
1
1
1
1
1
1
1
1
1
1
1
1
1
1
1
1
1
1
1
1
1
1
1
1
1
1
1
1
1
1
1
1
1
1
1
1
1
1
1
1
1
1
1
1
1
1
1
1
1
1
1
1
1
1
1
1
1
1
1
1
1
1
1
1
1
1
1
1
1
1
1
1
1
1
1
1
1
1
1
1
1
1
1
1
1
1
1
1
1
1
1
1
1
1
1
1
1
1
1
1
1
1
1
1
1
1
1
1
1
1
1
1
1
1
1
1
1
1
1
1
1
1
1
1
1
1
1
1
1
1
1
1
1
1
1
1
1
1
1
1
1
1
1
1
1
1
1
1
1
1
1
1
1
1
1
1
1
1
1
1
1
1
1
1
1
1
1
1
1
1
1
1
1
1
1
1
1
1
1
1
1
1
1
1
1
1
1
1
1
1
1
1
1
1
1
1
1
1
1
1
1
1
1
1
1
1
1
1
1
1
1
1
1
1
1
1
1
1
1
1
1
1
1
1
1
1
1
1
1
1
1
1
1
1
1
1
1
1
1
1
1
1
1
1
1
1
1
1
1
1
1
1
1
1
1
1
1
1
1
1
1
1
1
1
1
1
1
1
1
1
1
1
1
1
1
1
1
1
1
1
1
1
1
1
1
1
1
1
1
1
1
1
1
1
1
1
1
1
1
1
1
1
1
1
1
1
1
1
1
1
1
1
1
1
1
1
1
1
1
1
1
1
1
1
1
1
1
1
1
1
1
1
1
1
1
1
1
1
1
1
1
1
1
1
1
1
1
1
1
1
1
1
1
1
1
1
1
1
1
1
1
1
1
1
1
1
1
1
1
1
1
1
1
1
1
1
1
1
1
1
1
1
1
1
1
1
1
1
1
1
1
1
1
1
1
1
1
1
1
1
1
1
1
1
1
1
1
1
1
1
1
1
1
1
1
1
1
1
1
1
1
1
1
1
1
1
1
1
1
1
1
1
1
1
1
1
1
1
1
1
1
1
1
1
1
1
1
1
1
1
1
1
1
1
1
1
1
1
1
1
1
1
1
1
1
1
1
1
1
1
1
1
1
1
1
1
1
1
1
1
1
1
1
1
1
1
1
1
1
1
1
1
1
1
1
1
1
1
1
1
1
1
1
1
1
1
1
1
1
1
1
1
1
1
1
1
1
1
1
1
1
1
1
1
1
1
1
1
1
1
1
1
1
1
1
1
1
1
1
1
1
1
1
1
1
1
1
1
1
1
1
1
1
1
1
1
1
1
1
1
1
1
1
1
1
1
1
1
1
1
1
1
1
1
1
1
1
1
1
1
1
1
1
1
1
1
1
1
1
1
1
1
1
1
1
1
1
1
1
1
1
1
1
1
1
1
1
1
1
1
1
1
1
1
1
1
1
1
1
1
1
1
1
1
1
1
1
1
1
1
1
1
1
1
1
1
1
1
1
1
1
1
1
1
1
1
1
1
1
1
1
1
1
1
1
1
1
1
1
1
1
1
1
1
1
1
1
1
1
1
1
1
1
1
1
1
1
1
1
1
1
1
1
1
1
1
1
1
1
1
1
1
1
1
1
1
1
1
1
1
1
1
1
1
1
1
1
1
1
1
1
1
1
1
1
1
1
1
1
1
1
1
1
1
1
1
1
1
1
1
1
1
1
1
1
1
1
1
1
1
1
1
1
1
1
1
1
1
1
1
1
1
1
1
1
1
1
1
1
1
1
1
1
1
1
1
1
1
1
1
1
1
1
1
1
1
1
1
1
1
1
1
1
1
1
1
1
1
1
1
1
1
1
1
1
1
1
1
1
1
1
1
1
1
1
1
1
1
1
1
1
1
1
1
1
1
1
1
1
1
1
1
1
1
1
1
1
1
1
1
1
1
1
1
1
1
1
1
1
1
1
1
1
1
1
1
1
1
1
1
1
1
1
1
1
1
1
1
1
1
1
1
1
1
1
1
1
1
1
1
1
1
1
1
1
1
1
1
1
1
1
1
1
1
1
1
1
1
1
1
1
1
1
1
1
1
1
1
1
1
1
1
1
1
1
1
1
1
1
1
1
1
1
1
1
1
1
1
1
1
1
1
1
1
1
1
1
1
1
1
1
1
1
1
1
1
1
1
1
1
1
1
1
1
1
1
1
1
1
1
1
1
1
1
1
1
1
1
1
1
1
1
1
1
1
1
1
1
1
1
1
1
1
1
1
1
1
1
1
1
1
1
1
1
1
1
1
1
1
1
1
1
1
1
1
1
1
1
1
1
1
1
1
1
1
1
1
1
1
1
1
1
1
1
1
1
1
1
1
1
1
1
1
1
1
1
1
1
1
1
1
1
1
1
1
1
1
1
1
1
1
1
1
1
1
1
1
1
1
1
1
1
1
1
1
1
1
1
1
1
1
1
1
1
1
1
1
1
1
1
1
1
1
1
1
1
1
1
1
1
1
1
1
1
1
1
1
1
1
1
1
1
1
1
1
1
1
1
1
1
1
1
1
1
1
1
1
1
1
1
1
1
1
1
1
1
1
1
1
1
1
1
1
1
1
1
1
1
1
1
1
1
1
1
1
1
1
1
1
1
1
1
1
1
1
1
1
1
1
1
1
1
1
1
1
1
1
1
1
1
1
1
1
1
1
1
1
1
1
1
1
1
1
1
1
1
1
1
1
1
1
1
1
1
1
1
1
1
1
1
1
1
1
1
1
1
1
1
1
1
1
1
1
1
1
1
1
1
1
1
1
1
1
1
1
1
1
1
1
1
1
1
1
1
1
1
1
1
1
1
1
1
1
1
1
1
1
1
1
1
1
1
1
1
1
1
1
1
1
1
1
1
1
1
1
1
1
1
1
1
1
1
1
1
1
1
1
1
1
1
1
1
1
1
1
1
1
1
1
1
1
1
1
1
1
1
1
1
1
1
1
1
1
1
1
1
1
1
1
1
1
1
1
1
1
1
1
1
1
1
1
1
1
1
1
1
1
1
1
1
1
1
1
1
1
1
1
1
1
1
1
1
1
1
1
1
1
1
1
1
1
1
1
1
1
1
1
1
1
1
1
1
1
1
1
1
1
1
1
1
1
1
1
1
1
1
1
1
1
1
1
1
1
1
1
1
1
1
1
1
1
1
1
1
1
1
1
1
1
1
1
1
1
1
1
1
1
1
1
1
1
1
1
1
1
1
1
1
1
1
1
1
1
1
1
1
1
1
1
1
1
1
1
1
1
1
1
1
1
1
1
1
1
1
1
1
1
1
1
1
1
1
1
1
1
1
1
1
1
1
1
1
1
1
1
1
1
1
1
1
1
1
1
1
1
1
1
1
1
1
1
1
1
1
1
1
1
1
1
1
1
1
1
1
1
1
1
1
1
1
1
1
1
1
1
1
1
1
1
1
1
1
1
1
1
1
1
1
1
1
1
1
1
1
1
1
1
1
1
1
1
1
1
1
1
1
1
1
1
1
1
1
1
1
1
1
1
1
1
1
1
1
1
1
1
1
1
1
1
1
1
1
1
1
1
1
1
1
1
1
1
1
1
1
1
1
1
1
1
1
1
1
1
1
1
1
1
1
1
1
1
1
1
1
1
1
1
1
1
1
1
1
1
1
1
1
1
1
1
1
1
1
1
1
1
1
1
1
1
1
1
1
1
1
1
1
1
1
1
1
1
1
1
1
1
1
1
1
1
1
1
1
1
1
1
1
1
1
1
1
1
1
1
1
1
1
1
1
1
1
1
1
1
1
1
1
1
1
1
1
1
1
1
1
1
1
1
1
1
1
1
1
1
1
1
1
1
1
1
1
1
1
1
1
1
1
1
1
1
1
1
1
1
1
1
1
1
1
1
1
1
1
1
1
1
1
1
1
1
1
1
1
1
1
1
1
1
1
1
1
1
1
1
1
1
1
1
1
1
1
1
1
1
1
1
1
1
1
1
1
1
1
1
1
1
1
1
1
1
1
1
1
1
1
1
1
1
1
1
1
1
1
1
1
1
1
1
1
1
1
1
1
1
1
1
1
1
1
1
1
1
1
1
1
1
1
1
1
1
1
1
1
1
1
1
1
1
1
1
1
1
1
1
1
1
1
1
1
1
1
1
1
1
1
1
1
1
1
1
1
1
1
1
1
1
1
1
1
1
1
1
1
1
1
1
1
1
1
1
1
1
1
1
1
1
1
1
1
1
1
1
1
1
1
1
1
1
1
1
1
1
1
1
1
1
1
1
1
1
1
1
1
1
1
1
1
1
1
1
1
1
1
1
1
1
1
1
1
1
1
1
1
1
1
1
1
1
1
1
1
1
1
1
1
1
1
1
1
1
1
1
1
1
1
1
1
1
1
1
1
1
1
1
1
1
1
1
1
1
1
1
1
1
1
1
1
1
1
1
1
1
1
1
1
1
1
1
1
1
1
1
1
1
1
1
1
1
1
1
1
1
1
1
1
1
1
1
1
1
1
1
1
1
1
1
1
1
1
1
1
1
1
1
1
1
1
1
1
1
1
1
1
1
1
1
1
1
1
1
1
1
1
1
1
1
1
1
1
1
1
1
1
1
1
1
1
1
1
1
1
1
1
1
1
1
1
1
1
1
1
1
1
1
1
1
1
1
1
1
1
1
1
1
1
1
1
1
1
1
1
1
1
1
1
1
1
1
1
1
1
1
1
1
1
1
1
1
1
1
1
1
1
1
1
1
1
1
1
1
1
1
1
1
1
1
1
1
1
1
1
1
1
1
1
1
