127.456
127.042
126.627
126.213
125.799
125.385
124.971
124.556
124.142
123.728
123.314
122.9
122.485
122.071
121.657
121.243
120.828
120.414
120
120
120
120
120
120
120
120
120
120
120
120
120
120
120
120
120
120
120
137.811
138.225
138.64
139.054
139.468
139.882
140.297
140.711
141.125
141.539
141.953
142.368
142.782
143.196
143.61
144.024
144.439
144.853
145.267
145.681
146.096
146.51
146.924
147.338
147.752
148.167
148.581
148.995
149.409
149.823
150.238
150.652
151.066
151.48
151.895
152.309
152.723
153.137
153.551
153.966
154.38
154.794
155.208
155.622
156.037
156.451
156.865
157.279
157.694
158.694
159.694
160.694
161.694
162.694
163.694
164.694
165.694
166.694
167.694
168.694
169.694
170.694
171.694
172.694
173.694
174.694
175.694
176.694
177.694
178.694
179.694
180.694
181.694
182.694
183.694
184.694
185.694
186.694
187.694
120
120
120
120
120
120
120
120
120
120
120
120
120
120
120
120
120
120
120
120
120
120
120
120
120
120
120
120
120
120
120
120.414
120.828
121.243
121.657
122.071
122.485
122.9
123.314
120
120
120
120
120
120.414
120.828
121.243
121.657
122.071
122.485
122.899
123.314
123.728
124.142
124.556
124.971
125.385
125.799
126.213
126.627
127.042
127.456
127.87
128.284
128.699
129.113
129.527
129.941
130.355
130.77
131.184
131.598
132.012
132.426
132.841
133.255
133.669
134.083
134.498
134.912
135.326
126.456
119
136.811
187.279
119
122.314
119
134.326
125.456
118
135.811
186.865
118
121.314
118
133.326
124.456
117
134.397
134.811
186.451
117
120.314
117
132.326
123.456
116
133.397
186.037
116
119.314
116
131.326
122.456
115
132.397
185.622
115
118.314
115
130.326
121.456
114
131.397
184.208
185.208
114
117.314
114
129.326
120.456
113
113
130.397
183.794
113
116.314
113
128.326
119.456
119.042
112
129.397
182.38
183.38
112
115.314
112
127.326
118.042
111
127.983
128.397
179.966
180.966
181.966
111
114.314
111
126.326
117.042
110
110
110
126.983
178.551
179.551
110
113.314
110
110
125.326
125.326
124.912
116.042
109
125.154
125.569
125.983
178.137
109
112.314
109
123.912
115.042
108
124.154
175.723
176.723
177.723
108
111.314
108
122.912
114.042
107
107
122.74
123.154
175.309
107
110.314
107
121.912
113.042
106
121.74
172.895
173.895
174.895
106
109.314
106
120.912
112.042
105
105
120.74
171.48
172.48
105
108.314
105
119.912
119.498
111.627
110.627
110.213
104
119.326
119.74
169.066
170.066
171.066
104
107.314
104
118.498
109.213
103
103
103
117.912
118.326
164.652
165.652
166.652
167.652
168.652
103
106.314
103
117.498
108.213
102
102
116.083
116.498
116.912
161.238
162.238
163.238
164.238
102
105.314
102
116.498
116.083
107.213
101
101
114.669
115.083
156.823
157.823
158.823
159.823
160.823
101
104.314
101
101
115.083
106.213
100
100
113.255
113.669
151.409
152.409
153.409
154.409
155.409
156.409
100
103.314
100
114.083
113.669
113.255
105.213
104.799
99
99
99
111.426
111.841
112.255
146.995
147.995
148.995
149.995
150.995
99
102.314
99
112.255
103.799
98
98
110.012
110.426
146.581
98
101.314
98
111.255
110.841
102.799
97
109.012
144.167
145.167
146.167
97
100.314
97
109.841
101.799
96
96
96
107.184
107.598
108.012
139.752
140.752
141.752
142.752
143.752
96
99.3137
96
108.841
100.799
95
95
95
95
104.941
105.355
105.77
106.184
136.338
137.338
138.338
139.338
95
98.3137
95
95
95
107.841
107.426
99.799
99.3848
94
94.4142
94.8284
95.2426
95.6569
102.284
102.699
103.113
103.527
103.941
133.924
134.924
135.924
94
94
97.3137
94
106.426
98.3848
94.6569
95.0711
95.4853
95.8995
96.3137
96.7279
97.1421
97.5564
97.9706
98.3848
98.799
99.2132
99.6274
100.042
100.456
100.87
101.284
130.51
131.51
132.51
133.51
93
95.4853
95.8995
96.8995
93
105.426
105.012
97.3848
129.096
130.096
92
94.4853
92
104.012
103.598
103.184
96.9706
95.9706
95.5564
126.681
127.681
128.681
91
93.4853
91
91
102.184
101.77
94.5564
126.267
90
92.4853
90
100.77
93.5564
123.853
124.853
125.853
89
91.4853
89
99.7696
92.5564
122.439
123.439
88
90.4853
88
98.7696
98.3554
91.5564
91.1422
121.024
122.024
87
89.4853
87
97.3554
96.9412
90.1422
117.61
118.61
119.61
120.61
86
88.4853
86
86
95.9412
95.5269
95.1127
89.1422
116.196
117.196
85
87.4853
85
94.1127
93.6985
88.1422
87.7279
114.782
115.782
84
84
86.4853
84
92.6985
92.2843
86.7279
112.368
113.368
114.368
83
85.4853
83
91.2843
90.8701
90.4559
85.7279
110.953
111.953
82
84.4853
82
82
89.4559
89.0416
88.6274
84.7279
110.539
81
83.4853
81
87.6274
87.2132
83.7279
109.125
110.125
80
82.4853
80
86.2132
82.7279
82.3137
106.711
107.711
108.711
79
81.4853
79
85.2132
84.799
84.3848
83.9706
81.3137
105.297
106.297
78
80.4853
78
78
78
82.9706
82.5564
80.3137
103.882
104.882
77
79.4853
77
81.5564
81.1421
80.7279
80.3137
79.8995
78.8995
78.4853
102.468
103.468
76
78.0711
78.4853
76
79.3137
78.8995
78.4853
77.4853
100.054
101.054
102.054
75
75
75
77.0711
75
77.4853
77.0711
76.6569
76.2426
76.4853
98.6397
99.6397
74
76.0711
74
74
75.2426
74.8284
74.4142
74
74
75.4853
98.2255
73
75.0711
73
73
73
73
73
73
74.4853
74.0711
96.8112
97.8112
72
74.0711
72
72
73.0711
95.397
96.397
71
73.0711
71
71
71
71
71
71
71
72.0711
92.9828
93.9828
94.9828
70
72.0711
70
70
70
70
70
70
70
70
70
70
70
70
71.0711
91.5686
92.5686
69
71.0711
69
69
69
69
69
69
69
69
70.0711
69.6569
88.1544
89.1544
90.1544
91.1544
68
70.0711
68
68
68.6569
86.7402
87.7402
67
67
69.0711
67
67
67.6569
85.326
86.326
66
68.0711
66
66
66
66.6569
83.9117
84.9117
65
66.6569
67.0711
65
65
65.6569
83.4975
64
65.6569
64
64
64.6569
64.2426
81.0833
82.0833
83.0833
63
64.6569
63
63
63.2426
78.6691
79.6691
80.6691
62
63.6569
62
62
62
62
62.2426
77.2549
78.2549
61
62.6569
61
61
61.2426
74.8407
75.8407
76.8407
60
61.6569
60
60
60.2426
73.4264
74.4264
59
59
60.6569
59
59
72.2843
73.2843
74.2843
75.2843
76.2843
77.2843
78.2843
79.2843
80.2843
81.2843
82.2843
82.1838
81.1838
80.1838
79.1838
78.1838
77.1838
59
59.2426
70.0122
71.0122
72.0122
73.0122
58
59.6569
58
67.8701
68.8701
69.8701
70.8701
71.8701
76.7696
75.7696
74.7696
73.7696
72.7696
58
58.8284
57.8284
57.4142
68.598
69.598
57
58.6569
57
64.4559
65.4559
66.4559
67.4559
72.3554
71.3554
70.3554
57
56.4142
67.1838
68.1838
56
57.6569
56
63.0417
64.0416
69.9412
68.9412
67.9412
66.9412
56
55.4142
66.7696
55
56.6569
55
55
62.6274
66.5269
55
54.4142
65.3554
66.3554
54
55.6569
54
59.799
60.2132
61.2132
62.2132
66.1127
65.1127
64.1127
54
53.4142
62.9412
63.9412
64.9412
53
54.2426
54.6569
53
58.3848
58.799
63.6985
62.6985
61.6985
53
52.4142
61.5269
62.5269
52
53.2426
52
56.9706
57.3848
61.2843
60.2843
52
51.4142
60.1127
61.1127
51
52.2426
51
55.5564
55.9706
59.8701
58.8701
51
50.4142
58.2843
58.6985
59.6985
50
51.2426
50
50
50
54.5564
58.4559
57.4559
57.0416
50
49.4142
56.8701
57.2843
49
49
50.2426
49
52.7279
53.1421
54.1421
56.0416
55.6274
49
48.4142
48
55.4559
55.8701
48
49.2426
48
51.3137
51.7279
54.6274
54.2132
48
47
54.4559
47
48.2426
47
50.3137
53.2132
47
46
53.0416
54.0416
46
47.2426
46
49.3137
52.799
51.799
46
45
51.2132
51.6274
52.6274
45
46.2426
45
45
47.8995
48.3137
51.3848
50.3848
49.9706
45
44
49.799
50.2132
44
45.2426
44
46.8995
48.9706
44
43
48.3848
48.799
43
44.2426
43
45.4853
45.8995
47.9706
47.5564
43
42
47.3848
42
43.2426
42
44.4853
46.5564
46.1421
42
41
41
41
41
41
41
41
45.9706
46.9706
41
41.4142
41.8284
42.8284
41
41
42.6569
43.0711
44.0711
45.1421
41
40
40
40
40
40
40
40
40
40
40
40
40
40
40
40
40
40
40
40
44.1421
44.5564
45.5564
40
40.4142
40
41.6569
44.7279
43.7279
43.3137
40
39
39
39
39
39
39
39
39
39
39
39
43.1421
39
39.4142
39
40.6569
42.3137
39
38
38
38
38
38
38
38
38
38
42.1421
38
38
38
38
38
38
38
38
38
38
38
38
38
38
38
38
38.4142
38
39.6569
41.3137
38
37
37
37
40.7279
41.1421
37
37
37
37.4142
37
38.2426
38.6569
40.3137
39.8995
37
36
36
36
36
36
36
36
36
36
36
39.7279
36
36
36
36
36
36
36
36
36
36
36
36
36.4142
36
36
37.2426
38.8995
36
35
35
35
35
35
35
38.3137
38.7279
35
35
35
35
35
35
35
35
35
35.4142
35
36.2426
37.8995
37.4853
35
34
34
34
34
34
34
37.3137
34
34
34
34
34
34
34
34
34
34.4142
34
35.2426
36.4853
34
33
33
33
33
33
33
33
33
35.4853
35.8995
36.8995
33
33
33
33
33
33
33
33
33.4142
33
33.8284
34.2426
35.4853
35.0711
33
32
32
32
32
32
32
32
34.4853
32
32
32
32
32
32.4142
32
32.8284
34.0711
32
31
31
31
31
31
33.0711
33.4853
31
31
31
31
31
31
31.4142
31
31.8284
33.0711
31
30
30
30
30
30
32.0711
30
30
30
30
30
30
30
30.4142
30
30
30
30.8284
32.0711
30
29
29
29
31.0711
29
29
29
29.4142
29
29.8284
31.6569
30.6569
30.2426
29
28
28
28
28
28
28
29.6569
30.0711
28
28
28
28
28
28.4142
28
28.8284
29.2426
28
27
27
27
27
27
27
28.6569
27
27
27
27
27.4142
27
27.8284
28.2426
27
26
26
26
26
27.6569
26
26
26
26
26
26
26.4142
26
26.8284
27.2426
26.8284
26
25
25
25
25
25
26.6569
25
25
25
25
25
25
25
25
25
25.8284
25.8284
25
24
24
24
24
24
24
25.2426
25.6569
24
24
24
24
24
24
24
24.4142
25.4142
24.8284
24
23
23
23
23
23
24.2426
23
23
23
23
23
23
23
23.8284
23
22
22
22
22
23.2426
22
22
22
22
22
22
22
22
22.8284
22.4142
22
21
21
21
21
22.2426
21
21
21
21
21
21
21
21.4142
21
20
20
20
21.2426
20
20
20
20
20
20
20.4142
20
19
19
19
19
19.4142
19.8284
20.8284
19
19
19
19
19
19
19
19.4142
19
18
18
18
18
18.4142
18
18
18
18
18
18
18
18.4142
18
17
17
17
17.4142
17
17
17
17
17
17
17.4142
17
16
16
16
16
16
16
16.4142
16
16
16
16
16
16
16
16
16
16
16.4142
16
15
15
15
15.4142
15
15
15
15
15
15
15.4142
15
15
14
14
14
14.4142
14
14
14
14
14
14
14
14
13
13
13
13
13.4142
13
13
13
13
13
13
13
13
12
12
12
12.4142
12
12
12
12
12
12
12
12
11
11
11
11.4142
11
11
11
11
11
11
11
11
10
10
10
10
10.4142
10
10
10
10
10
10
10
10
10
9
9
9
9
9
9
9
9
9
9
9
9
9
9
9
8
8
8
8
8
8
8
8
8
8
8
8
7
7
7
7
7
7
7
7
7
7
7
7
6
6
6
6
6
6
6
6
6
6
6
6
6
6
6
6
6
6
6
6
6
6
6
6
6
6
6
6
6
6
6
6
6
6
6
6
6
6
6
6
6
6
6
6
6
6
6
6
6
6
6
6
6
6
6
6
6
6
6
6
6
6
6
6
6
6
6
6
6
6
6
6
6
6
6
6
6
6
6
6
6
6
6
6
6
6
6
6
6
6
6
6
6
6
6
6
6
6
6
6
6
6
6
6
6
6
6
6
6
6
6
6
6
6
6
6
6
6
6
6
6
6
6
6
6
6
6
6
6
6
6
6
6
6
6
6
6
6
6
6
6
6
6
6
6
6
6
6
6
6
6
6
6
6
6
6
6
6
6
6
6
6
6
6
6
6
6
6
6
6
6
6
6
6
6
6
6
6
6
6
6
6
6
6
6
6
6
6
6
6
6
6
6
6
6
6
6
6
6
6
6
6
6
6
6
6
6
6
6
6
6
6
6
6
6
6
6
6
6
6
6
6
6
6
6
6
6
6
6
6
6
6
6
6
6
6
6
