6
6
6
6
6
6
6
6
6
6
6
6
6
6
6
6
6
6
6
6
6
6
6
6
6
6
6
6
6
6
6
6
6
6
6
6
6
6
6
6
6
6
6
6
6
6
6
6
6
6
6
6
6
6
6
6
6
6
6
6
6
6
6
6
6
6
6
6
6
6
6
6
6
6
6
6
6
6
6
6
6
6
6
6
6
6
6
6
6
6
6
6
6
6
6
6
6
6
6
6
6
6
6
6
6
6
6
6
6
6
6
6
6
6
6
6
6
6
6
6
6
6
6
6
6
6
6
6
6
6
6
6
6
6
6
6
6
6
6
6
6
6
6
6
6
6
6
6
6
6
6
6
6
6
6
6
6
6
6
6
6
6
6
6
6
6
6
6
6
6
6
6
6
6
6
6
6
6
6
6
6
6
6
6
6
6
6
6
6
6
6
6
6
6
6
6
6
6
6
6
6
6
6
6
6
6
6
6
6
6
6
6
6
6
6
6
6
6
6
6
6
6
6
6
6
6
6
6
6
6
6
6
6
6
6
6
6
6
6
6
6
6
6
6
6
6
6
6
6
6
6
6
6
6
6
6
6
6
6
6
6
6
6
6
6
6
6
6
6
6
6
6
6
6
6
6
6
6
6
6
7
7
7
7
7
7
8
8
8
8
8
8
9
9
9
9
9
9
10
10
10
10
10
10
10
12.4142
11.4142
11
11
11
11
11
11
12.8284
12
12.4142
12
12
12
12
13.8284
13.4142
13
13
13
13
14.8284
14.4142
14
14
14
14
14
14
15.8284
15.4142
15
15
15
15
17.2426
16.8284
16.4142
16
16
16
16
18.2426
17.4142
17.4142
17
17
17
17
17
19.2426
18.4142
18.4142
18
18
18
20.6569
20.2426
19.4142
19.8284
19.4142
19
19
19
19
19
21.6569
20.8284
20.4142
20
20
20
22.6569
21.8284
21.4142
21
21
21
21
24.0711
23.6569
22.8284
23.8284
22.8284
22.4142
22
22
22
22
22
26.4853
25.4853
25.0711
23.8284
24.2426
25.2426
24.2426
23
23
23
26.8995
25.6569
25.2426
24
24
24
24
28.3137
27.8995
26.6569
26.6569
26.2426
25
25
25
25
25
29.7279
29.3137
27.6569
28.0711
27.6569
26
26
26
31.1421
30.7279
29.0711
29.0711
28.6569
27
27
27
27
33.5563
32.5563
32.1421
30.0711
30.4853
30.0711
28
28
28
28
28
28
34.9706
33.9706
31.4853
31.4853
31.0711
29
29
29
35.3848
32.4853
32.4853
30
30
30
30
36.799
36.3848
33.4853
33.8995
33.4853
31
31
31
31
40.2132
39.2132
38.2132
37.799
34.8995
35.8995
34.8995
34.4853
32
32
32
32
32
32
42.6274
41.6274
40.6274
35.8995
36.3137
37.3137
36.3137
33
33
33
33
33
33
45.0416
44.0416
43.0416
37.7279
37.7279
37.3137
34
34
34
34
34
48.4559
47.4559
46.4559
45.4559
38.7279
39.1421
39.1421
38.7279
35
35
35
35
35
51.8701
50.8701
49.8701
48.8701
40.1421
40.5564
40.1421
36
36
36
36
36
36
56.2843
55.2843
54.2843
53.2843
52.2843
41.5564
42.5564
41.5564
41.1421
37
37
37
56.6985
42.5564
42.9706
38
38
38
38
38
38
63.1127
62.1127
61.1127
60.1127
59.1127
58.1127
57.1127
43.5564
43.9706
44.9706
44.3848
43.9706
39
39
39
39
39
39
40.4142
41.4142
42.4142
43.4142
44.4142
45.4142
46.4142
47.4142
48.4142
49.4142
50.4142
51.4142
52.4142
53.4142
54.4142
55.4142
56.4142
57.4142
58.4142
59.4142
60.4142
61.4142
62.4142
63.4142
64.4142
65.4142
73.5269
72.5269
71.5269
70.5269
69.5269
68.5269
67.5269
66.5269
65.5269
64.5269
63.5269
45.3848
46.3848
45.799
45.3848
40
40
40
40
40
40
65.8284
66.8284
67.8284
68.8284
69.8284
70.8284
71.8284
72.8284
73.8284
74.8284
75.8284
76.8284
77.8284
78.8284
79.8284
80.8284
81.8284
80.9411
79.9411
78.9411
77.9411
76.9411
75.9411
74.9411
73.9411
46.799
47.799
47.2132
46.799
41
41
41
41
41
41
48.2132
49.2132
49.6274
48.6274
48.2132
42
42
42
42
42
49.6274
50.6274
51.6274
51.0416
50.0416
43
43
43
43
43
43
43
52.0416
53.0416
52.4559
51.4559
44
44
44
44
44
44
44
53.4559
54.4559
53.8701
52.8701
45
45
45
45
45
54.8701
55.8701
56.2843
55.2843
54.2843
46
46
56.2843
56.6985
47
47
47
47
47
47
47
56.6985
57.6985
58.6985
58.1127
57.1127
48
48
48
48
48
48
48
48
59.1127
60.1127
61.1127
61.5269
60.5269
59.5269
58.5269
49
49
49
49
49
49
61.5269
62.5269
63.5269
62.9412
61.9412
50
50
50
50
50
63.9412
64.9411
65.3554
64.3554
63.3554
51
51
51
51
51
51
51
65.3554
66.3554
67.3554
67.7696
66.7696
65.7696
52
52
52
52
52
52
52
67.7696
68.7696
69.7696
70.7696
70.1838
69.1838
68.1838
53
53
53
53
53
53
53
71.1838
72.1838
73.1838
74.1838
73.598
72.598
71.598
70.598
54
54
74.598
74.0122
55
55
55
55
55
75.0122
76.0122
77.0122
78.0122
78.4264
77.4264
76.4264
75.4264
74.4264
56
56
56
56
56
56
78.4264
79.4264
80.4264
81.4264
82.4264
81.8407
80.8407
79.8407
78.8407
57
57
57
57
57
57
57
82.8407
83.8407
84.8407
85.8407
86.8407
87.8407
88.2549
87.2549
86.2549
85.2549
84.2549
83.2549
82.2549
58
58
58
58
58
58
88.2549
89.2549
90.2549
91.2549
92.2549
93.2549
94.2549
95.2549
96.2549
97.2549
98.2549
97.6691
96.6691
95.6691
94.6691
93.6691
92.6691
91.6691
90.6691
89.6691
88.6691
59
59
59
59
59
59
60
60
60
60
60
61
61
61
61
61
61
62
62
62
62
62
62
62
63
63
64
64
64
64
64
64
65
65
65
65
65
65
66
66
66
66
66
66
66
67
67
67
67
67
67
67
68
68
68
68
68
68
68
68
68
69.4142
69
69
69
69
69
69
69
69
69
69
69
69
69
69
70.4142
70
70
70
70
70
70
70
70
70
70
70
70
70
70
70
70
70
70
70
70
71.4142
71
71
71
71
71
71
71
71
71
71
71
71
71
71
71
71
72.4142
72
72
72
73.4142
73
73
73
73
73
73
73
73
73
73
73
73
73
73
74.4142
74.4142
74
74
74
74
74
74
74
74
74
74
75.4142
76.6569
76.2426
75.8284
75.4142
75
75
75
75
75
75
75
76.4142
79.3137
78.8995
78.4853
78.0711
77.6569
76
76
76
76
76
77.4142
81.5563
81.1421
80.7279
80.3137
77
77
77
77
77
77
78.4142
83.799
83.3848
82.9706
82.5563
78
78
78
78
79.4142
86.4558
86.0416
85.6274
85.2132
84.799
79
79
79
79
79
79
80.4142
87.4558
80
80
81.4142
89.2843
88.8701
88.4558
81
81
81
81
82.4142
91.9411
91.5269
91.1127
90.6985
90.2843
82
82
82
83.4142
94.1838
93.7696
93.3554
92.9411
83
83
83.4142
83
83
83
84.4142
96.8406
96.4264
96.0122
95.598
95.1838
84.4142
84.8284
84.4142
84
85.4142
99.0833
98.6691
98.2549
97.8406
85.8284
86.2426
85.8284
85.4142
86.4142
101.74
101.326
100.912
100.498
100.083
87.2426
87.6569
88.0711
86.8284
87.4142
104.397
103.983
103.569
103.154
102.74
89.0711
89.4853
88.6569
88.2426
87.8284
88.4142
107.468
107.054
106.64
106.225
105.811
105.397
90.4853
90.8995
89.6569
89.4142
108.468
91.8995
90.6569
90.4142
107.811
108.225
108.64
109.054
109.468
109.882
109.882
109.468
92.8995
93.3137
92.0711
91.6569
91.4142
106.326
106.74
107.154
107.569
107.983
108.397
108.811
94.3137
93.4853
93.0711
92.4142
103.184
103.598
104.012
104.426
104.841
105.255
105.669
106.083
106.498
106.912
107.326
95.3137
95.7279
96.1421
94.4853
93.4142
93.8284
94.2426
94.6569
95.0711
95.4853
95.8995
96.3137
96.7279
97.1422
97.5564
97.9706
98.3848
98.799
99.2132
99.6274
100.042
100.456
100.87
101.284
101.699
102.113
102.527
102.941
103.355
103.77
104.184
97.1421
97.5564
95.8995
95.4853
98.5564
96.8995
99.5564
99.9706
98.7279
98.3137
97.8995
100.971
101.385
101.799
99.7279
102.799
100.728
103.799
102.142
101.728
104.799
105.213
103.142
106.213
104.556
104.142
107.213
107.627
105.556
108.627
106.556
109.627
108.385
107.971
107.556
110.627
111.042
109.385
112.042
110.385
113.042
111.385
114.042
112.799
112.385
115.042
115.456
115.87
113.799
116.87
114.799
117.87
115.799
118.87
117.213
116.799
119.87
120.284
133.953
134.368
134.782
135.196
135.61
136.024
136.024
135.61
135.196
118.213
121.284
134.539
134.953
136.196
135.782
135.368
119.213
122.284
135.539
136.368
120.213
123.284
136.125
136.539
137.368
136.953
136.539
121.213
124.284
136.711
137.125
137.539
122.213
125.284
137.711
138.539
138.125
123.213
126.284
137.882
138.297
138.711
139.125
124.213
127.284
138.882
140.125
125.213
128.284
128.699
129.113
129.527
129.941
130.355
130.77
131.184
131.598
132.012
132.426
132.841
133.255
133.669
134.083
134.498
134.912
135.326
135.74
136.154
136.569
136.983
137.397
137.811
138.225
138.64
139.054
139.468
139.882
141.125
140.711
140.297
139.882
139.468
139.054
138.64
138.225
137.811
137.397
136.983
136.569
136.154
135.74
135.326
134.912
134.498
134.083
133.669
133.255
132.841
132.426
132.012
131.598
131.184
130.77
130.355
129.941
129.527
129.113
128.699
128.284
127.87
127.456
127.042
126.627
126.213
