121.657
121.243
120.828
120.414
120
120
120
120
120
120
120
120
120
120
120
120
120
120
120
120
120
120
120
120
120
120
120
120
120
120
120
120
120
120
120
120
120
120
120
120
120
120
120
120
120
120
120
120
120
120
120
120
120
120
120
120
120
120
120
120
120
120
120
120
120
120
120
120
120
120
120
120
120
120
120
120
120
120
120
120
120
120
120
120
120
120
120
120
120
120
120
120
120
120
120
120
120
120
120
120
120
120
120
120
120
120
120
120
120
120
120
120
120
120
120
120
120
120
120
120
120
120
120
120
120
120
120
120
120
120
120
120
120
120
120
120
120
120
120.414
120.828
121.243
121.657
122.071
122.485
122.9
120.657
121.9
119.657
120.9
118.657
119.9
117.657
118.9
116.657
117.9
115.657
116.9
114.657
115.9
113.657
114.9
112.657
113.9
111.657
112.9
110.657
111.9
109.657
110.9
108.657
109.9
107.657
108.9
106.657
107.9
105.657
105.243
106.9
104.243
105.485
105.9
103.243
104.485
102.243
103.485
101.243
102.485
100.243
101.485
99.2426
100.485
98.2426
99.4853
97.2426
98.4853
96.2426
97.4853
95.2426
96.4853
94.2426
95.4853
93.2426
94.4853
92.2426
93.4853
91.2426
92.4853
90.2426
91.4853
89.2426
90.4853
88.2426
89.4853
87.2426
88.4853
86.2426
87.0711
87.4853
85.2426
86.0711
84.2426
85.0711
83.2426
84.0711
82.2426
83.0711
81.2426
82.0711
80.2426
81.0711
79.2426
80.0711
78.2426
79.0711
77.2426
78.0711
76.2426
77.0711
75.2426
76.0711
74.2426
75.0711
73.2426
74.0711
72.2426
71.8284
72.6569
73.0711
70.8284
71.6569
69.8284
70.6569
68.8284
69.6569
67.8284
68.6569
66.8284
67.6569
65.8284
66.6569
64.8284
65.6569
63.8284
64.6569
62.8284
63.6569
61.8284
62.6569
60.8284
61.6569
59.8284
59.8284
60.2426
61.2426
58.8284
58.8284
57.8284
57.8284
56.8284
56.8284
55.8284
55.8284
54.8284
54.8284
53.8284
53.8284
52.8284
52.8284
51.8284
51.8284
50.8284
50.8284
49.8284
49.8284
48.8284
48.8284
47.8284
47.8284
46.8284
46.4142
46.8284
46.4142
45.4142
45
45.4142
44
44.4142
43
43.4142
42
42.4142
41
41.4142
40
40.4142
39
39.4142
38
38.4142
37
37.4142
36
36.4142
35
35.4142
34
34.4142
33
33.4142
32
32.4142
31
31
31.4142
30
30
29
29
28
28
27
27
26
26
25
25
24
24
23
23
22
22
21
21
20
20
19
19
18
18
17
17
16
16
15
15
14
14
13
13
12
12
11
11
10
10
9
9
8
8
7
7
6
6
6
6
6
6
6
6
6
6
6
6
6
6
6
6
6
6
6
6
6
6
6
6
6
6
6
6
6
6
6
6
6
6
6
6
6
6
6
6
6
6
6
6
6
6
6
6
6
6
6
6
6
6
6
6
6
6
6
6
6
6
6
6
6
6
6
6
6
6
6
6
6
6
6
6
6
6
6
6
6
6
6
6
6
6
6
6
6
6
6
6
6
6
6
6
6
6
6
6
6
6
6
6
6
6
6
6
6
6
6
6
6
6
6
6
6
6
6
6
6
6
6
6
6
6
6
6
6
6
6
6
6
6
6
6
6
6
6
6
6
6
6
6
6
6
6
6
6
6
6
6
6
6
6
6
6
6
6
6
6
6
6
6
6
6
6
6
6
6
6
6
6
6
6
6
6
6
6
6
6
6
6
6
6
6
6
6
6
6
6
6
6
6
6
6
6
6
6
6
6
6
6
6
6
6
6
6
6
6
6
6
6
6
6
6
6
6
6
6
6
6
6
6
6
6
6
6
6
6
6
6
6
6
6
6
6
6
6
6
6
6
6
6
6
6
6
6
6
6
6
6
6
6
6
6
6
6
6
6
6
6
6
6
6
6
6
6
6
6
6
6
6
6
6
6
6
6
6
6
6
6
6
6
6
6
6
6
6
6
6
6
6
6
6
6
6
6
6
6
6
6
6
6
6
6
6
6
6
6
6
6
6
6
6
6
6
6
6
6
6
6
6
6
6
6
6
6
6
6
6
6
6
6
6
6
6
6
6
6
6
6
6
6
6
6
6
6
6
6
6
6
6
6
6
6
6
6
6
6
6
6
6
6
6
6
6
6
6
6
6
6
6
6
6
6
6
6
6
6
