6
6
6
6
6
6
6
6
6
6
6
6
6
6
6
6
6
6
6
6
6
6
6
6
6
6
6
6
6
6
6
6
6
6
6
6
6
6
6
6
6
6
6
6
6
6
6
6
6
6
6
6
6
6
6
6
6
6
6
6
6
6
6
6
6
6
6
6
6
6
6
6
6
6
6
6
6
6
6
6
6
6
6
6
6
6
6
6
6
6
6
6
6
6
6
6
6
6
6
6
6
6
6
6
6
6
6
6
6
6
6
6
6
6
6
6
6
6
6
6
6
6
6
6
6
6
6
6
6
6
6
6
6
6
6
6
6
6
6
6
6
6
6
6
6
6
6
6
6
6
6
6
6
6
6
6
6
6
6
6
6
6
6
6
6
6
6
6
6
6
6
6
6
6
6
6
6
6
6
6
6
6
6
6
6
6
6
6
6
6
6
6
6
6
6
6
6
6
6
6
6
6
6
6
6
6
6
6
6
6
6
6
6
6
6
6
6
6
6
6
6
6
6
6
6
6
6
6
6
6
6
6
6
6
6
6
6
6
6
6
6
6
6
6
6
6
6
6
6
6
6
6
6
6
6
6
6
6
6
6
6
6
6
6
6
6
6
6
6
6
6
6
6
6
7
7
7
7
7
7
7
7
8
8
8
8
8
8
8
8
9
9
9
9
9.41421
10.4142
9
9
9
9
10
10
10
10.8284
10
10
10
10
11
11
11
11.8284
11.4142
11
11
11.4142
11
11
12
12
12
12.8284
13.2426
12.4142
12.4142
12
12
13
13
13
14.2426
13.4142
13.4142
13
13
14
14
14
15.2426
14.8284
14.4142
14.4142
14
14
14.4142
15.4142
15
15
15
16.2426
16.6569
16.2426
15.8284
15.4142
15
15.8284
16
16
16.4142
17.4142
16
17.6569
18.0711
19.0711
20.0711
18.6569
17.6569
17.2426
16.4142
16
16.8284
17
17.8284
17.4142
17
20.4853
21.4853
22.4853
21.0711
20.0711
19.0711
17.4142
17
17.8284
18
18.8284
18.4142
22.8995
23.8995
24.8995
25.8995
26.4853
25.4853
24.4853
23.4853
22.4853
21.4853
18.4142
18
18.8284
19
19.8284
19.4142
19.4142
19
19.8284
20.2426
20
20.8284
20.4142
20.4142
20
21.2426
21
21.8284
21.4142
21.4142
21
22.2426
22
22.8284
22.4142
22.4142
22
23.2426
23
23.8284
24.2426
23.4142
23.4142
23
24.2426
24.6569
24
25.2426
25.8284
24.8284
24.4142
24.4142
24
25.6569
25
26.2426
26.2426
25.4142
25
26.6569
27.0711
28.0711
26
27.2426
27.2426
26.4142
26.8284
27.8284
26
28.4853
27
28.2426
28.6569
28.2426
28.2426
27
29.4853
29.8995
28
29.6569
29.6569
29.2426
29.2426
28
30.8995
29
30.6569
30.6569
30.2426
29
31.8995
32.3137
30
31.6569
31.6569
31.2426
30
30
33.3137
31
31
31
31
31
31
31
31
31
31
31
32.6569
33.0711
32.6569
32.2426
31
34.3137
32
32
32
32
32
32
32
32
34.0711
34.0711
33.6569
33.2426
32
35.3137
35.7279
33
33
33
33
35.0711
35.4853
36.4853
35.0711
34.2426
34.6569
33
36.7279
37.1421
38.1421
34
34
34
34
36.8995
36.4853
36.0711
35.6569
34
38.5564
39.5564
35
35
35
35
35
37.8995
37.4853
36.6569
35
39.9706
36
36
38.8995
39.3137
38.4853
37.6569
36
40.9706
41.3848
37
40.3137
40.8995
39.8995
39.4853
38.6569
37
42.3848
42.799
38
38
38
38
41.3137
41.3137
39.6569
38
43.799
39
39
39
42.3137
42.7279
42.3137
40.6569
41.0711
39
44.799
45.2132
46.2132
47.2132
40
40
43.7279
44.1421
43.7279
43.3137
42.0711
40
47.6274
48.6274
41
41
41
45.1421
44.7279
43.0711
41
49.0416
50.0416
51.0416
42
42
42
46.1421
46.5564
47.5564
46.1421
45.7279
44.0711
44.4853
45.4853
42
51.4559
52.4559
53.4559
43
43
43
47.9706
47.5564
47.1421
45.8995
43
53.8701
54.8701
55.8701
56.8701
44
44
48.9706
49.3848
48.5564
46.8995
44.4142
44
57.2843
58.2843
59.2843
45
45
50.3848
50.799
50.9706
49.9706
49.5564
47.8995
45.4142
59.6985
60.6985
61.6985
62.6985
63.6985
46
51.799
51.3848
48.8995
49.3137
46.4142
64.1127
65.1127
66.1127
67.1127
68.1127
69.1127
70.1127
71.1127
72.1127
73.1127
47
52.799
52.3848
50.3137
47.4142
73.5269
48
48
53.799
54.2132
55.2132
53.799
53.3848
51.3137
48.4142
73.9411
49
49
49
55.6274
56.6274
55.2132
54.799
52.3137
52.7279
49.4142
74.3554
50
50
57.0416
58.0416
57.6274
56.6274
56.2132
53.7279
50.4142
74.7696
51
58.4559
59.4559
58.0416
54.7279
51.4142
75.1838
52
52
59.8701
60.8701
61.8701
59.4559
59.0416
55.7279
56.1421
52.4142
75.598
53
62.2843
63.2843
60.8701
60.4559
57.1421
53.8284
53.4142
76.0122
54
63.6985
64.6985
62.2843
61.8701
58.1421
58.5564
59.5564
54.8284
76.4264
55
55
55
65.1127
63.2843
56.6569
56.2426
55.8284
55.4142
55
59.9706
55.8284
76.8407
56
65.5269
66.5269
67.5269
65.6985
64.6985
64.2843
60.9706
60.5563
60.1421
59.7279
59.3137
58.8995
58.4853
58.0711
57.6569
56
56
56
56
56
56
56
56
56
60.9706
56.8284
77.2549
57
57
67.9412
68.9412
67.1127
66.1127
60.7279
61.1421
61.5563
61.9706
61.9706
57
57
57
57
57
61.9706
62.3848
57.8284
77.6691
58
69.3554
70.3554
68.5269
67.5269
60.0711
60.4853
60.8995
61.3137
61.7279
58
58
58
58
58
63.3848
59.2426
58.8284
78.0833
59
59
70.7696
71.7696
71.9412
70.9412
69.9412
68.9412
60.2426
60.6569
61.0711
59
59
59
64.3848
64.799
60.2426
78.4975
60
72.1838
73.1838
74.1838
75.1838
73.3554
72.3554
60.8284
61.2426
60
60
60
60
65.799
66.2132
61.2426
78.9117
61
75.598
76.598
74.7696
73.7696
61
61
61.4142
61.8284
61
61
67.2132
63.6569
62.6569
62.2426
79.3259
62
77.0122
78.0122
79.0122
80.0122
78.1838
77.1838
76.1838
75.1838
62
62
62
62
62
62
68.2132
68.6274
69.6274
64.0711
79.7402
63
80.4264
81.4264
82.4264
80.598
79.598
78.598
63
63
70.0416
71.0416
65.4853
65.0711
80.1544
64
64
82.8407
81.0122
64
64
64
64
64
71.4559
66.4853
78.0833
78.4975
78.9117
79.3259
79.7402
80.1544
80.5686
65
83.2549
84.2549
85.2549
86.2549
84.4264
83.4264
82.4264
81.4264
65
65
65
65
72.4559
67.4853
77.0122
77.4264
77.8407
78.2549
78.6691
79.0833
66
86.6691
87.6691
88.6691
87.8407
86.8407
85.8407
84.8407
66
66
66
66
66
73.4559
73.8701
68.8995
68.4853
76.7696
77.1838
77.598
78.0122
67
89.0833
90.0833
91.0833
92.0833
93.0833
91.2549
90.2549
89.2549
88.2549
67
67
67
67
74.8701
75.2843
76.2843
71.3137
70.3137
69.8995
76.5269
76.9411
77.3554
77.7696
68
93.4975
94.4975
95.4975
96.4975
97.4975
95.6691
94.6691
93.6691
92.6691
91.6691
68
68
68
68
68
76.6985
77.6985
71.7279
77.1127
77.5269
69
97.9117
98.9117
99.9117
100.912
101.912
102.912
103.912
104.912
105.912
106.912
107.912
108.083
107.083
106.083
105.083
104.083
103.083
102.083
101.083
100.083
99.0833
98.0833
97.0833
96.0833
69
69
69
69
78.1127
79.1127
73.1422
72.7279
77.6985
78.1127
70
70
70
70
70
70
79.5269
80.5269
74.5564
74.1422
77.4559
77.8701
78.2843
78.6985
71
71
71
71
71
71
80.9412
81.9412
82.9412
75.9706
75.5564
78.0416
78.4559
72
72
72
83.3554
84.3554
78.3848
77.3848
76.9706
79.0416
73
73
73
73
84.7696
78.799
80.0416
74
74
74
74
74
74
85.1838
86.1838
87.1838
80.2132
79.799
80.6274
81.0416
75
75
75
75
75
87.598
88.598
89.598
81.6274
81.2132
80.799
81.2132
81.6274
76
76
76
90.0122
91.0122
92.0122
85.0417
84.0417
83.0417
82.6274
81.799
77
77
77
77
77
92.4264
93.4264
94.4264
95.4264
87.4559
86.4559
85.4559
82.3848
82.799
78
78
78
78
95.8407
96.8407
97.8407
90.8701
89.8701
88.8701
87.8701
83.3848
79.4142
79
79
79
79
79
79
79
98.2549
99.2549
100.255
101.255
102.255
103.255
104.255
95.2843
94.2843
93.2843
92.2843
91.2843
83.9706
84.3848
80.4142
80
80
104.669
105.669
106.669
105.699
104.699
103.699
102.699
101.699
100.699
99.6985
98.6985
97.6985
96.6985
95.6985
84.9706
81.4142
81
81
85.9706
82.4142
82
82
82
82
86.5564
86.9706
83.8284
83.4142
83
83
87.5564
84.8284
84
84
84
84
88.5564
85.8284
85
85
89.5564
87.2426
86.8284
86
86
86
86
90.5564
88.2426
87
87
91.5564
90.6569
89.6569
89.2426
88
88
88
88
92.5564
91.0711
89
89
93.5564
92.0711
90
90
90
90
94.5564
93.4853
93.0711
113.782
113.368
112.953
112.539
112.125
111.711
111.297
91
91
91
95.5564
94.8995
94.4853
116.439
117.439
117.61
116.61
115.61
115.196
114.782
112.297
111.882
111.468
111.054
110.64
110.225
109.811
109.397
92
92
96.5564
97.3137
96.3137
95.8995
115.782
116.196
116.61
117.024
117.439
110.397
109.983
109.569
109.154
108.74
93
93
93
93
97.5564
97.7279
115.953
116.368
116.782
109.74
109.326
108.912
94
94
98.5564
99.1422
98.7279
115.711
116.125
116.539
116.953
109.912
109.498
109.083
108.669
95
95
99.5564
99.9706
100.556
100.142
116.297
116.711
109.669
109.255
96
96
96
96
100.971
101.971
101.556
117.297
110.255
97
97
101.971
102.971
117.054
117.468
117.882
118.297
111.255
110.841
98
98
98
102.971
105.385
104.385
103.971
117.64
118.054
111.841
111.426
111.012
110.598
99
99
103.971
104.385
107.799
106.799
105.799
118.225
118.64
111.598
100
100
105.385
110.213
109.213
108.213
118.397
118.811
119.225
112.598
112.184
101
101
101
106.385
106.799
111.627
110.627
119.397
113.184
112.77
102
102
107.799
108.213
109.213
114.042
113.042
112.042
119.983
120.397
113.77
113.355
112.941
103
103
103
103
109.627
110.627
117.456
116.456
115.456
114.456
120.569
120.983
113.941
113.527
104
104
111.042
119.87
118.87
117.87
121.569
114.527
105
105
105.414
112.042
112.456
123.284
122.284
121.284
120.284
122.569
115.527
106
106.414
113.456
113.87
114.87
123.699
123.154
123.569
116.527
116.113
107
107.414
115.284
128.113
127.113
126.113
125.113
124.113
124.154
117.113
108
108.414
116.284
116.699
117.699
133.527
132.527
131.527
130.527
129.527
128.527
124.326
124.74
125.154
118.113
117.699
117.284
109
109.414
118.113
119.113
143.941
142.941
141.941
140.941
139.941
138.941
137.941
136.941
135.941
134.941
133.941
125.326
118.284
110
110.414
119.527
120.527
121.527
122.527
140.184
140.598
141.598
142.598
143.598
125.912
126.326
119.284
111
111.414
122.941
123.941
124.941
125.941
139.184
126.912
120.284
119.87
112
112.414
126.355
127.355
128.355
129.355
130.355
131.355
138.77
127.912
120.87
113
113.414
131.77
132.77
133.77
134.77
135.77
136.77
137.77
128.912
121.87
114
114.414
129.912
122.87
115
115.414
115.828
130.912
123.87
116
116
116.828
131.912
124.87
117
117.828
132.498
132.912
125.87
118
118.828
133.498
126.87
119
119.828
141.669
142.669
143.669
144.669
145.669
146.669
146.083
145.083
144.083
143.083
142.083
141.083
140.083
139.083
138.083
137.083
136.083
135.083
134.083
133.669
133.255
132.841
132.426
132.012
131.598
131.184
130.77
130.355
129.941
129.527
129.113
128.699
128.284
127.87
127.456
127.042
126.627
126.213
125.799
125.385
124.971
124.556
124.142
123.728
123.314
122.9
122.485
122.071
121.657
121.243
120.828
120.414
120
120
120
120
120
120
120
120
120
120
120
120
120
120
120
120
120
120
120
120
120
120
120
120
120
120
120
120
120
120
120
120
120.414
120.828
121.243
121.657
122.071
122.485
122.899
123.314
123.728
124.142
124.556
124.971
125.385
125.799
126.213
126.627
127.042
127.456
127.87
128.284
128.699
129.113
129.527
129.941
130.355
130.77
131.184
131.598
132.012
132.426
132.841
133.255
133.669
134.083
134.498
127.87
127.456
127.042
126.627
126.213
125.799
125.385
124.971
124.556
124.142
123.728
123.314
122.899
122.485
122.071
121.657
121.243
120.828
120.414
120
120
120
120
120
120
120
120
120
120
120
120
120
120
120
120
120
120
120
120
120
120
120
120
120
120
120
120
120
120
120
120
120
120
120
120
120
120
120
120
120
120
120.828
121.243
121.657
122.071
122.485
122.899
123.314
123.728
124.142
124.556
124.971
125.385
125.799
126.213
126.627
127.042
127.456
127.87
128.284
128.699
129.113
129.527
129.941
130.355
130.77
131.184
131.598
132.012
132.426
132.841
133.255
133.669
134.083
134.498
134.912
135.326
135.74
136.154
136.569
136.983
137.397
137.397
136.983
136.569
136.154
135.74
135.326
134.912
134.498
134.083
133.669
133.255
132.841
132.426
132.012
131.598
131.184
130.77
130.355
129.941
129.527
129.113
128.699
128.284
127.87
127.456
127.042
126.627
126.213
125.799
125.385
124.971
124.556
124.142
123.728
123.314
122.9
122.485
122.071
121.657
121.243
120.828
120.414
120
120
120
120
120
120
120
120
120
120
120
120
120
120
120
120
120
120
120
120
120
120
120
120
120
120
120
120
120
120
120
120
120
120
120
120
120
120.414
120.828
121.243
121.657
122.071
122.485
122.899
123.314
123.728
124.142
124.556
124.971
125.385
125.799
126.213
126.627
127.042
127.456
127.87
128.284
128.699
129.113
129.527
129.941
130.355
130.77
131.184
131.598
132.012
132.426
132.841
133.255
133.669
134.669
135.669
136.669
137.669
138.669
139.669
140.669
