6
6
6
6
6
6
6
6
6
6
6
6
6
6
6
6
6
6
6
6
6
6
6
6
6
6
6
6
6
6
6
6
6
6
6
6
6
6
6
6
6
6
6
6
6
6
6
6
6
6
6
6
6
6
6
6
6
6
6
6
6
6
6
6
6
6
6
6
6
6
6
6
6
6
6
6
6
6
6
6
6
6
6
6
6
6
6
6
6
6
6
6
6
6
6
6
6
6
6
6
6
6
6
6
6
6
6
6
6
6
6
6
6
6
6
6
6
6
6
6
6
6
6
6
6
6
6
6
6
6
6
6
6
6
6
6
6
6
6
6
6
6
6
6
6
6
6
6
6
6
6
6
6
6
6
6
6
6
6
6
6
6
6
6
6
6
6
6
6
6
6
6
6
6
6
6
6
6
6
6
6
6
6
6
6
6
6
6
6
6
6
6
6
6
6
6
6
6
6
6
6
6
6
6
6
6
6
6
6
6
6
6
6
6
6
6
6
6
6
6
6
6
6
6
6
6
6
6
6
6
6
6
6
6
6
6
6
6
6
6
6
6
6
6
6
6
6
6
6
6
6
6
6
6
6
6
6
6
6
6
6
6
6
6
6
6
6
6
6
6
6
6
6
6
6
6
6
6
6
6
6
6
6
6
6
6
6
6
6
6
6
6
6
6
6
6
6
6
6
6
6
6
6
6
6
6
7
7
7
7
7
7
7
7
8
8
8
8
8
8
8
8
9
9
9
9
9
9
9
9
10
10
10
10
10
10
10
10
10.4142
11
11
11
11
11
11
11
11
11.4142
12
12
12
12
12
12
12
12.4142
13
13
13
13
13
13
13
13.4142
14
14
14
14
14
14
14
14.4142
15
15
15
15
15
15
15
15.4142
16.4142
16
16
16.4142
16
16
16
16
16
16.4142
17.4142
17.4142
17
17
17
17
17
17.4142
17.8284
18.4142
18.4142
18
18
18.4142
18
18
18
18.8284
19.8284
19.4142
19.4142
19
19.4142
19
19
19
19.8284
20.8284
20.4142
20
20.4142
20
20
20
20.8284
21.2426
21.8284
21.4142
21
21.4142
21
21
21
22.2426
23.2426
22.8284
22.4142
22
22.4142
22
22
22
23.2426
24.2426
23.4142
23
23.4142
23
23
23
24.2426
26.6569
25.6569
25.2426
24.4142
24
24.4142
24
24
24
25.2426
25.6569
26.6569
28.0711
27.0711
25.4142
25
25
25
25.4142
25
25
25
27.0711
28.4853
26.4142
26
26.4142
26.4142
26
26
26
26
26
26
26
28.0711
28.4853
29.8995
29.4853
27.4142
27
27.4142
27.4142
27
27
29.4853
31.3137
30.8995
28.4142
28.8284
29.8284
28
28.4142
28.4142
28
28
30.4853
30.8995
33.7279
32.7279
32.3137
30.2426
29
29.4142
29.4142
29
29
31.8995
32.3137
33.3137
34.1421
31.2426
30
30.4142
30.4142
30
30
33.7279
35.5564
35.1421
32.2426
31
31.4142
31.4142
31
31
34.7279
36.9706
36.5564
33.2426
32
32.4142
32.4142
32
32
35.7279
36.1421
40.3848
39.3848
38.3848
37.9706
34.2426
33
33.4142
33.4142
33
33
37.1421
37.5564
41.799
40.799
35.2426
34
34.4142
34.4142
34
34
34
38.5564
38.9706
45.2132
44.2132
43.2132
42.2132
36.2426
35
35.4142
35.4142
35
35
35
39.9706
40.3848
41.3848
47.6274
46.6274
45.6274
37.2426
37.6569
36
36.4142
36.8284
36.4142
36
36
41.799
42.799
51.0416
50.0416
49.0416
48.0416
38.6569
37
37.8284
37.4142
37
37
43.2132
44.2132
51.4559
39.6569
38
38.8284
38.4142
38
38
44.6274
55.8701
54.8701
53.8701
52.8701
51.8701
40.6569
39
39.8284
39.4142
39
39
45.6274
46.0416
47.0416
48.0416
81.3554
81.7696
82.1838
82.598
83.0122
83.4264
84.4264
85.4264
86.4264
87.4264
88.4264
89.4264
90.4264
91.4264
92.4264
93.4264
94.4264
95.4264
96.4264
59.2843
58.2843
57.2843
56.2843
41.6569
40
40.8284
40.4142
40
40
48.4559
49.4559
80.3554
96.0122
97.0122
98.0122
99.0122
100.012
100.527
99.5269
98.5269
97.5269
96.5269
95.5269
94.5269
93.5269
92.5269
91.5269
90.5269
89.5269
88.5269
68.6985
67.6985
66.6985
65.6985
64.6985
63.6985
62.6985
61.6985
60.6985
59.6985
42.6569
41
41.8284
41.4142
41
41
41
49.8701
50.8701
51.8701
52.8701
79.3554
88.1127
87.1127
86.1127
85.1127
84.1127
83.1127
82.1127
81.1127
80.1127
79.1127
78.1127
77.1127
76.1127
75.1127
74.1127
73.1127
72.1127
71.1127
70.1127
69.1127
43.6569
42
42.8284
42.4142
42
42
42
53.2843
54.2843
55.2843
78.3554
44.6569
45.0711
43
43.8284
43.4142
43
43
55.6985
56.6985
57.6985
58.6985
77.3554
46.0711
44
44.8284
44.4142
44
44
59.1127
60.1127
61.1127
62.1127
63.1127
76.3554
47.0711
45
45
45.8284
45.4142
45
45
45
63.5269
64.5269
65.5269
66.5269
67.5269
68.5269
69.5269
75.9411
48.0711
46
46.8284
46.4142
46
46
69.9411
70.9411
71.9411
72.9411
73.9411
74.9411
49.0711
47
47.8284
47.4142
47
47
50.0711
48
48.8284
49.2426
50.2426
48.4142
48
48
48
51.0711
49
50.6569
49.4142
49
49
52.0711
52.4853
53.4853
50
51.6569
50.4142
50
50
50
50
53.8995
51
52.6569
51.4142
51
51
54.8995
52
53.6569
52.8284
52.4142
52
52
55.8995
53
54.6569
53.8284
53
53
53
53
53
56.8995
54
55.6569
54.8284
54
54
57.8995
55
56.6569
55.8284
55
55
58.8995
56
57.6569
56.8284
56
56
59.8995
60.3137
57
58.6569
57.8284
57
57
57
61.3137
58
59.6569
58.8284
58
58
62.3137
59
60.6569
61.0711
59.8284
59
59
59
63.3137
60
60
62.0711
60.8284
60
60
60
64.3137
61
63.0711
61.8284
61
61
65.3137
62
64.0711
62.8284
62
62
62
62
66.3137
63
65.0711
63.8284
63
63
67.3137
64
66.0711
64.8284
64
64
64
68.3137
68.7279
65
67.0711
65.8284
65
65
69.7279
66
68.0711
66.8284
66
66
66
70.7279
67
69.0711
67.8284
67
67
71.7279
68
70.0711
68.8284
68
68
68
72.7279
69
71.0711
69.8284
69
69
69
73.7279
70
72.0711
72.4853
70.8284
70
70
70
70
74.7279
71
73.4853
71.8284
71
71
71
75.7279
72
74.4853
72.8284
72
72
76.7279
73
75.4853
73.8284
73
73
77.7279
78.1421
74
76.4853
74.8284
74
74
74
79.1421
75
75
77.4853
75.8284
75
75
75
75
75
80.1421
76
78.4853
76.8284
76
76
81.1421
77
79.4853
77.8284
77
77
77
77
82.1421
78
80.4853
78.8284
78
78
78
83.1421
79
81.4853
79.8284
79
79
79
84.1421
80
82.4853
80.8284
80
80
85.1421
81
83.4853
81.8284
81
81
81
86.1421
82
84.4853
84.8995
82.8284
82
82
82
87.1421
83
85.8995
83.8284
83
83
83
83
88.1421
84
86.8995
84.8284
84
84
84
89.1421
85
87.8995
85.8284
85
85
85
105.882
105.468
105.054
104.64
104.225
103.811
103.397
102.983
102.569
102.154
101.74
101.326
100.912
100.498
100.083
99.6691
99.2549
98.8407
98.4264
98.0122
97.598
97.1838
96.7696
96.3554
95.9411
95.5269
95.1127
94.6985
94.2843
93.8701
93.4559
93.0416
92.6274
90.1421
86
88.8995
86.8284
86
86
86
86
114.338
113.924
113.51
113.096
112.681
112.267
111.853
111.439
111.024
110.61
110.196
109.782
109.368
108.953
108.539
108.125
107.711
107.297
106.882
93.6274
93.2132
92.799
92.3848
91.9706
91.5564
91.1421
91.1421
87
89.8995
87.8284
87
87
87
87
87
106.225
106.64
107.054
107.468
107.882
108.297
108.711
109.125
109.539
109.953
110.368
110.782
111.196
111.61
112.024
112.439
112.853
113.267
113.681
114.096
114.51
114.924
115.338
116.338
117.338
117.167
116.167
115.752
115.338
92.1421
91.7279
91.3137
90.8995
90.4853
90.0711
92.1421
92.5564
93.5564
88
90.8995
88.8284
88
88
88
105.811
91.0711
93.9706
89
91.8995
89.8284
89
89
106.811
92.0711
91.6569
91.2426
90.8284
94.9706
90
92.8995
90.8284
90
90
90
90
107.811
91.8284
91.4142
91
91
91
95.9706
91
91
91
93.8995
91.8284
91
91
91
108.811
92
92
92
96.9706
92
94.8995
92.8284
92
92
92
92
92
109.811
93
93
93
97.9706
93
95.8995
93.8284
93
93
93
93
110.811
94
94
94
98.9706
94
96.8995
94.8284
94
94
94
111.811
95
95
99.9706
95
97.8995
95.8284
95
95
95
95
95
95
95
112.811
96
96
96
100.971
96
98.8995
96.8284
96
96
96
96
113.811
97
101.971
97
99.8995
97.8284
97
97
114.811
98
98
102.971
98
100.9
98.8284
98
98
98
98
98
98
115.811
99
99
103.971
99
101.9
102.314
103.314
99.8284
99
99
99
99.4142
99.8284
100.243
116.811
100
100
100
104.971
100
103.728
100.828
100
101.243
101.657
102.071
102.485
102.899
117.811
101
101
105.971
101
104.728
101.828
101
103.899
104.314
104.728
105.142
105.556
105.971
118.811
102
102
106.971
102
105.728
102.828
102
106.971
107.385
107.799
108.213
108.627
109.042
109.456
109.87
110.284
119.811
103
107.971
103
106.728
103.828
103
111.284
111.699
112.113
112.527
112.941
113.355
113.77
114.184
114.598
115.012
115.426
115.841
116.255
116.669
120.811
104
104
108.971
104
107.728
104.828
104
117.669
118.083
118.498
118.912
119.326
119.74
120.154
120.569
120.983
121.397
121.811
105
105
105
109.971
105
108.728
105.828
105
106
110.971
106
109.728
106.828
106
107
111.971
107
110.728
107.828
107
107
108
108
112.971
108
111.728
108.828
108
109
113.971
109
112.728
109.828
109
110
114.971
110
113.728
110.828
110
111
111
115.971
111
114.728
111.828
111
112
116.971
112
115.728
112.828
112
113
117.971
113
116.728
113.828
113
114
118.971
114
117.728
114.828
114
115
119.971
115
118.728
115.828
115
116
120.971
116
119.728
116.828
116
117
117
121.971
117
120.728
117.828
117
118
122.971
118
121.728
118.828
118
119
123.971
119
122.728
119.828
119
120
120
120
120
120
120
120
120
120
120
120
120
120
120
120
120
120
120
120
120
120
120
120.414
120.828
121.243
121.657
122.071
122.485
122.899
123.314
123.728
124.142
124.556
124.971
120
120
120
120
120
120
120
120
120
120
120
120
120
120
120
120
120
120
120
120
120
120
120
120
120
120
120
120
120
120
120
120
120
120
120
120
120
120.414
120.828
121.243
121.657
122.071
122.485
122.9
123.314
123.728
120.828
120.414
120
120
120
120
120
120
120
120
120
120
120
120
120
120
120
120
120
120
120
120
120
120
120
120
120
120
120
120
120
120
120
120
120
120
120
120
120
120
120
120
120
120
120
120
120
120
120
120
120
120
120
120
120
120
