247.995
248.409
248.823
249.823
250.823
251.823
252.823
253.823
254.823
201.309
200.895
200.48
200.066
199.652
199.238
198.823
198.409
197.995
274.995
273.995
272.995
271.995
270.995
269.995
268.995
267.995
266.995
265.995
264.995
263.995
262.995
261.995
261.581
261.167
246.953
247.368
247.782
248.196
248.61
249.024
249.439
249.853
250.267
250.681
141.953
141.539
141.953
142.368
142.782
143.196
143.61
144.024
144.439
144.853
145.267
145.681
146.096
149.51
149.924
150.338
150.752
151.167
151.581
152.581
153.581
154.581
155.581
245.096
244.681
244.267
243.853
243.439
243.024
243.439
243.853
244.267
244.681
245.096
245.51
245.924
246.995
253.409
254.409
200.309
196.995
274.581
260.167
245.953
249.681
140.539
145.096
148.51
155.167
244.096
244.924
245.995
252.995
199.309
195.995
274.167
259.167
258.752
245.368
244.953
248.681
139.539
144.096
147.51
154.752
243.096
243.924
244.338
245.581
252.581
198.309
194.995
273.752
272.752
257.752
244.368
247.681
138.539
143.096
146.51
154.338
242.51
242.096
243.338
243.752
244.167
244.581
250.167
251.167
252.167
197.895
193.995
272.338
257.338
256.338
255.338
244.196
243.782
243.368
246.681
137.539
142.096
144.681
145.096
145.51
152.924
153.924
241.51
249.752
197.48
192.995
271.924
254.924
253.924
253.51
243.61
243.196
245.681
136.539
141.096
141.51
143.267
143.681
152.51
240.51
248.338
249.338
197.066
191.995
271.51
270.51
252.51
242.61
244.681
135.539
140.51
142.267
152.096
239.51
246.924
247.924
196.652
190.995
270.096
269.096
252.096
251.096
250.096
242.024
241.61
243.681
134.539
139.51
140.853
141.267
149.681
150.681
151.681
238.51
243.51
244.51
245.51
246.51
197.238
196.238
189.995
189.581
268.681
267.681
266.681
249.681
248.681
247.681
241.853
241.439
241.024
242.681
133.539
138.51
138.924
138.61
139.024
139.439
139.853
149.267
237.924
237.51
238.51
239.51
240.51
241.51
242.51
196.823
188.581
266.267
265.267
264.267
247.267
246.267
245.267
244.267
243.267
242.267
241.267
240.853
241.681
242.096
132.539
137.924
137.196
137.61
148.853
236.924
236.096
237.096
238.096
196.409
187.581
263.853
262.853
261.853
241.096
131.539
136.924
137.338
137.752
134.953
135.368
135.782
136.196
147.439
148.439
236.338
235.924
234.267
234.681
235.681
195.995
186.581
186.167
261.439
260.439
259.439
245.439
244.439
243.439
242.439
241.439
240.439
239.439
240.096
130.539
137.338
138.338
139.338
133.539
133.953
147.024
235.338
232.853
233.267
195.581
185.167
259.853
258.853
257.853
256.853
255.853
248.853
247.853
246.853
245.853
239.024
238.024
237.024
239.096
129.539
138.924
139.924
140.924
141.924
132.125
132.539
146.61
235.167
234.752
234.338
231.439
231.853
197.167
196.167
195.167
184.167
183.752
183.338
256.267
249.267
236.61
238.096
128.539
141.51
142.51
143.51
144.51
145.51
130.711
131.125
146.196
235.167
234.167
230.439
196.752
182.338
256.681
255.681
254.681
253.681
252.681
251.681
250.681
250.267
236.196
235.196
234.196
237.096
127.539
145.096
129.711
145.782
234.752
229.024
229.439
196.338
181.338
180.924
233.782
232.782
232.368
236.681
126.539
144.681
145.681
146.681
147.681
148.681
149.681
150.681
127.882
128.297
128.711
145.368
234.338
228.024
196.924
195.924
179.924
179.51
231.368
230.953
236.267
125.125
125.539
150.267
151.267
152.267
153.267
154.267
155.267
156.267
157.267
158.267
159.267
126.882
144.953
234.924
233.924
227.024
196.51
178.51
178.096
177.681
177.267
169.853
170.853
171.853
172.853
173.853
174.853
175.853
176.853
177.853
178.853
179.853
180.853
181.853
182.853
229.953
235.853
123.711
124.125
158.853
159.167
158.167
157.167
156.167
155.167
125.468
125.882
144.539
234.51
226.024
197.096
196.096
176.267
175.853
175.439
175.024
174.61
165.439
166.439
167.439
168.439
169.439
182.439
183.439
184.439
185.439
186.439
228.953
235.439
122.297
122.711
154.752
153.752
152.752
151.752
150.752
149.752
148.752
147.752
124.468
144.125
234.096
225.024
198.681
197.681
196.681
173.61
173.196
172.782
172.368
171.953
171.539
161.024
162.024
163.024
164.024
165.024
186.024
187.024
188.024
189.024
227.953
235.024
128.539
127.539
126.539
125.539
124.539
123.539
122.539
122.125
120.468
120.882
121.297
147.338
146.338
145.338
144.338
143.338
142.338
123.054
123.468
143.711
233.681
224.024
199.267
198.267
170.539
170.125
169.711
169.297
168.882
157.61
158.61
159.61
160.61
188.61
189.61
190.61
191.61
226.953
234.61
131.125
130.125
129.125
128.125
121.125
120.711
120.297
119.882
118.64
119.054
119.468
128.61
129.61
130.61
131.61
132.61
141.924
140.924
139.924
138.924
137.924
136.924
122.054
143.297
233.267
223.024
200.853
199.853
198.853
167.882
167.468
155.196
156.196
157.196
191.196
192.196
193.196
194.196
195.196
225.953
234.196
130.711
118.882
118.468
118.054
117.64
117.225
116.811
116.397
115.983
116.397
116.811
117.225
117.64
123.196
124.196
125.196
126.196
127.196
128.196
133.024
134.024
135.024
136.024
137.024
138.024
139.024
140.024
141.024
136.51
135.51
134.51
133.51
132.51
120.225
120.64
121.054
142.882
232.853
231.853
222.024
205.439
204.439
203.439
202.439
201.439
200.439
166.468
166.054
152.368
152.782
153.782
154.782
194.782
195.782
196.782
197.782
198.782
224.953
233.782
131.297
130.297
115.397
114.983
114.569
114.154
113.74
114.154
114.569
114.983
122.782
141.439
132.096
131.096
130.096
129.681
119.225
142.468
231.439
221.024
205.024
165.054
151.368
198.368
223.953
233.368
130.882
119.368
120.368
121.368
122.368
142.439
142.853
143.853
144.853
145.853
146.853
128.681
118.225
142.054
231.024
230.024
220.024
207.61
206.61
205.61
204.61
182.61
181.61
180.61
179.61
178.61
164.054
163.64
149.953
150.953
197.953
198.953
199.953
222.953
232.953
130.468
117.953
118.953
147.267
148.267
149.267
150.267
151.267
128.267
127.267
126.267
125.267
124.267
116.811
117.225
126.64
127.64
128.64
129.64
130.64
131.64
132.64
133.64
141.64
142.64
229.61
228.61
227.61
226.61
219.61
218.61
217.61
216.61
215.61
214.61
213.61
212.61
211.61
210.61
209.61
208.61
187.024
186.024
185.024
184.024
183.024
178.196
177.196
176.196
175.196
174.196
162.64
162.225
161.811
147.539
148.539
149.539
199.539
200.539
201.539
202.539
203.539
221.539
222.539
232.539
130.054
116.125
116.539
117.539
151.681
152.681
153.681
154.681
155.681
156.681
123.853
122.853
121.853
120.853
119.853
115.397
115.811
123.225
124.225
125.225
126.225
134.054
135.054
143.054
227.024
226.024
225.024
224.024
223.024
222.024
221.024
220.024
219.024
190.439
189.439
188.439
187.439
173.782
172.782
171.782
170.782
160.811
142.64
142.225
141.811
141.397
140.983
145.125
146.125
147.125
203.125
204.125
205.125
206.125
218.125
219.125
220.125
221.125
232.125
129.64
114.711
115.125
157.096
158.096
157.439
156.439
155.439
154.439
153.439
152.439
119.439
118.439
118.024
117.61
117.196
116.782
116.368
115.953
115.539
115.125
114.397
122.811
135.468
136.468
137.468
143.468
144.468
145.468
219.439
218.439
191.853
190.853
170.368
169.368
159.811
142.468
142.054
141.64
139.983
140.397
140.811
141.225
141.64
143.297
143.711
144.711
169.711
170.711
171.711
172.711
173.711
174.711
175.711
176.711
177.711
178.711
179.711
180.711
181.711
182.711
183.711
205.711
206.711
207.711
208.711
209.711
210.711
211.711
212.711
213.711
214.711
215.711
216.711
217.711
231.711
129.225
128.225
113.297
113.711
152.024
151.024
150.024
149.024
148.024
147.024
146.024
114.125
113.711
113.297
112.882
112.468
112.054
111.64
111.225
110.811
110.397
112.983
113.397
121.397
122.397
137.882
145.882
218.853
195.267
194.267
193.267
192.267
168.953
167.953
166.953
165.953
158.811
141.468
140.64
141.054
141.468
141.882
142.297
166.297
167.297
168.297
169.297
184.125
185.125
186.125
187.125
231.125
232.125
127.811
126.811
125.811
112.297
145.61
144.61
143.61
142.61
141.61
140.61
109.397
108.983
108.569
111.154
111.569
111.983
119.983
120.983
138.882
139.297
146.297
219.267
218.267
196.681
195.681
165.539
164.539
157.811
141.297
140.882
140.468
163.882
164.882
165.882
187.539
188.539
189.539
190.539
191.539
231.539
125.397
124.397
123.397
122.397
121.397
120.397
119.397
118.397
117.397
116.397
115.397
114.397
113.397
112.397
111.397
110.397
109.397
108.397
107.983
110.882
111.297
140.196
139.196
138.196
137.196
136.196
107.569
107.154
106.74
110.154
119.569
140.297
146.711
147.711
218.681
217.681
197.096
164.125
156.811
140.297
163.468
191.953
231.953
106.983
109.882
135.782
105.74
106.154
108.74
109.154
119.154
141.297
148.125
149.125
218.096
200.51
199.51
198.51
198.096
163.711
155.811
139.297
137.64
138.054
139.054
140.054
141.054
142.054
143.054
161.054
162.054
163.054
192.953
193.368
194.368
195.368
196.368
232.368
106.569
105.569
105.154
108.882
135.368
134.368
133.368
132.368
131.368
105.154
107.74
118.74
142.297
149.539
218.51
217.51
216.51
201.924
200.924
163.297
162.297
154.811
138.297
136.225
136.64
143.468
144.468
145.468
146.468
160.468
161.468
196.782
197.782
198.782
199.782
200.782
232.782
104.154
107.882
170.61
169.61
168.61
167.61
166.61
130.953
129.953
128.953
127.953
126.953
125.953
104.154
106.326
107.326
116.326
117.326
118.326
143.297
149.953
216.924
215.924
214.924
211.338
206.338
205.338
204.338
203.338
202.338
161.882
160.882
153.811
137.882
134.811
135.225
146.882
147.882
148.882
158.882
159.882
160.882
201.196
202.196
203.196
204.196
205.196
206.196
232.196
233.196
103.154
102.74
106.882
173.196
172.196
171.196
170.196
166.196
165.196
164.196
163.196
162.196
125.539
124.539
123.539
122.539
121.539
120.539
119.539
103.154
103.569
103.912
104.912
105.912
115.912
144.297
150.368
151.368
215.338
214.338
213.338
212.338
211.752
210.752
209.752
208.752
207.752
206.752
160.468
152.811
138.468
137.468
133.811
149.297
150.297
151.297
152.297
153.297
154.297
155.297
156.297
157.297
158.297
159.297
206.61
207.61
208.61
209.61
210.61
232.61
101.74
106.468
173.782
172.782
161.782
160.782
159.782
119.125
118.125
117.125
116.125
115.125
114.125
113.125
112.125
111.125
110.125
102.569
102.498
103.498
115.498
145.297
151.782
152.782
153.782
160.054
151.811
138.054
132.811
211.024
212.024
213.024
214.024
215.024
232.024
233.024
100.74
106.054
173.368
159.368
158.368
157.368
156.368
155.368
109.711
108.711
107.711
106.711
105.711
101.569
101.083
102.083
114.083
115.083
146.297
154.196
155.196
156.196
159.64
150.811
137.64
130.983
131.397
132.397
215.439
216.439
217.439
218.439
229.439
230.439
231.439
232.439
99.7402
105.64
172.953
154.953
153.953
152.953
151.953
150.953
105.297
104.297
100.569
99.6691
100.669
113.669
147.297
156.61
157.61
159.225
149.811
138.225
137.225
129.983
218.853
219.853
220.853
221.853
222.853
223.853
224.853
225.853
226.853
227.853
228.853
229.853
98.7402
105.225
172.539
150.539
149.539
148.539
147.539
146.539
145.539
103.882
102.882
102.468
99.1544
99.5686
97.2549
98.2549
99.2549
112.255
113.255
148.711
148.297
158.024
159.024
160.024
161.024
158.811
148.811
148.397
137.811
128.983
101.326
100.326
99.326
98.326
97.326
96.9117
96.4975
96.0833
95.6691
95.2549
94.8407
94.4264
94.0122
97.7402
104.811
105.811
172.125
171.125
145.125
144.125
143.125
142.125
141.125
140.125
101.468
101.054
98.1544
94.8407
95.8407
96.8407
111.841
149.711
161.439
162.439
163.439
164.439
165.439
158.397
147.397
146.983
138.397
137.397
127.983
102.912
101.912
100.912
93.0122
92.598
92.1838
91.7696
96.326
96.7402
105.397
170.711
139.711
138.711
137.711
136.711
136.297
100.054
97.1544
92.598
93.0122
93.4264
94.4264
111.426
152.125
151.125
150.711
165.853
166.853
167.853
168.853
169.853
157.983
145.983
137.983
126.983
102.498
90.7696
95.326
104.983
170.297
169.297
135.297
99.0539
98.6396
96.1544
91.598
109.012
110.012
111.012
152.539
170.267
158.569
157.569
145.569
144.569
143.569
142.569
141.569
140.569
139.569
138.569
137.569
126.569
125.569
125.154
104.083
103.083
102.083
89.7696
89.3554
88.9412
94.326
104.569
105.569
168.882
167.882
166.882
165.882
134.882
133.882
132.882
131.882
130.882
129.882
97.6396
94.7401
95.1544
89.7696
90.1838
90.598
107.598
108.598
153.539
170.681
171.681
172.681
173.681
174.681
158.154
124.154
103.669
87.9412
87.5269
87.9412
88.3554
92.4975
92.9117
93.326
105.154
106.154
165.468
164.468
163.468
162.468
161.468
129.468
128.468
127.468
126.468
125.468
96.6396
93.7401
86.2843
86.6985
87.1127
87.5269
87.9411
88.3553
88.7696
89.1838
89.598
90.0122
90.4264
87.1127
87.5269
87.9411
88.3554
88.7696
106.184
107.184
154.953
154.539
175.096
176.096
177.096
178.096
179.096
180.096
158.74
157.74
123.74
122.74
104.255
103.255
87.3554
87.7696
88.1838
88.598
89.0122
89.4264
89.8407
90.2549
90.6691
91.0833
91.4975
105.74
106.74
107.74
161.054
160.054
159.054
158.054
157.054
156.054
155.054
154.054
125.054
124.054
123.054
95.6396
92.7401
84.0416
84.4558
84.8701
85.2843
89.4264
90.4264
90.2549
89.8406
89.4264
84.8701
85.2843
85.6985
86.1127
104.77
105.77
156.368
155.953
180.51
181.51
182.51
183.51
184.51
185.51
186.51
187.924
188.924
189.924
190.924
191.924
192.924
193.924
194.924
195.924
196.924
158.326
122.326
121.326
120.326
103.841
107.326
108.326
109.326
153.64
152.64
151.64
150.64
149.64
148.64
147.64
146.64
122.64
121.64
120.64
119.64
118.64
95.6396
94.6396
91.7401
83.4558
83.0416
88.4264
88.0122
87.598
87.1838
83.0416
83.4559
83.8701
102.355
103.355
104.355
158.782
157.782
157.368
186.924
197.338
198.338
199.338
200.338
201.338
202.338
203.338
204.338
157.953
157.912
119.912
118.912
117.912
116.912
103.426
108.912
109.912
110.912
111.912
146.225
145.225
144.225
143.225
142.225
118.225
117.225
116.225
115.225
114.225
95.2254
90.7401
82.8701
82.4558
86.1838
85.7696
81.6274
82.0416
99.9411
100.941
101.941
160.196
159.196
204.752
205.752
206.752
156.125
156.539
156.953
116.498
115.498
114.498
113.498
112.498
111.498
103.012
102.012
111.498
112.498
113.498
114.498
115.498
141.811
140.811
139.811
138.811
113.811
112.811
111.811
110.811
109.811
97.8112
96.8112
95.8112
94.8112
89.7401
82.6985
82.2843
81.8701
84.7696
84.3554
79.3848
79.799
80.2132
80.6274
96.5269
97.5269
98.5269
99.5269
162.61
161.61
160.61
158.953
159.368
159.782
160.196
160.61
161.024
161.439
161.853
162.267
162.681
163.096
163.51
207.167
208.167
154.711
155.125
111.083
110.083
109.083
108.083
107.669
101.598
115.083
116.083
117.083
118.083
138.397
109.397
108.397
107.397
106.397
105.397
104.397
103.397
102.397
101.397
100.397
99.397
98.397
97.397
88.7401
88.3259
82.1127
81.6985
83.3554
82.9411
77.9706
78.3848
96.1127
165.024
164.024
163.024
159.953
164.51
208.581
153.711
143.669
142.669
141.669
140.669
139.669
138.669
137.669
136.669
135.669
134.669
133.669
132.669
106.669
101.184
89.6691
90.6691
91.6691
92.6691
93.6691
94.6691
95.6691
96.6691
117.669
137.983
136.983
135.983
134.983
133.983
87.3259
81.1127
81.9411
76.9706
93.6985
94.6985
95.6985
165.439
159.711
160.125
160.539
160.953
165.51
165.924
166.338
166.752
208.995
209.995
210.995
152.711
147.083
146.083
145.083
144.083
132.255
131.255
130.255
129.255
128.255
106.255
105.255
104.255
103.255
102.255
100.77
99.7696
98.7696
97.7696
90.7696
89.7696
88.7696
87.7696
86.7696
85.7696
84.7696
83.7696
82.7696
81.7696
81.3554
87.2549
88.2549
89.2549
97.0833
98.0833
99.0833
100.083
118.083
119.083
120.083
121.083
122.083
133.569
132.569
131.569
130.569
129.569
86.3259
80.5269
80.1127
80.9411
80.5269
80.1127
74.7279
75.1421
75.5564
75.9706
90.2843
91.2843
92.2843
93.2843
167.853
166.853
165.853
160.297
160.711
167.752
168.167
168.581
211.409
151.297
151.711
148.498
147.498
127.841
126.841
125.841
124.841
101.841
100.841
99.8407
98.1838
97.1838
96.1838
95.1838
94.1838
93.1838
92.1838
91.1838
80.3554
79.9412
85.8407
86.8407
100.498
101.498
102.498
103.498
122.498
123.498
124.498
125.498
126.498
129.154
128.154
127.154
126.154
125.154
85.3259
84.9117
79.9411
79.5269
79.1127
78.6985
84.9117
84.4975
84.0833
83.6691
83.2549
82.8406
73.3137
73.7279
87.8701
88.8701
89.8701
169.267
168.267
161.711
161.297
169.581
169.995
170.409
171.409
211.823
149.468
149.882
150.297
149.912
148.912
124.426
123.426
122.426
99.4264
98.4264
97.4264
96.4264
78.9412
78.5269
83.4264
84.4264
85.4264
103.912
104.912
126.912
127.912
128.912
129.912
124.74
123.74
122.74
121.74
120.74
83.9117
83.4975
83.0833
82.6691
80.1838
79.7696
79.3553
78.9411
77.6985
87.4975
86.4975
85.4975
84.4975
81.8406
81.4264
81.0122
80.598
80.1838
79.7696
73.9706
73.5563
73.1421
72.7279
72.3137
83.4559
84.4559
85.4559
86.4559
87.4559
171.681
170.681
169.681
163.953
163.539
163.125
162.711
171.823
172.823
173.823
174.823
175.823
191.238
212.238
148.468
151.326
150.326
122.012
121.012
120.012
119.012
96.0122
95.0122
94.0122
77.5269
83.0122
105.326
106.326
107.326
108.326
130.326
131.326
132.326
133.326
134.326
120.326
119.326
118.326
117.326
116.326
81.6691
81.2549
80.8406
80.4264
80.0122
79.598
79.1838
76.6985
77.6985
78.6985
79.6985
80.6985
81.6985
82.6985
83.4975
82.4975
76.6985
88.0833
87.0833
78.7696
78.3554
77.9411
77.5269
77.1127
76.6985
76.2843
75.8701
75.4558
75.0416
74.6274
74.2132
73.799
73.3848
72.9706
79.0416
80.0416
81.0416
82.0416
83.0416
173.096
172.096
165.368
164.953
176.238
177.238
178.238
179.238
180.238
181.238
182.238
183.238
184.238
185.238
186.238
187.238
188.238
189.238
190.238
191.652
212.652
147.468
151.74
118.598
117.598
116.598
93.598
92.598
91.598
76.5269
82.598
108.74
109.74
110.74
134.74
135.74
136.74
137.74
115.912
114.912
113.912
112.912
111.912
110.912
74.8701
75.2843
76.2843
82.0833
81.0833
75.6985
76.1127
87.6691
74.6274
75.6274
76.6274
77.6274
78.6274
174.51
173.51
166.782
166.368
192.652
211.066
212.066
213.066
146.054
146.468
154.154
153.154
152.74
116.184
115.184
114.184
113.184
91.1838
90.1838
89.1838
75.5269
82.1838
111.154
112.154
113.154
114.154
138.154
138.953
137.953
136.953
135.953
110.497
109.497
108.497
107.497
106.497
105.497
104.497
103.497
102.497
101.497
100.497
73.8701
80.6691
79.6691
75.1127
87.2549
72.2132
73.2132
74.2132
176.924
175.924
174.924
168.61
168.196
167.782
193.652
194.066
194.48
195.48
196.48
197.48
198.48
211.48
145.054
153.953
112.77
111.77
110.77
88.7696
87.7696
86.7696
85.7696
74.5269
81.7696
114.569
115.569
116.569
135.539
134.539
133.539
132.539
100.083
99.0833
98.0833
97.0833
96.0833
95.0833
94.0833
93.0833
92.0833
91.0833
90.0833
89.0833
72.0416
72.4558
73.4558
79.2549
78.2549
77.8406
74.1127
86.8406
70.3848
70.799
71.799
178.338
177.338
170.439
170.024
169.61
198.895
211.895
144.054
153.539
110.355
85.3554
84.3554
83.9412
73.1127
73.5269
81.3554
116.983
132.125
131.125
130.125
129.125
128.711
88.6691
71.0416
76.8406
73.1127
86.4264
69.3848
179.752
178.752
171.439
199.895
200.309
201.309
202.309
211.309
212.309
143.054
152.125
153.125
109.941
108.941
107.941
106.941
105.941
82.9412
72.1127
80.9412
117.983
118.397
119.397
120.397
121.397
122.397
127.711
88.2549
87.2549
86.2549
85.2549
84.2549
83.2549
70.0416
75.8406
71.6985
72.1127
86.0122
85.0122
67.9706
68.9706
180.167
172.853
172.439
202.723
203.723
204.723
205.723
206.723
207.723
208.723
209.723
210.723
211.723
142.054
151.711
105.527
104.527
103.527
102.527
101.527
82.5269
81.5269
80.5269
79.5269
78.5269
70.6985
71.1127
80.5269
122.811
123.811
124.811
125.811
126.811
127.811
128.811
127.297
126.297
125.297
124.297
123.297
122.297
82.8406
81.8406
80.8406
79.8406
78.8406
69.0416
74.8406
70.6985
84.598
66.5564
67.5564
181.581
180.581
175.096
174.681
174.267
173.853
207.137
208.137
141.054
151.297
101.113
100.113
99.1127
78.1127
77.1127
76.1127
75.1127
74.1127
73.1127
68.4559
68.8701
69.2843
69.6985
80.1127
81.1127
82.1127
129.225
130.225
131.225
132.225
133.225
134.225
121.882
120.882
119.882
118.882
117.882
78.4264
77.4264
76.4264
75.4264
68.0416
73.8406
73.4264
69.6985
84.1838
83.1838
82.1838
81.1838
64.7279
65.1421
66.1421
183.995
182.995
181.995
176.51
176.096
215.723
216.723
139.64
140.054
150.882
98.6985
97.6985
96.6985
95.6985
72.6985
71.6985
70.6985
69.6985
68.6985
68.2843
64.9706
65.3848
65.799
66.2132
66.6274
67.0416
67.4559
81.6985
134.64
135.64
136.64
137.64
138.64
138.468
117.468
116.468
115.468
114.468
75.0122
74.0122
73.0122
67.0416
72.4264
68.6985
80.7696
79.7696
63.7279
186.409
185.409
184.409
177.51
212.309
213.309
214.309
215.309
216.309
217.309
218.309
219.309
138.64
150.468
66.8701
66.4559
66.0417
65.6274
65.2132
64.799
64.3848
63.9706
63.5564
63.1422
62.7279
95.2843
94.2843
67.2843
66.8701
66.4559
66.0416
65.6274
61.4853
61.8995
62.3137
62.7279
63.1421
63.5564
63.9706
81.2843
82.2843
138.054
137.054
136.054
135.054
134.054
114.054
113.054
112.054
111.054
110.054
72.598
71.598
70.598
66.0416
71.4264
67.6985
79.3554
78.3554
77.3554
76.3554
75.3554
74.3554
62.3137
62.7279
188.823
187.823
186.823
178.924
178.51
210.895
211.895
218.895
137.64
149.054
150.054
66.2843
65.8701
61.7279
61.3137
60.8995
93.8701
64.6274
64.2132
63.799
63.3848
62.9706
62.5564
59.2426
59.6569
60.0711
60.4853
81.8701
82.8701
83.8701
133.64
132.64
131.64
130.64
109.64
108.64
107.64
106.64
70.1838
69.1838
65.0416
70.4264
66.6985
73.9411
72.9411
71.9411
70.9411
69.9411
68.9411
61.3137
191.238
190.238
189.238
179.924
209.48
210.48
218.48
219.48
136.225
136.64
148.64
66.8701
65.8701
59.8995
59.4853
59.0711
58.6569
93.4559
92.4559
91.4559
61.5564
61.1421
60.7279
60.3137
59.8995
59.0711
58.6569
58.2426
83.4559
84.4559
85.4559
86.4559
130.225
129.225
128.225
127.225
126.225
106.225
105.225
104.225
103.225
102.225
68.7696
67.7696
64.0416
69.4264
65.6985
68.5269
67.5269
66.5269
66.1127
60.3137
195.652
194.652
193.652
192.652
191.652
180.924
207.652
208.066
209.066
218.066
219.066
94.8112
95.2254
95.6396
96.6396
97.6396
98.6396
99.6396
100.64
101.64
102.64
103.64
135.225
148.225
66.4559
57.6569
57.2426
91.0416
58.8995
58.4853
58.0711
57.6569
58.4853
58.0711
69.0416
70.0416
71.0416
72.0416
73.0416
74.0416
75.0416
86.0416
87.0416
88.0416
89.0416
90.0416
91.0416
92.0416
93.0416
94.0416
125.811
124.811
123.811
122.811
101.811
100.811
99.8112
98.8112
67.3553
66.3553
65.9411
63.0416
68.4264
64.6985
65.1127
64.6985
59.3137
198.066
197.066
196.066
181.924
206.238
206.652
217.652
92.1544
92.5686
92.9828
93.397
93.8112
103.225
133.397
133.811
134.811
147.811
66.0417
56.2426
55.8284
55.4142
90.6274
56.6569
56.2426
56.6569
57.0711
57.4853
57.8995
57.4853
68.6274
75.4559
94.4559
95.4559
96.4559
97.4559
98.4559
99.4559
100.456
122.397
98.397
97.397
96.397
95.397
94.397
93.9828
64.9411
62.0416
67.4264
63.6985
63.2843
63.6985
58.3137
201.48
200.48
199.48
198.48
182.924
204.823
205.238
217.238
90.3259
90.7401
91.1544
102.811
132.397
147.397
65.6274
54.4142
90.2132
89.2132
56.4853
56.8995
65.2132
66.2132
67.2132
68.2132
76.4559
76.8701
77.8701
78.8701
79.8701
100.87
121.983
120.983
119.983
118.983
117.983
92.9828
63.9411
63.5269
61.0416
66.4264
62.2843
63.2843
62.2843
57.3137
201.895
183.924
203.823
216.823
89.3259
102.397
130.983
131.983
144.983
145.983
146.983
65.2132
53.4142
53
53
88.799
55.4853
55.8995
56.3137
55.8995
61.799
62.799
63.799
64.799
80.2843
81.2843
82.2843
83.2843
101.284
102.284
103.284
104.284
105.284
106.284
107.284
117.569
116.569
115.569
92.5686
91.5686
90.5686
89.5686
88.5686
87.5686
86.5686
85.5686
84.5686
62.5269
62.1127
60.0416
65.4264
61.2843
61.8701
60.8701
60.4558
56.3137
205.309
204.309
203.309
202.309
184.924
202.409
203.409
215.409
216.409
87.9117
88.3259
101.983
102.569
103.569
104.569
105.569
106.569
129.569
130.569
144.569
64.799
63.799
52
52
88.3848
71.3848
70.3848
69.3848
68.3848
67.3848
66.3848
65.3848
64.3848
63.3848
62.3848
61.3848
54.8995
54.8995
56.1421
55.7279
55.3137
58.3848
59.3848
60.3848
61.3848
83.6985
84.6985
107.699
108.699
109.699
110.699
111.699
112.699
113.699
114.699
115.699
115.154
114.154
113.154
112.154
84.1544
83.1544
82.1544
81.1544
80.1544
79.1544
78.1544
77.1544
76.1544
61.1127
59.0416
58.6274
58.2132
64.4264
60.2843
59.4558
55.3137
206.723
205.723
185.924
186.338
199.995
200.995
201.995
212.995
213.995
214.995
86.4975
86.9117
101.569
106.154
107.154
108.154
109.154
110.154
111.154
128.154
129.154
144.154
63.3848
62.3848
51
51
88.799
74.799
73.799
72.799
71.799
60.9706
59.9706
58.9706
57.9706
56.9706
53.8995
53.4853
55.5563
55.1421
56.9706
57.9706
85.1127
86.1127
116.113
117.113
118.113
119.113
120.113
121.113
111.74
110.74
109.74
75.7401
74.7401
73.7401
60.1127
59.6985
57.2132
63.4264
59.2843
58.4558
58.0416
54.3137
208.137
207.137
187.338
187.752
188.752
197.581
198.581
199.581
211.581
212.581
85.0833
85.4975
110.74
111.74
112.74
113.74
114.74
115.74
116.74
117.74
123.74
124.74
125.74
126.74
127.74
142.74
143.74
61.9706
60.9706
59.9706
50
89.2132
76.2132
75.2132
56.5564
55.5564
52.4853
52.0711
51.6569
54.5563
54.5564
55.5564
56.5564
86.5269
87.5269
88.5269
121.527
122.527
123.527
124.527
125.527
126.527
109.326
108.326
107.326
106.326
73.3259
72.3259
71.3259
70.3259
58.6985
56.2132
62.4264
58.2843
57.8701
57.4558
57.0416
53.3137
208.551
189.167
190.167
191.167
192.167
193.167
194.167
195.167
196.167
197.167
210.167
211.167
84.0833
117.326
118.326
119.326
120.326
121.326
122.326
123.326
142.326
59.5564
58.5564
57.5564
56.5564
49
49.4142
49.8284
89.6274
76.6274
55.1421
54.1421
50.6569
53.9706
53.5563
52.7279
53.1421
54.1421
88.9412
89.9412
126.941
127.941
128.941
129.941
130.941
105.912
104.912
103.912
69.9117
68.9117
67.9117
57.6985
55.2132
54.799
61.4264
56.4558
56.0416
52.3137
209.966
208.966
209.581
210.581
82.2549
82.6691
83.0833
100.912
140.912
141.912
56.1422
55.1422
54.1422
53.1422
48.8284
49.2426
90.0416
78.0416
77.6274
53.7279
52.7279
51.7279
51.3137
49.6569
49.2426
52.9706
51.3137
51.7279
90.3554
91.3554
92.3554
93.3554
131.355
132.355
133.355
134.355
103.497
102.497
101.497
100.497
99.4975
67.4975
66.4975
65.4975
56.6985
53.799
60.4264
60.0122
55.4558
55.0416
51.3137
210.38
197.38
196.966
196.551
196.137
195.723
195.309
194.895
194.48
194.066
206.995
207.995
208.995
209.995
81.2549
95.9117
96.9117
97.9117
98.9117
99.9117
101.326
141.326
52.7279
48.2426
90.4559
79.0416
50.3137
48.2426
51.9706
50.3137
93.7696
134.77
135.77
136.77
137.77
99.0833
65.0833
64.0833
63.6691
56.1127
55.6985
52.799
52.3848
59.0122
54.4558
54.0416
54.0416
50.3137
210.794
198.38
195.066
207.409
79.8406
80.2549
95.4975
102.326
140.74
141.74
52.3137
51.3137
50.3137
49.3137
47.2426
90.8701
80.8701
80.4559
80.0416
49.3137
48.8995
47.2426
50.9706
48.8995
49.3137
94.7696
95.1838
96.1838
138.184
98.6691
97.6691
96.6691
95.6691
94.6691
62.6691
55.1127
51.3848
58.0122
53.0416
53.0416
49.3137
211.208
200.208
199.794
199.38
196.066
195.652
195.238
194.823
206.823
207.823
78.8406
91.0833
92.0833
93.0833
94.0833
95.0833
103.326
139.154
140.154
141.154
48.8995
47.8995
46.2426
91.2843
81.8701
47.8995
46.2426
50.799
50.3848
49.9706
47.8995
96.598
97.598
98.598
99.598
138.598
139.598
140.598
141.598
94.2549
93.2549
92.2549
91.2549
90.2549
89.2549
88.2549
62.2549
61.2549
60.2549
54.1127
50.3848
57.0122
52.0416
52.0416
48.3137
211.622
201.622
201.208
195.823
195.409
194.995
205.238
206.238
207.238
77.8406
89.6691
90.6691
104.326
138.569
139.569
47.4853
46.4853
46.0711
45.2426
45.6569
91.6985
90.6985
83.2843
82.8701
46.8995
46.4853
45.2426
49.799
46.0711
46.4853
47.4853
100.012
101.012
102.012
103.012
104.012
105.012
106.012
107.012
108.012
109.012
110.012
111.012
112.012
113.012
114.012
115.012
116.012
142.012
143.012
144.012
145.012
146.012
87.8406
86.8406
85.8406
84.8406
83.8406
82.8406
81.8406
80.8406
59.8406
58.8406
57.8406
53.5269
53.1127
49.3848
48.9706
48.5563
56.0122
55.598
51.0416
50.6274
51.0416
47.3137
212.037
202.622
195.995
195.581
195.167
203.652
204.652
205.652
76.4264
76.8406
88.2549
89.2549
105.326
137.983
138.983
45.0711
44.6569
91.1127
90.1127
85.1127
84.6985
84.2843
45.4853
45.0711
44.2426
48.799
45.0711
116.426
117.426
118.426
119.426
120.426
121.426
122.426
123.426
124.426
125.426
146.426
147.426
148.426
149.426
150.426
151.426
80.4264
79.4264
78.4264
77.4264
76.4264
75.4264
57.4264
56.4264
55.4264
55.0122
54.598
54.1838
53.7696
53.3554
52.9411
52.5269
47.5563
54.598
49.6274
50.0416
49.6274
46.3137
45.8995
214.451
213.451
212.451
203.622
196.167
195.752
195.338
194.924
195.338
201.066
202.066
203.066
204.066
75.4264
86.8406
87.8406
106.326
106.74
107.154
107.569
107.983
108.397
109.397
136.397
137.397
138.397
44.4853
44.8995
45.3137
45.7279
46.1421
44.6569
43.6569
43.2426
43.6569
90.5269
89.5269
88.5269
87.5269
86.5269
86.1127
44.0711
43.2426
47.799
43.6569
44.0711
94.8406
93.8406
92.8406
91.8406
90.8406
89.8406
88.8406
87.8406
125.841
126.841
127.841
128.841
129.841
151.841
152.841
153.841
154.841
155.841
156.841
75.0122
74.0122
73.0122
72.0122
71.0122
46.5563
46.9706
53.598
48.6274
48.2132
48.6274
44.8995
214.865
205.037
204.622
196.338
196.752
197.167
197.581
197.995
198.409
198.823
199.238
199.652
200.066
200.48
201.48
73.598
74.0122
74.4264
84.4264
85.4264
86.4264
109.811
110.811
111.811
112.811
113.811
114.811
115.811
116.811
117.811
134.811
135.811
136.811
42.2426
42.6569
43.0711
43.4853
45.1421
45.5563
45.9706
46.3848
46.799
42.2426
41.8284
42.6569
43.0711
43.0711
42.2426
46.799
42.6569
96.4264
95.4264
94.4264
87.4264
86.4264
85.4264
84.4264
130.255
131.255
132.255
133.255
134.255
157.255
158.255
159.255
160.255
70.598
69.598
68.598
45.9706
53.1838
52.1838
51.7696
47.2132
46.799
46.3848
47.6274
43.8995
215.279
214.279
213.279
206.037
72.1838
72.598
83.0122
84.0122
118.225
119.225
120.225
121.225
122.225
123.225
131.225
132.225
133.225
134.225
135.225
40.4142
40.8284
41.2426
45.799
46.2132
46.6274
40.8284
42.0711
42.6569
41.6569
41.2426
41.2426
45.799
41.6569
97.0122
96.0122
84.0122
83.0122
82.0122
81.0122
134.669
135.669
136.669
160.669
161.669
68.1838
67.1838
66.1838
65.1838
64.1838
44.9706
50.7696
45.3848
44.9706
44.5563
46.6274
42.8995
213.694
207.037
70.7696
71.1838
82.598
123.64
124.64
125.64
126.64
127.64
128.64
129.64
130.64
131.64
39
39.4142
45.6274
46.0416
46.4559
39.8284
39.4142
41.0711
40.2426
40.2426
44.799
40.2426
40.6569
96.598
80.598
79.598
137.083
138.083
139.083
140.083
162.083
163.083
63.7696
62.7696
61.7696
60.7696
43.9706
50.3554
49.3554
43.5563
43.1421
45.6274
41.8995
41.4853
41.0711
214.108
208.037
69.7696
81.1838
82.1838
38
38
45.4559
45.8701
38.4142
40.0711
40.4853
40.8995
39.2426
39.2426
43.799
39.2426
96.1838
79.1838
78.1838
77.7696
140.498
163.498
164.498
60.3554
42.9706
48.9411
42.1421
41.7279
41.3137
44.6274
40.0711
214.522
209.037
68.3553
68.7696
80.7696
37
45.4559
37.4142
39.8995
38.2426
38.2426
43.3848
42.3848
41.9706
38.2426
95.7696
76.7696
141.498
141.912
142.912
164.912
59.9411
58.9411
57.9411
41.9706
48.5269
40.3137
43.6274
39.0711
214.936
210.037
67.3553
80.3553
36
45.0416
36.4142
38.8995
37.2426
37.2426
40.9706
37.2426
95.3553
76.3553
75.3553
74.3553
73.3553
143.326
144.326
145.326
146.326
165.326
57.5269
56.5269
55.5269
54.5269
40.9706
48.1127
47.1127
39.3137
38.8995
42.6274
42.2132
38.0711
215.35
214.35
211.037
64.9411
65.9411
66.9411
77.9411
78.9411
79.9411
43.2132
42.799
42.3848
35
35
35
44.6274
45.6274
46.6274
35.4142
35
37.8995
38.3137
36.2426
36.2426
39.9706
36.2426
94.9411
93.9411
72.9411
71.9411
70.9411
69.9411
146.74
147.74
165.74
166.74
167.74
54.1127
53.1127
52.1127
51.1127
50.1127
39.9706
46.6985
45.6985
37.8995
37.4853
41.2132
37.0711
36.6569
215.35
212.037
62.5269
63.5269
64.5269
76.5269
77.5269
42.6274
42.2132
41.3848
34
46.2132
34
37.3137
35.2426
35.2426
38.9706
38.5563
35.2426
93.5269
69.5269
68.5269
67.5269
148.154
149.154
150.154
151.154
166.154
49.6985
48.6985
47.6985
38.5563
38.9706
45.2843
36.4853
36.0711
35.6569
40.2132
35.6569
216.35
215.936
213.451
213.037
61.1127
62.1127
76.1127
43.2132
42.2132
40.3848
33
33
45.799
33
36.3137
36.7279
34.2426
34.2426
33.8284
37.5563
34.2426
33.8284
93.1127
92.1127
91.1127
90.1127
67.1127
66.1127
65.1127
64.1127
63.1127
62.1127
151.569
152.569
166.569
47.2843
46.2843
45.2843
44.2843
43.2843
37.5563
44.8701
43.8701
42.8701
34.6569
34.2426
39.2132
34.6569
216.936
216.522
216.108
215.694
215.279
214.865
214.451
58.6985
59.6985
60.6985
74.6985
75.6985
42.799
39.3848
32
43.3848
44.3848
45.3848
32
35.7279
36.1421
32.4142
32.8284
33.2426
32.8284
36.5563
32.8284
89.6985
88.6985
87.6985
61.6985
60.6985
59.6985
58.6985
57.6985
56.6985
55.6985
54.6985
53.6985
52.6985
51.6985
50.6985
49.6985
48.6985
47.6985
46.6985
45.6985
44.6985
43.6985
42.6985
41.6985
40.6985
152.983
153.983
154.983
155.983
165.983
166.983
33.2426
33.6569
34.0711
34.4853
34.8995
35.3137
35.7279
35.7279
35.3137
34.8995
34.4853
42.8701
41.8701
40.8701
39.8701
36.5563
42.4558
41.4558
33.2426
32.8284
38.799
37.799
37.3848
33.6569
33.2426
36.1421
36.5563
36.9706
37.3848
37.799
38.2132
38.6274
56.2843
57.2843
58.2843
74.2843
42.3848
38.3848
36.9706
35.9706
35.5563
35.1421
31
31
42.9706
31
35.1421
35.5563
35.9706
36.3848
31.4142
31.8284
35.5563
35.1421
31.8284
87.2843
86.2843
85.2843
84.2843
83.2843
40.2843
39.2843
38.8701
38.4558
38.0416
37.6274
156.397
157.397
158.397
159.397
160.397
164.397
165.397
166.397
31
31.4142
31.8284
32.2426
33.4853
33.0711
32.6569
32.2426
39.4558
38.4558
38.0416
35.5563
41.0416
40.0416
31.8284
31.4142
36.3848
32.2426
33.4853
33.8995
34.3137
34.7279
35.1421
37.6274
38.0416
38.4558
38.8701
39.8701
40.8701
41.8701
42.8701
50.8701
51.8701
52.8701
53.8701
54.8701
55.8701
72.8701
73.8701
41.9706
37.9706
34.1421
33.7279
33.3137
32.8995
32.4853
32.0711
31.6569
30
42.5563
30
35.3848
35.3848
34.9706
34.5563
30.4142
30.8284
30.4142
34.1421
30.8284
30.4142
82.8701
36.6274
36.2132
35.799
160.811
164.811
30
30
30
31.2426
30.8284
30.4142
37.0416
34.5563
39.6274
30.4142
30
30
35.3848
31.2426
30.8284
30.4142
31.6569
32.0711
32.4853
42.4558
43.4558
44.4558
45.4558
46.4558
47.4558
48.4558
49.4558
50.4558
72.4558
41.5563
30.6569
29
40.1421
41.1421
42.1421
29
33.5563
29.4142
29.4142
33.1421
29.4142
82.4558
81.4558
80.4558
79.4558
78.4558
34.799
161.811
162.225
163.225
164.225
165.225
29
29.4142
36.6274
35.6274
33.5563
39.2132
38.2132
37.2132
29
34.3848
29.4142
30.6569
72.0416
41.1421
40.1421
39.1421
35.7279
29.6569
29.2426
28.8284
28.4142
28
28
28
28
28
28
28
28
36.7279
37.7279
38.7279
39.7279
28
32.5563
32.1421
31.7279
31.3137
30.8995
30.4853
28
28.4142
28.4142
32.7279
31.7279
31.3137
28.4142
78.0416
77.0416
76.0416
75.0416
74.0416
33.799
33.3848
32.9706
32.5563
32.1421
28
28
28
28.4142
28
28
28
35.2132
34.2132
33.799
32.5563
36.799
35.799
28
28
33.3848
28.4142
28.8284
29.2426
29.6569
69.6274
70.6274
71.6274
38.7279
37.7279
36.7279
35.3137
27
27
27
27.4142
27.8284
27
27
31.3137
32.3137
33.3137
34.3137
35.3137
36.3137
27
29.4853
29.0711
28.6569
28.2426
27.8284
27.4142
27
27.4142
27
27
30.3137
27.4142
27
27
73.6274
72.6274
71.6274
31.1421
30.7279
30.3137
29.8995
27
27
27
27
32.799
31.5563
31.1421
35.3848
34.3848
27
27
32.3848
31.9706
27.4142
27
27.4142
27.8284
68.2132
69.2132
34.8995
26.8284
27.2426
27.6569
26
29.8995
30.8995
26
26.4142
26
26
26
26
26
26
26
29.3137
28.8995
26
26
71.2132
70.2132
69.2132
68.2132
67.2132
28.8995
28.4853
28.0711
27.6569
26
26
26
26
26
31.799
30.1421
29.7279
29.3137
33.9706
32.9706
26
30.9706
26
26
26.4142
66.799
67.799
34.4853
26.6569
27.0711
25
27.0711
27.4853
28.4853
29.4853
25
25
25
25
25
25
27.8995
25
25
66.799
65.799
64.799
63.799
26.6569
26.2426
25.8284
25.4142
25
25
25
25
31.6274
31.2132
30.799
28.3137
27.8995
27.4853
32.5563
31.5563
30.5563
29.5563
25
25
25
29.9706
29.5563
25
25
64.3848
65.3848
66.3848
34.0711
33.0711
32.0711
31.0711
30.0711
29.0711
28.0711
27.0711
26.0711
26.0711
24
24
24
26.0711
24
24
24
24
24
24
26.8995
26.4853
24
24
24
63.3848
62.3848
61.3848
60.3848
59.3848
58.3848
24.4142
24
24
24
24
24
24
24
31.2132
26.4853
26.0711
25.6569
29.1421
28.1421
24
24
28.5563
24
24
24
24
62.9706
63.9706
25.6569
24.6569
24.2426
25.0711
23
24.6569
25.0711
23
23
23
23
23
23
23
23
23
25.4853
23
23
23
57.9706
56.9706
55.9706
54.9706
53.9706
52.9706
51.9706
50.9706
49.9706
48.9706
47.9706
46.9706
45.9706
44.9706
43.9706
42.9706
41.9706
40.9706
39.9706
38.9706
23
23
23
23
23
31.799
30.799
24.6569
24.2426
23.8284
23.4142
27.7279
26.7279
23
28.1421
27.1421
26.7279
23
23
58.5563
59.5563
60.5563
61.5563
62.5563
23.2426
24.0711
22
23.6569
22
22
22
22
24.4853
24.0711
22
22
22
22
38.5563
37.5563
36.5563
35.5563
34.5563
33.5563
32.5563
22
22
22
22
22
25.3137
26.3137
27.3137
27.0711
26.0711
25.0711
24.0711
22
22
22
31.3848
22.4142
22
26.3137
25.3137
24.8995
22
22
25.7279
22
22
37.1421
38.1421
39.1421
40.1421
41.1421
42.1421
43.1421
44.1421
45.1421
46.1421
47.1421
48.1421
49.1421
50.1421
51.1421
52.1421
53.1421
54.1421
55.1421
56.1421
57.1421
58.1421
22.2426
23.0711
21
21
22.6569
21
21
21
21
21
21
21
21
21
23.0711
21
21.4142
21.8284
22.2426
22.6569
32.1421
21
21
21
24.8995
23.6569
21
21
31.9706
30.9706
21
21
21
21
23.8995
21
24.7279
21
21
21
21
21
36.7279
25.1421
24.7279
24.3137
23.8995
23.4853
23.0711
22.6569
22.2426
21.8284
21.4142
21
21
21.2426
20.8284
22.0711
20
21.2426
21.6569
20
20
20
20
22.0711
21.6569
31.7279
30.7279
29.7279
28.7279
27.7279
20
20
22.4853
23.4853
24.4853
23.2426
22.2426
21.2426
20.8284
20
31.5563
20
23.4853
22.4853
20
23.7279
23.3137
20
20
28.3137
29.3137
30.3137
31.3137
32.3137
33.3137
34.3137
35.3137
36.3137
24.1421
20
19.8284
21.0711
19
20.2426
19
22.8995
23.8995
24.8995
25.8995
26.8995
27.8995
27.8995
26.8995
25.8995
24.8995
23.8995
22.8995
19
19
19
21.6569
20.6569
20.2426
20.6569
21.0711
21.4853
21.8995
27.3137
26.3137
25.3137
24.3137
23.3137
19
19
19
19
20.6569
21.0711
22.0711
19.8284
19.4142
19
31.1421
19
19
22.0711
21.0711
19
19
22.3137
21.8995
19
19
23.8995
24.8995
25.8995
26.8995
27.8995
24.1421
23.1421
19
19
19
19
19
19
19
19.4142
18.4142
18
19.6569
20.0711
18
19.2426
18
18
20.0711
20.4853
21.4853
22.4853
22.4853
21.4853
18
18
18
19.6569
20.0711
21.0711
22.0711
22.6569
21.6569
20.6569
19.6569
19.2426
18
18
19.2426
20.8995
21.3137
21.3137
20.8995
20.4853
22.8995
21.8995
18
18
18
19.2426
19.6569
18.4142
18
18
30.7279
18
18
20.6569
19.6569
19.2426
18
20.8995
18
18
18
18
18
21.4853
22.4853
23.4853
24.7279
23.7279
18
17
18.6569
17
17.8284
18.2426
17
18.6569
19.0711
21.0711
20.0711
19.0711
17
17.4142
17
18.2426
18.6569
18.2426
17.8284
17
18.2426
17.8284
19.4853
19.0711
18.6569
18.2426
17.8284
17.4142
21.4853
20.4853
19.4853
17
17
17.8284
18.2426
17.4142
17
17
30.3137
17
17
17
17
18.2426
17.8284
17
20.4853
19.4853
17
17
19.0711
20.0711
21.0711
24.3137
17
16
16.8284
17.2426
18.2426
16
16.8284
16
16
17.2426
17.6569
18.6569
17.6569
16.4142
16
16
16.8284
17.2426
16.8284
16.4142
16
16
16.8284
16.4142
16
16
16
16
19.0711
18.0711
17.6569
16
16
16
16
16.8284
16
16
29.8995
28.8995
16
16
16.8284
16.4142
16
16
16
19.0711
18.0711
17.6569
16
16
16
16
17.2426
17.6569
18.6569
23.8995
16
15
15
15
15.4142
15.8284
15
15.8284
15
15
15
16.2426
17.2426
16.2426
15.4142
15
15.8284
15.4142
15
15.8284
15.4142
18.4853
19.4853
19.4853
18.4853
17.4853
15
15
15
15
16.6569
15
15
15
15.8284
15
15
15
28.4853
15
15
15.4142
15
16.6569
16.2426
15
15
15
15
15
15
15
15
15
15
16.2426
23.4853
22.4853
15
14
14.4142
14
14
14.8284
14
14
14
14.8284
15.2426
15.8284
14.8284
14.4142
14.4142
14
14
14
14.8284
14.4142
14
14.4142
15.6569
16.0711
17.0711
18.0711
17.0711
16.0711
15.6569
14
14
14
15.6569
15.2426
14
14
14
14.4142
15.4142
14
14
28.0711
27.0711
26.0711
25.0711
14
14
14
14.4142
14
14
15.2426
14.8284
14
14
14
14.4142
14.8284
15.8284
22.0711
21.0711
14
13
13
13.4142
13
13.8284
13
13
13
13
13
13
13
13
13
13
13.8284
13.4142
13.4142
13
13.8284
13.4142
13
13.4142
14.6569
14.6569
13
13
13
13
13
14.2426
13
13
13
13
13
24.6569
13
13
13
13
13
13.8284
13.4142
20.6569
13
12
12.4142
12
12.8284
12
12.8284
12.4142
12.4142
12
12.8284
12.4142
12
12
12.4142
12.8284
13.2426
14.2426
14.2426
13.2426
12.8284
12
13.8284
12.8284
12.4142
12
12
12
12
12
24.2426
23.2426
22.2426
21.2426
20.2426
19.2426
18.2426
17.2426
16.2426
15.2426
14.2426
12
12
12
12.8284
12
12.4142
20.2426
19.2426
18.2426
17.2426
12
11
11
11
11.4142
11
11.8284
11
11
11
11
11
11.8284
11.4142
11
11.4142
11
11
11.4142
12.4142
11
11
11.4142
11.4142
11.8284
11.8284
11.4142
11
11
11
11
11
11
11
11
11
11
11
11
11
11
11
11
11
11
11
11
11
11
11
11
11
11
11
11.4142
11
11
11
11
11
13.8284
12.8284
11.8284
11.4142
11
11
11
11
12.4142
11.4142
11
11
11
11
11
11
11
11
11
11
11
11
11
11
11
11
11
11
11
11
11
16.8284
15.8284
14.8284
13.8284
12.8284
11.8284
11
10
10
10
10
10
10
10.8284
10
10
10.8284
10
10.4142
10
10
10
10
10
10.4142
10
10
10.4142
10.4142
10
10
10
10.4142
10
10
10
10
10
10
10
10.4142
10
10
10
10
10
10
10
10
10
10
10
10
11.4142
10.4142
10
10
9
9
9
9
9
9.82843
9
9
9
9.82843
9
9
9.41421
9
9
9
9
9
9
9
9
9
9
9
9
9
9
9
9
9
9
9
9
9
9
9
9
9
9
9
9
9
8
8
8
8
8
8
8
8
8.41421
9.41421
8
8
8.41421
9.41421
8
8
8
8
8
8
8
8
8
8
8
8
8
8
8
8
8
8
8
8
8
8
8
8
8
8
8
7
7
7
7
7
7
7
7
7
7
7
7
7
7
7
7
7
7
7
7
7
7
7
7
7
7
7
7
7
7
7
6
6
6
6
6
6
6
6
6
6
6
6
6
6
6
6
6
6
6
6
6
6
6
6
6
6
6
6
6
6
6
6
6
6
6
6
6
6
6
6
6
6
6
6
6
6
6
6
6
6
6
6
6
6
6
6
6
6
6
6
6
6
6
6
6
6
6
6
6
6
6
6
6
6
6
6
6
6
6
6
6
6
6
6
6
6
6
6
6
6
6
6
6
6
6
6
6
6
6
6
6
6
6
6
6
6
6
6
6
6
6
6
6
6
6
6
6
6
6
6
6
6
6
6
6
6
6
6
6
6
6
6
6
6
6
6
6
6
6
6
6
6
6
6
6
6
6
6
6
6
6
6
6
6
6
6
6
6
6
6
6
6
6
6
6
6
6
6
6
6
6
6
6
6
6
6
6
6
6
6
6
6
6
6
6
6
6
6
6
6
6
6
6
6
6
6
6
6
6
6
6
6
6
6
6
6
6
6
6
6
6
6
6
6
6
6
6
6
6
6
6
6
6
6
6
6
6
6
6
6
6
6
6
6
6
6
6
6
6
6
6
6
6
6
6
6
6
6
6
6
6
6
6
6
6
6
6
6
6
6
6
6
6
6
6
6
6
6
6
6
6
6
6
6
6
6
6
6
6
