6
6
6
6
6
6
6
6
6
6
6
6
6
6
6
6
6
6
6
6
6
6
6
6
6
6
6
6
6
6
6
6
6
6
6
6
6
6
6
6
6
6
6
6
6
6
6
6
6
6
6
6
6
6
6
6
6
6
6
6
6
6
6
6
6
6
6
6
6
6
6
6
6
6
6
6
6
6
6
6
6
6
6
6
6
6
6
6
6
6
6
6
6
6
6
6
6
6
6
6
6
6
6
6
6
6
6
6
6
6
6
6
6
6
6
6
6
6
6
6
6
6
6
6
6
6
6
6
6
6
6
6
6
6
6
6
6
6
6
6
6
6
6
6
6
6
6
6
6
6
6
6
6
6
6
6
6
6
6
6
6
6
6
6
6
6
6
6
6
6
6
6
6
6
6
6
6
6
6
6
6
6
6
6
6
6
6
6
6
6
6
6
6
6
6
6
6
6
6
6
6
6
6
6
6
6
6
6
6
6
7
7
7
7
7
7
7
7
7
7
7
7
7
7
7
8
8
8
8
8
8
8
8
8
8
8
8
8
8
9
9
9
9
9
9
9
9
9
9
9
9
9
9
10
10
10
10
10
10
10
10
10
10
10
10
10
10
10
10
10
11
11
11
11
11
11
11
11
11
11
11
11
11
11
11
12
12
12
12
12
12
12
12
12
12
12
12
12
12
13
13
13
13
13
13
13
13
13
13
13
13
13
13
14
14
14
14
14
14.4142
14
14
14
14
14
14
14
14
14
14
15
15
15.4142
15
15
15.4142
15
15
15
15
15
15
15
15
15
16
16
16.4142
16
16.4142
16
16
16
16
16
16
16
16
16
16
17
17
17
17.4142
17
17
17.4142
17
17
17
17
17
17
17
17
17
17
17
18
18
18.4142
18
18.4142
18
18
18
18
18
18
18
18
18
18
18
19
19
19.4142
19
19.4142
19
19
19
19
19
19
19
19
19
20
20
20.4142
20
20.4142
20
20
20
20
20
20
20
20
20
21
21
21
21
21.4142
21
21
21
21.4142
21
21
21
21
21
21
21
21
21
21
21
21
21
21
21
21
21
21
21
21
21
21
21
21
21
21
21
21
21
21
21
21
21
21
21
21
21
21
21
21
21
21
21
21
21
21
21
21
21
21
21
21
21
21
21
21
21
21
21
22
22
22.4142
22
22.4142
22
22
22
22
22
22
22
22
22
22
22
22
22
22
22
22
22
22
22
22
22
22
22
22
22
22
22
22
22
22
22
22
22
22
23
23
23
23.4142
23
23.4142
23
23
23
23
23
23
23
23
23
23
23
23
23
23
23
25.4142
24.4142
24
24
25.8284
24.8284
24.4142
24
24
24.4142
24
24
24
24
24
24
24.4142
24
24
24
24
24
24
25.8284
25
25
26.2426
25
25.4142
25
25
25
25
25
25.4142
25
25
25
25
25
25
26.8284
26
27.2426
26
26
26.4142
26
26
26
26
26
26.4142
26
26
26
26
27.8284
27
27
28.2426
27
28.8284
27.8284
27.4142
27
27
27
27
27
27
27
27
27
27
27.4142
27
27
27
27
28.8284
28
29.2426
28
28
28
29.2426
28
28
28
28
28
28.4142
28.8284
28.4142
28
28
28
28
28
28
28
29.8284
29
30.6569
30.2426
29
30.2426
29
29
29
29
29.4142
29.8284
29
29
29
30.8284
30
30
30
31.6569
30
31.2426
30
30
30
30
30.4142
30.8284
30
30
30
30
32.2426
31.8284
31
32.6569
31
31
32.2426
31
31
31
31
31
31
31.4142
31.8284
31
31
31
31
33.2426
32
33.6569
32
33.2426
32
32
32
32
32
32.4142
32.8284
34.2426
33.2426
32.8284
32
32
32
34.2426
33
33
34.6569
33
33
34.2426
33
33
33
33
33
33.8284
34.6569
33
33
33
33
33
33
35.6569
35.2426
34
36.0711
35.6569
34
34
35.2426
34
34
34
34
34.8284
35.2426
36.0711
35.6569
34
34
34
34
36.6569
35
37.0711
35
36.6569
36.2426
35
35
35
35
35
35
35
36.2426
37.4853
37.0711
35
35
35
35
38.0711
37.6569
36
38.0711
36
36
36
37.6569
36
36
36
36
36
37.2426
37.6569
38.6569
39.8995
38.8995
38.4853
36
36
36
36
36
40.4853
39.4853
39.0711
37
39.4853
39.0711
37
38.6569
37
37
37
37
39.0711
40.0711
41.3137
40.3137
37
37
37
40.8995
38
40.4853
38
38
39.6569
38
38
38
38
40.4853
41.7279
38
38
38
38
38
38
42.3137
41.8995
39
41.4853
39
39
40.6569
39
39
39
39
39
39
41.4853
41.8995
43.1421
42.7279
39
39
39
43.7279
43.3137
40
43.8995
42.8995
42.4853
40
41.6569
40
40
40
40
40
42.8995
43.3137
44.3137
45.3137
46.5564
45.5564
44.5564
44.1421
40
40
40
40
40
40
46.1421
45.1421
44.7279
41
44.3137
41
41
42.6569
41
41
41
41
41
45.7279
46.7279
47.7279
48.7279
49.7279
50.9706
49.9706
48.9706
47.9706
46.9706
41
41
41
47.5564
46.5564
42
45.7279
45.3137
42
42
42
43.6569
42
42
42
42
50.1421
51.1421
52.1421
52.3848
51.3848
42
42
42
42
42
51.9706
50.9706
49.9706
48.9706
47.9706
43
46.7279
43
45.0711
44.6569
43
43
43
43
43
43
43
58.3848
57.3848
56.3848
55.3848
54.3848
53.3848
52.3848
44
48.1421
47.7279
44
44
46.0711
44
44
44
44
44
44
44
44
44
44
58.799
45
45.4142
50.5564
49.5564
49.1421
45
45
47.0711
45
45
45
45
45
45
45
45
45
59.2132
46.4142
51.9706
50.9706
46
48.0711
46
47.4142
46.4142
46
46
46
46
46
46
59.6274
47.4142
52.3848
47
49.0711
47
47
47.8284
47
47
47
47
47
47
47
47
47
60.0417
48.4142
48.8284
49.8284
53.799
53.3848
48
48
48
50.0711
48
48.8284
48
48
48
48
48
91.0417
90.0417
89.0417
88.0417
87.0417
86.0417
85.0417
84.0417
83.0417
82.0417
81.0417
80.0417
79.0417
78.0417
77.0417
76.0417
75.0417
74.0417
73.0417
72.0417
71.0417
70.0417
69.0417
68.0417
67.0417
66.0417
65.0417
64.0417
63.0417
62.0417
61.0417
50.2426
51.2426
55.2132
54.799
49
51.4853
51.0711
49
49.8284
49
49
49
49
49
49
98.4559
97.4559
96.4559
95.4559
94.4559
93.4559
92.4559
91.4559
51.6569
52.6569
57.6274
56.6274
56.2132
50
50
52.4853
50
50.8284
50
50
50
50
50
50
50
102.87
101.87
100.87
99.8701
98.8701
53.0711
54.0711
59.0416
58.0416
51
53.4853
51
51
51
51.8284
51
51.4142
51
51
51
51
51
51
107.284
106.284
105.284
104.284
103.284
54.4853
55.4853
56.4853
61.4559
60.4559
59.4559
52
52
54.4853
52
52.8284
52
52.4142
52
52
52
52
108.699
107.699
56.8995
57.8995
58.8995
64.8701
63.8701
62.8701
61.8701
53
55.4853
53
53.8284
53
53.4142
53.4142
53
53
53
53
53
112.113
111.113
110.113
109.113
59.3137
60.3137
61.3137
62.3137
63.3137
64.3137
65.3137
66.3137
67.3137
68.3137
69.2843
68.2843
67.2843
66.2843
65.2843
54
57.8995
56.8995
56.4853
54
54.8284
54.4142
54.4142
54
55.4142
54.4142
54
54
113.527
112.527
55
58.3137
55
55.8284
55.4142
55.4142
55
55
55
55.8284
55
113.941
56
59.3137
56
57.2426
56.8284
56.4142
56.8284
56.4142
56
56
56.8284
56
115.355
114.355
57
57
60.3137
57
58.2426
57.4142
57.8284
57
57
57
57.8284
57
57
118.77
117.77
116.77
115.77
58
61.7279
61.3137
58
59.2426
58.4142
60.2426
59.2426
58.8284
58
58
58
58.8284
58
119.184
59
62.7279
59
60.6569
60.2426
59.4142
59.8284
60.6569
59
59
60.2426
59.8284
59
120.598
119.598
60
63.7279
60
61.6569
60.8284
62.0711
61.6569
60
60
61.2426
60
60
60
122.012
121.012
61
65.1421
64.7279
61
62.6569
61.8284
62.2426
63.2426
63.0711
61
61
61
61
62.6569
62.2426
61
124.426
123.426
122.426
62
66.1421
62
65.0711
64.0711
63.6569
63.6569
64.4853
64.0711
62
62
63.6569
62
124.841
63
68.5564
67.5564
67.1421
63
63.4142
64.4142
65.4853
64.6569
65.0711
65.8995
65.4853
63
65.0711
64.6569
63
126.255
125.255
64
68.9706
64.8284
66.4853
66.0711
66.8995
64
64
66.0711
64
126.669
65
65.4142
69.9706
65.8284
67.8995
67.4853
67.0711
67.4853
69.3137
68.3137
67.8995
65
65
65
67.0711
65
65
127.083
66.4142
71.3848
70.9706
66.8284
68.8995
68.4853
68.8995
70.7279
69.7279
66.8284
66.4142
66
69.4853
68.4853
68.0711
66
128.498
127.498
67.4142
72.799
72.3848
67.8284
68.2426
70.3137
69.8995
69.8995
70.3137
71.3137
72.3137
73.1422
72.1422
71.1422
68.2426
67.8284
70.8995
69.8995
67
128.912
77.1127
76.6985
76.2843
75.8701
75.4559
68.4142
73.799
69.2426
69.6569
71.7279
71.3137
72.7279
73.7279
74.7279
76.5564
75.5564
74.5564
73.5564
70.0711
69.6569
69.2426
72.3137
71.3137
68
131.326
130.326
129.326
77.5269
76.4559
76.0416
75.6274
75.2132
74.799
74.3848
73.9706
73.5564
73.1421
72.7279
69.4142
69.8284
75.2132
74.799
70.6569
74.1422
73.1422
72.7279
75.1422
76.1422
77.1422
78.1422
79.1422
80.1422
81.1422
82.1422
81.9706
80.9706
79.9706
78.9706
77.9706
76.9706
71.8995
71.4853
71.0711
73.7279
72.7279
69
131.74
78.5269
73.7279
73.3137
72.8995
72.4853
72.0711
71.6569
70.8284
77.6274
76.6274
76.2132
71.6569
72.0711
75.5564
74.5564
73.7279
73.3137
72.8995
76.1422
75.1422
74.1422
70
132.154
79.5269
72.6569
72.2426
71.8284
71.4142
71
71.8284
72.2426
79.0416
78.0416
73.0711
73.4853
74.4853
75.4853
76.9706
75.9706
75.5564
75.1421
74.7279
77.5564
76.5564
71
133.569
132.569
80.5269
72
73.2426
73.6569
74.6569
80.4559
79.4559
75.8995
76.8995
80.3848
79.3848
78.3848
77.3848
76.5564
78.9706
77.9706
72
133.983
81.5269
73
73
73
73
73
75.0711
80.8701
77.3137
80.799
77.9706
77.5564
79.3848
73
134.397
82.5269
74
74
74
76.0711
76.4853
82.2843
81.8701
77.7279
78.7279
79.7279
80.7279
81.7279
82.7279
86.2132
85.2132
84.2132
83.2132
82.2132
81.2132
80.2132
79.799
79.3848
78.9706
82.799
81.799
80.799
79.799
74
134.811
83.5269
75
75
75
75
75
77.4853
77.8995
84.6985
83.6985
83.2843
83.1422
84.1422
85.1422
86.1422
87.1422
86.6274
81.6274
81.2132
84.2132
83.2132
75
135.225
84.5269
76
76
76
78.8995
79.3137
80.3137
81.3137
87.1127
86.1127
85.1127
82.6274
83.0416
83.0416
82.6274
87.6274
86.6274
85.6274
84.6274
76
136.64
135.64
85.5269
77
77
77
77
81.7279
82.7279
83.7279
90.5269
89.5269
88.5269
87.5269
82.799
83.2132
83.6274
90.0417
89.0417
88.0417
77
137.054
91.9117
91.4975
91.0833
90.6691
90.2549
89.8407
89.4264
89.0122
88.598
88.1838
87.7696
87.3554
86.9412
86.5269
78
78
78
78
84.1422
85.1422
86.1422
87.1422
88.1422
89.1422
90.1422
91.1422
92.1422
93.1422
94.1422
93.9412
92.9412
91.9412
90.9412
82.9706
83.3848
83.799
93.4559
92.4559
91.4559
90.4559
78
137.468
94.9828
94.5686
94.1544
93.7402
93.326
92.9117
79
79
79
83.1421
83.5564
83.9706
95.8701
94.8701
93.8701
79
138.882
137.882
97.6397
97.2255
96.8112
96.397
95.9828
80
84.1421
99.2843
98.2843
97.2843
96.2843
80
139.297
98.6397
81
81
81
81
83.8995
84.3137
84.7279
85.1421
99.6985
81
139.711
100.468
100.054
99.6397
82
82.4142
82.8284
84.4853
84.8995
102.113
101.113
100.113
82
138.941
103.125
102.711
102.297
101.882
101.468
83.8284
84.2426
84.6569
85.0711
84.2426
84.6569
85.0711
85.4853
106.527
105.527
104.527
103.527
102.527
83
83.4142
137.113
137.527
137.941
104.539
104.125
86.0711
86.4853
86.8995
84.4142
84.8284
85.2426
109.941
108.941
107.941
106.941
84.4142
136.113
107.953
106.953
105.953
105.539
87.8995
88.3137
88.7279
89.1422
85
85.4142
112.355
111.355
110.355
85.4142
134.699
135.113
109.368
108.368
90.1422
90.5564
90.9706
86
86
86
115.77
114.77
113.77
112.77
86.4142
86.8284
87.8284
133.699
110.782
109.782
91.9706
92.3848
92.799
93.2132
87
87
87
118.184
117.184
116.184
88.2426
132.284
132.699
114.196
113.196
112.196
111.196
94.2132
94.6274
95.0417
95.4559
90.0711
89.6569
89.2426
88.8284
88.4142
88
88
88
88
88
88
88
88
88
88
121.598
120.598
119.598
118.598
89.2426
89.6569
131.284
115.61
114.61
96.4559
91.0711
89
89
123.012
122.012
90.6569
129.456
129.87
130.87
116.024
97.4559
97.8701
98.2843
93.7279
93.3137
92.8995
92.4853
92.0711
90
90
90
90
90
90
90
90
123.426
91.6569
128.456
118.439
117.439
117.024
99.2843
99.6985
100.113
100.527
95.9706
95.5564
95.1422
94.7279
91
91
91
91
91
91
126.841
125.841
124.841
123.841
92.6569
93.0711
127.042
128.042
118.853
101.527
101.527
101.113
97.3848
96.9706
92
92
92
92
92
128.255
127.255
94.0711
94.4853
125.627
126.627
120.267
119.853
102.113
101.699
101.284
100.87
99.2132
98.799
98.3848
93
93
93
93
93
131.669
130.669
129.669
128.669
95.4853
95.8995
96.8995
124.213
125.213
121.681
121.267
101.87
101.456
102.284
101.87
101.456
101.042
100.627
100.213
99.799
99.3848
98.9706
101.042
100.627
100.213
94
94
94.4142
94
133.083
132.083
97.3137
98.3137
121.799
122.799
123.799
123.096
122.681
102.456
102.042
101.627
101.213
104.941
104.527
104.113
103.699
103.284
99.9706
99.5564
99.1421
98.7279
98.3137
102.456
102.042
95.4142
95.8284
95
95
134.498
133.498
98.7279
99.7279
100.728
101.728
120.385
121.385
124.096
102.213
101.799
106.77
106.77
106.355
105.941
99.3137
98.8995
98.4853
98.0711
103.87
103.456
96.8284
97.2426
96
96
136.912
135.912
134.912
99.7279
99.3137
98.8995
98.4853
98.0711
97.6569
97.2426
96.8284
96.4142
96
102.142
103.142
104.142
115.971
116.971
117.971
118.971
119.971
125.924
125.51
125.096
102.799
107.77
99.0711
104.87
98.2426
97
138.326
137.326
100.728
97
104.556
105.556
106.556
107.556
108.556
109.556
110.556
111.556
112.556
113.556
114.556
115.556
126.924
103.799
103.385
107.941
108.355
108.77
100.071
99.6569
105.87
99.2426
99.6569
100.071
98
138.74
103.799
103.385
102.971
102.556
102.142
101.728
98
98
98
98
98
98
127.924
104.385
103.971
103.556
103.142
108.527
108.941
100.657
100.243
99.8284
99.4142
106.87
107.284
106.87
101.071
101.485
99
99
140.154
139.154
106.456
106.042
105.627
105.213
104.799
99
99
99
99
99
129.338
128.924
104.142
103.728
108.699
109.113
109.527
100.414
100
107.456
107.87
102.485
100.414
100
100
141.569
140.569
108.284
107.87
107.456
100
100
130.338
104.728
104.314
109.284
109.699
101
101
108.456
103.485
103.9
101.414
143.983
142.983
141.983
110.113
109.699
109.284
101
101
101
101
131.752
131.338
105.314
104.899
104.485
109.042
109.456
109.87
110.284
102
109.042
109.456
104.9
105.314
102.414
144.397
111.527
111.113
102
102
132.752
105.485
105.071
109.627
110.042
103
103
110.042
106.314
103.828
103.414
145.811
144.811
113.355
112.941
112.527
103
103
133.752
106.071
105.657
110.213
110.627
104
104
104
110.627
111.042
107.314
104.828
147.225
146.225
114.355
104
104
135.581
135.167
134.752
106.657
106.243
110.799
111.213
105
111.627
108.314
108.728
109.142
106.243
105.828
147.64
116.184
115.77
115.355
105
105
105
136.581
107.243
111.799
106
112.627
110.142
107.243
149.054
148.054
117.184
106
137.581
108.243
107.828
107.414
111.971
112.385
112.799
107
107
113.627
111.142
108.243
149.468
118.598
118.184
107
107
138.581
108.414
108
108
112.556
112.971
108
113.799
114.213
114.627
112.142
112.556
109.243
149.882
120.012
119.598
108
139.581
109
109
112.728
113.142
113.556
109
109
114.799
113.556
110.243
152.297
151.297
150.297
121.012
109
109
140.581
110
110
110
110
112.485
112.9
113.314
113.728
110
115.799
114.556
112.071
111.657
111.243
152.711
122.841
122.426
122.012
110
141.995
141.581
111
111
111
111.414
111.828
112.243
112.657
113.071
113.485
111
116.799
115.556
113.071
153.125
123.841
111
111
142.995
112
112
112
117.799
116.556
114.071
154.539
153.539
124.841
112
143.995
113
118.385
118.799
117.556
117.971
115.071
154.953
126.255
125.841
113
144.995
114
119.385
118.971
116.071
155.368
127.255
114
145.995
115
120.385
119.971
117.071
155.782
128.255
115
115
115
146.995
116
121.385
120.971
118.071
156.196
129.255
116
147.995
117
122.385
121.971
119.071
156.61
130.255
117
148.995
118
123.385
122.971
120.071
158.024
157.024
131.255
118
149.995
119
124.385
123.971
121.071
158.439
132.255
119
150.995
120
120
120
120
120
120
120
120.414
120.828
121.243
121.657
122.071
122.485
122.9
123.314
123.728
124.142
124.556
124.971
125.385
124.971
125.385
125.799
126.213
126.627
127.042
127.456
127.87
128.284
127.87
127.456
127.042
126.627
126.213
125.799
125.385
124.971
124.556
124.142
123.728
123.314
122.9
122.485
122.071
158.853
157.853
156.853
155.853
154.853
153.853
152.853
151.853
150.853
149.853
148.853
147.853
146.853
145.853
144.853
144.439
144.024
143.61
143.196
142.782
142.368
141.953
141.539
141.125
140.711
140.297
139.882
139.468
139.054
138.64
138.225
137.811
137.397
136.983
136.569
136.154
135.74
135.326
134.912
134.498
134.083
133.669
133.255
120
120.414
120.828
121.243
121.657
122.071
122.485
122.9
123.314
123.728
124.142
124.556
124.971
125.385
125.799
126.213
126.627
127.042
127.456
127.87
128.284
128.699
129.113
129.527
129.941
130.355
130.77
131.184
131.598
132.012
132.426
132.841
133.255
133.669
134.083
135.083
136.083
137.083
138.083
139.083
140.083
141.083
142.083
143.083
144.083
145.083
146.083
147.083
148.083
149.083
150.083
151.083
152.083
153.083
152.823
152.409
151.995
