6
6
6
6
6
6
6
6
6
6
6
6
6
6
6
6
6
6
6
6
6
6
6
6
6
6
6
6
6
6
6
6
6
6
6
6
6
6
6
6
6
6
6
6
6
6
6
6
6
6
6
6
6
6
6
6
6
6
6
6
6
6
6
6
6
6
6
6
6
6
6
6
6
6
6
6
6
6
6
6
6
6
6
6
6
6
6
6
6
6
6
6
6
6
6
6
6
6
6
6
6
6
6
6
6
6
6
6
6
6
6
6
6
6
6
6
6
6
6
6
6
6
6
6
6
6
6
6
6
6
6
6
6
6
6
6
6
6
6
6
6
6
6
6
6
6
6
6
6
6
6
6
6
6
6
6
6
6
6
6
6
6
6
6
6
6
6
6
6
6
6
6
6
6
6
6
6
6
6
6
6
6
6
6
6
6
6
6
6
6
6
6
6
6
6
6
6
6
6
6
6
6
6
6
6
6
6
6
6
6
6
6
6
6
6
6
6
6
6
6
6
6
6
6
6
6
6
6
6
6
6
6
6
6
6
6
6
6
6
6
6
6
6
6
6
6
6
6
6
6
6
6
6
6
6
6
6
6
7
7
7
7
7
7
7
7
7
7
7
7
7
7
7
7
8
8
9.41421
8.41421
8
8
8
8
8
8
8
8
8
8
8
8
8.41421
8
8
9
9
9.41421
9.82843
9
9
9
9
9
9.41421
9
9
9
9
9
9.41421
9.41421
9
9
10
10.4142
10.8284
10
10
10
10.4142
11.4142
10.4142
10
10
10.4142
10.4142
10
10
10
10
10
10
10.4142
10.4142
10
11
11.4142
11.8284
11
11
11
11.8284
11.4142
11.4142
11.4142
11
11
11
11
11.4142
11
11.4142
11.4142
11
12
12.4142
12.8284
13.2426
12.8284
12
12
12.8284
13.2426
12.8284
12.4142
12.4142
12.8284
13.8284
13.8284
12.8284
12.4142
12
12.4142
12
12.4142
12
12.4142
12.8284
13.8284
12.8284
12.4142
12
13
13.8284
14.2426
13
13
14.2426
13.8284
14.2426
14.2426
13.4142
13
13.4142
13
13
13.8284
14.2426
13
14
14.8284
15.2426
14
14
14
15.2426
15.6569
15.2426
14.8284
15.2426
15.6569
15.6569
15.2426
14.4142
14
14.4142
14.8284
14
14
14.8284
15.2426
14
15
15.8284
16.2426
16.6569
16.2426
15
15
15
15
16.6569
17.0711
18.0711
17.6569
16.6569
16.2426
16.6569
17.0711
19.0711
18.0711
17.0711
16.6569
15.4142
15
15.8284
16.2426
17.2426
15
15
15
15
15.8284
16.2426
17.2426
16.6569
16.2426
15
15
16
17.2426
18.0711
17.6569
16
16.4142
16
18.4853
19.4853
20.4853
20.0711
19.0711
18.0711
18.0711
18.4853
19.4853
20.4853
21.4853
22.4853
21.4853
20.4853
19.4853
16.4142
16.8284
17.8284
16
16
17.6569
16
16
16
16
16
16
16
16
16
16
16
16
16
16
16
16
16
16
16
16
16
16
16
16
16
16
16
16
16
16
16
17.6569
18.6569
18.0711
17.6569
16
17
18.2426
18.6569
19.6569
20.4853
19.4853
19.0711
17.4142
17
17
20.8995
21.8995
22.8995
23.8995
24.8995
24.4853
23.4853
22.4853
21.4853
20.4853
21.8995
22.8995
23.8995
23.8995
22.8995
18.2426
17
18.6569
19.0711
20.0711
17
17
17
17
17
17
17
17
17
17
17
17
17
17
17
17
17
17
17
17
17
17
17
17
17
17
17
19.0711
20.0711
20.4853
19.4853
19.0711
17
18
20.0711
21.0711
21.8995
20.8995
18.4142
18
18
18
18
19.2426
19.6569
18
18
18
20.4853
21.4853
22.4853
18
18
18
18
18
18
18
18
18
18
18
18
18
18
20.4853
21.4853
22.4853
21.8995
20.8995
18
18
19
21.4853
22.4853
23.4853
24.4853
24.3137
23.3137
22.3137
19.4142
19.8284
20.8284
19
19
20.6569
19
22.8995
23.8995
24.8995
19
19
19
19
19
19
22.8995
23.8995
24.8995
23.3137
22.3137
19
20
24.8995
25.8995
26.8995
27.7279
26.7279
25.7279
24.7279
21.2426
20
21.6569
22.0711
20
25.3137
26.3137
27.3137
28.3137
20
25.3137
26.3137
27.3137
28.3137
27.7279
26.7279
25.7279
24.7279
23.7279
20
21
27.3137
28.1421
22.2426
21
21
21
23.0711
21
21
28.7279
21
21
21
21
21
21
28.7279
28.1421
21
21
21
22
27.7279
28.7279
29.7279
30.7279
32.5563
31.5563
30.5563
29.5563
28.5563
23.2426
22
22
22
22
24.0711
22
22
29.1421
30.1421
31.1421
32.1421
22
22
22
22
22
29.1421
30.1421
31.1421
32.1421
33.1421
34.1421
33.5563
32.5563
31.5563
30.5563
29.5563
28.5563
22
23
31.1421
32.1421
33.1421
34.1421
35.1421
36.1421
37.1421
38.1421
39.1421
40.1421
42.9706
41.9706
40.9706
39.9706
38.9706
37.9706
36.9706
35.9706
34.9706
33.9706
32.9706
24.2426
24.6569
23
23
23
23
23
23
25.0711
25.4853
26.4853
23
32.5563
33.5563
34.5563
35.5563
36.5563
37.5563
38.5563
23
23
23
23
23
34.5563
35.5563
36.5563
36.9706
35.9706
34.9706
33.9706
23
23
24
40.5563
41.5563
42.5563
25.6569
24
24
24
24
24
24
24
24
24
26.8995
27.8995
24
24
38.9706
39.9706
40.9706
41.9706
24
24
24
24
24
24
25
26.6569
27.0711
25
25
25
25
25
25
25
25
25
25
25
25
28.3137
29.3137
25
25
25
42.3848
43.3848
44.3848
45.3848
46.3848
47.3848
48.3848
25
25
25
25
25
26
28.0711
28.4853
29.4853
26
26.4142
26.8284
27.2426
27.6569
28.0711
28.4853
28.8995
29.3137
29.7279
26
26
48.799
49.799
50.799
51.799
26
26
26
26
26
26
27
29.8995
30.3137
30.7279
31.1421
31.5563
31.9706
31.5563
30.7279
31.1421
27
27
52.2132
53.2132
54.2132
55.2132
27
27
27
27
27
27
27
28
28
28
28
28
28
30.8995
31.3137
32.5563
32.1421
31.7279
31.3137
30.8995
30.4853
32.1421
32.5563
33.5563
28
28
55.6274
56.6274
57.6274
58.6274
59.6274
28
28
28
28
29
32.3137
32.7279
31.4853
33.9706
34.9706
29
60.0416
61.0416
62.0416
63.0416
64.0416
29
29
30
30
30
30.4142
33.7279
32.4853
32.0711
31.6569
31.2426
30.8284
30.4142
35.3848
30
30
30
64.4558
30
30
30
30
30
31.4142
31.8284
34.7279
35.1421
31.4142
31
31
31
31
36.3848
36.799
31
31
31
64.8701
65.8701
66.8701
31
31
31
31
31
32.8284
33.2426
36.1421
36.5564
37.5564
32
32
32
32
32
32
32
37.799
38.2132
32
32
32
32
67.2843
68.2843
69.2843
70.2843
71.2843
72.2843
32
32.4142
32
32
32
34.2426
34.6569
37.9706
38.9706
39.9706
33
33
33
33
33
33
33
33
39.2132
39.6274
40.6274
41.6274
33
33
33
72.6985
73.6985
74.6985
75.6985
76.6985
77.6985
104.527
105.527
106.527
107.527
108.527
109.527
110.527
111.527
112.527
113.527
114.527
115.527
116.527
117.527
118.527
119.527
33.4142
33.8284
33
35.6569
36.0711
36.4853
40.3848
41.3848
34
34
34
34
34
34
34.4142
34.8284
35.2426
35.6569
42.0416
43.0416
34
34
34
34
78.1127
79.1127
80.1127
81.1127
82.1127
83.1127
84.1127
85.1127
86.1127
87.1127
88.1127
89.1127
90.1127
91.1127
92.1127
93.1127
94.1127
95.1127
96.1127
97.1127
98.1127
99.1127
100.113
101.113
102.113
103.113
104.113
119.113
120.113
121.113
122.113
123.113
124.113
125.113
125.74
34.8284
35.2426
34
34
37.4853
41.799
42.799
43.799
44.799
36.6569
37.0711
37.4853
37.8995
38.3137
38.7279
39.1421
39.5563
39.5563
39.1421
43.4559
44.4559
45.4559
35
35
35
35
35
35
125.326
124.326
123.326
122.326
36.2426
36.6569
37.0711
35
35
38.4853
38.8995
45.2132
46.2132
47.2132
48.2132
40.1421
39.7279
39.3137
38.8995
38.4853
38.0711
37.6569
45.8701
46.8701
36
36
36
36
36.4142
36.8284
37.2426
121.912
120.912
119.912
118.912
38.0711
36
36
36
39.8995
48.6274
49.6274
50.6274
51.6274
38.6569
47.2843
48.2843
49.2843
38.2426
118.498
117.498
116.498
116.083
39.0711
37
40.8995
52.0416
39.6569
39.2426
38.8284
38.4142
38
49.6985
39.2426
39.6569
40.0711
40.4853
40.8995
41.3137
41.7279
42.1421
115.083
40.0711
40.4853
38
38
41.8995
52.4559
53.4559
54.4559
55.4559
56.4559
57.4559
58.4559
39
39
39
39
39
39
50.1127
51.1127
52.1127
43.1421
43.5563
43.9706
44.3848
44.799
114.669
113.669
112.669
41.4853
39
39
42.8995
58.8701
59.8701
60.8701
61.8701
62.8701
63.8701
40
40
40
40
52.5269
53.5269
54.5269
45.799
46.2132
46.6274
112.255
111.255
42.4853
42.8995
40
40
43.8995
64.2843
65.2843
66.2843
67.2843
68.2843
69.2843
70.2843
41
41
41
41
54.9411
55.9411
56.9411
47.6274
48.0416
48.4558
48.8701
110.841
109.841
108.841
43.8995
41
44.8995
70.6985
71.6985
72.6985
73.6985
74.6985
75.6985
42
42
42
42
57.3554
58.3554
59.3554
49.8701
50.2843
108.426
107.426
106.426
44.8995
42
42
42
76.0416
75.6274
75.2132
45.8995
76.1127
77.1127
78.1127
79.1127
80.1127
43
43.4142
43.8284
59.7696
60.7696
51.2843
106.012
105.012
45.8995
43
43
76.2843
75.8701
75.4559
75.0416
74.2132
47.3137
46.8995
80.5269
81.5269
82.5269
83.5269
84.5269
44.8284
45.2426
45.6569
46.0711
61.1838
62.1838
63.1838
64.1838
52.2843
52.6985
104.598
103.598
103.184
46.8995
44
76.1127
75.6985
75.2843
73.2132
48.3137
47.4853
47.0711
46.6569
46.2426
45.8284
45.4142
45
45
45
45
45
45
45
45
45
45
45
45
45
45
45
84.9411
85.9411
86.9411
87.9411
88.9411
47.0711
47.4853
47.8995
48.3137
64.598
65.598
66.598
53.6985
102.184
101.77
47.8995
45.4142
45
76.6985
75.6985
72.2132
50.7279
49.7279
49.3137
48.4853
46
89.3554
90.3554
91.3554
92.3554
49.3137
67.0122
68.0122
69.0122
54.6985
100.77
100.355
48.8995
46.4142
77.2843
76.2843
71.2132
51.1421
51.1421
50.7279
50.3137
49.8995
49.4853
47
47
47
47
47
92.7696
50.3137
50.7279
69.4264
55.6985
56.1127
56.5269
99.3554
49.8995
47.4142
76.8701
70.2132
52.1421
53.3848
52.9706
52.5563
52.1421
48
48
48.4142
48.8284
93.1838
94.1838
95.1838
96.1838
97.1838
51.7279
52.1421
52.5563
69.8406
70.8406
71.8406
57.5269
98.9411
97.9411
96.9411
50.8995
48.8284
48.4142
76.4559
69.2132
53.5564
53.1421
55.2132
54.799
54.3848
49.8284
50.2426
50.6569
51.0711
97.598
98.598
99.598
100.598
101.598
53.5563
53.9706
54.3848
54.799
72.2549
73.2549
74.2549
75.2549
58.5269
98.3259
99.3259
100.326
101.326
102.326
103.326
104.326
105.326
106.326
107.326
108.326
109.326
110.326
111.326
112.326
113.326
114.326
115.326
96.5269
95.5269
51.8995
49.8284
77.0416
76.0416
68.2132
55.9706
54.9706
54.5564
57.4558
57.0416
56.6274
56.2132
52.0711
52.4853
52.8995
53.3137
53.7279
102.012
103.012
104.012
105.012
55.799
56.2132
56.6274
75.6691
76.6691
77.6691
59.5269
95.7401
96.7401
97.7401
98.7401
115.74
116.74
117.74
118.74
119.74
120.74
95.1127
94.1127
93.1127
52.8995
50.8284
76.6274
67.2132
59.3848
58.3848
57.3848
56.3848
59.2843
58.8701
58.4558
54.7279
55.1421
55.5564
105.426
106.426
107.426
108.426
109.426
110.426
57.6274
58.0416
58.4559
78.0833
79.0833
80.0833
81.0833
61.9411
60.9411
60.5269
94.1544
95.1544
96.1544
121.154
122.154
123.154
124.154
125.154
92.6985
91.6985
90.6985
54.3137
53.8995
52.6569
52.2426
51.8284
76.2132
66.2132
64.799
63.799
62.799
61.799
60.799
59.799
61.1127
60.6985
60.2843
56.5564
56.9706
57.3848
57.799
58.2132
110.841
111.841
112.841
113.841
114.841
59.4559
59.8701
60.2843
81.4975
82.4975
83.4975
84.4975
62.3554
93.5686
94.5686
125.569
125.284
124.284
123.284
90.2843
89.2843
55.7279
55.3137
53.6569
75.799
65.799
62.9411
62.5269
62.1127
59.2132
59.6274
60.0416
60.4559
60.8701
115.255
116.255
117.255
118.255
119.255
120.255
61.2843
61.6985
62.1127
62.5269
84.9117
85.9117
86.9117
63.7696
63.3554
92.9828
93.9828
122.87
121.87
120.87
119.87
118.87
88.8701
87.8701
56.7279
54.6569
76.2132
63.9411
61.8701
120.669
121.669
122.669
123.669
124.669
125.669
63.5269
87.3259
88.3259
89.3259
89.6691
65.1838
64.7696
93.397
118.456
87.4559
86.4559
85.4559
85.0416
59.1421
58.1421
57.7279
55.6569
76.6274
65.7696
65.3553
64.9411
62.8701
63.2843
63.6985
64.1127
64.5269
126.083
64.5269
64.9411
88.6691
66.1838
91.8112
92.8112
93.8112
118.042
117.042
116.042
115.042
114.042
84.0416
59.5564
56.6569
77.0416
66.3553
66.7696
65.5269
65.9411
66.3554
66.7696
67.1838
67.598
68.0122
68.4264
68.8407
126.498
127.498
128.498
129.498
130.498
131.498
65.9411
66.3554
66.7696
67.1838
88.2549
87.2549
86.2549
85.2549
68.598
67.598
67.1838
92.2254
113.627
112.627
111.627
110.627
83.6274
82.6274
81.6274
61.9706
60.9706
60.5564
57.6569
77.4559
76.4559
66.5269
66.9411
67.3553
69.8407
70.2549
70.6691
71.0833
71.4975
71.9117
72.9117
73.9117
74.9117
75.9117
76.9117
77.9117
78.9117
131.912
132.912
133.912
134.912
135.912
136.912
137.912
68.1838
68.598
69.0122
84.8406
83.8406
82.8406
81.8406
80.8406
79.8406
78.8406
72.0122
71.0122
70.0122
69.0122
92.6396
110.213
109.213
108.213
107.213
106.213
81.2132
80.2132
79.2132
78.2132
65.3848
64.3848
63.3848
62.3848
58.6569
76.8701
75.8701
66.6985
67.1127
67.5269
79.3259
80.3259
81.3259
82.3259
83.3259
84.3259
85.3259
86.3259
138.326
139.326
140.326
141.326
142.326
143.326
144.326
145.326
70.0122
70.4264
70.8406
71.2549
78.4264
77.4264
76.4264
75.4264
74.4264
73.4264
72.4264
92.0539
93.0539
105.799
104.799
77.799
76.799
75.799
74.799
73.799
72.799
71.799
70.799
69.799
68.799
67.799
66.799
65.799
59.6569
76.2843
67.2843
67.6985
86.7402
87.7402
88.7402
89.7402
90.7402
145.74
146.74
147.74
148.74
149.74
150.74
151.74
72.2549
72.6691
73.0833
92.4681
105.213
104.213
103.213
60.6569
76.6985
75.6985
74.6985
73.6985
67.4558
67.8701
68.2843
91.1544
92.1544
93.1544
152.154
153.154
154.154
155.154
156.154
157.154
158.154
74.0833
74.4975
74.9117
75.3259
92.8823
103.627
102.627
101.627
61.6569
62.0711
63.0711
74.1127
73.1127
69.6985
67.6274
68.0416
68.4558
93.5686
94.5686
158.569
159.569
160.569
161.569
162.569
163.569
164.569
165.569
76.3259
76.7402
77.1544
93.2965
102.042
101.042
63.4853
73.5269
72.5269
71.5269
70.5269
70.1127
70.6985
67.799
68.2132
68.6274
94.9828
95.9828
96.9828
165.983
166.983
167.983
168.983
169.983
170.983
78.1544
78.5686
78.9828
79.397
79.8112
93.7107
94.7107
101.456
100.456
64.4853
71.6985
68.799
97.397
171.397
172.397
173.397
174.397
175.397
176.397
80.8112
95.1249
100.87
65.4853
65.8995
72.6985
68.9706
69.3848
69.799
98.397
98.8112
176.811
81.8112
82.2254
82.6397
83.0539
83.4681
95.5392
101.284
100.284
66.8995
73.6985
69.1421
69.5563
69.9706
99.8112
100.225
177.225
178.225
179.225
180.225
181.225
182.225
84.4681
84.8823
85.8823
86.8823
87.8823
76.1838
75.7696
75.3553
74.9411
74.5269
74.9411
75.3553
75.7696
76.1838
76.598
77.0122
77.4264
95.9534
100.699
99.6985
98.6985
67.8995
74.6985
69.3137
68.8995
69.3137
69.7279
70.1421
101.225
101.64
182.64
183.64
184.64
185.64
186.64
187.64
88.2965
89.2965
90.2965
91.2965
92.2965
92.7401
91.7401
90.7401
89.7401
81.7401
81.3259
80.9117
80.4975
80.0833
79.6691
79.2549
78.8406
78.4264
78.0122
77.598
77.1838
78.4264
78.8406
79.2549
79.6691
80.0833
96.3676
97.3676
98.3676
99.1127
68.8995
75.6985
71.5564
71.1421
70.7279
70.3137
102.64
188.054
189.054
190.054
191.054
192.054
90.1544
89.1544
88.1544
87.1544
86.1544
85.1544
84.1544
83.1544
82.7401
81.0833
81.4975
81.9117
82.3259
98.7818
99.5269
71.1421
71.5563
71.9706
72.3848
72.799
73.2132
73.6274
74.0416
74.4558
74.8701
75.2843
75.6985
75.2843
74.8701
69.8995
70.3137
76.6985
75.0416
74.6274
74.2132
73.799
73.3848
72.9706
72.5564
103.64
145.468
146.468
147.468
148.468
149.468
150.468
151.468
152.468
153.468
154.468
155.468
192.468
193.468
194.468
195.468
196.468
83.3259
83.7401
84.1544
99.196
100.196
99.9411
98.9411
71.3137
71.7279
72.1421
75.8701
75.4558
75.0416
74.6274
71.3137
71.7279
77.6985
77.2843
76.8701
76.4559
76.0416
104.64
105.054
105.468
141.882
142.882
143.882
144.882
145.882
155.882
156.882
157.882
196.882
197.882
197.995
85.1544
85.5686
100.61
101.61
99.3554
72.7279
72.3137
71.8995
72.3137
75.6274
75.2132
74.799
74.3848
72.7279
106.468
141.297
142.297
158.297
159.297
160.297
161.297
197.581
196.581
195.581
194.581
193.581
86.5686
86.9828
87.397
102.024
103.024
104.024
105.024
99.7696
74.1421
73.7279
75.3848
74.9706
73.7279
74.1421
75.1421
107.468
139.711
140.711
141.711
161.711
162.711
193.167
192.167
191.167
190.167
88.397
105.439
106.439
100.184
75.9706
75.5564
75.1421
75.9706
75.5563
75.1421
75.5564
76.5564
184.811
185.225
186.225
187.225
188.225
189.225
190.225
191.225
190.581
189.581
188.581
187.581
186.581
185.581
184.581
183.581
182.581
182.167
108.468
140.125
163.125
189.752
188.752
188.338
89.397
106.853
107.853
108.853
109.853
110.853
100.598
76.9706
76.1421
76.9706
77.9706
183.811
181.167
109.468
139.539
140.539
164.125
164.539
187.338
90.397
90.8112
111.267
101.012
78.3848
77.9706
77.1421
76.7279
76.3137
78.3848
178.397
179.397
180.397
181.397
182.397
183.397
180.752
179.752
178.752
177.752
176.752
110.468
138.953
139.953
165.539
165.953
166.953
186.924
185.924
184.924
183.924
91.8112
111.681
112.681
113.681
114.681
102.426
101.426
79.799
79.3848
77.3137
76.8995
79.3848
79.799
174.983
175.983
176.983
177.983
176.338
175.338
174.338
173.338
172.338
112.882
111.882
111.468
139.368
167.368
183.51
182.51
181.51
180.51
92.8112
115.096
116.096
117.096
118.096
119.096
120.096
102.841
80.799
77.8995
80.799
81.2132
82.2132
83.2132
171.569
172.569
173.569
174.569
171.924
170.924
169.924
168.924
113.297
139.782
168.368
168.782
180.096
179.096
178.096
93.8112
120.51
121.51
122.51
123.51
124.51
125.51
103.255
82.2132
81.799
78.8995
78.4853
78.0711
83.6274
84.6274
168.154
169.154
170.154
171.154
168.51
167.51
166.51
165.51
114.297
139.196
140.196
169.782
177.681
176.681
175.681
174.681
94.8112
125.924
126.924
127.924
128.924
129.924
105.669
104.669
103.669
83.2132
79.0711
78.6569
85.0416
86.0416
87.0416
88.0416
165.74
166.74
167.74
165.096
164.096
163.096
162.096
161.096
115.711
115.297
139.61
170.782
174.267
173.267
172.267
95.8112
130.338
131.338
132.338
133.338
107.083
106.083
84.2132
79.6569
88.4559
89.4559
90.4559
91.4559
92.4559
162.326
163.326
164.326
165.326
160.681
159.681
158.681
117.125
116.711
140.024
171.782
172.196
171.853
170.853
169.853
168.853
167.853
96.8112
133.752
134.752
135.752
135.811
108.498
107.498
85.2132
80.6569
81.0711
92.8701
93.8701
94.8701
95.8701
96.8701
159.498
159.912
160.912
161.912
158.267
157.267
156.267
155.853
118.539
118.125
140.439
173.196
167.439
166.439
165.439
165.024
97.8112
135.397
134.397
133.397
132.397
131.983
111.912
110.912
109.912
108.912
86.2132
82.0711
97.2843
98.2843
99.2843
100.284
101.284
102.284
103.284
104.284
158.498
154.853
119.539
140.853
174.196
164.024
98.8112
130.983
112.326
88.0416
87.6274
87.2132
83.0711
104.699
156.083
157.083
158.083
154.439
153.439
152.439
151.439
150.439
121.953
120.953
120.539
141.267
175.196
163.61
162.61
161.61
99.8112
130.569
129.569
128.569
127.569
126.569
125.569
114.74
113.74
112.74
89.0416
84.0711
105.113
106.113
107.113
108.113
109.113
152.669
153.669
154.669
155.669
150.024
149.024
148.024
147.024
146.024
124.368
123.368
122.368
141.681
176.196
161.196
160.196
159.196
158.196
157.196
101.225
100.811
125.154
124.154
123.154
122.154
121.154
120.154
119.154
118.154
117.154
116.154
115.154
90.0416
85.0711
85.4853
85.8995
109.527
148.255
149.255
150.255
151.255
152.255
145.61
144.61
143.61
142.61
141.61
140.61
139.61
129.782
128.782
127.782
126.782
125.782
124.782
142.096
143.096
177.61
177.196
156.782
155.782
154.782
153.782
152.782
103.64
102.64
102.225
91.0416
91.4559
92.4559
86.8995
109.941
144.841
145.841
146.841
147.841
139.196
138.196
137.196
136.196
135.196
134.196
133.196
132.196
131.196
130.196
143.51
178.61
152.368
151.368
150.368
149.368
148.368
147.368
105.054
104.054
92.8701
87.8995
110.355
137.426
138.426
139.426
140.426
141.426
142.426
143.426
144.426
143.924
144.924
179.61
146.953
145.953
144.953
143.953
142.953
141.953
106.468
105.468
93.8701
88.8995
110.77
127.012
128.012
129.012
130.012
131.012
132.012
133.012
134.012
135.012
136.012
137.012
145.338
178.723
179.137
141.539
140.539
139.539
138.539
137.539
136.539
107.882
106.882
94.8701
89.8995
111.184
112.598
113.598
114.598
115.598
116.598
117.598
118.598
119.598
120.598
121.598
122.598
123.598
124.598
125.598
126.598
145.752
146.752
177.723
196.752
197.752
198.125
197.125
196.125
195.125
194.125
193.125
192.125
191.125
136.125
135.125
134.125
133.125
132.125
131.125
130.125
112.297
111.297
110.297
109.297
108.297
95.8701
96.2843
90.8995
111.598
147.167
148.167
149.167
175.895
176.309
177.309
197.167
190.711
129.711
128.711
127.711
126.711
125.711
124.711
123.711
122.711
121.711
120.711
119.711
118.711
117.711
116.711
115.711
114.711
113.711
112.711
97.2843
91.8995
149.581
174.895
193.581
194.581
195.581
196.581
197.581
191.125
190.125
189.125
188.125
187.125
186.125
98.2843
92.8995
176.841
177.841
178.841
179.841
180.841
181.841
182.841
149.995
150.995
173.48
174.48
192.995
193.995
186.539
185.539
184.539
183.539
99.2843
99.6985
95.3137
94.3137
93.8995
176.255
177.255
183.255
184.255
151.409
152.409
153.409
154.409
171.066
172.066
173.066
192.409
193.409
183.953
182.953
181.953
180.953
100.699
95.7279
176.669
184.669
185.669
186.669
129.882
130.297
130.711
131.125
131.539
131.953
132.368
132.782
133.196
133.61
134.024
134.439
154.823
155.823
156.823
157.823
166.652
167.652
168.652
169.652
170.652
192.409
192.823
181.368
180.368
179.368
137.297
136.297
135.297
134.297
133.297
132.297
131.297
130.297
129.297
128.297
127.297
101.699
102.113
96.7279
175.083
176.083
177.083
187.083
130.468
130.882
135.439
135.853
136.267
136.681
158.238
159.238
160.238
161.238
162.238
163.238
164.238
165.238
166.238
190.238
191.238
192.238
179.782
178.782
177.782
139.711
138.711
137.711
127.711
126.711
125.711
124.711
103.113
103.527
104.527
98.1421
97.7279
175.498
188.083
132.711
132.297
131.882
131.468
137.681
138.096
190.652
178.196
177.196
176.196
175.196
139.38
140.38
141.125
140.125
125.125
124.125
123.125
104.941
105.941
99.5564
99.1421
175.912
189.083
134.125
133.711
139.096
139.51
139.924
140.338
191.066
175.61
174.61
138.794
139.794
123.539
122.539
121.539
106.355
107.355
101.971
100.971
100.556
176.326
177.326
178.326
190.083
135.125
141.338
191.48
175.024
139.208
121.953
107.77
108.77
109.77
103.385
102.385
178.74
191.083
136.539
136.125
142.338
191.895
175.439
174.439
139.622
122.368
121.368
110.184
103.799
179.154
188.811
189.811
190.811
137.539
143.338
143.752
192.309
174.853
173.853
172.853
171.853
139.037
140.037
121.782
110.598
111.598
112.598
105.213
104.799
179.569
180.569
181.569
186.397
187.397
188.397
169.409
168.409
167.409
166.409
165.409
164.409
163.409
162.409
161.409
138.953
138.539
144.752
145.167
192.723
172.267
171.267
120.711
120.297
119.882
119.468
119.054
118.64
118.225
117.811
118.225
118.64
119.054
119.468
119.882
120.297
120.711
121.125
121.539
121.953
122.368
122.782
139.451
122.782
122.368
113.012
114.012
115.012
116.012
108.627
107.627
106.627
106.213
181.983
182.983
183.983
184.983
185.983
172.823
171.823
170.823
169.823
161.823
160.823
159.823
158.823
139.953
146.167
193.137
171.681
170.681
123.782
123.368
122.953
122.539
122.125
121.711
123.782
124.196
124.61
125.024
137.865
138.865
139.865
123.368
122.953
116.426
117.426
118.426
119.426
120.426
121.426
120.87
114.042
113.042
112.042
111.042
110.042
109.042
175.238
174.238
173.238
159.238
158.238
157.238
156.238
141.782
141.368
140.953
147.167
147.581
147.995
193.551
171.096
170.096
169.096
126.024
125.61
125.196
124.782
126.024
126.439
126.853
127.267
138.865
123.953
111.113
110.699
110.284
109.87
109.456
109.042
109.456
109.87
110.284
110.699
120.456
119.456
118.456
117.456
116.456
115.456
114.456
119.983
177.652
176.652
175.652
156.652
155.652
142.782
148.995
193.966
194.966
195.966
169.51
128.267
127.853
127.439
127.024
128.267
128.681
129.096
139.865
124.953
113.77
113.355
112.941
112.527
112.113
111.699
112.113
112.527
116.255
116.669
117.083
117.498
117.912
118.326
118.74
119.154
119.569
120.983
129.225
130.225
131.225
132.225
133.225
134.225
135.225
136.225
137.225
138.225
139.225
179.066
178.066
156.066
155.066
143.782
149.995
150.409
196.38
197.38
169.924
168.924
130.096
129.681
129.267
130.096
130.51
130.924
131.338
140.451
140.865
125.953
125.539
125.125
115.598
115.184
114.77
113.527
113.941
114.355
114.77
115.184
115.598
116.012
116.426
116.841
117.255
121.983
122.397
122.811
123.225
123.64
124.64
125.64
126.64
127.64
128.64
129.64
139.64
140.64
141.64
142.64
143.64
144.64
145.64
146.64
179.48
155.48
145.196
144.782
151.409
197.794
169.338
168.338
132.338
131.924
131.51
131.096
132.338
132.752
141.451
126.125
117.012
116.598
115.77
116.184
115.355
115.77
116.184
147.054
180.48
155.895
146.196
152.409
198.208
199.208
168.752
133.338
133.752
142.451
127.125
118.012
117.184
116.355
148.054
148.468
149.468
181.895
181.48
156.309
155.895
147.196
153.409
199.622
169.167
168.167
167.167
134.752
134.338
134.752
135.167
135.581
143.451
128.125
119.841
119.426
119.012
118.184
118.598
119.012
116.113
116.527
116.941
117.355
149.882
150.882
151.882
152.882
182.895
156.895
148.196
154.409
154.823
167.037
168.037
169.037
170.037
171.037
172.037
200.037
201.037
167.581
136.167
135.752
136.581
136.995
144.451
129.125
121.255
120.841
120.012
120.426
116.699
117.113
153.297
154.297
184.309
183.895
157.895
157.48
157.066
149.196
155.823
163.451
164.451
165.451
166.451
167.451
172.451
173.451
174.451
175.451
176.451
201.451
202.451
203.451
204.451
167.995
166.995
137.995
137.581
137.167
137.995
145.451
130.125
129.711
122.255
121.426
121.841
117.284
117.699
154.711
155.711
156.711
157.711
183.711
184.711
185.711
186.711
187.711
188.711
189.711
190.711
191.711
185.309
158.066
150.196
156.823
163.451
163.865
176.865
177.865
204.865
205.865
167.409
139.409
138.995
138.995
139.409
146.451
130.711
123.669
123.255
122.841
123.255
117.456
117.87
118.284
158.125
181.125
182.125
183.125
184.125
192.125
193.125
194.125
187.137
186.723
186.309
159.066
151.196
157.823
164.037
164.451
178.279
179.279
206.279
207.279
208.279
167.823
140.409
140.409
147.451
131.711
124.669
124.255
118.042
118.456
159.125
159.539
180.539
181.539
194.539
195.539
188.137
160.066
159.652
152.196
158.823
164.208
164.622
165.037
179.694
180.694
208.694
209.694
210.694
168.238
167.238
141.823
141.409
141.409
141.823
148.451
132.711
126.083
125.669
125.255
125.669
126.083
118.627
119.042
160.539
160.953
180.953
195.953
195.794
189.137
160.652
153.196
159.823
164.794
165.208
181.108
182.108
183.108
211.108
167.652
143.238
142.823
142.823
149.451
133.711
127.083
127.083
119.627
161.953
181.368
196.208
190.137
161.652
154.196
160.823
165.794
183.522
211.522
212.522
168.066
144.238
143.823
150.451
134.711
128.083
128.083
120.627
162.953
179.782
180.782
181.782
196.622
195.622
191.137
162.652
155.196
161.823
162.238
162.652
166.794
184.522
212.936
168.48
145.238
144.823
151.451
135.711
129.083
129.083
120.799
121.213
121.627
163.953
180.196
196.037
192.551
192.137
163.652
156.196
163.652
167.38
167.794
185.522
185.936
213.35
214.35
215.35
168.895
146.238
145.823
146.238
146.652
152.451
136.711
130.912
130.498
130.083
130.083
130.255
121.799
164.953
165.368
165.782
179.61
180.61
196.451
196.037
195.622
193.551
164.652
157.196
164.652
168.38
186.936
215.765
169.309
147.238
147.652
153.451
137.711
131.912
130.669
122.799
166.782
180.024
196.622
194.551
165.652
158.196
165.652
169.38
187.936
216.179
217.179
169.723
168.723
149.066
148.652
148.238
148.652
154.451
138.711
132.912
131.669
123.799
167.782
180.439
197.622
195.551
166.652
159.196
166.652
170.38
188.936
217.593
169.137
150.066
149.652
155.451
139.711
133.912
132.669
124.799
168.782
169.196
169.61
170.024
170.439
170.853
171.853
172.853
173.853
174.853
175.853
176.853
177.853
178.853
179.853
180.853
198.622
198.208
197.794
197.38
196.966
196.551
167.652
167.238
166.823
166.409
165.995
165.581
165.167
164.752
164.338
163.924
163.51
163.096
162.681
162.267
161.853
161.439
161.024
160.61
160.196
167.652
168.066
168.48
168.895
169.309
169.723
170.137
170.551
170.966
171.38
189.936
190.35
190.765
191.179
191.593
192.007
193.007
194.007
195.007
196.007
197.007
198.007
199.007
200.007
201.007
202.007
203.007
204.007
205.007
206.007
207.007
208.007
209.007
210.007
211.007
212.007
213.007
214.007
215.007
216.007
217.007
218.007
169.551
168.551
167.551
166.551
165.551
164.551
163.551
162.551
161.551
160.551
159.551
158.551
157.551
156.551
155.551
154.551
153.551
153.137
152.723
152.309
151.895
151.48
151.066
150.652
151.066
151.48
151.895
152.309
152.723
153.137
153.551
153.966
154.38
154.794
155.208
155.622
156.037
156.451
140.711
140.297
139.882
139.468
139.054
138.64
138.225
137.811
137.397
136.983
136.569
136.154
135.74
135.326
134.912
133.669
133.255
132.841
132.426
132.012
131.598
131.184
130.77
130.355
129.941
129.527
129.113
128.699
128.284
127.87
127.456
127.042
126.627
126.213
125.799
125.385
124.971
124.556
124.142
123.728
123.314
122.899
123.314
123.728
124.142
124.556
124.971
125.385
125.799
