39807 1 50 50
39808 1 50 50
39809 1 50 50
39810 1 50 50
39811 1 50 50
39812 1 50 50
40313 1 49 49
40314 1 49 49
40315 1 49 49
40316 1 49 49
40317 1 49 49
40318 1 49 49
40319 1 49 49
40320 1 49 49
40321 1 49 49
40322 1 49 49
40323 1 49 49
40324 1 49 49
40325 1 49 49
40326 1 49 49
40327 1 49 49
40328 1 49 49
40329 1 49 49
40330 1 49 49
40331 1 49 49
40821 1 48 48
40822 1 48 48
40823 1 48 48
40824 1 48 48
40825 1 48 48
40826 1 48 48
40827 1 48 48
40828 1 48 48
40829 1 48 48
40830 1 48 48
40831 1 48 48
40832 1 48 48
40833 1 48 48
40834 1 48 48
40835 1 48 48
40836 1 48 48
40837 1 48 48
40838 1 48 48
40839 1 48 48
40840 1 48 48
40841 1 48 48
40842 1 48 48
40843 1 48 48
40844 1 48 48
40845 1 48 48
40846 1 48 48
40847 1 48 48
41330 1 47 47
41331 1 47 47
41332 1 47 47
41333 1 47 47
41334 1 47 47
41335 1 47 47
41336 1 47 47
41337 1 47 47
41338 1 47 47
41339 1 47 47
41340 1 47 47
41341 1 47 47
41342 1 47 47
41343 1 47 47
41344 1 47 47
41345 1 47 47
41346 1 47 47
41347 1 47 47
41348 1 47 47
41349 1 47 47
41350 1 47 47
41351 1 47 47
41352 1 47 47
41353 1 47 47
41354 1 47 47
41355 1 47 47
41356 1 47 47
41357 1 47 47
41358 1 47 47
41359 1 47 47
41360 1 47 47
41361 1 47 47
41842 1 46 46
41843 1 46 46
41844 1 46 46
41845 1 46 46
41846 1 46 46
41847 1 46 46
41848 1 46 46
41849 1 46 46
41850 1 46 46
41851 1 46 46
41852 1 46 46
41853 1 46 46
41854 1 46 46
41855 1 46 46
41856 1 46 46
41857 1 46 46
41858 1 46 46
41859 1 46 46
41860 1 46 46
41861 1 46 46
41862 1 46 46
41863 1 46 46
41864 1 46 46
41865 1 46 46
41866 1 46 46
41867 1 46 46
41868 1 46 46
41869 1 46 46
41870 1 46 46
41871 1 46 46
41872 1 46 46
41873 1 46 46
42352 1 45 45
42353 1 45 45
42354 1 45 45
42355 1 45 45
42356 1 45 45
42357 1 45 45
42358 1 45 45
42359 1 45 45
42360 1 45 45
42361 1 45 45
42362 1 45 45
42363 1 45 45
42364 1 45 45
42365 1 45 45
42366 1 45 45
42367 1 45 45
42368 1 45 45
42369 1 45 45
42370 1 45 45
42371 1 45 45
42372 1 45 45
42373 1 45 45
42374 1 45 45
42375 1 45 45
42376 1 45 45
42377 1 45 45
42378 1 45 45
42379 1 45 45
42380 1 45 45
42381 1 45 45
42382 1 45 45
42383 1 45 45
42384 1 45 45
42385 1 45 45
42386 1 45 45
42387 1 45 45
42388 1 45 45
42862 1 44 44
42863 1 44 44
42864 1 44 44
42865 1 44 44
42866 1 44 44
42867 1 44 44
42868 1 44 44
42869 1 44 44
42870 1 44 44
42871 1 44 44
42872 1 44 44
42873 1 44 44
42874 1 44 44
42875 1 44 44
42876 1 44 44
42877 1 44 44
42878 1 44 44
42879 1 44 44
42880 1 44 44
42881 1 44 44
42882 1 44 44
42883 1 44 44
42884 1 44 44
42885 1 44 44
42886 1 44 44
42887 1 44 44
42888 1 44 44
42889 1 44 44
42890 1 44 44
42891 1 44 44
42892 1 44 44
42893 1 44 44
42894 1 44 44
42895 1 44 44
42896 1 44 44
42897 1 44 44
42898 1 44 44
42899 1 44 44
42900 1 44 44
42901 1 44 44
42902 1 44 44
43372 1 43 43
43373 1 43 43
43374 1 43 43
43375 1 43 43
43376 1 43 43
43377 1 43 43
43378 1 43 43
43379 1 43 43
43380 1 43 43
43381 1 43 43
43382 1 43 43
43383 1 43 43
43384 1 43 43
43385 1 43 43
43386 1 43 43
43387 1 43 43
43388 1 43 43
43389 1 43 43
43390 1 43 43
43391 1 43 43
43392 1 43 43
43393 1 43 43
43394 1 43 43
43395 1 43 43
43396 1 43 43
43397 1 43 43
43398 1 43 43
43399 1 43 43
43400 1 43 43
43401 1 43 43
43402 1 43 43
43403 1 43 43
43404 1 43 43
43405 1 43 43
43406 1 43 43
43407 1 43 43
43408 1 43 43
43409 1 43 43
43410 1 43 43
43411 1 43 43
43412 1 43 43
43413 1 43 43
43414 1 43 43
43415 1 43 43
43416 1 43 43
43883 1 42 42
43884 1 42 42
43885 1 42 42
43886 1 42 42
43887 1 42 42
43888 1 42 42
43889 1 42 42
43890 1 42 42
43891 1 42 42
43892 1 42 42
43893 1 42 42
43894 1 42 42
43895 1 42 42
43896 1 42 42
43897 1 42 42
43898 1 42 42
43899 1 42 42
43900 1 42 42
43901 1 42 42
43902 1 42 42
43903 1 42 42
43904 1 42 42
43905 1 42 42
43906 1 42 42
43907 1 42 42
43908 1 42 42
43909 1 42 42
43910 1 42 42
43911 1 42 42
43912 1 42 42
43913 1 42 42
43914 1 42 42
43915 1 42 42
43916 1 42 42
43917 1 42 42
43918 1 42 42
43919 1 42 42
43920 1 42 42
43921 1 42 42
43922 1 42 42
43923 1 42 42
43924 1 42 42
43925 1 42 42
43926 1 42 42
43927 1 42 42
43928 1 42 42
43929 1 42 42
44393 1 41 41
44394 1 41 41
44395 1 41 41
44396 1 41 41
44397 1 41 41
44398 1 41 41
44399 1 41 41
44400 1 41 41
44401 1 41 41
44402 1 41 41
44403 1 41 41
44404 1 41 41
44405 1 41 41
44406 1 41 41
44407 1 41 41
44408 1 41 41
44409 1 41 41
44410 1 41 41
44411 1 41 41
44412 1 41 41
44413 1 41 41
44414 1 41 41
44415 1 41 41
44416 1 41 41
44417 1 41 41
44418 1 41 41
44419 1 41 41
44420 1 41 41
44421 1 41 41
44422 1 41 41
44423 1 41 41
44424 1 41 41
44425 1 41 41
44426 1 41 41
44427 1 41 41
44428 1 41 41
44429 1 41 41
44430 1 41 41
44431 1 41 41
44432 1 41 41
44433 1 41 41
44434 1 41 41
44435 1 41 41
44436 1 41 41
44437 1 41 41
44438 1 41 41
44439 1 41 41
44440 1 41 41
44441 1 41 41
44442 1 41 41
44443 1 41 41
44904 1 40 40
44905 1 40 40
44906 1 40 40
44907 1 40 40
44908 1 40 40
44909 1 40 40
44910 1 40 40
44911 1 40 40
44912 1 40 40
44913 1 40 40
44914 1 40 40
44915 1 40 40
44916 1 40 40
44917 1 40 40
44918 1 40 40
44919 1 40 40
44920 1 40 40
44921 1 40 40
44922 1 40 40
44923 1 40 40
44924 1 40 40
44925 1 40 40
44926 1 40 40
44927 1 40 40
44928 1 40 40
44929 1 40 40
44930 1 40 40
44931 1 40 40
44932 1 40 40
44933 1 40 40
44934 1 40 40
44935 1 40 40
44936 1 40 40
44937 1 40 40
44938 1 40 40
44939 1 40 40
44940 1 40 40
44941 1 40 40
44942 1 40 40
44943 1 40 40
44944 1 40 40
44945 1 40 40
44946 1 40 40
44947 1 40 40
44948 1 40 40
44949 1 40 40
44950 1 40 40
44951 1 40 40
44952 1 40 40
44953 1 40 40
44954 1 40 40
44955 1 40 40
44956 1 40 40
44957 1 40 40
45415 1 39 39
45416 1 39 39
45417 1 39 39
45418 1 39 39
45419 1 39 39
45420 1 39 39
45421 1 39 39
45422 1 39 39
45423 1 39 39
45424 1 39 39
45425 1 39 39
45426 1 39 39
45427 1 39 39
45428 1 39 39
45429 1 39 39
45430 1 39 39
45431 1 39 39
45432 1 39 39
45433 1 39 39
45434 1 39 39
45435 1 39 39
45436 1 39 39
45437 1 39 39
45438 1 39 39
45439 1 39 39
45440 1 39 39
45441 1 39 39
45442 1 39 39
45443 1 39 39
45444 1 39 39
45445 1 39 39
45446 1 39 39
45447 1 39 39
45448 1 39 39
45449 1 39 39
45450 1 39 39
45451 1 39 39
45452 1 39 39
45453 1 39 39
45454 1 39 39
45455 1 39 39
45456 1 39 39
45457 1 39 39
45458 1 39 39
45459 1 39 39
45460 1 39 39
45461 1 39 39
45462 1 39 39
45463 1 39 39
45464 1 39 39
45465 1 39 39
45466 1 39 39
45467 1 39 39
45468 1 39 39
45469 1 39 39
45470 1 39 39
45926 1 38 38
45927 1 38 38
45928 1 38 38
45929 1 38 38
45930 1 38 38
45931 1 38 38
45932 1 38 38
45933 1 38 38
45934 1 38 38
45935 1 38 38
45936 1 38 38
45937 1 38 38
45938 1 38 38
45939 1 38 38
45940 1 38 38
45941 1 38 38
45942 1 38 38
45943 1 38 38
45944 1 38 38
45945 1 38 38
45946 1 38 38
45947 1 38 38
45948 1 38 38
45949 1 38 38
45950 1 38 38
45951 1 38 38
45952 1 38 38
45953 1 38 38
45954 1 38 38
45955 1 38 38
45956 1 38 38
45957 1 38 38
45958 1 38 38
45959 1 38 38
45960 1 38 38
45961 1 38 38
45962 1 38 38
45963 1 38 38
45964 1 38 38
45965 1 38 38
45966 1 38 38
45967 1 38 38
45968 1 38 38
45969 1 38 38
45970 1 38 38
45971 1 38 38
45972 1 38 38
45973 1 38 38
45974 1 38 38
45975 1 38 38
45976 1 38 38
45977 1 38 38
45978 1 38 38
45979 1 38 38
45980 1 38 38
45981 1 38 38
45982 1 38 38
46438 1 37 37
46439 1 37 37
46440 1 37 37
46441 1 37 37
46442 1 37 37
46443 1 37 37
46444 1 37 37
46445 1 37 37
46446 1 37 37
46447 1 37 37
46448 1 37 37
46449 1 37 37
46450 1 37 37
46451 1 37 37
46452 1 37 37
46453 1 37 37
46454 1 37 37
46455 1 37 37
46456 1 37 37
46457 1 37 37
46458 1 37 37
46459 1 37 37
46460 1 37 37
46461 1 37 37
46462 1 37 37
46463 1 37 37
46464 1 37 37
46465 1 37 37
46466 1 37 37
46467 1 37 37
46468 1 37 37
46469 1 37 37
46470 1 37 37
46471 1 37 37
46472 1 37 37
46473 1 37 37
46474 1 37 37
46475 1 37 37
46476 1 37 37
46477 1 37 37
46478 1 37 37
46479 1 37 37
46480 1 37 37
46481 1 37 37
46482 1 37 37
46483 1 37 37
46484 1 37 37
46485 1 37 37
46486 1 37 37
46487 1 37 37
46488 1 37 37
46489 1 37 37
46490 1 37 37
46491 1 37 37
46492 1 37 37
46493 1 37 37
46494 1 37 37
46950 1 36 36
46951 1 36 36
46952 1 36 36
46953 1 36 36
46954 1 36 36
46955 1 36 36
46956 1 36 36
46957 1 36 36
46958 1 36 36
46959 1 36 36
46960 1 36 36
46961 1 36 36
46962 1 36 36
46963 1 36 36
46964 1 36 36
46965 1 36 36
46966 1 36 36
46967 1 36 36
46968 1 36 36
46969 1 36 36
46970 1 36 36
46971 1 36 36
46972 1 36 36
46973 1 36 36
46974 1 36 36
46975 1 36 36
46976 1 36 36
46977 1 36 36
46978 1 36 36
46979 1 36 36
46980 1 36 36
46981 1 36 36
46982 1 36 36
46983 1 36 36
46984 1 36 36
46985 1 36 36
46986 1 36 36
46987 1 36 36
46988 1 36 36
46989 1 36 36
46990 1 36 36
46991 1 36 36
46992 1 36 36
46993 1 36 36
46994 1 36 36
46995 1 36 36
46996 1 36 36
46997 1 36 36
46998 1 36 36
46999 1 36 36
47000 1 36 36
47001 1 36 36
47002 1 36 36
47003 1 36 36
47004 1 36 36
47005 1 36 36
47006 1 36 36
47007 1 36 36
47460 1 35 35
47461 1 35 35
47462 1 35 35
47463 1 35 35
47464 1 35 35
47465 1 35 35
47466 1 35 35
47467 1 35 35
47468 1 35 35
47469 1 35 35
47470 1 35 35
47471 1 35 35
47472 1 35 35
47473 1 35 35
47474 1 35 35
47475 1 35 35
47476 1 35 35
47477 1 35 35
47478 1 35 35
47479 1 35 35
47480 1 35 35
47481 1 35 35
47482 1 35 35
47483 1 35 35
47484 1 35 35
47485 1 35 35
47486 1 35 35
47487 1 35 35
47488 1 35 35
47489 1 35 35
47490 1 35 35
47491 1 35 35
47492 1 35 35
47493 1 35 35
47494 1 35 35
47495 1 35 35
47496 1 35 35
47497 1 35 35
47498 1 35 35
47499 1 35 35
47500 1 35 35
47501 1 35 35
47502 1 35 35
47503 1 35 35
47504 1 35 35
47505 1 35 35
47506 1 35 35
47507 1 35 35
47508 1 35 35
47509 1 35 35
47510 1 35 35
47511 1 35 35
47512 1 35 35
47513 1 35 35
47514 1 35 35
47515 1 35 35
47516 1 35 35
47517 1 35 35
47518 1 35 35
47519 1 35 35
47520 1 35 35
47521 1 35 35
47971 1 34 34
47972 1 34 34
47973 1 34 34
47974 1 34 34
47975 1 34 34
47976 1 34 34
47977 1 34 34
47978 1 34 34
47979 1 34 34
47980 1 34 34
47981 1 34 34
47982 1 34 34
47983 1 34 34
47984 1 34 34
47985 1 34 34
47986 1 34 34
47987 1 34 34
47988 1 34 34
47989 1 34 34
47990 1 34 34
47991 1 34 34
47992 1 34 34
47993 1 34 34
47994 1 34 34
47995 1 34 34
47996 1 34 34
47997 1 34 34
47998 1 34 34
47999 1 34 34
48000 1 34 34
48001 1 34 34
48002 1 34 34
48003 1 34 34
48004 1 34 34
48005 1 34 34
48006 1 34 34
48007 1 34 34
48008 1 34 34
48009 1 34 34
48010 1 34 34
48011 1 34 34
48012 1 34 34
48013 1 34 34
48014 1 34 34
48015 1 34 34
48016 1 34 34
48017 1 34 34
48018 1 34 34
48019 1 34 34
48020 1 34 34
48021 1 34 34
48022 1 34 34
48023 1 34 34
48024 1 34 34
48025 1 34 34
48026 1 34 34
48027 1 34 34
48028 1 34 34
48029 1 34 34
48030 1 34 34
48031 1 34 34
48032 1 34 34
48033 1 34 34
48034 1 34 34
48482 1 33 33
48483 1 33 33
48484 1 33 33
48485 1 33 33
48486 1 33 33
48487 1 33 33
48488 1 33 33
48489 1 33 33
48490 1 33 33
48491 1 33 33
48492 1 33 33
48493 1 33 33
48494 1 33 33
48495 1 33 33
48496 1 33 33
48497 1 33 33
48498 1 33 33
48499 1 33 33
48500 1 33 33
48501 1 33 33
48502 1 33 33
48503 1 33 33
48504 1 33 33
48505 1 33 33
48506 1 33 33
48507 1 33 33
48508 1 33 33
48509 1 33 33
48510 1 33 33
48511 1 33 33
48512 1 33 33
48513 1 33 33
48514 1 33 33
48515 1 33 33
48516 1 33 33
48517 1 33 33
48518 1 33 33
48519 1 33 33
48520 1 33 33
48521 1 33 33
48522 1 33 33
48523 1 33 33
48524 1 33 33
48525 1 33 33
48526 1 33 33
48527 1 33 33
48528 1 33 33
48529 1 33 33
48530 1 33 33
48531 1 33 33
48532 1 33 33
48533 1 33 33
48534 1 33 33
48535 1 33 33
48536 1 33 33
48537 1 33 33
48538 1 33 33
48539 1 33 33
48540 1 33 33
48541 1 33 33
48542 1 33 33
48543 1 33 33
48544 1 33 33
48545 1 33 33
48546 1 33 33
48547 1 33 33
48994 1 32 32
48995 1 32 32
48996 1 32 32
48997 1 32 32
48998 1 32 32
48999 1 32 32
49000 1 32 32
49001 1 32 32
49002 1 32 32
49003 1 32 32
49004 1 32 32
49005 1 32 32
49006 1 32 32
49007 1 32 32
49008 1 32 32
49009 1 32 32
49010 1 32 32
49011 1 32 32
49012 1 32 32
49013 1 32 32
49014 1 32 32
49015 1 32 32
49016 1 32 32
49017 1 32 32
49018 1 32 32
49019 1 32 32
49020 1 32 32
49021 1 32 32
49022 1 32 32
49023 1 32 32
49024 1 32 32
49025 1 32 32
49026 1 32 32
49027 1 32 32
49028 1 32 32
49029 1 32 32
49030 1 32 32
49031 1 32 32
49032 1 32 32
49033 1 32 32
49034 1 32 32
49035 1 32 32
49036 1 32 32
49037 1 32 32
49038 1 32 32
49039 1 32 32
49040 1 32 32
49041 1 32 32
49042 1 32 32
49043 1 32 32
49044 1 32 32
49045 1 32 32
49046 1 32 32
49047 1 32 32
49048 1 32 32
49049 1 32 32
49050 1 32 32
49051 1 32 32
49052 1 32 32
49053 1 32 32
49054 1 32 32
49055 1 32 32
49056 1 32 32
49057 1 32 32
49058 1 32 32
49059 1 32 32
49504 1 31 31
49505 1 31 31
49506 1 31 31
49507 1 31 31
49508 1 31 31
49509 1 31 31
49510 1 31 31
49511 1 31 31
49512 1 31 31
49513 1 31 31
49514 1 31 31
49515 1 31 31
49516 1 31 31
49517 1 31 31
49518 1 31 31
49519 1 31 31
49520 1 31 31
49521 1 31 31
49522 1 31 31
49523 1 31 31
49524 1 31 31
49525 1 31 31
49526 1 31 31
49527 1 31 31
49528 1 31 31
49529 1 31 31
49530 1 31 31
49531 1 31 31
49532 1 31 31
49533 1 31 31
49534 1 31 31
49535 1 31 31
49536 1 31 31
49537 1 31 31
49538 1 31 31
49539 1 31 31
49540 1 31 31
49541 1 31 31
49542 1 31 31
49543 1 31 31
49544 1 31 31
49545 1 31 31
49546 1 31 31
49547 1 31 31
49548 1 31 31
49549 1 31 31
49550 1 31 31
49551 1 31 31
49552 1 31 31
49553 1 31 31
49554 1 31 31
49555 1 31 31
49556 1 31 31
49557 1 31 31
49558 1 31 31
49559 1 31 31
49560 1 31 31
49561 1 31 31
49562 1 31 31
49563 1 31 31
49564 1 31 31
49565 1 31 31
49566 1 31 31
49567 1 31 31
49568 1 31 31
49569 1 31 31
49570 1 31 31
49571 1 31 31
49572 1 31 31
50016 1 30 30
50017 1 30 30
50018 1 30 30
50019 1 30 30
50020 1 30 30
50021 1 30 30
50022 1 30 30
50023 1 30 30
50024 1 30 30
50025 1 30 30
50026 1 30 30
50027 1 30 30
50028 1 30 30
50029 1 30 30
50030 1 30 30
50031 1 30 30
50032 1 30 30
50033 1 30 30
50034 1 30 30
50035 1 30 30
50036 1 30 30
50037 1 30 30
50038 1 30 30
50039 1 30 30
50040 1 30 30
50041 1 30 30
50042 1 30 30
50043 1 30 30
50044 1 30 30
50045 1 30 30
50046 1 30 30
50047 1 30 30
50048 1 30 30
50049 1 30 30
50050 1 30 30
50051 1 30 30
50052 1 30 30
50053 1 30 30
50054 1 30 30
50055 1 30 30
50056 1 30 30
50057 1 30 30
50058 1 30 30
50059 1 30 30
50060 1 30 30
50061 1 30 30
50062 1 30 30
50063 1 30 30
50064 1 30 30
50065 1 30 30
50066 1 30 30
50067 1 30 30
50068 1 30 30
50069 1 30 30
50070 1 30 30
50071 1 30 30
50072 1 30 30
50073 1 30 30
50074 1 30 30
50075 1 30 30
50076 1 30 30
50077 1 30 30
50078 1 30 30
50079 1 30 30
50080 1 30 30
50081 1 30 30
50082 1 30 30
50083 1 30 30
50084 1 30 30
50528 1 29 29
50529 1 29 29
50530 1 29 29
50531 1 29 29
50532 1 29 29
50533 1 29 29
50534 1 29 29
50535 1 29 29
50536 1 29 29
50537 1 29 29
50538 1 29 29
50539 1 29 29
50540 1 29 29
50541 1 29 29
50542 1 29 29
50543 1 29 29
50544 1 29 29
50545 1 29 29
50546 1 29 29
50547 1 29 29
50548 1 29 29
50549 1 29 29
50550 1 29 29
50551 1 29 29
50552 1 29 29
50553 1 29 29
50554 1 29 29
50555 1 29 29
50556 1 29 29
50557 1 29 29
50558 1 29 29
50559 1 29 29
50560 1 29 29
50561 1 29 29
50562 1 29 29
50563 1 29 29
50564 1 29 29
50565 1 29 29
50566 1 29 29
50567 1 29 29
50568 1 29 29
50569 1 29 29
50570 1 29 29
50571 1 29 29
50572 1 29 29
50573 1 29 29
50574 1 29 29
50575 1 29 29
50576 1 29 29
50577 1 29 29
50578 1 29 29
50579 1 29 29
50580 1 29 29
50581 1 29 29
50582 1 29 29
50583 1 29 29
50584 1 29 29
50585 1 29 29
50586 1 29 29
50587 1 29 29
50588 1 29 29
50589 1 29 29
50590 1 29 29
50591 1 29 29
50592 1 29 29
50593 1 29 29
50594 1 29 29
50595 1 29 29
50596 1 29 29
51039 1 28 28
51040 1 28 28
51041 1 28 28
51042 1 28 28
51043 1 28 28
51044 1 28 28
51045 1 28 28
51046 1 28 28
51047 1 28 28
51048 1 28 28
51049 1 28 28
51050 1 28 28
51051 1 28 28
51052 1 28 28
51053 1 28 28
51054 1 28 28
51055 1 28 28
51056 1 28 28
51057 1 28 28
51058 1 28 28
51059 1 28 28
51060 1 28 28
51061 1 28 28
51062 1 28 28
51063 1 28 28
51064 1 28 28
51065 1 28 28
51066 1 28 28
51067 1 28 28
51068 1 28 28
51069 1 28 28
51070 1 28 28
51071 1 28 28
51072 1 28 28
51073 1 28 28
51074 1 28 28
51075 1 28 28
51076 1 28 28
51077 1 28 28
51078 1 28 28
51079 1 28 28
51080 1 28 28
51081 1 28 28
51082 1 28 28
51083 1 28 28
51084 1 28 28
51085 1 28 28
51086 1 28 28
51087 1 28 28
51088 1 28 28
51089 1 28 28
51090 1 28 28
51091 1 28 28
51092 1 28 28
51093 1 28 28
51094 1 28 28
51095 1 28 28
51096 1 28 28
51097 1 28 28
51098 1 28 28
51099 1 28 28
51100 1 28 28
51101 1 28 28
51102 1 28 28
51103 1 28 28
51104 1 28 28
51105 1 28 28
51106 1 28 28
51107 1 28 28
51108 1 28 28
51109 1 28 28
51110 1 28 28
51551 1 27 27
51552 1 27 27
51553 1 27 27
51554 1 27 27
51555 1 27 27
51556 1 27 27
51557 1 27 27
51558 1 27 27
51559 1 27 27
51560 1 27 27
51561 1 27 27
51562 1 27 27
51563 1 27 27
51564 1 27 27
51565 1 27 27
51566 1 27 27
51567 1 27 27
51568 1 27 27
51569 1 27 27
51570 1 27 27
51571 1 27 27
51572 1 27 27
51573 1 27 27
51574 1 27 27
51575 1 27 27
51576 1 27 27
51577 1 27 27
51578 1 27 27
51579 1 27 27
51580 1 27 27
51581 1 27 27
51582 1 27 27
51583 1 27 27
51584 1 27 27
51585 1 27 27
51586 1 27 27
51587 1 27 27
51588 1 27 27
51589 1 27 27
51590 1 27 27
51591 1 27 27
51592 1 27 27
51593 1 27 27
51594 1 27 27
51595 1 27 27
51596 1 27 27
51597 1 27 27
51598 1 27 27
51599 1 27 27
51600 1 27 27
51601 1 27 27
51602 1 27 27
51603 1 27 27
51604 1 27 27
51605 1 27 27
51606 1 27 27
51607 1 27 27
51608 1 27 27
51609 1 27 27
51610 1 27 27
51611 1 27 27
51612 1 27 27
51613 1 27 27
51614 1 27 27
51615 1 27 27
51616 1 27 27
51617 1 27 27
51618 1 27 27
51619 1 27 27
51620 1 27 27
51621 1 27 27
51622 1 27 27
52062 1 26 26
52063 1 26 26
52064 1 26 26
52065 1 26 26
52066 1 26 26
52067 1 26 26
52068 1 26 26
52069 1 26 26
52070 1 26 26
52071 1 26 26
52072 1 26 26
52073 1 26 26
52074 1 26 26
52075 1 26 26
52076 1 26 26
52077 1 26 26
52078 1 26 26
52079 1 26 26
52080 1 26 26
52081 1 26 26
52082 1 26 26
52083 1 26 26
52084 1 26 26
52085 1 26 26
52086 1 26 26
52087 1 26 26
52088 1 26 26
52089 1 26 26
52090 1 26 26
52091 1 26 26
52092 1 26 26
52093 1 26 26
52094 1 26 26
52095 1 26 26
52096 1 26 26
52097 1 26 26
52098 1 26 26
52099 1 26 26
52100 1 26 26
52101 1 26 26
52102 1 26 26
52103 1 26 26
52104 1 26 26
52105 1 26 26
52106 1 26 26
52107 1 26 26
52108 1 26 26
52109 1 26 26
52110 1 26 26
52111 1 26 26
52112 1 26 26
52113 1 26 26
52114 1 26 26
52115 1 26 26
52116 1 26 26
52117 1 26 26
52118 1 26 26
52119 1 26 26
52120 1 26 26
52121 1 26 26
52122 1 26 26
52123 1 26 26
52124 1 26 26
52125 1 26 26
52126 1 26 26
52127 1 26 26
52128 1 26 26
52129 1 26 26
52130 1 26 26
52131 1 26 26
52132 1 26 26
52133 1 26 26
52134 1 26 26
52135 1 26 26
52574 1 25 25
52575 1 25 25
52576 1 25 25
52577 1 25 25
52578 1 25 25
52579 1 25 25
52580 1 25 25
52581 1 25 25
52582 1 25 25
52583 1 25 25
52584 1 25 25
52585 1 25 25
52586 1 25 25
52587 1 25 25
52588 1 25 25
52589 1 25 25
52590 1 25 25
52591 1 25 25
52592 1 25 25
52593 1 25 25
52594 1 25 25
52595 1 25 25
52596 1 25 25
52597 1 25 25
52598 1 25 25
52599 1 25 25
52600 1 25 25
52601 1 25 25
52602 1 25 25
52603 1 25 25
52604 1 25 25
52605 1 25 25
52606 1 25 25
52607 1 25 25
52608 1 25 25
52609 1 25 25
52610 1 25 25
52611 1 25 25
52612 1 25 25
52613 1 25 25
52614 1 25 25
52615 1 25 25
52616 1 25 25
52617 1 25 25
52618 1 25 25
52619 1 25 25
52620 1 25 25
52621 1 25 25
52622 1 25 25
52623 1 25 25
52624 1 25 25
52625 1 25 25
52626 1 25 25
52627 1 25 25
52628 1 25 25
52629 1 25 25
52630 1 25 25
52631 1 25 25
52632 1 25 25
52633 1 25 25
52634 1 25 25
52635 1 25 25
52636 1 25 25
52637 1 25 25
52638 1 25 25
52639 1 25 25
52640 1 25 25
52641 1 25 25
52642 1 25 25
52643 1 25 25
52644 1 25 25
52645 1 25 25
52646 1 25 25
52647 1 25 25
53086 1 24 24
53087 1 24 24
53088 1 24 24
53089 1 24 24
53090 1 24 24
53091 1 24 24
53092 1 24 24
53093 1 24 24
53094 1 24 24
53095 1 24 24
53096 1 24 24
53097 1 24 24
53098 1 24 24
53099 1 24 24
53100 1 24 24
53101 1 24 24
53102 1 24 24
53103 1 24 24
53104 1 24 24
53105 1 24 24
53106 1 24 24
53107 1 24 24
53108 1 24 24
53109 1 24 24
53110 1 24 24
53111 1 24 24
53112 1 24 24
53113 1 24 24
53114 1 24 24
53115 1 24 24
53116 1 24 24
53117 1 24 24
53118 1 24 24
53119 1 24 24
53120 1 24 24
53121 1 24 24
53122 1 24 24
53123 1 24 24
53124 1 24 24
53125 1 24 24
53126 1 24 24
53127 1 24 24
53128 1 24 24
53129 1 24 24
53130 1 24 24
53131 1 24 24
53132 1 24 24
53133 1 24 24
53134 1 24 24
53135 1 24 24
53136 1 24 24
53137 1 24 24
53138 1 24 24
53139 1 24 24
53140 1 24 24
53141 1 24 24
53142 1 24 24
53143 1 24 24
53144 1 24 24
53145 1 24 24
53146 1 24 24
53147 1 24 24
53148 1 24 24
53149 1 24 24
53150 1 24 24
53151 1 24 24
53152 1 24 24
53153 1 24 24
53154 1 24 24
53155 1 24 24
53156 1 24 24
53157 1 24 24
53158 1 24 24
53159 1 24 24
53160 1 24 24
53597 1 23 23
53598 1 23 23
53599 1 23 23
53600 1 23 23
53601 1 23 23
53602 1 23 23
53603 1 23 23
53604 1 23 23
53605 1 23 23
53606 1 23 23
53607 1 23 23
53608 1 23 23
53609 1 23 23
53610 1 23 23
53611 1 23 23
53612 1 23 23
53613 1 23 23
53614 1 23 23
53615 1 23 23
53616 1 23 23
53617 1 23 23
53618 1 23 23
53619 1 23 23
53620 1 23 23
53621 1 23 23
53622 1 23 23
53623 1 23 23
53624 1 23 23
53625 1 23 23
53626 1 23 23
53627 1 23 23
53628 1 23 23
53629 1 23 23
53630 1 23 23
53631 1 23 23
53632 1 23 23
53633 1 23 23
53634 1 23 23
53635 1 23 23
53636 1 23 23
53637 1 23 23
53638 1 23 23
53639 1 23 23
53640 1 23 23
53641 1 23 23
53642 1 23 23
53643 1 23 23
53644 1 23 23
53645 1 23 23
53646 1 23 23
53647 1 23 23
53648 1 23 23
53649 1 23 23
53650 1 23 23
53651 1 23 23
53652 1 23 23
53653 1 23 23
53654 1 23 23
53655 1 23 23
53656 1 23 23
53657 1 23 23
53658 1 23 23
53659 1 23 23
53660 1 23 23
53661 1 23 23
53662 1 23 23
53663 1 23 23
53664 1 23 23
53665 1 23 23
53666 1 23 23
53667 1 23 23
53668 1 23 23
53669 1 23 23
53670 1 23 23
53671 1 23 23
53672 1 23 23
54109 1 22 22
54110 1 22 22
54111 1 22 22
54112 1 22 22
54113 1 22 22
54114 1 22 22
54115 1 22 22
54116 1 22 22
54117 1 22 22
54118 1 22 22
54119 1 22 22
54120 1 22 22
54121 1 22 22
54122 1 22 22
54123 1 22 22
54124 1 22 22
54125 1 22 22
54126 1 22 22
54127 1 22 22
54128 1 22 22
54129 1 22 22
54130 1 22 22
54131 1 22 22
54132 1 22 22
54133 1 22 22
54134 1 22 22
54135 1 22 22
54136 1 22 22
54137 1 22 22
54138 1 22 22
54139 1 22 22
54140 1 22 22
54141 1 22 22
54142 1 22 22
54143 1 22 22
54144 1 22 22
54145 1 22 22
54146 1 22 22
54147 1 22 22
54148 1 22 22
54149 1 22 22
54150 1 22 22
54151 1 22 22
54152 1 22 22
54153 1 22 22
54154 1 22 22
54155 1 22 22
54156 1 22 22
54157 1 22 22
54158 1 22 22
54159 1 22 22
54160 1 22 22
54161 1 22 22
54162 1 22 22
54163 1 22 22
54164 1 22 22
54165 1 22 22
54166 1 22 22
54167 1 22 22
54168 1 22 22
54169 1 22 22
54170 1 22 22
54171 1 22 22
54172 1 22 22
54173 1 22 22
54174 1 22 22
54175 1 22 22
54176 1 22 22
54177 1 22 22
54178 1 22 22
54179 1 22 22
54180 1 22 22
54181 1 22 22
54182 1 22 22
54183 1 22 22
54184 1 22 22
54621 1 21 21
54622 1 21 21
54623 1 21 21
54624 1 21 21
54625 1 21 21
54626 1 21 21
54627 1 21 21
54628 1 21 21
54629 1 21 21
54630 1 21 21
54631 1 21 21
54632 1 21 21
54633 1 21 21
54634 1 21 21
54635 1 21 21
54636 1 21 21
54637 1 21 21
54638 1 21 21
54639 1 21 21
54640 1 21 21
54641 1 21 21
54642 1 21 21
54643 1 21 21
54644 1 21 21
54645 1 21 21
54646 1 21 21
54647 1 21 21
54648 1 21 21
54649 1 21 21
54650 1 21 21
54651 1 21 21
54652 1 21 21
54653 1 21 21
54654 1 21 21
54655 1 21 21
54656 1 21 21
54657 1 21 21
54658 1 21 21
54659 1 21 21
54660 1 21 21
54661 1 21 21
54662 1 21 21
54663 1 21 21
54664 1 21 21
54665 1 21 21
54666 1 21 21
54667 1 21 21
54668 1 21 21
54669 1 21 21
54670 1 21 21
54671 1 21 21
54672 1 21 21
54673 1 21 21
54674 1 21 21
54675 1 21 21
54676 1 21 21
54677 1 21 21
54678 1 21 21
54679 1 21 21
54680 1 21 21
54681 1 21 21
54682 1 21 21
54683 1 21 21
54684 1 21 21
54685 1 21 21
54686 1 21 21
54687 1 21 21
54688 1 21 21
54689 1 21 21
54690 1 21 21
54691 1 21 21
54692 1 21 21
54693 1 21 21
54694 1 21 21
54695 1 21 21
54696 1 21 21
54697 1 21 21
55133 1 20 20
55134 1 20 20
55135 1 20 20
55136 1 20 20
55137 1 20 20
55138 1 20 20
55139 1 20 20
55140 1 20 20
55141 1 20 20
55142 1 20 20
55143 1 20 20
55144 1 20 20
55145 1 20 20
55146 1 20 20
55147 1 20 20
55148 1 20 20
55149 1 20 20
55150 1 20 20
55151 1 20 20
55152 1 20 20
55153 1 20 20
55154 1 20 20
55155 1 20 20
55156 1 20 20
55157 1 20 20
55158 1 20 20
55159 1 20 20
55160 1 20 20
55161 1 20 20
55162 1 20 20
55163 1 20 20
55164 1 20 20
55165 1 20 20
55166 1 20 20
55167 1 20 20
55168 1 20 20
55169 1 20 20
55170 1 20 20
55171 1 20 20
55172 1 20 20
55173 1 20 20
55174 1 20 20
55175 1 20 20
55176 1 20 20
55177 1 20 20
55178 1 20 20
55179 1 20 20
55180 1 20 20
55181 1 20 20
55182 1 20 20
55183 1 20 20
55184 1 20 20
55185 1 20 20
55186 1 20 20
55187 1 20 20
55188 1 20 20
55189 1 20 20
55190 1 20 20
55191 1 20 20
55192 1 20 20
55193 1 20 20
55194 1 20 20
55195 1 20 20
55196 1 20 20
55197 1 20 20
55198 1 20 20
55199 1 20 20
55200 1 20 20
55201 1 20 20
55202 1 20 20
55203 1 20 20
55204 1 20 20
55205 1 20 20
55206 1 20 20
55207 1 20 20
55208 1 20 20
55209 1 20 20
55645 1 19 19
55646 1 19 19
55647 1 19 19
55648 1 19 19
55649 1 19 19
55650 1 19 19
55651 1 19 19
55652 1 19 19
55653 1 19 19
55654 1 19 19
55655 1 19 19
55656 1 19 19
55657 1 19 19
55658 1 19 19
55659 1 19 19
55660 1 19 19
55661 1 19 19
55662 1 19 19
55663 1 19 19
55664 1 19 19
55665 1 19 19
55666 1 19 19
55667 1 19 19
55668 1 19 19
55669 1 19 19
55670 1 19 19
55671 1 19 19
55672 1 19 19
55673 1 19 19
55674 1 19 19
55675 1 19 19
55676 1 19 19
55677 1 19 19
55678 1 19 19
55679 1 19 19
55680 1 19 19
55681 1 19 19
55682 1 19 19
55683 1 19 19
55684 1 19 19
55685 1 19 19
55686 1 19 19
55687 1 19 19
55688 1 19 19
55689 1 19 19
55690 1 19 19
55691 1 19 19
55692 1 19 19
55693 1 19 19
55694 1 19 19
55695 1 19 19
55696 1 19 19
55697 1 19 19
55698 1 19 19
55699 1 19 19
55700 1 19 19
55701 1 19 19
55702 1 19 19
55703 1 19 19
55704 1 19 19
55705 1 19 19
55706 1 19 19
55707 1 19 19
55708 1 19 19
55709 1 19 19
55710 1 19 19
55711 1 19 19
55712 1 19 19
55713 1 19 19
55714 1 19 19
55715 1 19 19
55716 1 19 19
55717 1 19 19
55718 1 19 19
55719 1 19 19
55720 1 19 19
55721 1 19 19
56155 1 18 18
56156 1 18 18
56157 1 18 18
56158 1 18 18
56159 1 18 18
56160 1 18 18
56161 1 18 18
56162 1 18 18
56163 1 18 18
56164 1 18 18
56165 1 18 18
56166 1 18 18
56167 1 18 18
56168 1 18 18
56169 1 18 18
56170 1 18 18
56171 1 18 18
56172 1 18 18
56173 1 18 18
56174 1 18 18
56175 1 18 18
56176 1 18 18
56177 1 18 18
56178 1 18 18
56179 1 18 18
56180 1 18 18
56181 1 18 18
56182 1 18 18
56183 1 18 18
56184 1 18 18
56185 1 18 18
56186 1 18 18
56187 1 18 18
56188 1 18 18
56189 1 18 18
56190 1 18 18
56191 1 18 18
56192 1 18 18
56193 1 18 18
56194 1 18 18
56195 1 18 18
56196 1 18 18
56197 1 18 18
56198 1 18 18
56199 1 18 18
56200 1 18 18
56201 1 18 18
56202 1 18 18
56203 1 18 18
56204 1 18 18
56205 1 18 18
56206 1 18 18
56207 1 18 18
56208 1 18 18
56209 1 18 18
56210 1 18 18
56211 1 18 18
56212 1 18 18
56213 1 18 18
56214 1 18 18
56215 1 18 18
56216 1 18 18
56217 1 18 18
56218 1 18 18
56219 1 18 18
56220 1 18 18
56221 1 18 18
56222 1 18 18
56223 1 18 18
56224 1 18 18
56225 1 18 18
56226 1 18 18
56227 1 18 18
56228 1 18 18
56229 1 18 18
56230 1 18 18
56231 1 18 18
56232 1 18 18
56233 1 18 18
56667 1 17 17
56668 1 17 17
56669 1 17 17
56670 1 17 17
56671 1 17 17
56672 1 17 17
56673 1 17 17
56674 1 17 17
56675 1 17 17
56676 1 17 17
56677 1 17 17
56678 1 17 17
56679 1 17 17
56680 1 17 17
56681 1 17 17
56682 1 17 17
56683 1 17 17
56684 1 17 17
56685 1 17 17
56686 1 17 17
56687 1 17 17
56688 1 17 17
56689 1 17 17
56690 1 17 17
56691 1 17 17
56692 1 17 17
56693 1 17 17
56694 1 17 17
56695 1 17 17
56696 1 17 17
56697 1 17 17
56698 1 17 17
56699 1 17 17
56700 1 17 17
56701 1 17 17
56702 1 17 17
56703 1 17 17
56704 1 17 17
56705 1 17 17
56706 1 17 17
56707 1 17 17
56708 1 17 17
56709 1 17 17
56710 1 17 17
56711 1 17 17
56712 1 17 17
56713 1 17 17
56714 1 17 17
56715 1 17 17
56716 1 17 17
56717 1 17 17
56718 1 17 17
56719 1 17 17
56720 1 17 17
56721 1 17 17
56722 1 17 17
56723 1 17 17
56724 1 17 17
56725 1 17 17
56726 1 17 17
56727 1 17 17
56728 1 17 17
56729 1 17 17
56730 1 17 17
56731 1 17 17
56732 1 17 17
56733 1 17 17
56734 1 17 17
56735 1 17 17
56736 1 17 17
56737 1 17 17
56738 1 17 17
56739 1 17 17
56740 1 17 17
56741 1 17 17
56742 1 17 17
56743 1 17 17
56744 1 17 17
56745 1 17 17
56746 1 17 17
56747 1 17 17
57179 1 16 16
57180 1 16 16
57181 1 16 16
57182 1 16 16
57183 1 16 16
57184 1 16 16
57185 1 16 16
57186 1 16 16
57187 1 16 16
57188 1 16 16
57189 1 16 16
57190 1 16 16
57191 1 16 16
57192 1 16 16
57193 1 16 16
57194 1 16 16
57195 1 16 16
57196 1 16 16
57197 1 16 16
57198 1 16 16
57199 1 16 16
57200 1 16 16
57201 1 16 16
57202 1 16 16
57203 1 16 16
57204 1 16 16
57205 1 16 16
57206 1 16 16
57207 1 16 16
57208 1 16 16
57209 1 16 16
57210 1 16 16
57211 1 16 16
57212 1 16 16
57213 1 16 16
57214 1 16 16
57215 1 16 16
57216 1 16 16
57217 1 16 16
57218 1 16 16
57219 1 16 16
57220 1 16 16
57221 1 16 16
57222 1 16 16
57223 1 16 16
57224 1 16 16
57225 1 16 16
57226 1 16 16
57227 1 16 16
57228 1 16 16
57229 1 16 16
57230 1 16 16
57231 1 16 16
57232 1 16 16
57233 1 16 16
57234 1 16 16
57235 1 16 16
57236 1 16 16
57237 1 16 16
57238 1 16 16
57239 1 16 16
57240 1 16 16
57241 1 16 16
57242 1 16 16
57243 1 16 16
57244 1 16 16
57245 1 16 16
57246 1 16 16
57247 1 16 16
57248 1 16 16
57249 1 16 16
57250 1 16 16
57251 1 16 16
57252 1 16 16
57253 1 16 16
57254 1 16 16
57255 1 16 16
57256 1 16 16
57257 1 16 16
57258 1 16 16
57259 1 16 16
57691 1 15 15
57692 1 15 15
57693 1 15 15
57694 1 15 15
57695 1 15 15
57696 1 15 15
57697 1 15 15
57698 1 15 15
57699 1 15 15
57700 1 15 15
57701 1 15 15
57702 1 15 15
57703 1 15 15
57704 1 15 15
57705 1 15 15
57706 1 15 15
57707 1 15 15
57708 1 15 15
57709 1 15 15
57710 1 15 15
57711 1 15 15
57712 1 15 15
57713 1 15 15
57714 1 15 15
57715 1 15 15
57716 1 15 15
57717 1 15 15
57718 1 15 15
57719 1 15 15
57720 1 15 15
57721 1 15 15
57722 1 15 15
57723 1 15 15
57724 1 15 15
57725 1 15 15
57726 1 15 15
57727 1 15 15
57728 1 15 15
57729 1 15 15
57730 1 15 15
57731 1 15 15
57732 1 15 15
57733 1 15 15
57734 1 15 15
57735 1 15 15
57736 1 15 15
57737 1 15 15
57738 1 15 15
57739 1 15 15
57740 1 15 15
57741 1 15 15
57742 1 15 15
57743 1 15 15
57744 1 15 15
57745 1 15 15
57746 1 15 15
57747 1 15 15
57748 1 15 15
57749 1 15 15
57750 1 15 15
57751 1 15 15
57752 1 15 15
57753 1 15 15
57754 1 15 15
57755 1 15 15
57756 1 15 15
57757 1 15 15
57758 1 15 15
57759 1 15 15
57760 1 15 15
57761 1 15 15
57762 1 15 15
57763 1 15 15
57764 1 15 15
57765 1 15 15
57766 1 15 15
57767 1 15 15
57768 1 15 15
57769 1 15 15
57770 1 15 15
57771 1 15 15
58203 1 14 14
58204 1 14 14
58205 1 14 14
58206 1 14 14
58207 1 14 14
58208 1 14 14
58209 1 14 14
58210 1 14 14
58211 1 14 14
58212 1 14 14
58213 1 14 14
58214 1 14 14
58215 1 14 14
58216 1 14 14
58217 1 14 14
58218 1 14 14
58219 1 14 14
58220 1 14 14
58221 1 14 14
58222 1 14 14
58223 1 14 14
58224 1 14 14
58225 1 14 14
58226 1 14 14
58227 1 14 14
58228 1 14 14
58229 1 14 14
58230 1 14 14
58231 1 14 14
58232 1 14 14
58233 1 14 14
58234 1 14 14
58235 1 14 14
58236 1 14 14
58237 1 14 14
58238 1 14 14
58239 1 14 14
58240 1 14 14
58241 1 14 14
58242 1 14 14
58243 1 14 14
58244 1 14 14
58245 1 14 14
58246 1 14 14
58247 1 14 14
58248 1 14 14
58249 1 14 14
58250 1 14 14
58251 1 14 14
58252 1 14 14
58253 1 14 14
58254 1 14 14
58255 1 14 14
58256 1 14 14
58257 1 14 14
58258 1 14 14
58259 1 14 14
58260 1 14 14
58261 1 14 14
58262 1 14 14
58263 1 14 14
58264 1 14 14
58265 1 14 14
58266 1 14 14
58267 1 14 14
58268 1 14 14
58269 1 14 14
58270 1 14 14
58271 1 14 14
58272 1 14 14
58273 1 14 14
58274 1 14 14
58275 1 14 14
58276 1 14 14
58277 1 14 14
58278 1 14 14
58279 1 14 14
58280 1 14 14
58281 1 14 14
58282 1 14 14
58283 1 14 14
58714 1 13 13
58715 1 13 13
58716 1 13 13
58717 1 13 13
58718 1 13 13
58719 1 13 13
58720 1 13 13
58721 1 13 13
58722 1 13 13
58723 1 13 13
58724 1 13 13
58725 1 13 13
58726 1 13 13
58727 1 13 13
58728 1 13 13
58729 1 13 13
58730 1 13 13
58731 1 13 13
58732 1 13 13
58733 1 13 13
58734 1 13 13
58735 1 13 13
58736 1 13 13
58737 1 13 13
58738 1 13 13
58739 1 13 13
58740 1 13 13
58741 1 13 13
58742 1 13 13
58743 1 13 13
58744 1 13 13
58745 1 13 13
58746 1 13 13
58747 1 13 13
58748 1 13 13
58749 1 13 13
58750 1 13 13
58751 1 13 13
58752 1 13 13
58753 1 13 13
58754 1 13 13
58755 1 13 13
58756 1 13 13
58757 1 13 13
58758 1 13 13
58759 1 13 13
58760 1 13 13
58761 1 13 13
58762 1 13 13
58763 1 13 13
58764 1 13 13
58765 1 13 13
58766 1 13 13
58767 1 13 13
58768 1 13 13
58769 1 13 13
58770 1 13 13
58771 1 13 13
58772 1 13 13
58773 1 13 13
58774 1 13 13
58775 1 13 13
58776 1 13 13
58777 1 13 13
58778 1 13 13
58779 1 13 13
58780 1 13 13
58781 1 13 13
58782 1 13 13
58783 1 13 13
58784 1 13 13
58785 1 13 13
58786 1 13 13
58787 1 13 13
58788 1 13 13
58789 1 13 13
58790 1 13 13
58791 1 13 13
58792 1 13 13
58793 1 13 13
58794 1 13 13
58795 1 13 13
59226 1 12 12
59227 1 12 12
59228 1 12 12
59229 1 12 12
59230 1 12 12
59231 1 12 12
59232 1 12 12
59233 1 12 12
59234 1 12 12
59235 1 12 12
59236 1 12 12
59237 1 12 12
59238 1 12 12
59239 1 12 12
59240 1 12 12
59241 1 12 12
59242 1 12 12
59243 1 12 12
59244 1 12 12
59245 1 12 12
59246 1 12 12
59247 1 12 12
59248 1 12 12
59249 1 12 12
59250 1 12 12
59251 1 12 12
59252 1 12 12
59253 1 12 12
59254 1 12 12
59255 1 12 12
59256 1 12 12
59257 1 12 12
59258 1 12 12
59259 1 12 12
59260 1 12 12
59261 1 12 12
59262 1 12 12
59263 1 12 12
59264 1 12 12
59265 1 12 12
59266 1 12 12
59267 1 12 12
59268 1 12 12
59269 1 12 12
59270 1 12 12
59271 1 12 12
59272 1 12 12
59273 1 12 12
59274 1 12 12
59275 1 12 12
59276 1 12 12
59277 1 12 12
59278 1 12 12
59279 1 12 12
59280 1 12 12
59281 1 12 12
59282 1 12 12
59283 1 12 12
59284 1 12 12
59285 1 12 12
59286 1 12 12
59287 1 12 12
59288 1 12 12
59289 1 12 12
59290 1 12 12
59291 1 12 12
59292 1 12 12
59293 1 12 12
59294 1 12 12
59295 1 12 12
59296 1 12 12
59297 1 12 12
59298 1 12 12
59299 1 12 12
59300 1 12 12
59301 1 12 12
59302 1 12 12
59303 1 12 12
59304 1 12 12
59305 1 12 12
59306 1 12 12
59307 1 12 12
59738 1 11 11
59739 1 11 11
59740 1 11 11
59741 1 11 11
59742 1 11 11
59743 1 11 11
59744 1 11 11
59745 1 11 11
59746 1 11 11
59747 1 11 11
59748 1 11 11
59749 1 11 11
59750 1 11 11
59751 1 11 11
59752 1 11 11
59753 1 11 11
59754 1 11 11
59755 1 11 11
59756 1 11 11
59757 1 11 11
59758 1 11 11
59759 1 11 11
59760 1 11 11
59761 1 11 11
59762 1 11 11
59763 1 11 11
59764 1 11 11
59765 1 11 11
59766 1 11 11
59767 1 11 11
59768 1 11 11
59769 1 11 11
59770 1 11 11
59771 1 11 11
59772 1 11 11
59773 1 11 11
59774 1 11 11
59775 1 11 11
59776 1 11 11
59777 1 11 11
59778 1 11 11
59779 1 11 11
59780 1 11 11
59781 1 11 11
59782 1 11 11
59783 1 11 11
59784 1 11 11
59785 1 11 11
59786 1 11 11
59787 1 11 11
59788 1 11 11
59789 1 11 11
59790 1 11 11
59791 1 11 11
59792 1 11 11
59793 1 11 11
59794 1 11 11
59795 1 11 11
59796 1 11 11
59797 1 11 11
59798 1 11 11
59799 1 11 11
59800 1 11 11
59801 1 11 11
59802 1 11 11
59803 1 11 11
59804 1 11 11
59805 1 11 11
59806 1 11 11
59807 1 11 11
59808 1 11 11
59809 1 11 11
59810 1 11 11
59811 1 11 11
59812 1 11 11
59813 1 11 11
59814 1 11 11
59815 1 11 11
59816 1 11 11
59817 1 11 11
59818 1 11 11
59819 1 11 11
60250 1 10 10
60251 1 10 10
60252 1 10 10
60253 1 10 10
60254 1 10 10
60255 1 10 10
60256 1 10 10
60257 1 10 10
60258 1 10 10
60259 1 10 10
60260 1 10 10
60261 1 10 10
60262 1 10 10
60263 1 10 10
60264 1 10 10
60265 1 10 10
60266 1 10 10
60267 1 10 10
60268 1 10 10
60269 1 10 10
60270 1 10 10
60271 1 10 10
60272 1 10 10
60273 1 10 10
60274 1 10 10
60275 1 10 10
60276 1 10 10
60277 1 10 10
60278 1 10 10
60279 1 10 10
60280 1 10 10
60281 1 10 10
60282 1 10 10
60283 1 10 10
60284 1 10 10
60285 1 10 10
60286 1 10 10
60287 1 10 10
60288 1 10 10
60289 1 10 10
60290 1 10 10
60291 1 10 10
60292 1 10 10
60293 1 10 10
60294 1 10 10
60295 1 10 10
60296 1 10 10
60297 1 10 10
60298 1 10 10
60299 1 10 10
60300 1 10 10
60301 1 10 10
60302 1 10 10
60303 1 10 10
60304 1 10 10
60305 1 10 10
60306 1 10 10
60307 1 10 10
60308 1 10 10
60309 1 10 10
60310 1 10 10
60311 1 10 10
60312 1 10 10
60313 1 10 10
60314 1 10 10
60315 1 10 10
60316 1 10 10
60317 1 10 10
60318 1 10 10
60319 1 10 10
60320 1 10 10
60321 1 10 10
60322 1 10 10
60323 1 10 10
60324 1 10 10
60325 1 10 10
60326 1 10 10
60327 1 10 10
60328 1 10 10
60329 1 10 10
60330 1 10 10
60331 1 10 10
60762 1 9 9
60763 1 9 9
60764 1 9 9
60765 1 9 9
60766 1 9 9
60767 1 9 9
60768 1 9 9
60769 1 9 9
60770 1 9 9
60771 1 9 9
60772 1 9 9
60773 1 9 9
60774 1 9 9
60775 1 9 9
60776 1 9 9
60777 1 9 9
60778 1 9 9
60779 1 9 9
60780 1 9 9
60781 1 9 9
60782 1 9 9
60783 1 9 9
60784 1 9 9
60785 1 9 9
60786 1 9 9
60787 1 9 9
60788 1 9 9
60789 1 9 9
60790 1 9 9
60791 1 9 9
60792 1 9 9
60793 1 9 9
60794 1 9 9
60795 1 9 9
60796 1 9 9
60797 1 9 9
60798 1 9 9
60799 1 9 9
60800 1 9 9
60801 1 9 9
60802 1 9 9
60803 1 9 9
60804 1 9 9
60805 1 9 9
60806 1 9 9
60807 1 9 9
60808 1 9 9
60809 1 9 9
60810 1 9 9
60811 1 9 9
60812 1 9 9
60813 1 9 9
60814 1 9 9
60815 1 9 9
60816 1 9 9
60817 1 9 9
60818 1 9 9
60819 1 9 9
60820 1 9 9
60821 1 9 9
60822 1 9 9
60823 1 9 9
60824 1 9 9
60825 1 9 9
60826 1 9 9
60827 1 9 9
60828 1 9 9
60829 1 9 9
60830 1 9 9
60831 1 9 9
60832 1 9 9
60833 1 9 9
60834 1 9 9
60835 1 9 9
60836 1 9 9
60837 1 9 9
60838 1 9 9
60839 1 9 9
60840 1 9 9
60841 1 9 9
60842 1 9 9
60843 1 9 9
61274 1 8 8
61275 1 8 8
61276 1 8 8
61277 1 8 8
61278 1 8 8
61279 1 8 8
61280 1 8 8
61281 1 8 8
61282 1 8 8
61283 1 8 8
61284 1 8 8
61285 1 8 8
61286 1 8 8
61287 1 8 8
61288 1 8 8
61289 1 8 8
61290 1 8 8
61291 1 8 8
61292 1 8 8
61293 1 8 8
61294 1 8 8
61295 1 8 8
61296 1 8 8
61297 1 8 8
61298 1 8 8
61299 1 8 8
61300 1 8 8
61301 1 8 8
61302 1 8 8
61303 1 8 8
61304 1 8 8
61305 1 8 8
61306 1 8 8
61307 1 8 8
61308 1 8 8
61309 1 8 8
61310 1 8 8
61311 1 8 8
61312 1 8 8
61313 1 8 8
61314 1 8 8
61315 1 8 8
61316 1 8 8
61317 1 8 8
61318 1 8 8
61319 1 8 8
61320 1 8 8
61321 1 8 8
61322 1 8 8
61323 1 8 8
61324 1 8 8
61325 1 8 8
61326 1 8 8
61327 1 8 8
61328 1 8 8
61329 1 8 8
61330 1 8 8
61331 1 8 8
61332 1 8 8
61333 1 8 8
61334 1 8 8
61335 1 8 8
61336 1 8 8
61337 1 8 8
61338 1 8 8
61339 1 8 8
61340 1 8 8
61341 1 8 8
61342 1 8 8
61343 1 8 8
61344 1 8 8
61345 1 8 8
61346 1 8 8
61347 1 8 8
61348 1 8 8
61349 1 8 8
61350 1 8 8
61351 1 8 8
61352 1 8 8
61353 1 8 8
61354 1 8 8
61355 1 8 8
61786 1 7 7
61787 1 7 7
61788 1 7 7
61789 1 7 7
61790 1 7 7
61791 1 7 7
61792 1 7 7
61793 1 7 7
61794 1 7 7
61795 1 7 7
61796 1 7 7
61797 1 7 7
61798 1 7 7
61799 1 7 7
61800 1 7 7
61801 1 7 7
61802 1 7 7
61803 1 7 7
61804 1 7 7
61805 1 7 7
61806 1 7 7
61807 1 7 7
61808 1 7 7
61809 1 7 7
61810 1 7 7
61811 1 7 7
61812 1 7 7
61813 1 7 7
61814 1 7 7
61815 1 7 7
61816 1 7 7
61817 1 7 7
61818 1 7 7
61819 1 7 7
61820 1 7 7
61821 1 7 7
61822 1 7 7
61823 1 7 7
61824 1 7 7
61825 1 7 7
61826 1 7 7
61827 1 7 7
61828 1 7 7
61829 1 7 7
61830 1 7 7
61831 1 7 7
61832 1 7 7
61833 1 7 7
61834 1 7 7
61835 1 7 7
61836 1 7 7
61837 1 7 7
61838 1 7 7
61839 1 7 7
61840 1 7 7
61841 1 7 7
61842 1 7 7
61843 1 7 7
61844 1 7 7
61845 1 7 7
61846 1 7 7
61847 1 7 7
61848 1 7 7
61849 1 7 7
61850 1 7 7
61851 1 7 7
61852 1 7 7
61853 1 7 7
61854 1 7 7
61855 1 7 7
61856 1 7 7
61857 1 7 7
61858 1 7 7
61859 1 7 7
61860 1 7 7
61861 1 7 7
61862 1 7 7
61863 1 7 7
61864 1 7 7
61865 1 7 7
61866 1 7 7
61867 1 7 7
61952 1 6 6
61953 1 6 6
61954 1 6 6
61955 1 6 6
61956 1 6 6
61957 1 6 6
61958 1 6 6
61959 1 6 6
61960 1 6 6
61961 1 6 6
61962 1 6 6
61963 1 6 6
61964 1 6 6
61965 1 6 6
61966 1 6 6
61967 1 6 6
61968 1 6 6
61969 1 6 6
61970 1 6 6
61971 1 6 6
61972 1 6 6
61973 1 6 6
61974 1 6 6
61975 1 6 6
61976 1 6 6
61977 1 6 6
61978 1 6 6
61979 1 6 6
61980 1 6 6
61981 1 6 6
61982 1 6 6
61983 1 6 6
61984 1 6 6
61985 1 6 6
61986 1 6 6
61987 1 6 6
61988 1 6 6
61989 1 6 6
61990 1 6 6
61991 1 6 6
61992 1 6 6
61993 1 6 6
61994 1 6 6
61995 1 6 6
61996 1 6 6
61997 1 6 6
61998 1 6 6
61999 1 6 6
62000 1 6 6
62001 1 6 6
62002 1 6 6
62003 1 6 6
62004 1 6 6
62005 1 6 6
62006 1 6 6
62007 1 6 6
62008 1 6 6
62009 1 6 6
62010 1 6 6
62011 1 6 6
62012 1 6 6
62013 1 6 6
62014 1 6 6
62015 1 6 6
62016 1 6 6
62017 1 6 6
62018 1 6 6
62019 1 6 6
62020 1 6 6
62021 1 6 6
62022 1 6 6
62023 1 6 6
62024 1 6 6
62025 1 6 6
62026 1 6 6
62027 1 6 6
62028 1 6 6
62029 1 6 6
62030 1 6 6
62031 1 6 6
62032 1 6 6
62033 1 6 6
62034 1 6 6
62035 1 6 6
62036 1 6 6
62037 1 6 6
62038 1 6 6
62039 1 6 6
62040 1 6 6
62041 1 6 6
62042 1 6 6
62043 1 6 6
62044 1 6 6
62045 1 6 6
62046 1 6 6
62047 1 6 6
62048 1 6 6
62049 1 6 6
62050 1 6 6
62051 1 6 6
62052 1 6 6
62053 1 6 6
62054 1 6 6
62055 1 6 6
62056 1 6 6
62057 1 6 6
62058 1 6 6
62059 1 6 6
62060 1 6 6
62061 1 6 6
62062 1 6 6
62063 1 6 6
62064 1 6 6
62065 1 6 6
62066 1 6 6
62067 1 6 6
62068 1 6 6
62069 1 6 6
62070 1 6 6
62071 1 6 6
62072 1 6 6
62073 1 6 6
62074 1 6 6
62075 1 6 6
62076 1 6 6
62077 1 6 6
62078 1 6 6
62079 1 6 6
62080 1 6 6
62081 1 6 6
62082 1 6 6
62083 1 6 6
62084 1 6 6
62085 1 6 6
62086 1 6 6
62087 1 6 6
62088 1 6 6
62089 1 6 6
62090 1 6 6
62091 1 6 6
62092 1 6 6
62093 1 6 6
62094 1 6 6
62095 1 6 6
62096 1 6 6
62097 1 6 6
62098 1 6 6
62099 1 6 6
62100 1 6 6
62101 1 6 6
62102 1 6 6
62103 1 6 6
62104 1 6 6
62105 1 6 6
62106 1 6 6
62107 1 6 6
62108 1 6 6
62109 1 6 6
62110 1 6 6
62111 1 6 6
62112 1 6 6
62113 1 6 6
62114 1 6 6
62115 1 6 6
62116 1 6 6
62117 1 6 6
62118 1 6 6
62119 1 6 6
62120 1 6 6
62121 1 6 6
62122 1 6 6
62123 1 6 6
62124 1 6 6
62125 1 6 6
62126 1 6 6
62127 1 6 6
62128 1 6 6
62129 1 6 6
62130 1 6 6
62131 1 6 6
62132 1 6 6
62133 1 6 6
62134 1 6 6
62135 1 6 6
62136 1 6 6
62137 1 6 6
62138 1 6 6
62139 1 6 6
62140 1 6 6
62141 1 6 6
62142 1 6 6
62143 1 6 6
62144 1 6 6
62145 1 6 6
62146 1 6 6
62147 1 6 6
62148 1 6 6
62149 1 6 6
62150 1 6 6
62151 1 6 6
62152 1 6 6
62153 1 6 6
62154 1 6 6
62155 1 6 6
62156 1 6 6
62157 1 6 6
62158 1 6 6
62159 1 6 6
62160 1 6 6
62161 1 6 6
62162 1 6 6
62163 1 6 6
62164 1 6 6
62165 1 6 6
62166 1 6 6
62167 1 6 6
62168 1 6 6
62169 1 6 6
62170 1 6 6
62171 1 6 6
62172 1 6 6
62173 1 6 6
62174 1 6 6
62175 1 6 6
62176 1 6 6
62177 1 6 6
62178 1 6 6
62179 1 6 6
62180 1 6 6
62181 1 6 6
62182 1 6 6
62183 1 6 6
62184 1 6 6
62185 1 6 6
62186 1 6 6
62187 1 6 6
62188 1 6 6
62189 1 6 6
62190 1 6 6
62191 1 6 6
62192 1 6 6
62193 1 6 6
62194 1 6 6
62195 1 6 6
62196 1 6 6
62197 1 6 6
62198 1 6 6
62199 1 6 6
62200 1 6 6
62201 1 6 6
62202 1 6 6
62203 1 6 6
62204 1 6 6
62205 1 6 6
62206 1 6 6
62207 1 6 6
62208 1 6 6
62209 1 6 6
62210 1 6 6
62211 1 6 6
62212 1 6 6
62213 1 6 6
62214 1 6 6
62215 1 6 6
62216 1 6 6
62217 1 6 6
62218 1 6 6
62219 1 6 6
62220 1 6 6
62221 1 6 6
62222 1 6 6
62223 1 6 6
62224 1 6 6
62225 1 6 6
62226 1 6 6
62227 1 6 6
62228 1 6 6
62229 1 6 6
62230 1 6 6
62231 1 6 6
62232 1 6 6
62233 1 6 6
62234 1 6 6
62235 1 6 6
62236 1 6 6
62237 1 6 6
62238 1 6 6
62239 1 6 6
62240 1 6 6
62241 1 6 6
62242 1 6 6
62243 1 6 6
62244 1 6 6
62245 1 6 6
62246 1 6 6
62247 1 6 6
62248 1 6 6
62249 1 6 6
62250 1 6 6
62251 1 6 6
62252 1 6 6
62253 1 6 6
62254 1 6 6
62255 1 6 6
62256 1 6 6
62257 1 6 6
62258 1 6 6
62259 1 6 6
62260 1 6 6
62261 1 6 6
62262 1 6 6
62263 1 6 6
62264 1 6 6
62265 1 6 6
62266 1 6 6
62267 1 6 6
62268 1 6 6
62269 1 6 6
62270 1 6 6
62271 1 6 6
62272 1 6 6
62273 1 6 6
62274 1 6 6
62275 1 6 6
62276 1 6 6
62277 1 6 6
62278 1 6 6
62279 1 6 6
62280 1 6 6
62281 1 6 6
62282 1 6 6
62283 1 6 6
62284 1 6 6
62285 1 6 6
62286 1 6 6
62287 1 6 6
62288 1 6 6
62289 1 6 6
62290 1 6 6
62291 1 6 6
62292 1 6 6
62293 1 6 6
62294 1 6 6
62295 1 6 6
62296 1 6 6
62297 1 6 6
62298 1 6 6
62299 1 6 6
62300 1 6 6
62301 1 6 6
62302 1 6 6
62303 1 6 6
62304 1 6 6
62305 1 6 6
62306 1 6 6
62307 1 6 6
62308 1 6 6
62309 1 6 6
62310 1 6 6
62311 1 6 6
62312 1 6 6
62313 1 6 6
62314 1 6 6
62315 1 6 6
62316 1 6 6
62317 1 6 6
62318 1 6 6
62319 1 6 6
62320 1 6 6
62321 1 6 6
62322 1 6 6
62323 1 6 6
62324 1 6 6
62325 1 6 6
62326 1 6 6
62327 1 6 6
62328 1 6 6
62329 1 6 6
62330 1 6 6
62331 1 6 6
62332 1 6 6
62333 1 6 6
62334 1 6 6
62335 1 6 6
62336 1 6 6
62337 1 6 6
62338 1 6 6
62339 1 6 6
62340 1 6 6
62341 1 6 6
62342 1 6 6
62343 1 6 6
62344 1 6 6
62345 1 6 6
62346 1 6 6
62347 1 6 6
62348 1 6 6
62349 1 6 6
62350 1 6 6
62351 1 6 6
62352 1 6 6
62353 1 6 6
62354 1 6 6
62355 1 6 6
62356 1 6 6
62357 1 6 6
62358 1 6 6
62359 1 6 6
62360 1 6 6
62361 1 6 6
62362 1 6 6
62363 1 6 6
62364 1 6 6
62365 1 6 6
62366 1 6 6
62367 1 6 6
62368 1 6 6
62369 1 6 6
62370 1 6 6
62371 1 6 6
62372 1 6 6
62373 1 6 6
62374 1 6 6
62375 1 6 6
62376 1 6 6
62377 1 6 6
62378 1 6 6
62379 1 6 6
62380 1 6 6
62381 1 6 6
62382 1 6 6
62383 1 6 6
62384 1 6 6
62385 1 6 6
62386 1 6 6
62387 1 6 6
62388 1 6 6
62389 1 6 6
62390 1 6 6
62391 1 6 6
62392 1 6 6
62393 1 6 6
62394 1 6 6
62395 1 6 6
62396 1 6 6
62397 1 6 6
62398 1 6 6
62399 1 6 6
62400 1 6 6
62401 1 6 6
62402 1 6 6
62403 1 6 6
62404 1 6 6
62405 1 6 6
62406 1 6 6
62407 1 6 6
62408 1 6 6
62409 1 6 6
62410 1 6 6
62411 1 6 6
62412 1 6 6
62413 1 6 6
62414 1 6 6
62415 1 6 6
62416 1 6 6
62417 1 6 6
62418 1 6 6
62419 1 6 6
62420 1 6 6
62421 1 6 6
62422 1 6 6
62423 1 6 6
62424 1 6 6
62425 1 6 6
62426 1 6 6
62427 1 6 6
62428 1 6 6
62429 1 6 6
62430 1 6 6
62431 1 6 6
62432 1 6 6
62433 1 6 6
62434 1 6 6
62435 1 6 6
62436 1 6 6
62437 1 6 6
62438 1 6 6
62439 1 6 6
62440 1 6 6
62441 1 6 6
62442 1 6 6
62443 1 6 6
62444 1 6 6
62445 1 6 6
62446 1 6 6
62447 1 6 6
62448 1 6 6
62449 1 6 6
62450 1 6 6
62451 1 6 6
62452 1 6 6
62453 1 6 6
62454 1 6 6
62455 1 6 6
62456 1 6 6
62457 1 6 6
62458 1 6 6
62459 1 6 6
62460 1 6 6
62461 1 6 6
62462 1 6 6
62463 1 6 6
62464 1 5 5
62465 1 5 5
62466 1 5 5
62467 1 5 5
62468 1 5 5
62469 1 5 5
62470 1 5 5
62471 1 5 5
62472 1 5 5
62473 1 5 5
62474 1 5 5
62475 1 5 5
62476 1 5 5
62477 1 5 5
62478 1 5 5
62479 1 5 5
62480 1 5 5
62481 1 5 5
62482 1 5 5
62483 1 5 5
62484 1 5 5
62485 1 5 5
62486 1 5 5
62487 1 5 5
62488 1 5 5
62489 1 5 5
62490 1 5 5
62491 1 5 5
62492 1 5 5
62493 1 5 5
62494 1 5 5
62495 1 5 5
62496 1 5 5
62497 1 5 5
62498 1 5 5
62499 1 5 5
62500 1 5 5
62501 1 5 5
62502 1 5 5
62503 1 5 5
62504 1 5 5
62505 1 5 5
62506 1 5 5
62507 1 5 5
62508 1 5 5
62509 1 5 5
62510 1 5 5
62511 1 5 5
62512 1 5 5
62513 1 5 5
62514 1 5 5
62515 1 5 5
62516 1 5 5
62517 1 5 5
62518 1 5 5
62519 1 5 5
62520 1 5 5
62521 1 5 5
62522 1 5 5
62523 1 5 5
62524 1 5 5
62525 1 5 5
62526 1 5 5
62527 1 5 5
62528 1 5 5
62529 1 5 5
62530 1 5 5
62531 1 5 5
62532 1 5 5
62533 1 5 5
62534 1 5 5
62535 1 5 5
62536 1 5 5
62537 1 5 5
62538 1 5 5
62539 1 5 5
62540 1 5 5
62541 1 5 5
62542 1 5 5
62543 1 5 5
62544 1 5 5
62545 1 5 5
62546 1 5 5
62547 1 5 5
62548 1 5 5
62549 1 5 5
62550 1 5 5
62551 1 5 5
62552 1 5 5
62553 1 5 5
62554 1 5 5
62555 1 5 5
62556 1 5 5
62557 1 5 5
62558 1 5 5
62559 1 5 5
62560 1 5 5
62561 1 5 5
62562 1 5 5
62563 1 5 5
62564 1 5 5
62565 1 5 5
62566 1 5 5
62567 1 5 5
62568 1 5 5
62569 1 5 5
62570 1 5 5
62571 1 5 5
62572 1 5 5
62573 1 5 5
62574 1 5 5
62575 1 5 5
62576 1 5 5
62577 1 5 5
62578 1 5 5
62579 1 5 5
62580 1 5 5
62581 1 5 5
62582 1 5 5
62583 1 5 5
62584 1 5 5
62585 1 5 5
62586 1 5 5
62587 1 5 5
62588 1 5 5
62589 1 5 5
62590 1 5 5
62591 1 5 5
62592 1 5 5
62593 1 5 5
62594 1 5 5
62595 1 5 5
62596 1 5 5
62597 1 5 5
62598 1 5 5
62599 1 5 5
62600 1 5 5
62601 1 5 5
62602 1 5 5
62603 1 5 5
62604 1 5 5
62605 1 5 5
62606 1 5 5
62607 1 5 5
62608 1 5 5
62609 1 5 5
62610 1 5 5
62611 1 5 5
62612 1 5 5
62613 1 5 5
62614 1 5 5
62615 1 5 5
62616 1 5 5
62617 1 5 5
62618 1 5 5
62619 1 5 5
62620 1 5 5
62621 1 5 5
62622 1 5 5
62623 1 5 5
62624 1 5 5
62625 1 5 5
62626 1 5 5
62627 1 5 5
62628 1 5 5
62629 1 5 5
62630 1 5 5
62631 1 5 5
62632 1 5 5
62633 1 5 5
62634 1 5 5
62635 1 5 5
62636 1 5 5
62637 1 5 5
62638 1 5 5
62639 1 5 5
62640 1 5 5
62641 1 5 5
62642 1 5 5
62643 1 5 5
62644 1 5 5
62645 1 5 5
62646 1 5 5
62647 1 5 5
62648 1 5 5
62649 1 5 5
62650 1 5 5
62651 1 5 5
62652 1 5 5
62653 1 5 5
62654 1 5 5
62655 1 5 5
62656 1 5 5
62657 1 5 5
62658 1 5 5
62659 1 5 5
62660 1 5 5
62661 1 5 5
62662 1 5 5
62663 1 5 5
62664 1 5 5
62665 1 5 5
62666 1 5 5
62667 1 5 5
62668 1 5 5
62669 1 5 5
62670 1 5 5
62671 1 5 5
62672 1 5 5
62673 1 5 5
62674 1 5 5
62675 1 5 5
62676 1 5 5
62677 1 5 5
62678 1 5 5
62679 1 5 5
62680 1 5 5
62681 1 5 5
62682 1 5 5
62683 1 5 5
62684 1 5 5
62685 1 5 5
62686 1 5 5
62687 1 5 5
62688 1 5 5
62689 1 5 5
62690 1 5 5
62691 1 5 5
62692 1 5 5
62693 1 5 5
62694 1 5 5
62695 1 5 5
62696 1 5 5
62697 1 5 5
62698 1 5 5
62699 1 5 5
62700 1 5 5
62701 1 5 5
62702 1 5 5
62703 1 5 5
62704 1 5 5
62705 1 5 5
62706 1 5 5
62707 1 5 5
62708 1 5 5
62709 1 5 5
62710 1 5 5
62711 1 5 5
62712 1 5 5
62713 1 5 5
62714 1 5 5
62715 1 5 5
62716 1 5 5
62717 1 5 5
62718 1 5 5
62719 1 5 5
62720 1 5 5
62721 1 5 5
62722 1 5 5
62723 1 5 5
62724 1 5 5
62725 1 5 5
62726 1 5 5
62727 1 5 5
62728 1 5 5
62729 1 5 5
62730 1 5 5
62731 1 5 5
62732 1 5 5
62733 1 5 5
62734 1 5 5
62735 1 5 5
62736 1 5 5
62737 1 5 5
62738 1 5 5
62739 1 5 5
62740 1 5 5
62741 1 5 5
62742 1 5 5
62743 1 5 5
62744 1 5 5
62745 1 5 5
62746 1 5 5
62747 1 5 5
62748 1 5 5
62749 1 5 5
62750 1 5 5
62751 1 5 5
62752 1 5 5
62753 1 5 5
62754 1 5 5
62755 1 5 5
62756 1 5 5
62757 1 5 5
62758 1 5 5
62759 1 5 5
62760 1 5 5
62761 1 5 5
62762 1 5 5
62763 1 5 5
62764 1 5 5
62765 1 5 5
62766 1 5 5
62767 1 5 5
62768 1 5 5
62769 1 5 5
62770 1 5 5
62771 1 5 5
62772 1 5 5
62773 1 5 5
62774 1 5 5
62775 1 5 5
62776 1 5 5
62777 1 5 5
62778 1 5 5
62779 1 5 5
62780 1 5 5
62781 1 5 5
62782 1 5 5
62783 1 5 5
62784 1 5 5
62785 1 5 5
62786 1 5 5
62787 1 5 5
62788 1 5 5
62789 1 5 5
62790 1 5 5
62791 1 5 5
62792 1 5 5
62793 1 5 5
62794 1 5 5
62795 1 5 5
62796 1 5 5
62797 1 5 5
62798 1 5 5
62799 1 5 5
62800 1 5 5
62801 1 5 5
62802 1 5 5
62803 1 5 5
62804 1 5 5
62805 1 5 5
62806 1 5 5
62807 1 5 5
62808 1 5 5
62809 1 5 5
62810 1 5 5
62811 1 5 5
62812 1 5 5
62813 1 5 5
62814 1 5 5
62815 1 5 5
62816 1 5 5
62817 1 5 5
62818 1 5 5
62819 1 5 5
62820 1 5 5
62821 1 5 5
62822 1 5 5
62823 1 5 5
62824 1 5 5
62825 1 5 5
62826 1 5 5
62827 1 5 5
62828 1 5 5
62829 1 5 5
62830 1 5 5
62831 1 5 5
62832 1 5 5
62833 1 5 5
62834 1 5 5
62835 1 5 5
62836 1 5 5
62837 1 5 5
62838 1 5 5
62839 1 5 5
62840 1 5 5
62841 1 5 5
62842 1 5 5
62843 1 5 5
62844 1 5 5
62845 1 5 5
62846 1 5 5
62847 1 5 5
62848 1 5 5
62849 1 5 5
62850 1 5 5
62851 1 5 5
62852 1 5 5
62853 1 5 5
62854 1 5 5
62855 1 5 5
62856 1 5 5
62857 1 5 5
62858 1 5 5
62859 1 5 5
62860 1 5 5
62861 1 5 5
62862 1 5 5
62863 1 5 5
62864 1 5 5
62865 1 5 5
62866 1 5 5
62867 1 5 5
62868 1 5 5
62869 1 5 5
62870 1 5 5
62871 1 5 5
62872 1 5 5
62873 1 5 5
62874 1 5 5
62875 1 5 5
62876 1 5 5
62877 1 5 5
62878 1 5 5
62879 1 5 5
62880 1 5 5
62881 1 5 5
62882 1 5 5
62883 1 5 5
62884 1 5 5
62885 1 5 5
62886 1 5 5
62887 1 5 5
62888 1 5 5
62889 1 5 5
62890 1 5 5
62891 1 5 5
62892 1 5 5
62893 1 5 5
62894 1 5 5
62895 1 5 5
62896 1 5 5
62897 1 5 5
62898 1 5 5
62899 1 5 5
62900 1 5 5
62901 1 5 5
62902 1 5 5
62903 1 5 5
62904 1 5 5
62905 1 5 5
62906 1 5 5
62907 1 5 5
62908 1 5 5
62909 1 5 5
62910 1 5 5
62911 1 5 5
62912 1 5 5
62913 1 5 5
62914 1 5 5
62915 1 5 5
62916 1 5 5
62917 1 5 5
62918 1 5 5
62919 1 5 5
62920 1 5 5
62921 1 5 5
62922 1 5 5
62923 1 5 5
62924 1 5 5
62925 1 5 5
62926 1 5 5
62927 1 5 5
62928 1 5 5
62929 1 5 5
62930 1 5 5
62931 1 5 5
62932 1 5 5
62933 1 5 5
62934 1 5 5
62935 1 5 5
62936 1 5 5
62937 1 5 5
62938 1 5 5
62939 1 5 5
62940 1 5 5
62941 1 5 5
62942 1 5 5
62943 1 5 5
62944 1 5 5
62945 1 5 5
62946 1 5 5
62947 1 5 5
62948 1 5 5
62949 1 5 5
62950 1 5 5
62951 1 5 5
62952 1 5 5
62953 1 5 5
62954 1 5 5
62955 1 5 5
62956 1 5 5
62957 1 5 5
62958 1 5 5
62959 1 5 5
62960 1 5 5
62961 1 5 5
62962 1 5 5
62963 1 5 5
62964 1 5 5
62965 1 5 5
62966 1 5 5
62967 1 5 5
62968 1 5 5
62969 1 5 5
62970 1 5 5
62971 1 5 5
62972 1 5 5
62973 1 5 5
62974 1 5 5
62975 1 5 5
62976 1 4 4
62977 1 4 4
62978 1 4 4
62979 1 4 4
62980 1 4 4
62981 1 4 4
62982 1 4 4
62983 1 4 4
62984 1 4 4
62985 1 4 4
62986 1 4 4
62987 1 4 4
62988 1 4 4
62989 1 4 4
62990 1 4 4
62991 1 4 4
62992 1 4 4
62993 1 4 4
62994 1 4 4
62995 1 4 4
62996 1 4 4
62997 1 4 4
62998 1 4 4
62999 1 4 4
63000 1 4 4
63001 1 4 4
63002 1 4 4
63003 1 4 4
63004 1 4 4
63005 1 4 4
63006 1 4 4
63007 1 4 4
63008 1 4 4
63009 1 4 4
63010 1 4 4
63011 1 4 4
63012 1 4 4
63013 1 4 4
63014 1 4 4
63015 1 4 4
63016 1 4 4
63017 1 4 4
63018 1 4 4
63019 1 4 4
63020 1 4 4
63021 1 4 4
63022 1 4 4
63023 1 4 4
63024 1 4 4
63025 1 4 4
63026 1 4 4
63027 1 4 4
63028 1 4 4
63029 1 4 4
63030 1 4 4
63031 1 4 4
63032 1 4 4
63033 1 4 4
63034 1 4 4
63035 1 4 4
63036 1 4 4
63037 1 4 4
63038 1 4 4
63039 1 4 4
63040 1 4 4
63041 1 4 4
63042 1 4 4
63043 1 4 4
63044 1 4 4
63045 1 4 4
63046 1 4 4
63047 1 4 4
63048 1 4 4
63049 1 4 4
63050 1 4 4
63051 1 4 4
63052 1 4 4
63053 1 4 4
63054 1 4 4
63055 1 4 4
63056 1 4 4
63057 1 4 4
63058 1 4 4
63059 1 4 4
63060 1 4 4
63061 1 4 4
63062 1 4 4
63063 1 4 4
63064 1 4 4
63065 1 4 4
63066 1 4 4
63067 1 4 4
63068 1 4 4
63069 1 4 4
63070 1 4 4
63071 1 4 4
63072 1 4 4
63073 1 4 4
63074 1 4 4
63075 1 4 4
63076 1 4 4
63077 1 4 4
63078 1 4 4
63079 1 4 4
63080 1 4 4
63081 1 4 4
63082 1 4 4
63083 1 4 4
63084 1 4 4
63085 1 4 4
63086 1 4 4
63087 1 4 4
63088 1 4 4
63089 1 4 4
63090 1 4 4
63091 1 4 4
63092 1 4 4
63093 1 4 4
63094 1 4 4
63095 1 4 4
63096 1 4 4
63097 1 4 4
63098 1 4 4
63099 1 4 4
63100 1 4 4
63101 1 4 4
63102 1 4 4
63103 1 4 4
63104 1 4 4
63105 1 4 4
63106 1 4 4
63107 1 4 4
63108 1 4 4
63109 1 4 4
63110 1 4 4
63111 1 4 4
63112 1 4 4
63113 1 4 4
63114 1 4 4
63115 1 4 4
63116 1 4 4
63117 1 4 4
63118 1 4 4
63119 1 4 4
63120 1 4 4
63121 1 4 4
63122 1 4 4
63123 1 4 4
63124 1 4 4
63125 1 4 4
63126 1 4 4
63127 1 4 4
63128 1 4 4
63129 1 4 4
63130 1 4 4
63131 1 4 4
63132 1 4 4
63133 1 4 4
63134 1 4 4
63135 1 4 4
63136 1 4 4
63137 1 4 4
63138 1 4 4
63139 1 4 4
63140 1 4 4
63141 1 4 4
63142 1 4 4
63143 1 4 4
63144 1 4 4
63145 1 4 4
63146 1 4 4
63147 1 4 4
63148 1 4 4
63149 1 4 4
63150 1 4 4
63151 1 4 4
63152 1 4 4
63153 1 4 4
63154 1 4 4
63155 1 4 4
63156 1 4 4
63157 1 4 4
63158 1 4 4
63159 1 4 4
63160 1 4 4
63161 1 4 4
63162 1 4 4
63163 1 4 4
63164 1 4 4
63165 1 4 4
63166 1 4 4
63167 1 4 4
63168 1 4 4
63169 1 4 4
63170 1 4 4
63171 1 4 4
63172 1 4 4
63173 1 4 4
63174 1 4 4
63175 1 4 4
63176 1 4 4
63177 1 4 4
63178 1 4 4
63179 1 4 4
63180 1 4 4
63181 1 4 4
63182 1 4 4
63183 1 4 4
63184 1 4 4
63185 1 4 4
63186 1 4 4
63187 1 4 4
63188 1 4 4
63189 1 4 4
63190 1 4 4
63191 1 4 4
63192 1 4 4
63193 1 4 4
63194 1 4 4
63195 1 4 4
63196 1 4 4
63197 1 4 4
63198 1 4 4
63199 1 4 4
63200 1 4 4
63201 1 4 4
63202 1 4 4
63203 1 4 4
63204 1 4 4
63205 1 4 4
63206 1 4 4
63207 1 4 4
63208 1 4 4
63209 1 4 4
63210 1 4 4
63211 1 4 4
63212 1 4 4
63213 1 4 4
63214 1 4 4
63215 1 4 4
63216 1 4 4
63217 1 4 4
63218 1 4 4
63219 1 4 4
63220 1 4 4
63221 1 4 4
63222 1 4 4
63223 1 4 4
63224 1 4 4
63225 1 4 4
63226 1 4 4
63227 1 4 4
63228 1 4 4
63229 1 4 4
63230 1 4 4
63231 1 4 4
63232 1 4 4
63233 1 4 4
63234 1 4 4
63235 1 4 4
63236 1 4 4
63237 1 4 4
63238 1 4 4
63239 1 4 4
63240 1 4 4
63241 1 4 4
63242 1 4 4
63243 1 4 4
63244 1 4 4
63245 1 4 4
63246 1 4 4
63247 1 4 4
63248 1 4 4
63249 1 4 4
63250 1 4 4
63251 1 4 4
63252 1 4 4
63253 1 4 4
63254 1 4 4
63255 1 4 4
63256 1 4 4
63257 1 4 4
63258 1 4 4
63259 1 4 4
63260 1 4 4
63261 1 4 4
63262 1 4 4
63263 1 4 4
63264 1 4 4
63265 1 4 4
63266 1 4 4
63267 1 4 4
63268 1 4 4
63269 1 4 4
63270 1 4 4
63271 1 4 4
63272 1 4 4
63273 1 4 4
63274 1 4 4
63275 1 4 4
63276 1 4 4
63277 1 4 4
63278 1 4 4
63279 1 4 4
63280 1 4 4
63281 1 4 4
63282 1 4 4
63283 1 4 4
63284 1 4 4
63285 1 4 4
63286 1 4 4
63287 1 4 4
63288 1 4 4
63289 1 4 4
63290 1 4 4
63291 1 4 4
63292 1 4 4
63293 1 4 4
63294 1 4 4
63295 1 4 4
63296 1 4 4
63297 1 4 4
63298 1 4 4
63299 1 4 4
63300 1 4 4
63301 1 4 4
63302 1 4 4
63303 1 4 4
63304 1 4 4
63305 1 4 4
63306 1 4 4
63307 1 4 4
63308 1 4 4
63309 1 4 4
63310 1 4 4
63311 1 4 4
63312 1 4 4
63313 1 4 4
63314 1 4 4
63315 1 4 4
63316 1 4 4
63317 1 4 4
63318 1 4 4
63319 1 4 4
63320 1 4 4
63321 1 4 4
63322 1 4 4
63323 1 4 4
63324 1 4 4
63325 1 4 4
63326 1 4 4
63327 1 4 4
63328 1 4 4
63329 1 4 4
63330 1 4 4
63331 1 4 4
63332 1 4 4
63333 1 4 4
63334 1 4 4
63335 1 4 4
63336 1 4 4
63337 1 4 4
63338 1 4 4
63339 1 4 4
63340 1 4 4
63341 1 4 4
63342 1 4 4
63343 1 4 4
63344 1 4 4
63345 1 4 4
63346 1 4 4
63347 1 4 4
63348 1 4 4
63349 1 4 4
63350 1 4 4
63351 1 4 4
63352 1 4 4
63353 1 4 4
63354 1 4 4
63355 1 4 4
63356 1 4 4
63357 1 4 4
63358 1 4 4
63359 1 4 4
63360 1 4 4
63361 1 4 4
63362 1 4 4
63363 1 4 4
63364 1 4 4
63365 1 4 4
63366 1 4 4
63367 1 4 4
63368 1 4 4
63369 1 4 4
63370 1 4 4
63371 1 4 4
63372 1 4 4
63373 1 4 4
63374 1 4 4
63375 1 4 4
63376 1 4 4
63377 1 4 4
63378 1 4 4
63379 1 4 4
63380 1 4 4
63381 1 4 4
63382 1 4 4
63383 1 4 4
63384 1 4 4
63385 1 4 4
63386 1 4 4
63387 1 4 4
63388 1 4 4
63389 1 4 4
63390 1 4 4
63391 1 4 4
63392 1 4 4
63393 1 4 4
63394 1 4 4
63395 1 4 4
63396 1 4 4
63397 1 4 4
63398 1 4 4
63399 1 4 4
63400 1 4 4
63401 1 4 4
63402 1 4 4
63403 1 4 4
63404 1 4 4
63405 1 4 4
63406 1 4 4
63407 1 4 4
63408 1 4 4
63409 1 4 4
63410 1 4 4
63411 1 4 4
63412 1 4 4
63413 1 4 4
63414 1 4 4
63415 1 4 4
63416 1 4 4
63417 1 4 4
63418 1 4 4
63419 1 4 4
63420 1 4 4
63421 1 4 4
63422 1 4 4
63423 1 4 4
63424 1 4 4
63425 1 4 4
63426 1 4 4
63427 1 4 4
63428 1 4 4
63429 1 4 4
63430 1 4 4
63431 1 4 4
63432 1 4 4
63433 1 4 4
63434 1 4 4
63435 1 4 4
63436 1 4 4
63437 1 4 4
63438 1 4 4
63439 1 4 4
63440 1 4 4
63441 1 4 4
63442 1 4 4
63443 1 4 4
63444 1 4 4
63445 1 4 4
63446 1 4 4
63447 1 4 4
63448 1 4 4
63449 1 4 4
63450 1 4 4
63451 1 4 4
63452 1 4 4
63453 1 4 4
63454 1 4 4
63455 1 4 4
63456 1 4 4
63457 1 4 4
63458 1 4 4
63459 1 4 4
63460 1 4 4
63461 1 4 4
63462 1 4 4
63463 1 4 4
63464 1 4 4
63465 1 4 4
63466 1 4 4
63467 1 4 4
63468 1 4 4
63469 1 4 4
63470 1 4 4
63471 1 4 4
63472 1 4 4
63473 1 4 4
63474 1 4 4
63475 1 4 4
63476 1 4 4
63477 1 4 4
63478 1 4 4
63479 1 4 4
63480 1 4 4
63481 1 4 4
63482 1 4 4
63483 1 4 4
63484 1 4 4
63485 1 4 4
63486 1 4 4
63487 1 4 4
63488 1 3 3
63489 1 3 3
63490 1 3 3
63491 1 3 3
63492 1 3 3
63493 1 3 3
63494 1 3 3
63495 1 3 3
63496 1 3 3
63497 1 3 3
63498 1 3 3
63499 1 3 3
63500 1 3 3
63501 1 3 3
63502 1 3 3
63503 1 3 3
63504 1 3 3
63505 1 3 3
63506 1 3 3
63507 1 3 3
63508 1 3 3
63509 1 3 3
63510 1 3 3
63511 1 3 3
63512 1 3 3
63513 1 3 3
63514 1 3 3
63515 1 3 3
63516 1 3 3
63517 1 3 3
63518 1 3 3
63519 1 3 3
63520 1 3 3
63521 1 3 3
63522 1 3 3
63523 1 3 3
63524 1 3 3
63525 1 3 3
63526 1 3 3
63527 1 3 3
63528 1 3 3
63529 1 3 3
63530 1 3 3
63531 1 3 3
63532 1 3 3
63533 1 3 3
63534 1 3 3
63535 1 3 3
63536 1 3 3
63537 1 3 3
63538 1 3 3
63539 1 3 3
63540 1 3 3
63541 1 3 3
63542 1 3 3
63543 1 3 3
63544 1 3 3
63545 1 3 3
63546 1 3 3
63547 1 3 3
63548 1 3 3
63549 1 3 3
63550 1 3 3
63551 1 3 3
63552 1 3 3
63553 1 3 3
63554 1 3 3
63555 1 3 3
63556 1 3 3
63557 1 3 3
63558 1 3 3
63559 1 3 3
63560 1 3 3
63561 1 3 3
63562 1 3 3
63563 1 3 3
63564 1 3 3
63565 1 3 3
63566 1 3 3
63567 1 3 3
63568 1 3 3
63569 1 3 3
63570 1 3 3
63571 1 3 3
63572 1 3 3
63573 1 3 3
63574 1 3 3
63575 1 3 3
63576 1 3 3
63577 1 3 3
63578 1 3 3
63579 1 3 3
63580 1 3 3
63581 1 3 3
63582 1 3 3
63583 1 3 3
63584 1 3 3
63585 1 3 3
63586 1 3 3
63587 1 3 3
63588 1 3 3
63589 1 3 3
63590 1 3 3
63591 1 3 3
63592 1 3 3
63593 1 3 3
63594 1 3 3
63595 1 3 3
63596 1 3 3
63597 1 3 3
63598 1 3 3
63599 1 3 3
63600 1 3 3
63601 1 3 3
63602 1 3 3
63603 1 3 3
63604 1 3 3
63605 1 3 3
63606 1 3 3
63607 1 3 3
63608 1 3 3
63609 1 3 3
63610 1 3 3
63611 1 3 3
63612 1 3 3
63613 1 3 3
63614 1 3 3
63615 1 3 3
63616 1 3 3
63617 1 3 3
63618 1 3 3
63619 1 3 3
63620 1 3 3
63621 1 3 3
63622 1 3 3
63623 1 3 3
63624 1 3 3
63625 1 3 3
63626 1 3 3
63627 1 3 3
63628 1 3 3
63629 1 3 3
63630 1 3 3
63631 1 3 3
63632 1 3 3
63633 1 3 3
63634 1 3 3
63635 1 3 3
63636 1 3 3
63637 1 3 3
63638 1 3 3
63639 1 3 3
63640 1 3 3
63641 1 3 3
63642 1 3 3
63643 1 3 3
63644 1 3 3
63645 1 3 3
63646 1 3 3
63647 1 3 3
63648 1 3 3
63649 1 3 3
63650 1 3 3
63651 1 3 3
63652 1 3 3
63653 1 3 3
63654 1 3 3
63655 1 3 3
63656 1 3 3
63657 1 3 3
63658 1 3 3
63659 1 3 3
63660 1 3 3
63661 1 3 3
63662 1 3 3
63663 1 3 3
63664 1 3 3
63665 1 3 3
63666 1 3 3
63667 1 3 3
63668 1 3 3
63669 1 3 3
63670 1 3 3
63671 1 3 3
63672 1 3 3
63673 1 3 3
63674 1 3 3
63675 1 3 3
63676 1 3 3
63677 1 3 3
63678 1 3 3
63679 1 3 3
63680 1 3 3
63681 1 3 3
63682 1 3 3
63683 1 3 3
63684 1 3 3
63685 1 3 3
63686 1 3 3
63687 1 3 3
63688 1 3 3
63689 1 3 3
63690 1 3 3
63691 1 3 3
63692 1 3 3
63693 1 3 3
63694 1 3 3
63695 1 3 3
63696 1 3 3
63697 1 3 3
63698 1 3 3
63699 1 3 3
63700 1 3 3
63701 1 3 3
63702 1 3 3
63703 1 3 3
63704 1 3 3
63705 1 3 3
63706 1 3 3
63707 1 3 3
63708 1 3 3
63709 1 3 3
63710 1 3 3
63711 1 3 3
63712 1 3 3
63713 1 3 3
63714 1 3 3
63715 1 3 3
63716 1 3 3
63717 1 3 3
63718 1 3 3
63719 1 3 3
63720 1 3 3
63721 1 3 3
63722 1 3 3
63723 1 3 3
63724 1 3 3
63725 1 3 3
63726 1 3 3
63727 1 3 3
63728 1 3 3
63729 1 3 3
63730 1 3 3
63731 1 3 3
63732 1 3 3
63733 1 3 3
63734 1 3 3
63735 1 3 3
63736 1 3 3
63737 1 3 3
63738 1 3 3
63739 1 3 3
63740 1 3 3
63741 1 3 3
63742 1 3 3
63743 1 3 3
63744 1 3 3
63745 1 3 3
63746 1 3 3
63747 1 3 3
63748 1 3 3
63749 1 3 3
63750 1 3 3
63751 1 3 3
63752 1 3 3
63753 1 3 3
63754 1 3 3
63755 1 3 3
63756 1 3 3
63757 1 3 3
63758 1 3 3
63759 1 3 3
63760 1 3 3
63761 1 3 3
63762 1 3 3
63763 1 3 3
63764 1 3 3
63765 1 3 3
63766 1 3 3
63767 1 3 3
63768 1 3 3
63769 1 3 3
63770 1 3 3
63771 1 3 3
63772 1 3 3
63773 1 3 3
63774 1 3 3
63775 1 3 3
63776 1 3 3
63777 1 3 3
63778 1 3 3
63779 1 3 3
63780 1 3 3
63781 1 3 3
63782 1 3 3
63783 1 3 3
63784 1 3 3
63785 1 3 3
63786 1 3 3
63787 1 3 3
63788 1 3 3
63789 1 3 3
63790 1 3 3
63791 1 3 3
63792 1 3 3
63793 1 3 3
63794 1 3 3
63795 1 3 3
63796 1 3 3
63797 1 3 3
63798 1 3 3
63799 1 3 3
63800 1 3 3
63801 1 3 3
63802 1 3 3
63803 1 3 3
63804 1 3 3
63805 1 3 3
63806 1 3 3
63807 1 3 3
63808 1 3 3
63809 1 3 3
63810 1 3 3
63811 1 3 3
63812 1 3 3
63813 1 3 3
63814 1 3 3
63815 1 3 3
63816 1 3 3
63817 1 3 3
63818 1 3 3
63819 1 3 3
63820 1 3 3
63821 1 3 3
63822 1 3 3
63823 1 3 3
63824 1 3 3
63825 1 3 3
63826 1 3 3
63827 1 3 3
63828 1 3 3
63829 1 3 3
63830 1 3 3
63831 1 3 3
63832 1 3 3
63833 1 3 3
63834 1 3 3
63835 1 3 3
63836 1 3 3
63837 1 3 3
63838 1 3 3
63839 1 3 3
63840 1 3 3
63841 1 3 3
63842 1 3 3
63843 1 3 3
63844 1 3 3
63845 1 3 3
63846 1 3 3
63847 1 3 3
63848 1 3 3
63849 1 3 3
63850 1 3 3
63851 1 3 3
63852 1 3 3
63853 1 3 3
63854 1 3 3
63855 1 3 3
63856 1 3 3
63857 1 3 3
63858 1 3 3
63859 1 3 3
63860 1 3 3
63861 1 3 3
63862 1 3 3
63863 1 3 3
63864 1 3 3
63865 1 3 3
63866 1 3 3
63867 1 3 3
63868 1 3 3
63869 1 3 3
63870 1 3 3
63871 1 3 3
63872 1 3 3
63873 1 3 3
63874 1 3 3
63875 1 3 3
63876 1 3 3
63877 1 3 3
63878 1 3 3
63879 1 3 3
63880 1 3 3
63881 1 3 3
63882 1 3 3
63883 1 3 3
63884 1 3 3
63885 1 3 3
63886 1 3 3
63887 1 3 3
63888 1 3 3
63889 1 3 3
63890 1 3 3
63891 1 3 3
63892 1 3 3
63893 1 3 3
63894 1 3 3
63895 1 3 3
63896 1 3 3
63897 1 3 3
63898 1 3 3
63899 1 3 3
63900 1 3 3
63901 1 3 3
63902 1 3 3
63903 1 3 3
63904 1 3 3
63905 1 3 3
63906 1 3 3
63907 1 3 3
63908 1 3 3
63909 1 3 3
63910 1 3 3
63911 1 3 3
63912 1 3 3
63913 1 3 3
63914 1 3 3
63915 1 3 3
63916 1 3 3
63917 1 3 3
63918 1 3 3
63919 1 3 3
63920 1 3 3
63921 1 3 3
63922 1 3 3
63923 1 3 3
63924 1 3 3
63925 1 3 3
63926 1 3 3
63927 1 3 3
63928 1 3 3
63929 1 3 3
63930 1 3 3
63931 1 3 3
63932 1 3 3
63933 1 3 3
63934 1 3 3
63935 1 3 3
63936 1 3 3
63937 1 3 3
63938 1 3 3
63939 1 3 3
63940 1 3 3
63941 1 3 3
63942 1 3 3
63943 1 3 3
63944 1 3 3
63945 1 3 3
63946 1 3 3
63947 1 3 3
63948 1 3 3
63949 1 3 3
63950 1 3 3
63951 1 3 3
63952 1 3 3
63953 1 3 3
63954 1 3 3
63955 1 3 3
63956 1 3 3
63957 1 3 3
63958 1 3 3
63959 1 3 3
63960 1 3 3
63961 1 3 3
63962 1 3 3
63963 1 3 3
63964 1 3 3
63965 1 3 3
63966 1 3 3
63967 1 3 3
63968 1 3 3
63969 1 3 3
63970 1 3 3
63971 1 3 3
63972 1 3 3
63973 1 3 3
63974 1 3 3
63975 1 3 3
63976 1 3 3
63977 1 3 3
63978 1 3 3
63979 1 3 3
63980 1 3 3
63981 1 3 3
63982 1 3 3
63983 1 3 3
63984 1 3 3
63985 1 3 3
63986 1 3 3
63987 1 3 3
63988 1 3 3
63989 1 3 3
63990 1 3 3
63991 1 3 3
63992 1 3 3
63993 1 3 3
63994 1 3 3
63995 1 3 3
63996 1 3 3
63997 1 3 3
63998 1 3 3
63999 1 3 3
64000 1 2 2
64001 1 2 2
64002 1 2 2
64003 1 2 2
64004 1 2 2
64005 1 2 2
64006 1 2 2
64007 1 2 2
64008 1 2 2
64009 1 2 2
64010 1 2 2
64011 1 2 2
64012 1 2 2
64013 1 2 2
64014 1 2 2
64015 1 2 2
64016 1 2 2
64017 1 2 2
64018 1 2 2
64019 1 2 2
64020 1 2 2
64021 1 2 2
64022 1 2 2
64023 1 2 2
64024 1 2 2
64025 1 2 2
64026 1 2 2
64027 1 2 2
64028 1 2 2
64029 1 2 2
64030 1 2 2
64031 1 2 2
64032 1 2 2
64033 1 2 2
64034 1 2 2
64035 1 2 2
64036 1 2 2
64037 1 2 2
64038 1 2 2
64039 1 2 2
64040 1 2 2
64041 1 2 2
64042 1 2 2
64043 1 2 2
64044 1 2 2
64045 1 2 2
64046 1 2 2
64047 1 2 2
64048 1 2 2
64049 1 2 2
64050 1 2 2
64051 1 2 2
64052 1 2 2
64053 1 2 2
64054 1 2 2
64055 1 2 2
64056 1 2 2
64057 1 2 2
64058 1 2 2
64059 1 2 2
64060 1 2 2
64061 1 2 2
64062 1 2 2
64063 1 2 2
64064 1 2 2
64065 1 2 2
64066 1 2 2
64067 1 2 2
64068 1 2 2
64069 1 2 2
64070 1 2 2
64071 1 2 2
64072 1 2 2
64073 1 2 2
64074 1 2 2
64075 1 2 2
64076 1 2 2
64077 1 2 2
64078 1 2 2
64079 1 2 2
64080 1 2 2
64081 1 2 2
64082 1 2 2
64083 1 2 2
64084 1 2 2
64085 1 2 2
64086 1 2 2
64087 1 2 2
64088 1 2 2
64089 1 2 2
64090 1 2 2
64091 1 2 2
64092 1 2 2
64093 1 2 2
64094 1 2 2
64095 1 2 2
64096 1 2 2
64097 1 2 2
64098 1 2 2
64099 1 2 2
64100 1 2 2
64101 1 2 2
64102 1 2 2
64103 1 2 2
64104 1 2 2
64105 1 2 2
64106 1 2 2
64107 1 2 2
64108 1 2 2
64109 1 2 2
64110 1 2 2
64111 1 2 2
64112 1 2 2
64113 1 2 2
64114 1 2 2
64115 1 2 2
64116 1 2 2
64117 1 2 2
64118 1 2 2
64119 1 2 2
64120 1 2 2
64121 1 2 2
64122 1 2 2
64123 1 2 2
64124 1 2 2
64125 1 2 2
64126 1 2 2
64127 1 2 2
64128 1 2 2
64129 1 2 2
64130 1 2 2
64131 1 2 2
64132 1 2 2
64133 1 2 2
64134 1 2 2
64135 1 2 2
64136 1 2 2
64137 1 2 2
64138 1 2 2
64139 1 2 2
64140 1 2 2
64141 1 2 2
64142 1 2 2
64143 1 2 2
64144 1 2 2
64145 1 2 2
64146 1 2 2
64147 1 2 2
64148 1 2 2
64149 1 2 2
64150 1 2 2
64151 1 2 2
64152 1 2 2
64153 1 2 2
64154 1 2 2
64155 1 2 2
64156 1 2 2
64157 1 2 2
64158 1 2 2
64159 1 2 2
64160 1 2 2
64161 1 2 2
64162 1 2 2
64163 1 2 2
64164 1 2 2
64165 1 2 2
64166 1 2 2
64167 1 2 2
64168 1 2 2
64169 1 2 2
64170 1 2 2
64171 1 2 2
64172 1 2 2
64173 1 2 2
64174 1 2 2
64175 1 2 2
64176 1 2 2
64177 1 2 2
64178 1 2 2
64179 1 2 2
64180 1 2 2
64181 1 2 2
64182 1 2 2
64183 1 2 2
64184 1 2 2
64185 1 2 2
64186 1 2 2
64187 1 2 2
64188 1 2 2
64189 1 2 2
64190 1 2 2
64191 1 2 2
64192 1 2 2
64193 1 2 2
64194 1 2 2
64195 1 2 2
64196 1 2 2
64197 1 2 2
64198 1 2 2
64199 1 2 2
64200 1 2 2
64201 1 2 2
64202 1 2 2
64203 1 2 2
64204 1 2 2
64205 1 2 2
64206 1 2 2
64207 1 2 2
64208 1 2 2
64209 1 2 2
64210 1 2 2
64211 1 2 2
64212 1 2 2
64213 1 2 2
64214 1 2 2
64215 1 2 2
64216 1 2 2
64217 1 2 2
64218 1 2 2
64219 1 2 2
64220 1 2 2
64221 1 2 2
64222 1 2 2
64223 1 2 2
64224 1 2 2
64225 1 2 2
64226 1 2 2
64227 1 2 2
64228 1 2 2
64229 1 2 2
64230 1 2 2
64231 1 2 2
64232 1 2 2
64233 1 2 2
64234 1 2 2
64235 1 2 2
64236 1 2 2
64237 1 2 2
64238 1 2 2
64239 1 2 2
64240 1 2 2
64241 1 2 2
64242 1 2 2
64243 1 2 2
64244 1 2 2
64245 1 2 2
64246 1 2 2
64247 1 2 2
64248 1 2 2
64249 1 2 2
64250 1 2 2
64251 1 2 2
64252 1 2 2
64253 1 2 2
64254 1 2 2
64255 1 2 2
64256 1 2 2
64257 1 2 2
64258 1 2 2
64259 1 2 2
64260 1 2 2
64261 1 2 2
64262 1 2 2
64263 1 2 2
64264 1 2 2
64265 1 2 2
64266 1 2 2
64267 1 2 2
64268 1 2 2
64269 1 2 2
64270 1 2 2
64271 1 2 2
64272 1 2 2
64273 1 2 2
64274 1 2 2
64275 1 2 2
64276 1 2 2
64277 1 2 2
64278 1 2 2
64279 1 2 2
64280 1 2 2
64281 1 2 2
64282 1 2 2
64283 1 2 2
64284 1 2 2
64285 1 2 2
64286 1 2 2
64287 1 2 2
64288 1 2 2
64289 1 2 2
64290 1 2 2
64291 1 2 2
64292 1 2 2
64293 1 2 2
64294 1 2 2
64295 1 2 2
64296 1 2 2
64297 1 2 2
64298 1 2 2
64299 1 2 2
64300 1 2 2
64301 1 2 2
64302 1 2 2
64303 1 2 2
64304 1 2 2
64305 1 2 2
64306 1 2 2
64307 1 2 2
64308 1 2 2
64309 1 2 2
64310 1 2 2
64311 1 2 2
64312 1 2 2
64313 1 2 2
64314 1 2 2
64315 1 2 2
64316 1 2 2
64317 1 2 2
64318 1 2 2
64319 1 2 2
64320 1 2 2
64321 1 2 2
64322 1 2 2
64323 1 2 2
64324 1 2 2
64325 1 2 2
64326 1 2 2
64327 1 2 2
64328 1 2 2
64329 1 2 2
64330 1 2 2
64331 1 2 2
64332 1 2 2
64333 1 2 2
64334 1 2 2
64335 1 2 2
64336 1 2 2
64337 1 2 2
64338 1 2 2
64339 1 2 2
64340 1 2 2
64341 1 2 2
64342 1 2 2
64343 1 2 2
64344 1 2 2
64345 1 2 2
64346 1 2 2
64347 1 2 2
64348 1 2 2
64349 1 2 2
64350 1 2 2
64351 1 2 2
64352 1 2 2
64353 1 2 2
64354 1 2 2
64355 1 2 2
64356 1 2 2
64357 1 2 2
64358 1 2 2
64359 1 2 2
64360 1 2 2
64361 1 2 2
64362 1 2 2
64363 1 2 2
64364 1 2 2
64365 1 2 2
64366 1 2 2
64367 1 2 2
64368 1 2 2
64369 1 2 2
64370 1 2 2
64371 1 2 2
64372 1 2 2
64373 1 2 2
64374 1 2 2
64375 1 2 2
64376 1 2 2
64377 1 2 2
64378 1 2 2
64379 1 2 2
64380 1 2 2
64381 1 2 2
64382 1 2 2
64383 1 2 2
64384 1 2 2
64385 1 2 2
64386 1 2 2
64387 1 2 2
64388 1 2 2
64389 1 2 2
64390 1 2 2
64391 1 2 2
64392 1 2 2
64393 1 2 2
64394 1 2 2
64395 1 2 2
64396 1 2 2
64397 1 2 2
64398 1 2 2
64399 1 2 2
64400 1 2 2
64401 1 2 2
64402 1 2 2
64403 1 2 2
64404 1 2 2
64405 1 2 2
64406 1 2 2
64407 1 2 2
64408 1 2 2
64409 1 2 2
64410 1 2 2
64411 1 2 2
64412 1 2 2
64413 1 2 2
64414 1 2 2
64415 1 2 2
64416 1 2 2
64417 1 2 2
64418 1 2 2
64419 1 2 2
64420 1 2 2
64421 1 2 2
64422 1 2 2
64423 1 2 2
64424 1 2 2
64425 1 2 2
64426 1 2 2
64427 1 2 2
64428 1 2 2
64429 1 2 2
64430 1 2 2
64431 1 2 2
64432 1 2 2
64433 1 2 2
64434 1 2 2
64435 1 2 2
64436 1 2 2
64437 1 2 2
64438 1 2 2
64439 1 2 2
64440 1 2 2
64441 1 2 2
64442 1 2 2
64443 1 2 2
64444 1 2 2
64445 1 2 2
64446 1 2 2
64447 1 2 2
64448 1 2 2
64449 1 2 2
64450 1 2 2
64451 1 2 2
64452 1 2 2
64453 1 2 2
64454 1 2 2
64455 1 2 2
64456 1 2 2
64457 1 2 2
64458 1 2 2
64459 1 2 2
64460 1 2 2
64461 1 2 2
64462 1 2 2
64463 1 2 2
64464 1 2 2
64465 1 2 2
64466 1 2 2
64467 1 2 2
64468 1 2 2
64469 1 2 2
64470 1 2 2
64471 1 2 2
64472 1 2 2
64473 1 2 2
64474 1 2 2
64475 1 2 2
64476 1 2 2
64477 1 2 2
64478 1 2 2
64479 1 2 2
64480 1 2 2
64481 1 2 2
64482 1 2 2
64483 1 2 2
64484 1 2 2
64485 1 2 2
64486 1 2 2
64487 1 2 2
64488 1 2 2
64489 1 2 2
64490 1 2 2
64491 1 2 2
64492 1 2 2
64493 1 2 2
64494 1 2 2
64495 1 2 2
64496 1 2 2
64497 1 2 2
64498 1 2 2
64499 1 2 2
64500 1 2 2
64501 1 2 2
64502 1 2 2
64503 1 2 2
64504 1 2 2
64505 1 2 2
64506 1 2 2
64507 1 2 2
64508 1 2 2
64509 1 2 2
64510 1 2 2
64511 1 2 2
64512 1 1 1
64513 1 1 1
64514 1 1 1
64515 1 1 1
64516 1 1 1
64517 1 1 1
64518 1 1 1
64519 1 1 1
64520 1 1 1
64521 1 1 1
64522 1 1 1
64523 1 1 1
64524 1 1 1
64525 1 1 1
64526 1 1 1
64527 1 1 1
64528 1 1 1
64529 1 1 1
64530 1 1 1
64531 1 1 1
64532 1 1 1
64533 1 1 1
64534 1 1 1
64535 1 1 1
64536 1 1 1
64537 1 1 1
64538 1 1 1
64539 1 1 1
64540 1 1 1
64541 1 1 1
64542 1 1 1
64543 1 1 1
64544 1 1 1
64545 1 1 1
64546 1 1 1
64547 1 1 1
64548 1 1 1
64549 1 1 1
64550 1 1 1
64551 1 1 1
64552 1 1 1
64553 1 1 1
64554 1 1 1
64555 1 1 1
64556 1 1 1
64557 1 1 1
64558 1 1 1
64559 1 1 1
64560 1 1 1
64561 1 1 1
64562 1 1 1
64563 1 1 1
64564 1 1 1
64565 1 1 1
64566 1 1 1
64567 1 1 1
64568 1 1 1
64569 1 1 1
64570 1 1 1
64571 1 1 1
64572 1 1 1
64573 1 1 1
64574 1 1 1
64575 1 1 1
64576 1 1 1
64577 1 1 1
64578 1 1 1
64579 1 1 1
64580 1 1 1
64581 1 1 1
64582 1 1 1
64583 1 1 1
64584 1 1 1
64585 1 1 1
64586 1 1 1
64587 1 1 1
64588 1 1 1
64589 1 1 1
64590 1 1 1
64591 1 1 1
64592 1 1 1
64593 1 1 1
64594 1 1 1
64595 1 1 1
64596 1 1 1
64597 1 1 1
64598 1 1 1
64599 1 1 1
64600 1 1 1
64601 1 1 1
64602 1 1 1
64603 1 1 1
64604 1 1 1
64605 1 1 1
64606 1 1 1
64607 1 1 1
64608 1 1 1
64609 1 1 1
64610 1 1 1
64611 1 1 1
64612 1 1 1
64613 1 1 1
64614 1 1 1
64615 1 1 1
64616 1 1 1
64617 1 1 1
64618 1 1 1
64619 1 1 1
64620 1 1 1
64621 1 1 1
64622 1 1 1
64623 1 1 1
64624 1 1 1
64625 1 1 1
64626 1 1 1
64627 1 1 1
64628 1 1 1
64629 1 1 1
64630 1 1 1
64631 1 1 1
64632 1 1 1
64633 1 1 1
64634 1 1 1
64635 1 1 1
64636 1 1 1
64637 1 1 1
64638 1 1 1
64639 1 1 1
64640 1 1 1
64641 1 1 1
64642 1 1 1
64643 1 1 1
64644 1 1 1
64645 1 1 1
64646 1 1 1
64647 1 1 1
64648 1 1 1
64649 1 1 1
64650 1 1 1
64651 1 1 1
64652 1 1 1
64653 1 1 1
64654 1 1 1
64655 1 1 1
64656 1 1 1
64657 1 1 1
64658 1 1 1
64659 1 1 1
64660 1 1 1
64661 1 1 1
64662 1 1 1
64663 1 1 1
64664 1 1 1
64665 1 1 1
64666 1 1 1
64667 1 1 1
64668 1 1 1
64669 1 1 1
64670 1 1 1
64671 1 1 1
64672 1 1 1
64673 1 1 1
64674 1 1 1
64675 1 1 1
64676 1 1 1
64677 1 1 1
64678 1 1 1
64679 1 1 1
64680 1 1 1
64681 1 1 1
64682 1 1 1
64683 1 1 1
64684 1 1 1
64685 1 1 1
64686 1 1 1
64687 1 1 1
64688 1 1 1
64689 1 1 1
64690 1 1 1
64691 1 1 1
64692 1 1 1
64693 1 1 1
64694 1 1 1
64695 1 1 1
64696 1 1 1
64697 1 1 1
64698 1 1 1
64699 1 1 1
64700 1 1 1
64701 1 1 1
64702 1 1 1
64703 1 1 1
64704 1 1 1
64705 1 1 1
64706 1 1 1
64707 1 1 1
64708 1 1 1
64709 1 1 1
64710 1 1 1
64711 1 1 1
64712 1 1 1
64713 1 1 1
64714 1 1 1
64715 1 1 1
64716 1 1 1
64717 1 1 1
64718 1 1 1
64719 1 1 1
64720 1 1 1
64721 1 1 1
64722 1 1 1
64723 1 1 1
64724 1 1 1
64725 1 1 1
64726 1 1 1
64727 1 1 1
64728 1 1 1
64729 1 1 1
64730 1 1 1
64731 1 1 1
64732 1 1 1
64733 1 1 1
64734 1 1 1
64735 1 1 1
64736 1 1 1
64737 1 1 1
64738 1 1 1
64739 1 1 1
64740 1 1 1
64741 1 1 1
64742 1 1 1
64743 1 1 1
64744 1 1 1
64745 1 1 1
64746 1 1 1
64747 1 1 1
64748 1 1 1
64749 1 1 1
64750 1 1 1
64751 1 1 1
64752 1 1 1
64753 1 1 1
64754 1 1 1
64755 1 1 1
64756 1 1 1
64757 1 1 1
64758 1 1 1
64759 1 1 1
64760 1 1 1
64761 1 1 1
64762 1 1 1
64763 1 1 1
64764 1 1 1
64765 1 1 1
64766 1 1 1
64767 1 1 1
64768 1 1 1
64769 1 1 1
64770 1 1 1
64771 1 1 1
64772 1 1 1
64773 1 1 1
64774 1 1 1
64775 1 1 1
64776 1 1 1
64777 1 1 1
64778 1 1 1
64779 1 1 1
64780 1 1 1
64781 1 1 1
64782 1 1 1
64783 1 1 1
64784 1 1 1
64785 1 1 1
64786 1 1 1
64787 1 1 1
64788 1 1 1
64789 1 1 1
64790 1 1 1
64791 1 1 1
64792 1 1 1
64793 1 1 1
64794 1 1 1
64795 1 1 1
64796 1 1 1
64797 1 1 1
64798 1 1 1
64799 1 1 1
64800 1 1 1
64801 1 1 1
64802 1 1 1
64803 1 1 1
64804 1 1 1
64805 1 1 1
64806 1 1 1
64807 1 1 1
64808 1 1 1
64809 1 1 1
64810 1 1 1
64811 1 1 1
64812 1 1 1
64813 1 1 1
64814 1 1 1
64815 1 1 1
64816 1 1 1
64817 1 1 1
64818 1 1 1
64819 1 1 1
64820 1 1 1
64821 1 1 1
64822 1 1 1
64823 1 1 1
64824 1 1 1
64825 1 1 1
64826 1 1 1
64827 1 1 1
64828 1 1 1
64829 1 1 1
64830 1 1 1
64831 1 1 1
64832 1 1 1
64833 1 1 1
64834 1 1 1
64835 1 1 1
64836 1 1 1
64837 1 1 1
64838 1 1 1
64839 1 1 1
64840 1 1 1
64841 1 1 1
64842 1 1 1
64843 1 1 1
64844 1 1 1
64845 1 1 1
64846 1 1 1
64847 1 1 1
64848 1 1 1
64849 1 1 1
64850 1 1 1
64851 1 1 1
64852 1 1 1
64853 1 1 1
64854 1 1 1
64855 1 1 1
64856 1 1 1
64857 1 1 1
64858 1 1 1
64859 1 1 1
64860 1 1 1
64861 1 1 1
64862 1 1 1
64863 1 1 1
64864 1 1 1
64865 1 1 1
64866 1 1 1
64867 1 1 1
64868 1 1 1
64869 1 1 1
64870 1 1 1
64871 1 1 1
64872 1 1 1
64873 1 1 1
64874 1 1 1
64875 1 1 1
64876 1 1 1
64877 1 1 1
64878 1 1 1
64879 1 1 1
64880 1 1 1
64881 1 1 1
64882 1 1 1
64883 1 1 1
64884 1 1 1
64885 1 1 1
64886 1 1 1
64887 1 1 1
64888 1 1 1
64889 1 1 1
64890 1 1 1
64891 1 1 1
64892 1 1 1
64893 1 1 1
64894 1 1 1
64895 1 1 1
64896 1 1 1
64897 1 1 1
64898 1 1 1
64899 1 1 1
64900 1 1 1
64901 1 1 1
64902 1 1 1
64903 1 1 1
64904 1 1 1
64905 1 1 1
64906 1 1 1
64907 1 1 1
64908 1 1 1
64909 1 1 1
64910 1 1 1
64911 1 1 1
64912 1 1 1
64913 1 1 1
64914 1 1 1
64915 1 1 1
64916 1 1 1
64917 1 1 1
64918 1 1 1
64919 1 1 1
64920 1 1 1
64921 1 1 1
64922 1 1 1
64923 1 1 1
64924 1 1 1
64925 1 1 1
64926 1 1 1
64927 1 1 1
64928 1 1 1
64929 1 1 1
64930 1 1 1
64931 1 1 1
64932 1 1 1
64933 1 1 1
64934 1 1 1
64935 1 1 1
64936 1 1 1
64937 1 1 1
64938 1 1 1
64939 1 1 1
64940 1 1 1
64941 1 1 1
64942 1 1 1
64943 1 1 1
64944 1 1 1
64945 1 1 1
64946 1 1 1
64947 1 1 1
64948 1 1 1
64949 1 1 1
64950 1 1 1
64951 1 1 1
64952 1 1 1
64953 1 1 1
64954 1 1 1
64955 1 1 1
64956 1 1 1
64957 1 1 1
64958 1 1 1
64959 1 1 1
64960 1 1 1
64961 1 1 1
64962 1 1 1
64963 1 1 1
64964 1 1 1
64965 1 1 1
64966 1 1 1
64967 1 1 1
64968 1 1 1
64969 1 1 1
64970 1 1 1
64971 1 1 1
64972 1 1 1
64973 1 1 1
64974 1 1 1
64975 1 1 1
64976 1 1 1
64977 1 1 1
64978 1 1 1
64979 1 1 1
64980 1 1 1
64981 1 1 1
64982 1 1 1
64983 1 1 1
64984 1 1 1
64985 1 1 1
64986 1 1 1
64987 1 1 1
64988 1 1 1
64989 1 1 1
64990 1 1 1
64991 1 1 1
64992 1 1 1
64993 1 1 1
64994 1 1 1
64995 1 1 1
64996 1 1 1
64997 1 1 1
64998 1 1 1
64999 1 1 1
65000 1 1 1
65001 1 1 1
65002 1 1 1
65003 1 1 1
65004 1 1 1
65005 1 1 1
65006 1 1 1
65007 1 1 1
65008 1 1 1
65009 1 1 1
65010 1 1 1
65011 1 1 1
65012 1 1 1
65013 1 1 1
65014 1 1 1
65015 1 1 1
65016 1 1 1
65017 1 1 1
65018 1 1 1
65019 1 1 1
65020 1 1 1
65021 1 1 1
65022 1 1 1
65023 1 1 1
65024 1 0 0
65025 1 0 0
65026 1 0 0
65027 1 0 0
65028 1 0 0
65029 1 0 0
65030 1 0 0
65031 1 0 0
65032 1 0 0
65033 1 0 0
65034 1 0 0
65035 1 0 0
65036 1 0 0
65037 1 0 0
65038 1 0 0
65039 1 0 0
65040 1 0 0
65041 1 0 0
65042 1 0 0
65043 1 0 0
65044 1 0 0
65045 1 0 0
65046 1 0 0
65047 1 0 0
65048 1 0 0
65049 1 0 0
65050 1 0 0
65051 1 0 0
65052 1 0 0
65053 1 0 0
65054 1 0 0
65055 1 0 0
65056 1 0 0
65057 1 0 0
65058 1 0 0
65059 1 0 0
65060 1 0 0
65061 1 0 0
65062 1 0 0
65063 1 0 0
65064 1 0 0
65065 1 0 0
65066 1 0 0
65067 1 0 0
65068 1 0 0
65069 1 0 0
65070 1 0 0
65071 1 0 0
65072 1 0 0
65073 1 0 0
65074 1 0 0
65075 1 0 0
65076 1 0 0
65077 1 0 0
65078 1 0 0
65079 1 0 0
65080 1 0 0
65081 1 0 0
65082 1 0 0
65083 1 0 0
65084 1 0 0
65085 1 0 0
65086 1 0 0
65087 1 0 0
65088 1 0 0
65089 1 0 0
65090 1 0 0
65091 1 0 0
65092 1 0 0
65093 1 0 0
65094 1 0 0
65095 1 0 0
65096 1 0 0
65097 1 0 0
65098 1 0 0
65099 1 0 0
65100 1 0 0
65101 1 0 0
65102 1 0 0
65103 1 0 0
65104 1 0 0
65105 1 0 0
65106 1 0 0
65107 1 0 0
65108 1 0 0
65109 1 0 0
65110 1 0 0
65111 1 0 0
65112 1 0 0
65113 1 0 0
65114 1 0 0
65115 1 0 0
65116 1 0 0
65117 1 0 0
65118 1 0 0
65119 1 0 0
65120 1 0 0
65121 1 0 0
65122 1 0 0
65123 1 0 0
65124 1 0 0
65125 1 0 0
65126 1 0 0
65127 1 0 0
65128 1 0 0
65129 1 0 0
65130 1 0 0
65131 1 0 0
65132 1 0 0
65133 1 0 0
65134 1 0 0
65135 1 0 0
65136 1 0 0
65137 1 0 0
65138 1 0 0
65139 1 0 0
65140 1 0 0
65141 1 0 0
65142 1 0 0
65143 1 0 0
65144 1 0 0
65145 1 0 0
65146 1 0 0
65147 1 0 0
65148 1 0 0
65149 1 0 0
65150 1 0 0
65151 1 0 0
65152 1 0 0
65153 1 0 0
65154 1 0 0
65155 1 0 0
65156 1 0 0
65157 1 0 0
65158 1 0 0
65159 1 0 0
65160 1 0 0
65161 1 0 0
65162 1 0 0
65163 1 0 0
65164 1 0 0
65165 1 0 0
65166 1 0 0
65167 1 0 0
65168 1 0 0
65169 1 0 0
65170 1 0 0
65171 1 0 0
65172 1 0 0
65173 1 0 0
65174 1 0 0
65175 1 0 0
65176 1 0 0
65177 1 0 0
65178 1 0 0
65179 1 0 0
65180 1 0 0
65181 1 0 0
65182 1 0 0
65183 1 0 0
65184 1 0 0
65185 1 0 0
65186 1 0 0
65187 1 0 0
65188 1 0 0
65189 1 0 0
65190 1 0 0
65191 1 0 0
65192 1 0 0
65193 1 0 0
65194 1 0 0
65195 1 0 0
65196 1 0 0
65197 1 0 0
65198 1 0 0
65199 1 0 0
65200 1 0 0
65201 1 0 0
65202 1 0 0
65203 1 0 0
65204 1 0 0
65205 1 0 0
65206 1 0 0
65207 1 0 0
65208 1 0 0
65209 1 0 0
65210 1 0 0
65211 1 0 0
65212 1 0 0
65213 1 0 0
65214 1 0 0
65215 1 0 0
65216 1 0 0
65217 1 0 0
65218 1 0 0
65219 1 0 0
65220 1 0 0
65221 1 0 0
65222 1 0 0
65223 1 0 0
65224 1 0 0
65225 1 0 0
65226 1 0 0
65227 1 0 0
65228 1 0 0
65229 1 0 0
65230 1 0 0
65231 1 0 0
65232 1 0 0
65233 1 0 0
65234 1 0 0
65235 1 0 0
65236 1 0 0
65237 1 0 0
65238 1 0 0
65239 1 0 0
65240 1 0 0
65241 1 0 0
65242 1 0 0
65243 1 0 0
65244 1 0 0
65245 1 0 0
65246 1 0 0
65247 1 0 0
65248 1 0 0
65249 1 0 0
65250 1 0 0
65251 1 0 0
65252 1 0 0
65253 1 0 0
65254 1 0 0
65255 1 0 0
65256 1 0 0
65257 1 0 0
65258 1 0 0
65259 1 0 0
65260 1 0 0
65261 1 0 0
65262 1 0 0
65263 1 0 0
65264 1 0 0
65265 1 0 0
65266 1 0 0
65267 1 0 0
65268 1 0 0
65269 1 0 0
65270 1 0 0
65271 1 0 0
65272 1 0 0
65273 1 0 0
65274 1 0 0
65275 1 0 0
65276 1 0 0
65277 1 0 0
65278 1 0 0
65279 1 0 0
65280 1 0 0
65281 1 0 0
65282 1 0 0
65283 1 0 0
65284 1 0 0
65285 1 0 0
65286 1 0 0
65287 1 0 0
65288 1 0 0
65289 1 0 0
65290 1 0 0
65291 1 0 0
65292 1 0 0
65293 1 0 0
65294 1 0 0
65295 1 0 0
65296 1 0 0
65297 1 0 0
65298 1 0 0
65299 1 0 0
65300 1 0 0
65301 1 0 0
65302 1 0 0
65303 1 0 0
65304 1 0 0
65305 1 0 0
65306 1 0 0
65307 1 0 0
65308 1 0 0
65309 1 0 0
65310 1 0 0
65311 1 0 0
65312 1 0 0
65313 1 0 0
65314 1 0 0
65315 1 0 0
65316 1 0 0
65317 1 0 0
65318 1 0 0
65319 1 0 0
65320 1 0 0
65321 1 0 0
65322 1 0 0
65323 1 0 0
65324 1 0 0
65325 1 0 0
65326 1 0 0
65327 1 0 0
65328 1 0 0
65329 1 0 0
65330 1 0 0
65331 1 0 0
65332 1 0 0
65333 1 0 0
65334 1 0 0
65335 1 0 0
65336 1 0 0
65337 1 0 0
65338 1 0 0
65339 1 0 0
65340 1 0 0
65341 1 0 0
65342 1 0 0
65343 1 0 0
65344 1 0 0
65345 1 0 0
65346 1 0 0
65347 1 0 0
65348 1 0 0
65349 1 0 0
65350 1 0 0
65351 1 0 0
65352 1 0 0
65353 1 0 0
65354 1 0 0
65355 1 0 0
65356 1 0 0
65357 1 0 0
65358 1 0 0
65359 1 0 0
65360 1 0 0
65361 1 0 0
65362 1 0 0
65363 1 0 0
65364 1 0 0
65365 1 0 0
65366 1 0 0
65367 1 0 0
65368 1 0 0
65369 1 0 0
65370 1 0 0
65371 1 0 0
65372 1 0 0
65373 1 0 0
65374 1 0 0
65375 1 0 0
65376 1 0 0
65377 1 0 0
65378 1 0 0
65379 1 0 0
65380 1 0 0
65381 1 0 0
65382 1 0 0
65383 1 0 0
65384 1 0 0
65385 1 0 0
65386 1 0 0
65387 1 0 0
65388 1 0 0
65389 1 0 0
65390 1 0 0
65391 1 0 0
65392 1 0 0
65393 1 0 0
65394 1 0 0
65395 1 0 0
65396 1 0 0
65397 1 0 0
65398 1 0 0
65399 1 0 0
65400 1 0 0
65401 1 0 0
65402 1 0 0
65403 1 0 0
65404 1 0 0
65405 1 0 0
65406 1 0 0
65407 1 0 0
65408 1 0 0
65409 1 0 0
65410 1 0 0
65411 1 0 0
65412 1 0 0
65413 1 0 0
65414 1 0 0
65415 1 0 0
65416 1 0 0
65417 1 0 0
65418 1 0 0
65419 1 0 0
65420 1 0 0
65421 1 0 0
65422 1 0 0
65423 1 0 0
65424 1 0 0
65425 1 0 0
65426 1 0 0
65427 1 0 0
65428 1 0 0
65429 1 0 0
65430 1 0 0
65431 1 0 0
65432 1 0 0
65433 1 0 0
65434 1 0 0
65435 1 0 0
65436 1 0 0
65437 1 0 0
65438 1 0 0
65439 1 0 0
65440 1 0 0
65441 1 0 0
65442 1 0 0
65443 1 0 0
65444 1 0 0
65445 1 0 0
65446 1 0 0
65447 1 0 0
65448 1 0 0
65449 1 0 0
65450 1 0 0
65451 1 0 0
65452 1 0 0
65453 1 0 0
65454 1 0 0
65455 1 0 0
65456 1 0 0
65457 1 0 0
65458 1 0 0
65459 1 0 0
65460 1 0 0
65461 1 0 0
65462 1 0 0
65463 1 0 0
65464 1 0 0
65465 1 0 0
65466 1 0 0
65467 1 0 0
65468 1 0 0
65469 1 0 0
65470 1 0 0
65471 1 0 0
65472 1 0 0
65473 1 0 0
65474 1 0 0
65475 1 0 0
65476 1 0 0
65477 1 0 0
65478 1 0 0
65479 1 0 0
65480 1 0 0
65481 1 0 0
65482 1 0 0
65483 1 0 0
65484 1 0 0
65485 1 0 0
65486 1 0 0
65487 1 0 0
65488 1 0 0
65489 1 0 0
65490 1 0 0
65491 1 0 0
65492 1 0 0
65493 1 0 0
65494 1 0 0
65495 1 0 0
65496 1 0 0
65497 1 0 0
65498 1 0 0
65499 1 0 0
65500 1 0 0
65501 1 0 0
65502 1 0 0
65503 1 0 0
65504 1 0 0
65505 1 0 0
65506 1 0 0
65507 1 0 0
65508 1 0 0
65509 1 0 0
65510 1 0 0
65511 1 0 0
65512 1 0 0
65513 1 0 0
65514 1 0 0
65515 1 0 0
65516 1 0 0
65517 1 0 0
65518 1 0 0
65519 1 0 0
65520 1 0 0
65521 1 0 0
65522 1 0 0
65523 1 0 0
65524 1 0 0
65525 1 0 0
65526 1 0 0
65527 1 0 0
65528 1 0 0
65529 1 0 0
65530 1 0 0
65531 1 0 0
65532 1 0 0
65533 1 0 0
65534 1 0 0
65535 1 0 0
