6
6
6
6
6
6
6
6
6
6
6
6
6
6
6
6
6
6
6
6
6
6
6
6
6
6
6
6
6
6
6
6
6
6
6
6
6
6
6
6
6
6
6
6
6
6
6
6
6
6
6
6
6
6
6
6
6
6
6
6
6
6
6
6
6
6
6
6
6
6
6
6
6
6
6
6
6
6
6
6
6
6
6
6
6
6
6
6
6
6
6
6
6
6
6
6
6
6
6
6
6
6
6
6
6
6
6
6
6
6
6
6
6
6
6
6
6
6
6
6
6
6
6
6
6
6
6
6
6
6
6
6
6
6
6
6
6
6
6
6
6
6
6
6
6
6
6
6
6
6
6
6
6
6
6
6
6
6
6
6
6
6
6
6
6
6
6
6
6
6
6
6
6
6
6
6
6
6
6
6
6
6
6
6
6
6
6
6
6
6
6
6
6
6
6
6
6
6
6
6
6
6
6
6
6
6
6
6
6
6
6
6
6
6
6
6
6
6
6
6
6
6
6
6
6
6
6
6
6
6
6
6
6
6
6
6
6
6
6
6
6
6
6
6
6
6
6
6
6
6
6
6
6
6
6
6
6
6
6
6
6
6
6
6
6
6
6
6
6
6
6
6
6
7
7
7
7
7
7
7
7
7
7
7
7
8
8
8
8
8
8
8
8
8
8
8
8
9
9
9
9
9
9
9
9
9
9
9
9
10
10.4142
10
10
10
10
10
10
10
10
10
10
10
10
11
11.4142
11
11
11
11
11
12.4142
11.4142
11
11
11
11
11
12
12.4142
12.4142
12
12
12
12
12
12.4142
12.8284
12
12
12
12
13.4142
13.4142
13
13
13
13
13.4142
13.8284
13
13
13
13
14.4142
14.4142
14
14.4142
14.4142
14
14
14
14.4142
14.8284
14
14
14
14
15.4142
15.8284
15.4142
15.4142
15.4142
15
15
15.4142
15.8284
16.8284
16.2426
15.8284
15
15
15
15
16
16
16
16
16
16
16
16
16
16
16
16
16.4142
16.8284
16.8284
16.4142
16.8284
16.4142
16
16
17.2426
17.6569
17.2426
16
16
16
16
16
17
17
17
17
17
17
17
17
17.8284
19.2426
18.2426
17.8284
17.8284
17.8284
17.4142
17
17
17
17
18.2426
18.6569
19.0711
18.6569
17
17
17
17
17.4142
18.4142
17
17
18
18
18
18
18
18.8284
19.2426
19.6569
18.8284
19.2426
20.2426
20.2426
19.2426
18.8284
18
18
18
19.6569
20.0711
21.4853
20.4853
20.0711
18
18
18.8284
18
18
19
19
19
20.2426
21.0711
20.6569
20.6569
21.6569
20.6569
19
19
21.0711
21.4853
22.4853
23.4853
22.8995
21.8995
19
19.4142
19
19.8284
19
19
20
21.2426
21.6569
22.6569
22.4853
22.0711
22.0711
23.0711
22.0711
21.6569
20
20
23.8995
24.8995
25.8995
26.3137
25.3137
24.3137
23.3137
20.4142
20
20.8284
20
20
21
21
21
21
23.0711
23.4853
23.4853
23.0711
21
21
26.3137
26.7279
21.4142
21
21.8284
21
21
22
22
22
24.0711
24.4853
24.8995
24.4853
24.4853
24.8995
24.4853
24.0711
22
22
26.7279
27.7279
28.7279
29.7279
30.7279
31.7279
32.1421
31.1421
30.1421
29.1421
28.1421
27.1421
22.4142
22
22.8284
22
22
23
23
23
25.4853
25.8995
25.8995
26.3137
27.3137
26.8995
25.8995
25.4853
23
23
23
23
23.4142
23
23.8284
23
23
24
24
24
26.4853
26.8995
28.3137
27.3137
26.8995
27.7279
28.7279
29.3137
28.3137
27.3137
24
24
24.4142
24
24
24
24.8284
24.4142
24
24
25
25
27.8995
28.3137
29.3137
30.3137
30.7279
29.7279
28.7279
29.1421
30.1421
31.1421
30.7279
29.7279
25
25
25.4142
25.8284
26.8284
25
25.8284
25.4142
25
26
30.7279
31.7279
33.1421
32.1421
31.1421
31.5563
32.5563
33.5563
34.5563
35.5563
35.1421
34.1421
33.1421
32.1421
31.1421
26
26
27.2426
26
26.8284
26.4142
26
27
27
27
32.1421
33.1421
34.1421
35.1421
35.5563
34.5563
33.5563
35.9706
36.9706
37.9706
38.9706
39.9706
40.9706
41.9706
41.5563
40.5563
39.5563
38.5563
37.5563
36.5563
35.5563
27
27
27
28.2426
27
27.8284
27.4142
27
28
28
35.5563
36.5563
37.5563
38.9706
37.9706
36.9706
35.9706
28
28
28
29.2426
28
28.8284
28.4142
28
29
37.9706
38.9706
39.9706
40.9706
43.3848
42.3848
41.3848
40.3848
39.3848
29
29
30.2426
30.6569
29
29.8284
29.8284
29.4142
29
30
30
41.3848
43.799
30
30
31.6569
30
30.8284
30.8284
30
31
41.799
42.799
43.799
44.799
45.799
46.799
47.799
48.799
49.2132
48.2132
47.2132
46.2132
45.2132
44.2132
31
31
32.6569
31
31.8284
32.2426
31.8284
31
32
32
32
32
33.6569
32
33.2426
32.8284
32
33
33
33
33
33
34.6569
35.0711
33
34.2426
33.8284
33
34
34
34
36.0711
34
35.2426
36.2426
35.2426
34.8284
34
35
35
35
37.0711
37.4853
35
36.2426
36.6569
36.6569
35
36
36
36
36
38.4853
36
37.6569
38.0711
37.6569
36
36
36
36
36
36
36
37
37
37
39.4853
39.8995
40.8995
37
38.6569
39.0711
39.0711
37
38
38
38
38
40.4853
40.0711
39.6569
39.2426
38.8284
38.4142
38
38
38
38
38
38
38
38
41.3137
38
40.0711
40.0711
38
38
38
38
39
39
39
42.7279
42.3137
41.8995
41.4853
39
39
39
39
42.3137
40.4142
39.4142
39
41.0711
41.4853
41.0711
39
39
39
40
40
40
44.9706
44.5563
44.1421
43.7279
40
40
40
43.3137
43.7279
40.8284
42.0711
42.4853
43.4853
42.4853
40
40
40
41
41
41
46.3848
45.9706
41
41
41
44.7279
45.1421
41.8284
43.8995
43.8995
43.4853
41
41
42
42.8284
42.4142
42
42
42
47.799
47.3848
42
42
46.1421
43.2426
42.8284
44.8995
45.3137
46.3137
45.3137
44.8995
42
42
43.4142
43
46.7279
46.3137
45.8995
45.4853
45.0711
44.6569
44.2426
43.8284
43
43
43
43
43
43
43
43
43
49.2132
48.799
43
43
47.1421
47.5564
48.5564
44.2426
46.3137
46.7279
47.7279
46.7279
43
44.4142
48.9706
48.5563
48.1421
47.7279
44
44
44
44
44
44
44
50.2132
50.6274
50.2132
44
44
44
48.9706
49.9706
45.6569
45.2426
47.7279
48.1421
44
44
44
45.4142
50.799
50.3848
49.9706
45
45
45
45
45.4142
45
50.799
51.2132
45
45
50.3848
51.3848
46.6569
48.7279
49.1421
50.1421
51.5564
50.5564
49.5564
49.1421
45
46.4142
51.799
46
46.4142
46
51.799
46
51.799
52.799
49.0711
48.0711
47.6569
50.5564
51.5564
52.9706
51.9706
46
47.4142
53.6274
53.2132
52.799
47
47
47
47.4142
47
52.799
47
53.2132
49.4853
51.9706
53.3848
47
49.8284
48.8284
48.4142
55.4558
55.0416
54.6274
48
48
48.4142
48
53.3848
53.799
48
48
54.2132
54.6274
55.6274
50.8995
50.4853
52.9706
53.3848
54.3848
54.799
53.799
48
48
50.2426
56.4558
49
49
49
49.4142
49.4142
49
54.3848
49
56.0416
57.0416
58.0416
52.3137
51.8995
54.799
55.799
56.799
58.2132
57.2132
56.2132
55.2132
49
51.6569
51.2426
57.8701
57.4558
50
50
50.4142
50.8284
51.8284
50.4142
55.3848
50
50
58.4559
59.4559
60.4559
61.4559
55.7279
54.7279
53.7279
53.3137
57.2132
58.2132
59.2132
60.2132
60.6274
59.6274
58.6274
50
52.6569
59.2843
58.8701
51
52.2426
51.4142
55.9706
56.3848
51
61.8701
62.8701
63.8701
60.1422
59.1422
58.1422
57.1422
56.1422
60.6274
61.6274
62.6274
63.6274
64.6274
65.6274
66.6274
66.0417
65.0417
64.0417
63.0417
62.0417
61.0417
51
54.0711
53.6569
60.2843
52
52
53.2426
52.4142
56.9706
52
64.2843
65.2843
66.2843
67.2843
67.5564
66.5564
65.5564
64.5564
63.5564
62.5564
61.5564
60.5564
67.0416
68.0416
69.0416
69.4559
68.4559
67.4559
66.4559
52
56.4853
55.4853
55.0711
61.6985
61.2843
53
53
53
54.2426
54.6569
53.8284
53.4142
57.9706
53
53
57.8995
56.8995
62.6985
54
55.6569
54.8284
58.9706
54
54
58.3137
63.6985
55
56.6569
55.8284
59.9706
55
55
55
55
59.7279
59.3137
64.6985
65.1127
64.6985
56
57.6569
58.0711
57.2426
56.8284
60.9706
56
56
61.1422
60.7279
65.6985
57
57
59.0711
59.4853
58.2426
61.9706
57
57
57.4142
63.5564
62.5564
62.1422
64.2132
63.799
63.3848
62.9706
62.5563
62.1421
61.7279
61.3137
60.8995
66.6985
58
60.4853
60.6569
59.6569
59.2426
62.9706
58
58.4142
65.9706
64.9706
63.9706
67.2843
66.8701
66.4558
66.0416
65.6274
65.2132
61.8995
61.4853
61.0711
60.6569
67.6985
59
61.4853
61.8995
62.8995
62.0711
61.0711
63.9706
59
59.4142
67.3848
66.3848
69.5269
69.1127
68.6985
68.2843
61.6569
61.2426
60.8284
60.4142
68.6985
60
63.3137
64.3137
63.4853
62.4853
64.9706
61.4142
60.4142
60
60.4142
60.8284
61.8284
71.799
70.799
69.799
68.799
67.799
70.9411
70.5269
61.4142
61
61
69.6985
61
61
64.7279
65.7279
66.7279
65.8995
64.8995
63.8995
65.9706
61.8284
62.2426
63.2426
75.2132
74.2132
73.2132
72.2132
72.7696
72.3554
71.9411
62
62
62
70.6985
62
67.1422
68.1422
69.1422
67.3137
66.3137
66.9706
67.3848
62.8284
63.6569
64.6569
80.6274
79.6274
78.6274
77.6274
76.6274
75.6274
73.7696
63
71.6985
63
69.5564
70.5564
71.5564
69.7279
68.7279
67.7279
68.3848
63.8284
65.0711
66.0711
67.0711
81.0417
74.7696
75.1838
74.7696
64
64
72.6985
64
71.9706
70.1422
69.3848
64.8284
67.4853
83.5564
83.9706
84.3848
85.3848
86.3848
87.3848
88.3848
88.4559
87.4559
86.4559
85.4559
84.4559
83.4559
82.4559
81.4559
75.3554
75.7696
65
65
73.6985
65
72.3848
73.3848
74.3848
75.3848
76.3848
77.3848
76.5564
75.5564
74.5564
73.5564
72.5564
71.5564
70.5564
70.3848
66.2426
65.8284
67.8995
68.8995
82.5564
75.9411
76.3554
66
66
66
74.6985
66
77.799
78.799
79.799
79.9706
78.9706
77.9706
76.9706
71.3848
71.799
67.2426
69.3137
70.3137
71.3137
81.5564
76.9411
67
75.6985
67.4142
67
72.799
68.6569
68.2426
71.7279
72.7279
73.7279
74.7279
81.1422
77.5269
77.9411
68
68
76.6985
77.1127
78.1127
68.4142
73.799
74.2132
69.6569
75.1422
76.1422
77.1422
78.1422
79.1422
80.1422
77.6985
78.1127
78.5269
69
78.5269
69.4142
75.2132
75.6274
76.6274
71.0711
70.6569
78.6985
70
70
79.5269
70.4142
77.0416
78.0416
73.4853
72.4853
72.0711
79.2843
79.6985
71
80.5269
80.9411
71.8284
71.4142
78.4558
79.4558
74.8995
73.8995
76.799
77.2132
77.6274
78.0416
78.4559
78.8701
79.2843
79.6985
80.1127
80.5269
80.9412
81.3554
80.9412
80.5269
80.1127
76.799
76.3848
75.9706
75.5564
75.1421
74.7279
74.3137
73.8995
73.4853
73.0711
80.2843
72
81.9411
72.8284
79.8701
80.8701
78.3137
77.3137
76.3137
75.3137
77.799
81.1127
77.799
74.0711
81.2843
73
82.9411
73.8284
81.2843
78.7279
77.1421
77.5564
77.9706
78.3848
78.799
82.1127
81.6985
81.2843
80.8701
80.4559
80.8701
80.4559
80.0416
79.6274
79.2132
78.799
75.0711
74.6569
74.2426
73.8284
73.4142
73
81.8701
82.2843
74
74
83.9411
84.3554
76.2426
75.2426
74.8284
82.2843
82.6985
83.6985
84.6985
80.1422
79.1422
77.3137
77.7279
78.1421
81.4559
81.0417
80.6274
82.6985
82.2843
81.8701
74
74
74
74
82.8701
75
85.3554
85.7696
77.6569
76.6569
85.1127
86.1127
87.1127
88.1127
89.1127
84.5564
83.5564
82.5564
81.5564
80.5564
77.4853
77.8995
78.3137
81.6274
81.2132
84.9412
84.5269
84.1127
83.6985
75
75
75
83.8701
76
86.7696
87.1838
88.1838
78.0711
76
76
76
76
89.5269
90.5269
91.5269
92.5269
92.9706
91.9706
90.9706
89.9706
88.9706
87.9706
86.9706
85.9706
84.9706
77.6569
78.0711
78.4853
82.2132
81.799
81.3848
80.9706
86.3554
85.9412
76
76
76
84.0416
84.4558
84.8701
77
88.598
89.598
79.4853
79.0711
77
77
77
77
77
77
77
77
77
77
77
77
77
77
77
78.2426
78.6569
81.9706
81.5564
87.7696
87.3554
77
77
77
85.0416
78
90.0122
91.0122
82.8995
81.8995
80.8995
80.4853
78
78
78
78
78
78.4142
78.4142
78.8284
79.2426
82.5564
82.1422
81.7279
89.598
89.1838
88.7696
78
78
86.0416
79
91.4264
92.4264
93.4264
94.4264
84.3137
83.3137
79.4142
79
79
79
79.4142
79.8284
79
79.4142
82.7279
90.1838
90.598
79
79
79
87.0416
80
94.8406
95.8406
87.7279
86.7279
85.7279
84.7279
80.4142
80.8284
80
83.7279
91.1838
80
88.0416
81
96.2549
88.1422
81.8284
81.4142
81.8284
82.2426
82.6569
83.0711
81
84.7279
84.3137
91.7696
92.1838
81
88.6274
89.0416
82
96.6691
97.6691
98.6691
99.6691
100.669
90.5564
89.5564
88.5564
83.2426
82.8284
84.0711
84.4853
82
82
85.3137
84.8995
92.7696
82
82
89.6274
83
101.083
102.083
102.971
101.971
100.971
99.9706
98.9706
97.9706
96.9706
95.9706
94.9706
93.9706
92.9706
91.9706
90.9706
84.6569
84.2426
85.4853
85.8995
83
83
83
85.8995
93.3554
93.7696
83
83
90.6274
84
86.4853
86.0711
85.6569
86.8995
84
86.8995
86.4853
94.3554
84
91.6274
85
87.4853
87.8995
88.3137
88.7279
85
85
87.4853
94.5269
94.9412
95.3554
85
85
85
92.6274
86
88.8995
88.4853
89.7279
86
88.4853
88.0711
87.6569
95.5269
86
93.6274
87
89.8995
90.7279
91.1421
87
88.6569
96.5269
87
94.6274
88
91.3137
90.8995
92.1421
88
88
89.6569
97.5269
88
88
95.6274
89
92.3137
93.1421
89
90.6569
98.5269
89
96.2132
96.6274
90
93.3137
94.1421
90
91.6569
91.2426
99.5269
90
97.2132
91.4142
91
94.3137
95.1421
95.5563
91
92.2426
100.113
100.527
91
98.2132
92.4142
95.3137
96.5563
92
93.2426
101.113
92
99.2132
93.4142
96.3137
97.5563
93
93
94.2426
102.113
102.527
93
99.799
99.3848
98.9706
98.5564
98.1422
97.7279
97.3137
96.8995
100.213
94.4142
97.3137
98.5563
94
95.2426
103.527
94
102.87
102.456
102.042
101.627
101.213
100.799
97.8995
97.4853
97.0711
96.6569
96.2426
95.8284
95.4142
101.213
95.8284
95.4142
95
95
95
95
95
95
95
95
95
95
95
95
98.3137
99.5563
95
96.2426
104.527
95
105.113
104.699
104.284
103.87
96.4142
96
96
102.213
96.8284
97.2426
96.8284
96.4142
96
96
96
96
96
96
96
96
99.3137
100.556
96
97.2426
105.527
96
106.113
97
103.213
97.8284
98.2426
97
100.314
101.556
97
98.2426
106.527
97
107.527
107.113
98
98
104.213
98.8284
100.485
100.071
99.6569
99.2426
98
98.4142
98.8284
101.314
102.556
98
99.2426
107.527
98
109.355
108.941
108.527
99
99
99
99
105.213
99.8284
102.728
102.314
101.9
101.485
99.8284
100.243
100.657
101.071
102.314
103.556
99
100.243
108.527
108.941
109.941
99.4142
99
111.184
110.77
110.355
100
100
106.213
100.828
104.142
103.728
102.071
102.485
103.314
104.971
104.556
100
101.243
110.355
100.414
112.598
112.184
101
101
101
107.213
102.243
101.828
105.556
105.142
103.485
103.9
104.314
104.728
104.314
104.728
105.971
101
102.243
111.355
111.77
101.414
114.012
113.598
102
108.213
103.243
106.971
106.556
105.728
106.142
105.728
106.971
102
103.243
112.77
103.828
102.828
102.414
115.012
103
103
109.213
104.243
108.799
108.385
107.971
107.142
107.556
106.728
107.142
108.385
107.971
103
104.243
113.77
114.184
104.243
116.012
116.426
116.012
104
104
110.213
105.243
110.213
109.799
108.556
108.142
109.385
104
105.243
115.184
115.598
105.657
105.243
116.598
117.012
105
111.213
107.657
106.657
106.243
111.627
111.213
109.556
109.971
109.142
109.556
110.556
111.799
110.799
110.385
105
106.243
116.598
107.071
106.657
117.598
106
112.213
108.071
112.627
110.971
110.971
111.971
113.213
112.213
106
107.243
117.598
118.012
119.012
109.485
108.485
108.071
118.598
107
107
113.213
109.071
113.627
111.971
112.385
112.799
112.385
113.627
107
108.243
119.426
109.9
119.184
119.598
108
114.213
110.071
115.456
115.042
114.627
113.799
113.385
113.799
115.042
114.627
108
109.243
120.426
120.841
110.9
120.184
109
109
109
115.213
111.071
116.456
114.799
115.213
114.799
115.213
116.456
116.042
109
110.243
121.841
122.255
123.255
124.255
112.314
111.9
120.77
121.184
110
116.213
112.071
117.87
117.456
116.213
116.213
116.627
117.627
118.87
117.87
117.456
110
111.243
124.669
125.669
113.728
113.314
121.77
111
117.213
113.071
118.87
117.213
117.627
118.042
119.042
120.042
121.284
120.284
119.284
111
112.243
126.083
127.083
115.142
114.728
122.77
112
118.213
114.485
114.071
119.87
118.627
120.456
121.456
122.456
123.456
124.698
123.698
122.698
121.698
112
113.243
127.498
128.498
117.556
116.556
116.142
122.941
123.355
123.77
113
113
119.213
115.485
121.284
120.87
119.627
123.87
124.87
125.87
126.87
127.87
128.87
129.87
130.113
129.113
128.113
127.113
126.113
125.113
113
114.243
128.912
129.912
130.912
118.971
117.971
123.941
114
120.213
116.485
122.284
120.627
114
115.243
131.326
120.385
119.385
124.941
115
121.213
117.485
123.284
121.627
122.042
122.456
115
116.243
131.74
120.799
125.941
116
122.213
118.485
124.284
123.456
116
116.414
117.243
132.154
133.154
121.799
126.941
117
123.213
119.485
125.284
124.456
117.414
118.243
133.569
123.213
122.799
127.941
118
124.213
120.485
126.284
125.456
118.414
119.243
134.569
134.983
124.213
128.941
119
125.213
121.485
127.284
126.456
119.414
120.243
135.983
125.213
127.87
128.284
128.699
129.113
129.527
129.941
120
120
120
120
120
120
120
120
120.414
120.828
121.243
121.657
122.071
122.485
122.899
123.314
123.728
124.142
124.556
124.971
125.385
125.799
126.213
122.485
122.071
121.657
121.243
120.828
120.414
120
120
120.414
120.828
121.243
121.657
122.071
122.485
122.899
123.314
123.728
124.142
124.556
124.971
125.385
125.799
126.213
126.627
127.042
127.456
127.87
128.284
128.698
129.113
129.527
129.941
130.355
130.77
131.184
131.598
132.012
132.426
132.841
133.255
133.669
133.669
133.255
132.841
132.426
132.012
131.598
131.184
130.77
130.355
129.941
129.527
129.113
128.699
128.284
127.456
127.87
128.284
128.699
129.113
128.699
128.284
127.87
127.456
127.042
126.627
126.213
125.799
125.385
124.971
124.556
124.142
123.728
123.314
123.728
124.142
124.556
124.971
125.385
125.799
126.213
126.627
127.042
127.456
127.87
128.284
128.699
129.113
129.527
129.941
130.355
130.77
131.77
132.77
133.012
132.012
131.598
131.184
130.77
130.355
129.941
129.527
129.113
128.698
128.284
127.87
127.456
127.042
126.627
126.213
125.799
125.385
124.971
124.556
124.971
125.385
125.799
126.213
126.627
127.042
127.456
127.87
128.284
128.698
129.113
129.527
129.941
130.355
130.77
131.184
131.184
130.77
130.355
129.941
129.527
129.113
128.699
128.284
127.87
127.456
127.042
126.627
126.213
125.799
125.385
124.971
124.556
124.142
123.728
123.314
122.9
122.485
122.071
121.657
121.243
120.828
120.414
120
120
120
120
120
120
120
120
120
120.414
121.243
120.828
120.414
120
120
120
120
120
120
120
120
120
120
120
120
120
120
120
120
120
120
120
120
120
120
120
120
120
120
120.414
120.828
121.243
121.657
122.071
122.485
122.899
123.314
123.728
124.142
124.556
124.971
125.385
125.799
126.213
126.627
127.042
127.456
127.87
128.284
128.699
129.113
129.527
129.941
130.355
130.77
131.184
131.598
132.012
132.426
132.841
133.255
133.669
134.083
134.498
134.912
135.326
135.74
136.154
136.569
136.983
126.213
125.799
125.385
124.971
124.556
124.142
123.728
123.314
122.9
122.485
122.071
121.657
121.243
120.828
120.414
120
120.414
120.828
121.243
121.657
122.071
122.485
122.9
123.314
123.728
124.142
124.556
124.971
125.385
125.799
126.213
126.627
127.042
127.456
