2.14634
2.13457
2.12281
2.11104
2.09928
2.08751
2.07575
2.17886
2.16696
2.15505
2.14315
2.13124
2.11934
2.10743
2.09553
2.08362
2.07172
2.05981
2.04791
2.21217
2.20012
2.18808
2.17603
2.16398
2.15193
2.13988
2.12783
2.11579
2.10374
2.09169
2.07964
2.06759
2.05554
2.0435
1.80431
1.79211
1.77992
1.76772
1.75553
1.74333
1.73114
1.71894
1.70675
1.69455
1.68236
1.67016
1.65797
1.64577
1.63358
1.62138
1.60919
2.2341
2.2219
2.20971
2.19751
2.18532
2.17312
2.16093
2.14873
2.13654
2.12434
2.11215
2.09995
2.08776
2.07556
2.06337
2.05117
2.03898
2.02678
1.84616
1.83382
1.82147
1.80913
1.79678
1.78443
1.77209
1.75974
1.7474
1.73505
1.72271
1.71036
1.69801
1.68567
1.67332
1.66098
1.64863
1.63629
1.62394
1.61159
1.59925
1.5869
1.57456
1.56944
2.26891
2.25657
2.24422
2.23187
2.21953
2.20718
2.19484
2.18249
2.17015
2.1578
2.14545
2.13311
2.12076
2.10842
2.09607
2.08373
2.07138
2.05903
2.04669
2.03434
2.022
2.00965
2.00454
1.86406
1.85156
1.83906
1.82656
1.81406
1.80156
1.78906
1.77656
1.76406
1.75156
1.73906
1.72656
1.71406
1.70156
1.68906
1.67656
1.66406
1.65156
1.63906
1.62656
1.61406
1.60156
1.58906
1.57656
2.29209
2.27959
2.26709
2.25459
2.24209
2.22959
2.21709
2.20459
2.19209
2.17959
2.16709
2.15459
2.14209
2.12959
2.11709
2.10459
2.09209
2.07959
2.06709
2.05459
2.04209
2.02959
2.01709
1.92039
1.90773
1.89507
1.88241
1.86976
1.8571
1.84444
1.83178
1.81912
1.80647
1.79381
1.78115
1.76849
1.75583
1.74317
1.73052
1.71786
1.7052
1.69254
1.67988
1.66722
1.65457
1.64191
1.62925
1.61659
1.60393
1.59128
1.57862
1.56596
2.30321
2.29055
2.27789
2.26523
2.25257
2.23992
2.22726
2.2146
2.20194
2.18928
2.17662
2.16397
2.15131
2.13865
2.12599
2.11333
2.10068
2.08802
2.07536
2.0627
2.05004
2.03738
2.02473
2.01207
1.99941
1.97816
1.96534
1.95252
1.9397
1.92688
1.91406
1.90124
1.88842
1.8756
1.86278
1.84996
1.83713
1.82431
1.81149
1.79867
1.78585
1.77303
1.76021
1.74739
1.73457
1.72175
1.70893
1.69611
1.68329
1.67047
1.65765
1.64483
1.63201
1.61919
1.60637
1.59355
1.58072
1.5679
1.55508
1.54226
2.32743
2.3146
2.30178
2.28896
2.27614
2.26332
2.2505
2.23768
2.22486
2.21204
2.19922
2.1864
2.17358
2.16076
2.14794
2.13512
2.1223
2.10948
2.09666
2.08384
2.07101
2.05819
2.04537
2.03255
2.01973
2.00691
1.99409
1.98127
1.96845
2.01108
1.99847
1.98548
1.9725
1.95951
1.94652
1.93354
1.92055
1.90756
1.89458
1.88159
1.8686
1.85561
1.84263
1.82964
1.81665
1.80367
1.79068
1.77769
1.76471
1.75172
1.73873
1.72574
1.71276
1.69977
1.68678
1.6738
1.66081
1.64782
1.63484
1.62185
1.60886
1.59587
1.58289
1.5699
1.55691
1.54393
1.53094
2.33928
2.3263
2.31331
2.30032
2.28734
2.27435
2.26136
2.24838
2.23539
2.2224
2.20941
2.19643
2.18344
2.17045
2.15747
2.14448
2.13149
2.11851
2.10552
2.09253
2.07954
2.06656
2.05357
2.04058
2.0276
2.01461
2.00162
1.98864
1.97565
1.96266
1.94967
1.93669
1.9237
2.01893
2.02438
2.01932
2.00616
1.993
1.97984
1.96669
1.95353
1.94037
1.92721
1.91405
1.9009
1.88774
1.87458
1.86142
1.84826
1.83511
1.82195
1.80879
1.79563
1.78247
1.76932
1.75616
1.743
1.72984
1.71669
1.70353
1.69037
1.67721
1.66405
1.6509
1.63774
1.62458
1.61142
1.59826
1.58511
1.57195
1.55879
1.54563
1.53247
1.51932
1.50616
2.35146
2.3383
2.32514
2.31198
2.29883
2.28567
2.27251
2.25935
2.24619
2.23304
2.21988
2.20672
2.19356
2.1804
2.16725
2.15409
2.14093
2.12777
2.11461
2.10146
2.0883
2.07514
2.06198
2.04883
2.03567
2.02251
2.00935
1.99619
1.98304
1.96988
1.95672
1.94356
1.9304
1.91725
1.90409
1.89093
1.87777
1.86461
1.85146
1.22346
1.21801
1.21256
1.20711
1.20166
1.19621
2.02699
2.03252
2.03804
2.04072
2.02739
2.01405
2.00072
1.98739
1.97405
1.96072
1.94739
1.93405
1.92072
1.90739
1.89405
1.88072
1.86739
1.85405
1.84072
1.82739
1.81405
1.80072
1.78739
1.77405
1.76072
1.74739
1.73405
1.72072
1.70739
1.69405
1.68072
1.66739
1.65405
1.64072
1.62739
1.61405
1.60072
1.58739
1.57405
1.56072
1.54739
1.53405
1.52072
1.50739
1.49405
1.48072
2.35062
2.33729
2.32395
2.31062
2.29729
2.28395
2.27062
2.25729
2.24395
2.23062
2.21729
2.20395
2.19062
2.17729
2.16395
2.15062
2.13729
2.12395
2.11062
2.09729
2.08395
2.07062
2.05729
2.04395
2.03062
2.01729
2.00395
1.99062
1.97729
1.96395
1.95062
1.93729
1.92395
1.91062
1.89729
1.88395
1.87062
1.85729
1.84395
1.83062
1.81729
1.80395
1.79062
1.77729
1.76395
1.75062
1.25957
1.25405
1.24853
1.24301
1.23748
1.23196
1.22644
1.22091
1.21539
1.20987
1.20435
1.19882
1.1933
1.18778
1.18225
1.17673
1.17121
1.16569
2.02968
2.03527
2.04087
2.04647
2.05207
2.05766
2.04918
2.03567
2.02216
2.00864
1.99513
1.98162
1.9681
1.95459
1.94108
1.92756
1.91405
1.90054
1.88702
1.87351
1.86
1.84648
1.83297
1.81945
1.80594
1.79243
1.77891
1.7654
1.75189
1.73837
1.72486
1.71135
1.69783
1.68432
1.67081
1.65729
1.64378
1.63027
1.61675
1.60324
1.58973
1.57621
1.5627
1.54918
1.53567
1.52216
1.50864
1.49513
1.48162
1.4681
1.45459
2.30922
2.29571
2.28219
2.26868
2.25517
2.24165
2.22814
2.21463
2.20111
2.1876
2.17409
2.16057
2.14706
2.13354
2.12003
2.10652
2.093
2.07949
2.06598
2.05246
2.03895
2.02544
2.01192
1.99841
1.9849
1.97138
1.95787
1.94436
1.93084
1.91733
1.90381
1.8903
1.87679
1.86327
1.84976
1.83625
1.82273
1.80922
1.79571
1.78219
1.76868
1.75517
1.74165
1.72814
1.71463
1.70111
1.6876
1.67409
1.66057
1.64706
1.63354
1.62003
1.60652
1.32273
1.30922
1.29571
1.28219
1.26868
1.26308
1.25748
1.25189
1.24629
1.24069
1.23509
1.2295
1.2239
1.2183
1.2127
1.20711
1.20151
1.19591
1.19031
1.18472
1.17912
1.17352
1.16792
1.16233
2.04378
2.04946
2.05513
2.0608
2.06648
2.07215
2.07158
2.05788
2.04418
2.03049
2.01679
2.00309
1.98939
1.97569
1.96199
1.94829
1.9346
1.9209
1.9072
1.8935
1.8798
1.8661
1.8524
1.8387
1.82501
1.81131
1.79761
1.78391
1.77021
1.75651
1.74281
1.72912
1.71542
1.70172
1.68802
1.67432
1.66062
1.64692
1.63323
1.61953
1.60583
1.59213
1.57843
1.56473
1.55103
1.53733
1.52364
1.50994
1.49624
1.48254
1.46884
1.45514
1.44144
1.43577
2.23929
2.22559
2.21189
2.19819
2.18449
2.1708
2.1571
2.1434
2.1297
2.116
2.1023
2.0886
2.07491
2.06121
2.04751
2.03381
2.02011
2.00641
1.99271
1.97901
1.96532
1.95162
1.93792
1.92422
1.91052
1.89682
1.88312
1.86943
1.85573
1.84203
1.82833
1.81463
1.80093
1.78723
1.77354
1.75984
1.74614
1.73244
1.71874
1.70504
1.69134
1.67765
1.66395
1.65025
1.63655
1.62285
1.60915
1.59545
1.58175
1.56806
1.55436
1.54066
1.52696
1.51326
1.49956
1.48586
1.47217
1.45847
1.44477
1.43107
1.41737
1.40367
1.38997
1.37628
1.36258
1.34888
1.33518
1.32148
1.30778
1.29408
1.28038
1.26669
1.26101
1.25534
1.24966
1.24399
1.23832
1.23264
1.22697
1.22129
1.21562
1.20994
1.20427
1.1986
1.19292
1.18725
1.18157
1.1759
1.17023
1.16455
1.15888
1.1532
2.05828
2.06403
2.06978
2.07554
2.08129
2.09518
2.0946
2.08071
2.06682
2.05293
2.03904
2.02516
2.01127
1.99738
1.98349
1.9696
1.95571
1.94182
1.92793
1.91404
1.90016
1.88627
1.87238
1.85849
1.8446
1.83071
1.81682
1.80293
1.78904
1.77516
1.76127
1.74738
1.73349
1.7196
1.70571
1.69182
1.67793
1.66404
1.65016
1.63627
1.62238
1.60849
1.5946
1.58071
1.56682
1.55293
1.53904
1.52516
1.51127
1.49738
1.48349
1.4696
1.45571
1.44182
2.26464
2.25075
2.23686
2.22297
2.20908
2.19519
2.1813
2.16741
2.15353
2.13964
2.12575
2.11186
2.09797
2.08408
2.07019
2.0563
2.04241
2.02853
2.01464
2.00075
1.98686
1.97297
1.95908
1.94519
1.9313
1.91741
1.90353
1.88964
1.87575
1.86186
1.84797
1.83408
1.82019
1.8063
1.79241
1.77853
1.76464
1.75075
1.73686
1.72297
1.70908
1.69519
1.6813
1.66741
1.65353
1.63964
1.62575
1.61186
1.59797
1.58408
1.57019
1.5563
1.54241
1.52853
1.51464
1.50075
1.48686
1.47297
1.45908
1.44519
1.4313
1.41741
1.40353
1.38964
1.37575
1.36186
1.34797
1.33408
1.32019
1.3063
1.29241
1.27853
1.26464
1.25888
1.25313
1.24738
1.24163
1.23587
1.23012
1.22437
1.21861
1.21286
1.20711
1.20135
1.1956
1.18985
1.1841
1.17834
1.17259
1.16684
1.16108
1.15533
2.06735
2.07318
2.07902
2.08485
2.09069
2.10477
2.11885
2.11827
2.10418
2.0901
2.07601
2.06193
2.04785
2.03376
2.01968
2.00559
1.99151
1.97742
1.96334
1.94925
1.93517
1.92108
1.907
1.89292
1.87883
1.86475
1.85066
1.83658
1.82249
1.80841
1.79432
1.78024
1.76616
1.75207
1.73799
1.7239
1.70982
1.69573
1.68165
1.66756
1.65348
1.63939
1.62531
1.61123
1.59714
1.58306
1.56897
1.55489
1.5408
1.52672
1.51263
1.49855
1.48447
1.47038
1.4563
1.44221
1.42813
2.20619
2.19211
2.17802
2.16394
2.14985
2.13577
2.12169
2.1076
2.09352
2.07943
2.06535
2.05126
2.03718
2.02309
2.00901
1.99492
1.98084
1.96676
1.95267
1.93859
1.9245
1.91042
1.89633
1.88225
1.86816
1.85408
1.84
1.82591
1.81183
1.79774
1.78366
1.76957
1.75549
1.7414
1.72732
1.71323
1.69915
1.68507
1.67098
1.6569
1.64281
1.62873
1.61464
1.60056
1.58647
1.57239
1.55831
1.54422
1.53014
1.51605
1.50197
1.48788
1.4738
1.45971
1.44563
1.43154
1.41746
1.40338
1.38929
1.37521
1.36112
1.34704
1.33295
1.31887
1.30478
1.2907
1.27661
1.26253
1.2567
1.25086
1.24503
1.23919
1.23336
1.22753
1.22169
1.21586
1.21002
1.20419
1.19836
1.19252
1.18669
1.18085
1.17502
1.16919
1.16335
1.15752
1.15168
1.14585
2.07668
2.0826
2.08851
2.09443
2.10035
2.11463
2.12892
2.14321
2.14261
2.12833
2.11404
2.09975
2.08547
2.07118
2.0569
2.04261
2.02833
2.01404
1.99975
1.98547
1.97118
1.9569
1.94261
1.92833
1.91404
1.89975
1.88547
1.87118
1.8569
1.84261
1.82833
1.81404
1.79975
1.78547
1.77118
1.7569
1.74261
1.72833
1.71404
1.69975
1.68547
1.67118
1.6569
1.64261
1.62833
1.61404
1.59975
1.58547
1.57118
1.5569
1.54261
1.52833
1.51404
1.49975
1.48547
1.47118
1.4569
1.44261
1.42833
1.41404
1.39975
1.38547
2.16036
2.14608
2.13179
2.11751
2.10322
2.08893
2.07465
2.06036
2.04608
2.03179
2.01751
2.00322
1.98893
1.97465
1.96036
1.94608
1.93179
1.91751
1.90322
1.88893
1.87465
1.86036
1.84608
1.83179
1.81751
1.80322
1.78893
1.77465
1.76036
1.74608
1.73179
1.71751
1.70322
1.68893
1.67465
1.66036
1.64608
1.63179
1.61751
1.60322
1.58893
1.57465
1.56036
1.54608
1.53179
1.51751
1.50322
1.48893
1.47465
1.46036
1.44608
1.43179
1.41751
1.40322
1.38893
1.37465
1.36036
1.34608
1.33179
1.31751
1.30322
1.28893
1.27465
1.26036
1.25445
1.24853
1.24261
1.23669
1.23078
1.22486
1.21894
1.21302
1.20711
1.20119
1.19527
1.18936
1.18344
1.17752
1.1716
1.16569
1.15977
1.15385
1.14793
1.14202
2.09228
2.09829
2.10429
2.11029
2.12479
2.13928
2.15377
2.16826
2.16766
2.15317
2.13868
2.12418
2.10969
2.0952
2.0807
2.06621
2.05172
2.03723
2.02273
2.00824
1.99375
1.97925
1.96476
1.95027
1.93578
1.92128
1.90679
1.8923
1.87781
1.86331
1.84882
1.83433
1.81983
1.80534
1.79085
1.77636
1.76186
1.74737
1.73288
1.71839
1.70389
1.6894
1.67491
1.66041
1.64592
1.63143
1.61694
1.60244
1.58795
1.57346
1.55897
1.54447
1.52998
1.51549
1.50099
1.4865
1.47201
1.45752
1.44302
1.42853
1.41404
1.39954
1.38505
1.37056
1.35607
2.14219
2.1277
2.11321
2.09871
2.08422
2.06973
2.05524
2.04074
2.02625
2.01176
1.99726
1.98277
1.96828
1.95379
1.93929
1.9248
1.91031
1.89581
1.88132
1.86683
1.85234
1.83784
1.82335
1.80886
1.79437
1.77987
1.76538
1.75089
1.73639
1.7219
1.70741
1.69292
1.67842
1.66393
1.64944
1.63495
1.62045
1.60596
1.59147
1.57697
1.56248
1.54799
1.5335
1.519
1.50451
1.49002
1.47553
1.46103
1.44654
1.43205
1.41755
1.40306
1.38857
1.37408
1.35958
1.34509
1.3306
1.3161
1.30161
1.28712
1.27263
1.25813
1.25213
1.24613
1.24012
1.23412
1.22812
1.22212
1.21611
1.21011
1.20411
1.1981
1.1921
1.1861
1.18009
1.17409
1.16809
1.16208
1.15608
1.15008
1.14407
1.13807
2.09616
2.10226
2.10835
2.11444
2.12053
2.13524
2.14994
2.16465
2.17935
2.19406
2.19345
2.17874
2.16403
2.14933
2.13462
2.11992
2.10521
2.09051
2.0758
2.06109
2.04639
2.03168
2.01698
2.00227
1.98756
1.97286
1.95815
1.94345
1.92874
1.91403
1.89933
1.88462
1.86992
1.85521
1.84051
1.8258
1.81109
1.79639
1.78168
1.76698
1.75227
1.73756
1.72286
1.70815
1.69345
1.67874
1.66403
1.64933
1.63462
1.61992
1.60521
1.59051
1.5758
1.56109
1.54639
1.53168
1.51698
1.50227
1.48756
1.47286
1.45815
1.44345
1.42874
1.41403
1.39933
1.38462
1.36992
1.35521
1.34051
1.3258
1.31109
2.07937
2.06466
2.04996
2.03525
2.02054
2.00584
1.99113
1.97643
1.96172
1.94701
1.93231
1.9176
1.9029
1.88819
1.87349
1.85878
1.84407
1.82937
1.81466
1.79996
1.78525
1.77054
1.75584
1.74113
1.72643
1.71172
1.69701
1.68231
1.6676
1.6529
1.63819
1.62349
1.60878
1.59407
1.57937
1.56466
1.54996
1.53525
1.52054
1.50584
1.49113
1.47643
1.46172
1.44701
1.43231
1.4176
1.4029
1.38819
1.37349
1.35878
1.34407
1.32937
1.31466
1.29996
1.28525
1.27054
1.25584
1.24975
1.24366
1.23756
1.23147
1.22538
1.21929
1.2132
1.20711
1.20102
1.19492
1.18883
1.18274
1.17665
1.17056
1.16447
1.15838
1.15228
1.14619
1.1401
2.11252
2.11871
2.12489
2.13107
2.146
2.16092
2.17585
2.19077
2.2057
2.22062
2.23237
2.21744
2.20252
2.18759
2.17267
2.15774
2.14281
2.12789
2.11296
2.09804
2.08311
2.06819
2.05326
1.80209
1.78717
1.77224
1.75732
1.74239
1.72747
1.71254
1.69761
1.68269
1.66776
1.65284
1.63791
1.62299
1.60806
1.59314
1.57821
1.56329
1.54836
1.53344
1.51851
1.50358
1.48866
1.47373
1.45881
1.44388
1.42896
1.41403
1.39911
1.38418
1.36926
1.35433
1.33941
1.32448
1.30955
1.29463
2.02959
2.01467
1.99974
1.98482
1.96989
1.95497
1.94004
1.92512
1.91019
1.89527
1.88034
1.86541
1.85049
1.83556
1.82064
1.80571
1.79079
1.77586
1.76094
1.74601
1.73109
1.71616
1.70124
1.68631
1.67139
1.65646
1.64153
1.62661
1.61168
1.59676
1.58183
1.56691
1.55198
1.53706
1.52213
1.50721
1.49228
1.47736
1.46243
1.4475
1.43258
1.41765
1.40273
1.3878
1.37288
1.35795
1.34303
1.3281
1.31318
1.29825
1.28333
1.2684
1.25347
1.24729
1.24111
1.23493
1.22875
1.22256
1.21638
1.2102
1.20402
1.19783
1.19165
1.18547
1.17929
1.1731
1.16692
1.16074
1.15456
1.14838
1.14219
1.13601
2.12311
2.12938
2.13566
2.14193
2.15708
2.17224
2.18739
2.20254
2.21769
2.23284
2.24799
2.26315
2.25732
2.24216
2.22701
2.21186
2.19671
2.18156
2.16641
2.15125
2.1361
2.12095
1.74736
1.73221
1.71706
1.70191
1.68676
1.67161
1.65645
1.6413
1.62615
1.611
1.59585
1.5807
1.56554
1.55039
1.53524
1.52009
1.50494
1.48979
1.47464
1.45948
1.44433
1.42918
1.41403
1.39888
1.38373
1.36857
1.35342
1.33827
1.32312
1.30797
1.29282
1.27767
1.26251
1.96316
1.94801
1.93286
1.91771
1.90255
1.8874
1.87225
1.8571
1.84195
1.8268
1.81165
1.79649
1.78134
1.76619
1.75104
1.73589
1.72074
1.70558
1.69043
1.67528
1.66013
1.64498
1.62983
1.61468
1.59952
1.58437
1.56922
1.55407
1.53892
1.52377
1.50861
1.49346
1.47831
1.46316
1.44801
1.43286
1.41771
1.40255
1.3874
1.37225
1.3571
1.34195
1.3268
1.31165
1.29649
1.28134
1.26619
1.25104
1.24476
1.23849
1.23221
1.22594
1.21966
1.21338
1.20711
1.20083
1.19456
1.18828
1.182
1.17573
1.16945
1.16318
1.1569
1.15062
1.14435
1.13807
2.14038
2.14676
2.15313
2.16851
2.1839
2.19928
2.21467
2.23005
2.24544
2.26082
2.27621
2.29159
2.29842
2.28303
2.26765
2.25226
2.23688
2.22149
2.20611
1.72172
1.70633
1.69095
1.67557
1.66018
1.6448
1.62941
1.61403
1.59864
1.58326
1.56787
1.55249
1.5371
1.52172
1.50633
1.49095
1.47557
1.46018
1.4448
1.42941
1.41403
1.39864
1.38326
1.36787
1.35249
1.3371
1.32172
1.30633
1.29095
1.27557
1.26018
1.2448
1.22941
1.22304
1.89468
1.8793
1.86391
1.84853
1.83314
1.81776
1.80237
1.78699
1.77161
1.75622
1.74084
1.72545
1.71007
1.69468
1.6793
1.66391
1.64853
1.63314
1.61776
1.60237
1.58699
1.57161
1.55622
1.54084
1.52545
1.51007
1.49468
1.4793
1.46391
1.44853
1.43314
1.41776
1.40237
1.38699
1.37161
1.35622
1.34084
1.32545
1.31007
1.29468
1.2793
1.26391
1.24853
1.24216
1.23578
1.22941
1.22304
1.21667
1.21029
1.20392
1.19755
1.19118
1.1848
1.17843
1.17206
1.16569
1.15931
1.15294
1.14657
1.1402
1.13382
1.12745
2.15173
2.1582
2.16467
2.1803
2.19592
2.21155
2.22717
2.2428
2.25842
2.27405
2.28967
2.3053
2.32092
2.33655
2.32518
2.30955
2.29393
2.2783
2.26268
1.69527
1.67965
1.66402
1.6484
1.63277
1.61715
1.60152
1.5859
1.57027
1.55465
1.53902
1.5234
1.50777
1.49215
1.47652
1.4609
1.44527
1.42965
1.41402
1.3984
1.38277
1.36715
1.35152
1.3359
1.32027
1.30465
1.28902
1.2734
1.25777
1.24215
1.22652
1.22005
1.21358
1.80844
1.79281
1.77719
1.76156
1.74594
1.73031
1.71469
1.69906
1.68344
1.66781
1.65219
1.63656
1.62094
1.60531
1.58969
1.57406
1.55844
1.54281
1.52719
1.51156
1.49594
1.48031
1.46469
1.44906
1.43344
1.41781
1.40219
1.38656
1.37094
1.35531
1.33969
1.32406
1.30844
1.29281
1.27719
1.26156
1.24594
1.23947
1.233
1.22652
1.22005
1.21358
1.20711
1.20064
1.19416
1.18769
1.18122
1.17475
1.16827
1.1618
1.15533
1.14886
1.14239
1.13591
1.12944
2.17001
2.17659
2.19246
2.20833
2.22421
2.24008
2.25595
2.27182
2.2877
2.30357
2.31944
2.33532
2.35119
2.36706
2.36866
2.35278
2.33691
2.32104
2.31446
1.71561
1.69973
1.68386
1.66799
1.65212
1.63624
1.62037
1.6045
1.58862
1.57275
1.55688
1.541
1.52513
1.50926
1.49339
1.47751
1.46164
1.44577
1.42989
1.41402
1.39815
1.38227
1.3664
1.35053
1.33466
1.31878
1.30291
1.28704
1.27116
1.25529
1.23942
1.22354
1.21697
1.83057
1.8147
1.79882
1.78295
1.76708
1.75121
1.73533
1.71946
1.70359
1.68771
1.67184
1.65597
1.64009
1.62422
1.60835
1.59248
1.5766
1.56073
1.54486
1.52898
1.51311
1.49724
1.48136
1.46549
1.44962
1.43375
1.41787
1.402
1.38613
1.37025
1.35438
1.33851
1.32263
1.30676
1.29089
1.27501
1.25914
1.24327
1.23669
1.23012
1.22354
1.21697
1.21039
1.20382
1.19724
1.19067
1.1841
1.17752
1.17095
1.16437
1.1578
1.15122
1.14465
1.13807
1.1315
2.18888
2.20501
2.22114
2.23727
2.2534
2.26953
2.28566
2.30179
2.31791
2.33404
2.35017
2.3663
2.38243
2.39856
2.41354
2.39741
2.38128
2.3746
1.68821
1.67208
1.65595
1.63982
1.62369
1.60757
1.59144
1.57531
1.55918
1.54305
1.52692
1.51079
1.49466
1.47853
1.4624
1.44628
1.43015
1.41402
1.39789
1.38176
1.36563
1.3495
1.33337
1.31724
1.30111
1.28499
1.26886
1.25273
1.2366
1.22047
1.21379
1.77277
1.75664
1.74051
1.72438
1.70825
1.69212
1.676
1.65987
1.64374
1.62761
1.61148
1.59535
1.57922
1.56309
1.54696
1.53083
1.51471
1.49858
1.48245
1.46632
1.45019
1.43406
1.41793
1.4018
1.38567
1.36954
1.35341
1.33729
1.32116
1.30503
1.2889
1.27277
1.25664
1.24051
1.23383
1.22715
1.22047
1.21379
1.20711
1.20043
1.19375
1.18706
1.18038
1.1737
1.16702
1.16034
1.15366
1.14698
1.1403
1.13362
2.20158
2.21798
2.23437
2.25076
2.26716
2.28355
2.29994
2.31634
2.33273
2.34912
2.36552
2.38191
2.3983
2.4147
2.43109
2.44748
2.44351
2.43672
1.67631
1.65992
1.64352
1.62713
1.61074
1.59434
1.57795
1.56156
1.54516
1.52877
1.51237
1.49598
1.47959
1.46319
1.4468
1.43041
1.41401
1.39762
1.38123
1.36483
1.34844
1.33205
1.31565
1.29926
1.28287
1.26647
1.25008
1.23369
1.21729
1.2105
1.20371
1.19692
1.72947
1.71307
1.69668
1.68029
1.66389
1.6475
1.63111
1.61471
1.59832
1.58193
1.56553
1.54914
1.53275
1.51635
1.49996
1.48357
1.46717
1.45078
1.43439
1.41799
1.4016
1.38521
1.36881
1.35242
1.33602
1.31963
1.30324
1.28684
1.27045
1.25406
1.23766
1.23087
1.22408
1.21729
1.2105
1.20371
1.19692
1.19013
1.18334
1.17655
1.16976
1.16297
1.15618
1.14939
1.1426
1.13581
1.12902
2.2078
2.2147
2.23137
2.24804
2.2647
2.28137
2.29804
2.3147
2.33137
2.34804
2.3647
2.38137
2.39804
2.4147
2.43137
2.44804
2.4647
2.48137
2.49804
2.49399
1.68068
1.66401
1.64734
1.63068
1.61401
1.59734
1.58068
1.56401
1.54734
1.53068
1.51401
1.49734
1.48068
1.46401
1.44734
1.43068
1.41401
1.39734
1.38068
1.36401
1.34734
1.33068
1.31401
1.29734
1.28068
1.26401
1.24734
1.23068
1.21401
1.20711
1.2002
1.1933
1.1864
1.17949
1.6652
1.64853
1.63186
1.6152
1.59853
1.58186
1.5652
1.54853
1.53186
1.5152
1.49853
1.48186
1.4652
1.28472
1.26805
1.25139
1.23472
1.22782
1.22091
1.21401
1.20711
1.2002
1.1933
1.1864
1.17949
1.17259
1.16569
1.15878
1.15188
1.14497
1.13807
1.13117
2.22827
2.24522
2.26217
2.27912
2.29607
2.31302
2.32997
2.34692
2.36387
2.38081
2.39776
2.41471
2.43166
2.44861
2.46556
2.48251
2.49946
2.51641
1.6513
1.63435
1.6174
1.60045
1.5835
1.56655
1.5496
1.53265
1.5157
1.49875
1.4818
1.46485
1.44791
1.43096
1.41401
1.39706
1.38011
1.36316
1.34621
1.32926
1.31231
1.29536
1.27841
1.26147
1.24452
1.22757
1.21062
1.2036
1.19658
1.18956
1.18254
1.17551
1.16849
1.26558
1.24863
1.23168
1.22466
1.21764
1.21062
1.2036
1.19658
1.18956
1.18254
1.17551
1.16849
1.16147
1.15445
1.14743
1.14041
1.13339
2.24231
2.25955
2.27679
2.29403
2.31127
2.32851
2.34576
2.363
2.38024
2.39748
2.41472
2.43196
2.4492
2.46645
2.48369
2.50093
2.51817
2.53541
2.55265
1.65538
1.63814
1.6209
1.60366
1.58642
1.56918
1.55193
1.53469
1.51745
1.50021
1.48297
1.46573
1.44849
1.43125
1.414
1.39676
1.37952
1.36228
1.34504
1.3278
1.31056
1.29331
1.27607
1.25883
1.24159
1.22435
1.20711
1.19997
1.19282
1.18568
1.17854
1.1714
1.16426
1.15712
1.14997
1.14283
1.22853
1.22139
1.21425
1.20711
1.19997
1.19282
1.18568
1.17854
1.1714
1.16426
1.15712
1.14997
1.14283
1.13569
1.12855
2.25684
2.27438
2.29192
2.30947
2.32701
2.34456
2.3621
2.37964
2.39719
2.41473
2.43227
2.44982
2.46736
2.48491
2.50245
2.51999
2.53754
2.55508
2.57263
1.65961
1.64207
1.62453
1.60698
1.58944
1.57189
1.55435
1.53681
1.51926
1.50172
1.48418
1.46663
1.44909
1.43154
1.414
1.39646
1.37891
1.36137
1.34382
1.32628
1.30874
1.29119
1.27365
1.25611
1.23856
1.22102
1.20347
1.19621
1.18894
1.18167
1.17441
1.16714
1.15987
1.15261
1.14534
1.13807
1.1308
1.12354
1.22527
1.21801
1.21074
1.20347
1.19621
1.18894
1.18167
1.17441
1.16714
1.15987
1.15261
1.14534
1.13807
1.1308
2.27188
2.28974
2.3076
2.32545
2.34331
2.36117
2.37903
2.39688
2.41474
2.4326
2.45045
2.46831
2.48617
2.50403
2.52188
2.53974
2.5576
2.57545
2.59331
1.64614
1.62828
1.61042
1.59257
1.57471
1.55685
1.539
1.52114
1.50328
1.48542
1.46757
1.44971
1.43185
1.414
1.39614
1.37828
1.36042
1.34257
1.32471
1.30685
1.289
1.27114
1.25328
1.23542
1.21757
1.19971
1.19231
1.18492
1.17752
1.17012
1.16273
1.15533
1.14793
1.14054
1.13314
1.12574
1.11835
1.11095
1.10355
1.23976
1.2219
1.2145
1.20711
1.19971
1.19231
1.18492
1.17752
1.17012
1.16273
1.15533
1.14793
1.14054
1.13314
1.64688
1.66474
1.6826
1.70045
1.71831
1.73617
1.75403
1.77188
1.78974
2.27995
2.28748
2.30566
2.32384
2.34202
2.3602
2.37839
2.39657
2.41475
2.43293
2.45111
2.46929
2.48748
2.50566
2.52384
2.54202
2.5602
2.57839
2.59657
2.61475
2.63293
1.08284
1.07531
1.06778
1.06025
1.05272
1.04519
1.03766
1.03012
1.65036
1.63217
1.61399
1.59581
1.57763
1.55945
1.54127
1.52308
1.5049
1.48672
1.46854
1.45036
1.43217
1.41399
1.39581
1.37763
1.35945
1.34127
1.32308
1.3049
1.28672
1.26854
1.25036
1.23217
1.21399
1.19581
1.18828
1.18075
1.17322
1.16569
1.15815
1.15062
1.14309
1.13556
1.12803
1.1205
1.11297
1.10544
1.09791
1.09037
1.08284
1.2184
1.21087
1.20334
1.19581
1.18828
1.18075
1.17322
1.16569
1.15815
1.15062
1.14309
1.13556
1.12803
1.1205
1.64358
1.65111
1.66929
1.68748
1.70566
1.72384
1.74202
1.7602
1.77839
1.79657
1.81475
2.30365
2.32217
2.34069
2.3592
2.37772
2.39624
2.41476
2.43328
2.4518
2.47031
2.48883
2.50735
2.52587
2.54439
2.56291
2.58143
2.59994
2.61846
2.63698
2.6555
2.67402
1.08438
1.07671
1.06904
1.06137
1.05369
1.04602
1.03835
1.03068
1.67325
1.65473
1.63621
1.61769
1.59917
1.58065
1.56214
1.54362
1.5251
1.50658
1.48806
1.46954
1.45103
1.43251
1.41399
1.39547
1.37695
1.35843
1.33991
1.3214
1.30288
1.28436
1.26584
1.24732
1.2288
1.21028
1.19177
1.1841
1.17642
1.16875
1.16108
1.15341
1.14574
1.13807
1.1304
1.12273
1.11506
1.10739
1.09972
1.09205
1.08438
1.22245
1.21478
1.20711
1.19944
1.19177
1.1841
1.17642
1.16875
1.16108
1.15341
1.14574
1.13807
1.1304
1.12273
1.6555
1.67402
1.69254
1.71106
1.72957
1.74809
1.76661
1.78513
1.80365
1.82217
1.84069
2.30156
2.32043
2.3393
2.35817
2.37703
2.3959
2.41477
2.43364
2.45251
2.47137
2.49024
2.50911
2.52798
2.54685
2.56571
2.58458
2.60345
2.62232
2.64118
2.66005
2.67892
1.09378
1.08597
1.07815
1.07034
1.06252
1.05471
1.04689
1.03908
1.03126
1.02345
1.01563
1.67813
1.65927
1.6404
1.62153
1.60266
1.5838
1.56493
1.54606
1.52719
1.50832
1.48946
1.47059
1.45172
1.43285
1.41398
1.39512
1.37625
1.35738
1.33851
1.31964
1.30078
1.28191
1.26304
1.24417
1.2253
1.20644
1.18757
1.17975
1.17194
1.16412
1.15631
1.14849
1.14068
1.13286
1.12505
1.11723
1.10942
1.1016
1.09378
1.08597
1.07815
1.07034
1.06252
1.05471
1.22665
1.21883
1.21101
1.2032
1.19538
1.18757
1.17975
1.17194
1.16412
1.15631
1.14849
1.14068
1.13286
1.12505
1.62232
1.64118
1.66005
1.67892
1.69779
1.71666
1.73552
1.75439
1.77326
1.79213
1.811
1.82986
1.84873
1.8676
2.28016
2.2994
2.31863
2.33786
2.35709
2.37632
2.39555
2.41478
2.43401
2.45324
2.47247
2.4917
2.51093
2.53016
2.5494
2.56863
2.58786
2.60709
2.62632
2.64555
2.66478
2.68401
2.70324
2.72247
1.11152
1.10355
1.09559
1.08762
1.07966
1.07169
1.06373
1.05576
1.04779
1.03983
1.03186
1.0239
1.01593
1.00797
1.66398
1.64475
1.62552
1.60629
1.58706
1.56783
1.54859
1.52936
1.51013
1.4909
1.47167
1.45244
1.43321
1.41398
1.39475
1.37552
1.35629
1.33706
1.31783
1.29859
1.27936
1.26013
1.2409
1.22167
1.20244
1.18321
1.17524
1.16728
1.15931
1.15135
1.14338
1.13542
1.12745
1.11948
1.11152
1.10355
1.09559
1.08762
1.07966
1.07169
1.06373
1.05576
1.04779
1.22304
1.21507
1.20711
1.19914
1.19118
1.18321
1.17524
1.16728
1.15931
1.15135
1.14338
1.13542
1.12745
1.58786
1.60709
1.62632
1.64555
1.66478
1.68401
1.70324
1.72247
1.7417
1.76093
1.78016
1.7994
1.81863
1.83786
1.85709
1.87632
1.89555
2.21871
2.23832
2.25793
2.27754
2.29714
2.31675
2.33636
2.35597
2.37558
2.39518
2.41479
2.4344
2.45401
2.47361
2.49322
2.51283
2.53244
2.55205
2.57165
2.59126
2.61087
2.63048
2.65009
2.66969
2.6893
2.70891
2.72852
2.74812
1.11371
1.10558
1.09746
1.08934
1.08122
1.0731
1.06497
1.05685
1.04873
1.04061
1.03249
1.02437
1.01624
1.00812
1
1
1.64927
1.62966
1.61005
1.59045
1.57084
1.55123
1.53162
1.51201
1.49241
1.4728
1.45319
1.43358
1.41397
1.39437
1.37476
1.35515
1.33554
1.31594
1.29633
1.27672
1.25711
1.2375
1.2179
1.19829
1.17868
1.17056
1.16244
1.15432
1.14619
1.13807
1.12995
1.12183
1.11371
1.10558
1.09746
1.08934
1.08122
1.0731
1.06497
1.05685
1.04873
1.04061
1.03249
1.02437
1.22741
1.21929
1.21117
1.20305
1.19492
1.1868
1.17868
1.17056
1.16244
1.15431
1.14619
1.13807
1.12995
1.12183
1.59126
1.61087
1.63048
1.65009
1.66969
1.6893
1.70891
1.72852
1.74812
1.76773
1.78734
1.80695
1.82656
1.84616
1.86577
1.88538
1.90499
1.9246
1.9748
1.9948
2.0148
2.0348
2.0548
2.0748
2.0948
2.1148
2.1348
2.1548
2.1748
2.1948
2.2148
2.2348
2.2548
2.2748
2.2948
2.3148
2.3348
2.3548
2.3748
2.3948
2.4148
2.4348
2.4548
2.4748
2.4948
2.5148
2.5348
2.5548
2.5748
2.5948
2.6148
2.6348
2.6548
2.6748
2.6948
2.7148
2.7348
2.7548
2.7748
2.7948
1.11598
1.1077
1.09941
1.09113
1.08284
1.07456
1.06627
1.05799
1.04971
1.04142
1.03314
1.02485
1.01657
1.00828
1
1
1
1.65397
1.63397
1.61397
1.59397
1.57397
1.55397
1.53397
1.51397
1.49397
1.47397
1.45397
1.43397
1.41397
1.39397
1.37397
1.35397
1.33397
1.31397
1.29397
1.27397
1.25397
1.23397
1.21397
1.19397
1.17397
1.16569
1.1574
1.14912
1.14083
1.13255
1.12426
1.11598
1.1077
1.09941
1.09113
1.08284
1.07456
1.06627
1.05799
1.04971
1.04142
1.03314
1.02485
1.01657
1.23196
1.22368
1.21539
1.20711
1.19882
1.19054
1.18225
1.17397
1.16569
1.1574
1.14912
1.14083
1.13255
1.12426
1.58652
1.5948
1.6148
1.6348
1.6548
1.6748
1.6948
1.7148
1.7348
1.7548
1.7748
1.7948
1.8148
1.8348
1.8548
1.8748
1.8948
1.9148
1.9348
1.9548
2.00665
2.02706
2.04747
2.06788
2.08828
2.10869
2.1291
2.14951
2.16992
2.19033
2.21073
2.23114
2.25155
2.27196
2.29237
2.31277
2.33318
2.35359
2.374
2.39441
2.41481
2.43522
2.45563
2.47604
2.49645
2.51686
2.53726
2.55767
2.57808
2.59849
2.6189
2.6393
2.65971
2.68012
2.70053
2.72094
2.74135
2.76175
2.78216
2.80257
2.82298
1.1268
1.11835
1.10989
1.10144
1.09299
1.08453
1.07608
1.06763
1.05917
1.05072
1.04227
1.03381
1.02536
1.01691
1.00845
1
1
1
1.61805
1.59764
1.57723
1.55682
1.53641
1.51601
1.4956
1.47519
1.45478
1.43437
1.41397
1.39356
1.37315
1.35274
1.33233
1.31192
1.29152
1.27111
1.2507
1.23029
1.20988
1.18948
1.16907
1.16061
1.15216
1.14371
1.13525
1.1268
1.11835
1.10989
1.10144
1.09299
1.08453
1.07608
1.06763
1.05917
1.05072
1.04227
1.03381
1.02536
1.01691
1.00845
1.23669
1.22824
1.21979
1.21133
1.20288
1.19443
1.18597
1.17752
1.16907
1.16061
1.15216
1.14371
1.13525
1.1268
1.11835
1.58158
1.59003
1.59849
1.6189
1.6393
1.65971
1.68012
1.70053
1.72094
1.74135
1.76175
1.78216
1.80257
1.82298
1.84339
1.86379
1.8842
1.90461
1.92502
1.94543
1.96584
1.98624
2.03983
2.06066
2.08149
2.10233
2.12316
2.14399
2.16483
2.18566
2.20649
2.22733
2.24816
2.26899
2.28983
2.31066
2.33149
2.35233
2.37316
2.39399
2.41483
2.43566
2.45649
2.47733
2.49816
2.51899
2.53983
2.56066
2.58149
2.60233
2.62316
2.64399
2.66483
2.68566
2.70649
2.72733
2.74816
2.76899
2.78983
2.81066
2.83149
2.85233
1.12081
1.11218
1.10355
1.09492
1.08629
1.07767
1.06904
1.06041
1.05178
1.04315
1.03452
1.02589
1.01726
1.00863
1
1
1
1
1.58063
1.55979
1.53896
1.51813
1.49729
1.47646
1.45563
1.43479
1.41396
1.39313
1.37229
1.35146
1.33063
1.30979
1.28896
1.26813
1.24729
1.22646
1.20563
1.18479
1.16396
1.15533
1.1467
1.13807
1.12944
1.12081
1.11218
1.10355
1.09492
1.08629
1.07767
1.06904
1.06041
1.05178
1.04315
1.03452
1.02589
1.01726
1.00863
1
1.24162
1.233
1.22437
1.21574
1.20711
1.19848
1.18985
1.18122
1.17259
1.16396
1.15533
1.1467
1.13807
1.12944
1.12081
1.58507
1.5937
1.60233
1.62316
1.64399
1.66483
1.68566
1.70649
1.72733
1.74816
1.76899
1.78983
1.81066
1.83149
1.85233
1.87316
1.89399
1.91483
1.93566
1.95649
1.97733
1.99816
2.01899
2.07441
2.09569
2.11697
2.13824
2.15952
2.1808
2.20207
2.22335
2.24463
2.2659
2.28718
2.30846
2.32973
2.35101
2.37229
2.39356
2.41484
2.43612
2.45739
2.47867
2.49995
2.52122
2.5425
2.56378
2.58505
2.60633
2.62761
2.64888
2.67016
2.69144
2.71271
2.73399
2.75527
2.77654
2.79782
2.8191
2.84037
2.86165
2.88293
2.9042
1.12338
1.11457
1.10576
1.09694
1.08813
1.07932
1.0705
1.06169
1.05288
1.04407
1.03525
1.02644
1.01763
1.00881
1
1
1
1
1.00881
1.01763
1.24374
1.22247
1.20119
1.17991
1.15864
1.14982
1.14101
1.1322
1.12338
1.11457
1.10576
1.09694
1.08813
1.07932
1.0705
1.06169
1.05288
1.04407
1.03525
1.02644
1.01763
1.00881
1
1
1
1.24677
1.23795
1.22914
1.22033
1.21151
1.2027
1.19389
1.18507
1.17626
1.16745
1.15864
1.14982
1.14101
1.1322
1.12338
1.11457
1.5887
1.59752
1.60633
1.62761
1.64888
1.67016
1.69144
1.71271
1.73399
1.75527
1.77654
1.79782
1.8191
1.84037
1.86165
1.88293
1.9042
1.92548
1.94676
1.96803
1.98931
2.01059
2.03186
2.05314
2.11051
2.13225
2.15398
2.17572
2.19746
2.2192
2.24094
2.26268
2.28442
2.30616
2.3279
2.34964
2.37138
2.39311
2.41485
2.43659
2.45833
2.48007
2.50181
2.52355
2.54529
2.56703
2.58877
2.61051
2.63225
2.65398
2.67572
2.69746
2.7192
2.74094
2.76268
2.78442
2.80616
2.8279
2.84964
2.87138
2.89311
2.91485
2.93659
2.95833
1.1388
1.11706
1.10806
1.09905
1.09005
1.08104
1.07204
1.06303
1.05403
1.04502
1.03602
1.02701
1.01801
1.009
1
1
1
1
1.009
1.01801
1.26177
1.24004
1.2183
1.19656
1.17482
1.15308
1.14407
1.13507
1.12607
1.11706
1.10806
1.09905
1.09005
1.08104
1.07204
1.06303
1.05403
1.04502
1.03602
1.02701
1.01801
1.009
1
1
1
1.25213
1.24313
1.23412
1.22512
1.21611
1.20711
1.1981
1.1891
1.18009
1.17109
1.16208
1.15308
1.14407
1.13507
1.12606
1.11706
1.6015
1.61051
1.63225
1.65398
1.67572
1.69746
1.7192
1.74094
1.76268
1.78442
1.80616
1.8279
1.84964
1.87138
1.89311
1.91485
1.93659
1.95833
1.98007
2.00181
2.02355
2.04529
2.06703
2.08877
2.1482
2.17042
2.19265
2.21487
2.23709
2.25931
2.28153
2.30376
2.32598
2.3482
2.37042
2.39265
2.41487
2.43709
2.45931
2.48153
2.50376
2.52598
2.5482
2.57042
2.59265
2.61487
2.63709
2.65931
2.68153
2.70376
2.72598
2.7482
2.77042
2.79265
2.81487
2.83709
2.85931
2.88153
2.90376
2.92598
2.9482
2.97042
1.1549
1.13268
1.11046
1.10125
1.09205
1.08284
1.07364
1.06443
1.05523
1.04602
1.03682
1.02761
1.01841
1.0092
1
1
1
1
1.0092
1.01841
1.19172
1.1695
1.14728
1.13807
1.12887
1.11966
1.11046
1.10125
1.09205
1.08284
1.07364
1.06443
1.05523
1.04602
1.03682
1.02761
1.01841
1.0092
1
1
1
1.24853
1.23932
1.23012
1.22091
1.21171
1.2025
1.1933
1.1841
1.17489
1.16569
1.15648
1.14728
1.13807
1.12887
1.11966
1.61487
1.63709
1.65931
1.68153
1.70376
1.72598
1.7482
1.77042
1.79265
1.81487
1.83709
1.85931
1.88153
1.90376
1.92598
1.9482
1.97042
1.99265
2.01487
2.03709
2.05931
2.08153
2.10376
2.12598
2.18761
2.21034
2.23306
2.25579
2.27852
2.30125
2.32397
2.3467
2.36943
2.39216
2.41488
2.43761
2.46034
2.48306
2.50579
2.52852
2.55125
2.57397
2.5967
2.61943
2.64216
2.66488
2.68761
2.71034
2.73306
2.75579
2.77852
2.80125
2.82397
2.8467
2.86943
2.89216
2.91488
2.93761
2.96034
2.98306
3.00579
1.12628
1.10355
1.09414
1.08473
1.07531
1.0659
1.05648
1.04707
1.03766
1.02824
1.01883
1.00941
1
1
1
1
1.00941
1.01883
1.02824
1.16394
1.14121
1.1318
1.12238
1.11297
1.10355
1.09414
1.08473
1.07531
1.0659
1.05648
1.04707
1.03766
1.02824
1.01883
1.00941
1
1
1
1
1.25418
1.24476
1.23535
1.22593
1.21652
1.20711
1.19769
1.18828
1.17887
1.16945
1.16004
1.15062
1.14121
1.1318
1.12238
1.11297
1.10355
1.5967
1.61943
1.64216
1.66488
1.68761
1.71034
1.73306
1.75579
1.77852
1.80125
1.82397
1.8467
1.86943
1.89216
1.91488
1.93761
1.96034
1.98306
2.00579
2.02852
2.05125
2.07397
2.0967
2.11943
2.14216
2.16488
2.22885
2.25211
2.27536
2.29862
2.32188
2.34513
2.36839
2.39164
2.4149
2.43815
2.46141
2.48467
2.50792
2.53118
2.55443
2.57769
2.60095
2.6242
2.64746
2.67071
2.69397
2.71722
2.74048
2.76374
2.78699
2.81025
2.8335
2.85676
2.88001
2.90327
2.92653
2.94978
2.97304
2.99629
3.01955
3.04281
1.14284
1.11958
1.09633
1.0867
1.07706
1.06743
1.0578
1.04816
1.03853
1.0289
1.01927
1.00963
1
1
1
1
1.00963
1.01927
1.0289
1.13486
1.12523
1.11559
1.10596
1.09633
1.0867
1.07706
1.06743
1.0578
1.04816
1.03853
1.0289
1.01927
1.00963
1
1
1
1
1.26009
1.25046
1.24082
1.23119
1.22156
1.21192
1.20229
1.19266
1.18302
1.17339
1.16376
1.15413
1.14449
1.13486
1.12523
1.11559
1.10596
1.09633
1.60095
1.6242
1.64746
1.67071
1.69397
1.71722
1.74048
1.76374
1.78699
1.81025
1.8335
1.85676
1.88001
1.90327
1.92653
1.94978
1.97304
1.99629
2.01955
2.04281
2.06606
2.08932
2.11257
2.13583
2.15908
2.18234
2.2056
2.29178
2.31559
2.3394
2.36321
2.38702
2.41083
2.43464
2.45845
2.48226
2.50607
2.52988
2.55369
2.5775
2.60131
2.62512
2.64893
2.67273
2.69654
2.72035
2.74416
2.76797
2.79178
2.81559
2.8394
2.86321
2.88702
2.91083
2.93464
2.95845
2.98226
3.00607
3.02988
3.05369
1.13638
1.11257
1.08876
1.0789
1.06904
1.05917
1.04931
1.03945
1.02959
1.01972
1.00986
1
1
1
1
1.00986
1.01972
1.02959
1.03945
1.12821
1.11835
1.10848
1.09862
1.08876
1.0789
1.06904
1.05917
1.04931
1.03945
1.02959
1.01972
1.00986
1
1
1
1
1
1.26628
1.25642
1.24656
1.23669
1.22683
1.21697
1.20711
1.19724
1.18738
1.17752
1.16766
1.1578
1.14793
1.13807
1.12821
1.11835
1.10848
1.09862
1.60539
1.6292
1.65301
1.67682
1.70063
1.72444
1.74825
1.77206
1.79587
1.81968
1.84349
1.8673
1.89111
1.91491
1.93872
1.96253
1.98634
2.01015
2.03396
2.05777
2.08158
2.10539
2.37207
2.38217
2.40656
2.43095
2.45534
2.47973
2.50412
2.52851
2.5529
2.57729
2.60168
2.62607
2.65047
2.67486
2.69925
2.72364
2.74803
2.77242
2.79681
2.8212
2.84559
2.86998
2.89437
2.91876
2.94315
2.96754
2.99193
3.01632
3.04071
3.0651
3.08949
3.11388
1.1296
1.10521
1.08082
1.07072
1.06062
1.05051
1.04041
1.03031
1.02021
1.0101
1
1
1
1
1.0101
1.02021
1.03031
1.04041
1.14562
1.12123
1.11113
1.10103
1.09092
1.08082
1.07072
1.06062
1.05051
1.04041
1.03031
1.02021
1.0101
1
1
1
1
1
1.95152
1.92713
1.27278
1.26267
1.25257
1.24247
1.23236
1.22226
1.21216
1.20206
1.19195
1.18185
1.17175
1.16164
1.15154
1.14144
1.13134
1.12123
1.11113
1.10103
1.09092
1.61005
1.63444
1.65883
1.68322
1.70761
1.73201
1.7564
1.78079
1.80518
1.82957
1.85396
1.87835
1.90274
1.92713
1.95152
1.97591
2.0003
2.02469
2.04908
2.07347
2.45637
2.46673
2.47708
2.50208
2.52708
2.55208
2.57708
2.60208
2.62708
2.65208
2.67708
2.70208
2.72708
2.75208
2.77708
2.80208
2.82708
2.85208
2.87708
2.90208
2.92708
2.95208
2.97708
3.00208
3.02708
3.05208
3.07708
3.10208
3.12708
1.01036
1.02071
1.03107
1.04142
1.05178
1.06213
1.07249
1.06213
1.05178
1.04142
1.03107
1.02071
1.01036
1
1
1
1
1.01036
1.02071
1.03107
1.04142
1.05178
1.11391
1.10355
1.0932
1.08284
1.07249
1.06213
1.05178
1.04142
1.03107
1.02071
1.01036
1
1
1
1
1
1
2.11495
2.08995
2.06495
2.03995
2.01495
1.98995
1.96495
1.93995
1.91495
1.88995
1.86495
1.83995
1.26924
1.25888
1.24853
1.23817
1.22782
1.21746
1.20711
1.19675
1.1864
1.17604
1.16569
1.15533
1.14497
1.13462
1.12426
1.11391
1.10355
1.0932
1.08284
1.60459
1.61495
1.63995
1.66495
1.68995
1.71495
1.73995
1.76495
1.78995
1.81495
1.83995
1.86495
1.88995
1.91495
1.93995
1.96495
1.98995
2.01495
2.03995
2.06495
2.08995
2.545
2.55562
2.56624
2.57686
2.6025
2.62814
2.65378
2.67942
2.70506
2.73071
2.75635
2.78199
2.80763
2.83327
2.85891
2.88455
2.91019
2.93583
2.96147
2.98712
3.01276
3.0384
3.06404
3.08968
3.11532
3.14096
1
1
1
1.01062
1.02124
1.03186
1.04248
1.0531
1.06373
1.07435
1.08497
1.09559
1.06373
1.0531
1.04248
1.03186
1.02124
1.01062
1
1
1
1
1.01062
1.02124
1.03186
1.04248
1.0531
1.10621
1.09559
1.08497
1.07435
1.06373
1.0531
1.04248
1.03186
1.02124
1.01062
1
1
1
1
1
1
2.20984
2.1842
2.15856
2.13292
2.10728
2.08164
2.05599
2.03035
2.00471
1.97907
1.95343
1.92779
1.90215
1.87651
1.85087
1.82523
1.79958
1.29116
1.26552
1.2549
1.24428
1.23366
1.22304
1.21242
1.2018
1.19118
1.18055
1.16993
1.15931
1.14869
1.13807
1.12745
1.11683
1.10621
1.09559
1.08497
1.60948
1.6201
1.64574
1.67138
1.69702
1.72266
1.7483
1.77394
1.79958
1.82523
1.85087
1.87651
1.90215
1.92779
1.95343
1.97907
2.00471
2.03035
2.05599
2.08164
2.10728
2.78715
2.81347
2.83978
2.8661
2.89241
2.91873
2.94505
2.97136
2.99768
3.02399
3.05031
3.07662
1
1
1
1
1.0109
1.0218
1.0327
1.0436
1.0545
1.0654
1.0763
1.0872
1.0981
1.109
1.0545
1.0436
1.0327
1.0218
1.0109
1
1
1
1
1.0109
1.0218
1.0327
1.0436
1.0545
1.0654
1.0763
1.109
1.0981
1.0872
1.0763
1.0654
1.0545
1.0436
1.0327
1.0218
1.0109
1
1
1
1
1
1
1
1
2.28341
2.25709
2.23078
2.20446
2.17815
2.15183
2.12551
2.0992
2.07288
2.04657
2.02025
1.99394
1.96762
1.9413
1.91499
1.88867
1.86236
1.83604
1.80973
1.78341
1.77251
1.26161
1.25071
1.23981
1.22891
1.21801
1.20711
1.19621
1.18531
1.17441
1.16351
1.1526
1.1417
1.1308
1.1199
1.109
1.0981
1.0872
1.0763
1.0654
1.61461
1.62551
1.65183
1.67815
1.70446
1.73078
1.75709
1.78341
1.80973
1.83604
1.86236
1.88867
1.91499
1.9413
1.96762
1.99394
2.02025
2.04657
2.07288
2.0992
2.88951
2.9007
2.92773
2.95475
2.98178
3.00881
3.03584
3.06286
3.08989
3.11692
3.14394
3.17097
1
1
1
1
1.0112
1.02239
1.03358
1.04478
1.05597
1.06717
1.07836
1.08956
1.10075
1.11195
1.07181
1.04478
1.03359
1.02239
1.0112
1
1
1
1
1.0112
1.02239
1.03358
1.04478
1.05597
1.06717
1.07836
1.11195
1.10075
1.08956
1.07836
1.06717
1.05597
1.04478
1.03358
1.02239
1.0112
1
1
1
1
1
1
1
1
2.33393
2.3069
2.27987
2.25285
2.22582
2.19879
2.17177
2.14474
2.11771
2.09069
2.06366
2.03663
2.0096
1.98258
1.95555
1.92852
1.9015
1.87447
1.84744
1.82041
1.79339
1.28451
1.25748
1.24629
1.23509
1.2239
1.2127
1.20151
1.19031
1.17912
1.16792
1.15673
1.14553
1.13434
1.12314
1.11195
1.10075
1.08956
1.07836
1.06717
1.63123
1.65825
1.68528
1.71231
1.73933
1.76636
1.79339
1.82041
1.84744
1.87447
1.9015
1.92852
1.95555
1.98258
2.0096
2.03663
2.06366
2.09069
2.11771
2.14474
1
1
1
1
1
1.01151
1.02301
1.03452
1.04602
1.05753
1.06904
1.08054
1.09205
1.10355
1.11506
1.03452
1.02301
1.01151
1
1
1
1
1.01151
1.02301
1.03452
1.04602
1.05753
1.06904
1.08054
1.09205
1.10355
1.09205
1.08054
1.06904
1.05753
1.04602
1.03452
1.02301
1.01151
1
1
1
1
1
1
1
1
2.38725
2.35948
2.3317
2.30392
2.27614
2.24836
2.22059
2.19281
2.16503
2.13725
2.10948
2.0817
2.05392
2.02614
1.99836
1.97059
1.94281
1.91503
1.88725
1.85948
1.8317
1.80392
1.77614
1.30869
1.28091
1.25313
1.24162
1.23012
1.21861
1.20711
1.1956
1.18409
1.17259
1.16108
1.14958
1.13807
1.12657
1.11506
1.10355
1.09205
1.08054
1.06904
1.05753
1.63725
1.66503
1.69281
1.72059
1.74836
1.77614
1.80392
1.8317
1.85948
1.88725
1.91503
1.94281
1.97059
1.99836
2.02614
2.05392
2.0817
2.10948
2.13725
2.16503
1
1
1
1
1
1
1
1.01183
1.02367
1.0355
1.04734
1.05917
1.07101
1.08284
1.09468
1.10651
1.11835
1.13018
1.02367
1.01183
1
1
1
1
1.01183
1.02367
1.0355
1.04734
1.05917
1.07101
1.08284
1.09468
1.10651
1.10651
1.09468
1.08284
1.07101
1.05917
1.04734
1.0355
1.02367
1.01183
1
1
1
1
1
1
1
1
1
2.4722
2.44363
2.41505
2.38648
2.35791
2.32934
2.30077
2.2722
2.24363
2.21505
2.18648
2.15791
2.12934
2.10077
2.0722
2.04363
2.01505
1.98648
1.95791
1.92934
1.90077
1.8722
1.84363
1.81505
1.78648
1.75791
1.72934
1.30567
1.2771
1.24853
1.23669
1.22486
1.21302
1.20119
1.18935
1.17752
1.16569
1.15385
1.14202
1.13018
1.11835
1.10651
1.09468
1.08284
1.07101
1.05917
1.04734
1.58648
1.61505
1.64363
1.6722
1.70077
1.72934
1.75791
1.78648
1.81505
1.84363
1.8722
1.90077
1.92934
1.95791
1.98648
2.01505
2.04363
2.0722
2.10077
2.12934
2.15791
2.18648
1
1
1
1
1
1
1
1.01218
1.02437
1.03655
1.04873
1.06091
1.0731
1.08528
1.09746
1.10964
1.12183
1.13401
1.02437
1.01218
1
1
1
1
1.01218
1.02437
1.03655
1.04873
1.06091
1.0731
1.08528
1.09746
1.10964
1.12183
1.10964
1.09746
1.08528
1.0731
1.06091
1.04873
1.03655
1.02437
1.01218
1
1
1
1
1
1
1
1
1
2.53273
2.50331
2.4739
2.44449
2.41508
2.38567
2.35626
2.32684
2.29743
2.26802
2.23861
2.2092
2.17979
2.15037
2.12096
2.09155
2.06214
2.03273
2.00331
1.9739
1.94449
1.91508
1.88567
1.85626
1.82684
1.79743
1.76802
1.73861
1.7092
1.30248
1.27307
1.24366
1.23147
1.21929
1.20711
1.19492
1.18274
1.17056
1.15838
1.14619
1.13401
1.12183
1.10964
1.09746
1.08528
1.0731
1.06091
1.04873
1.53273
1.56214
1.59155
1.62096
1.65037
1.67979
1.7092
1.73861
1.76802
1.79743
1.82684
1.85626
1.88567
1.91508
1.94449
1.9739
2.00331
2.03273
2.06214
2.09155
2.12096
2.15037
2.17979
1
1
1
1
1
1
1
1
1.01255
1.0251
1.03766
1.05021
1.06276
1.07531
1.08786
1.10042
1.11297
1.12552
1.13807
1.01255
1
1
1
1
1.01255
1.0251
1.03766
1.05021
1.06276
1.07531
1.08786
1.10042
1.11297
1.12552
1.13807
1.15062
1.10042
1.08786
1.07531
1.06276
1.05021
1.03766
1.0251
1.01255
1
1
1
1
1
1
1
1
1
2.59692
2.56662
2.53632
2.50601
2.47571
2.44541
2.41511
2.3848
2.3545
2.3242
2.29389
2.26359
2.23329
2.20298
2.17268
2.14238
2.11208
2.08177
2.05147
2.02117
1.99086
1.96056
1.93026
1.89995
1.86965
1.83935
1.80905
1.77874
1.74844
1.71814
1.68783
1.65753
1.62723
1.59692
1.29909
1.26879
1.23849
1.22593
1.21338
1.20083
1.18828
1.17573
1.16317
1.15062
1.13807
1.12552
1.11297
1.10042
1.08786
1.07531
1.06276
1.05021
1.03766
1.0251
1.50601
1.53632
1.56662
1.59692
1.62723
1.65753
1.68783
1.71814
1.74844
1.77874
1.80905
1.83935
1.86965
1.89995
1.93026
1.96056
1.99086
2.02117
2.05147
2.08177
2.11208
2.14238
2.17268
2.20298
1
1
1
1
1
1
1
1
1
1.01294
1.02589
1.03883
1.05178
1.06472
1.07766
1.09061
1.10355
1.1165
1.12944
1.14239
1.01294
1
1
1
1
1.01294
1.02589
1.03883
1.05178
1.06472
1.07766
1.09061
1.10355
1.1165
1.12944
1.14239
1.15533
1.16827
1.10355
1.09061
1.07766
1.06472
1.05178
1.03883
1.02589
1.01294
1
1
1
1
1
1
1
1
1
1
2.66513
2.63388
2.60263
2.57138
2.54013
2.50888
2.47763
2.44638
2.41513
2.38388
2.35263
2.32138
2.29013
2.25888
2.22763
2.19638
2.16513
2.13388
2.10263
2.07138
2.04013
2.00888
1.97763
1.94638
1.91513
1.88388
1.85263
1.82138
1.79013
1.75888
1.72763
1.69638
1.66513
1.63388
1.60263
1.57138
1.54013
1.50888
1.32675
1.2955
1.26425
1.233
1.22005
1.20711
1.19416
1.18122
1.16827
1.15533
1.14239
1.12944
1.1165
1.10355
1.09061
1.07766
1.06472
1.05178
1.03883
1.02589
1.01294
1.32138
1.35263
1.38388
1.41513
1.44638
1.47763
1.50888
1.54013
1.57138
1.60263
1.63388
1.66513
1.69638
1.72763
1.75888
1.79013
1.82138
1.85263
1.88388
1.91513
1.94638
1.97763
2.00888
2.04013
2.07138
2.10263
2.13388
2.16513
2.19638
2.22763
1
1
1
1
1
1
1
1
1
1.01336
1.02672
1.04009
1.05345
1.06681
1.08017
1.09353
1.10689
1.12026
1.13362
1.14698
1
1
1
1
1.01336
1.02672
1.04009
1.05345
1.06681
1.08017
1.09353
1.10689
1.12026
1.13362
1.14698
1.16034
1.1737
1.18706
1.20043
1.21379
1.12579
1.09353
1.08017
1.06681
1.05345
1.04009
1.02672
1.01336
1
1
1
1
1
1
1
1
1
1
2.70549
2.67323
2.64097
2.60871
2.57645
2.5442
2.51194
2.47968
2.44742
2.41516
2.38291
2.35065
2.31839
2.28613
2.25387
2.22161
2.18936
2.1571
2.12484
2.09258
2.06032
2.02807
1.99581
1.96355
1.93129
1.89903
1.86678
1.83452
1.80226
1.77
1.73774
1.70549
1.67323
1.64097
1.60871
1.57645
1.5442
1.51194
1.47968
1.44742
1.41516
1.38291
1.35065
1.29167
1.25941
1.22715
1.21379
1.20043
1.18706
1.1737
1.16034
1.14698
1.13362
1.12026
1.10689
1.09353
1.08017
1.06681
1.05345
1.04009
1.02672
1.01336
1
1.14698
1.16034
1.1737
1.18706
1.20043
1.21379
1.22715
1.24051
1.25387
1.28613
1.31839
1.35065
1.38291
1.41516
1.44742
1.47968
1.51194
1.5442
1.57645
1.60871
1.64097
1.67323
1.70549
1.73774
1.77
1.80226
1.83452
1.86678
1.89903
1.93129
1.96355
1.99581
2.02807
2.06032
2.09258
2.12484
2.1571
2.18936
2.22161
2.25387
2.28613
1
1
1
1
1
1
1
1
1
1.01381
1.02761
1.04142
1.05523
1.06904
1.08284
1.09665
1.11046
1.12426
1.13807
1.15188
1
1
1
1
1.01381
1.02761
1.04142
1.05523
1.06904
1.08284
1.09665
1.11046
1.12426
1.13807
1.15188
1.16569
1.17949
1.1933
1.20711
1.22091
1.23472
1.24853
1.26234
1.27614
1.30948
1.34281
1.37614
1.40948
1.44281
1.47614
1.50948
1.54281
1.57614
1.60948
1.64281
1.67614
1.70948
1.08284
1.06904
1.05523
1.04142
1.02761
1.01381
1
1
1
1
1
1
1
1
1
1
2.78186
2.74853
2.71519
2.68186
2.64853
2.61519
2.58186
2.54853
2.51519
2.48186
2.44853
2.41519
2.38186
2.34853
2.31519
2.28186
2.24853
2.21519
2.18186
2.14853
2.11519
2.08186
2.04853
2.01519
1.98186
1.94853
1.91519
1.88186
1.84853
1.81519
1.78186
1.74853
1.71519
1.68186
1.64853
1.61519
1.58186
1.54853
1.51519
1.48186
1.44853
1.41519
1.38186
1.34853
1.31519
1.28186
1.24853
1.23472
1.22091
1.05523
1.06904
1.08284
1.09665
1.11046
1.12426
1.13807
1.13807
1.28758
1.25425
1.22091
1.20711
1.1933
1.17949
1.16569
1.15188
1.13807
1.12426
1.11046
1.09665
1.08284
1.06904
1.05523
1.04142
1.02761
1.01381
1
1
1.08284
1.09665
1.11046
1.12426
1.13807
1.15188
1.16569
1.17949
1.1933
1.20711
1.22091
1.23472
1.24853
1.28186
1.31519
1.34853
1.38186
1.41519
1.44853
1.48186
1.51519
1.54853
1.58186
1.61519
1.64853
1.68186
1.71519
1.74853
1.78186
1.81519
1.84853
1.88186
1.91519
1.94853
1.98186
2.01519
2.04853
2.08186
2.11519
2.14853
2.18186
2.21519
2.24853
2.28186
2.31519
1
1
1
1
1
1
1
1
1
1.01428
1.02857
1.04285
1.05713
1.07142
1.0857
1.09998
1.11427
1.12855
1.14283
1.15712
1
1
1
1
1.01428
1.02857
1.04285
1.05713
1.07142
1.0857
1.09998
1.11427
1.12855
1.14283
1.15712
1.1714
1.18568
1.19996
1.21425
1.22853
1.24281
1.2571
1.27138
1.30586
1.34035
1.37483
1.40931
1.4438
1.47828
1.51276
1.54724
1.58173
1.61621
1.65069
1.68517
1.71966
1.75414
1.0857
1.07142
1.05713
1.04285
1.02857
1.01428
1
1
1
1
1
1
1
1
1
1
2.8635
2.82902
2.79454
2.76006
2.72557
2.69109
2.65661
2.62213
2.58764
2.55316
2.51868
2.48419
2.44971
2.41523
2.38075
2.34626
2.31178
2.2773
2.24281
2.20833
2.17385
2.13937
2.10488
2.0704
2.03592
2.00144
1.96695
1.93247
1.89799
1.8635
1.82902
1.79454
1.76006
1.72557
1.69109
1.65661
1.62213
1.58764
1.55316
1.51868
1.48419
1.44971
1.41523
1.38075
1.34626
1.31178
1.2773
1.24281
1.22853
1.05713
1.07142
1.0857
1.09998
1.11427
1.12855
1.14283
1.14283
1.3177
1.28321
1.24873
1.21425
1.19997
1.18568
1.1714
1.15712
1.14283
1.12855
1.11427
1.09998
1.0857
1.07142
1.05713
1.04285
1.02857
1.01428
1
1
1.0857
1.09998
1.11427
1.12855
1.14283
1.15712
1.1714
1.18568
1.19996
1.21425
1.22853
1.24281
1.2773
1.31178
1.34626
1.38075
1.41523
1.44971
1.48419
1.51868
1.55316
1.58764
1.62213
1.65661
1.69109
1.72557
1.76006
1.79454
1.82902
1.8635
1.89799
1.93247
1.96695
2.00144
2.03592
2.0704
2.10488
2.13937
2.17385
2.20833
2.24281
2.2773
2.31178
2.34626
2.38075
1
1
1
1
1
1
1
1
1
1
1.01479
1.02959
1.04438
1.05917
1.07397
1.08876
1.10355
1.11835
1.13314
1.14793
1
1
1
1
1.01479
1.02959
1.04438
1.05917
1.07397
1.08876
1.10355
1.11835
1.13314
1.14793
1.16273
1.17752
1.19231
1.20711
1.2219
1.23669
1.25149
1.26628
1.30199
1.33771
1.37342
1.40914
1.44485
1.48057
1.51628
1.55199
1.58771
1.62342
1.65914
1.69485
1.73057
1.76628
1.80199
1.83771
1.87342
1.90914
1.08876
1.07397
1.05917
1.04438
1.02959
1.01479
1
1
1
1
1
1
1
1
1
1
2.91526
2.87955
2.84384
2.80812
2.77241
2.73669
2.70098
2.66526
2.62955
2.59384
2.55812
2.52241
2.48669
2.45098
2.41526
2.37955
2.34384
2.30812
2.27241
2.23669
2.20098
2.16526
2.12955
2.09384
2.05812
2.02241
1.98669
1.95098
1.91526
1.87955
1.84384
1.80812
1.77241
1.73669
1.70098
1.66526
1.62955
1.59384
1.55812
1.52241
1.48669
1.45098
1.41526
1.37955
1.34384
1.30812
1.27241
1.23669
1.2219
1.20711
1.19231
1.17752
1.16273
1
1.01479
1.02959
1.04438
1.05917
1.07397
1.08876
1.10355
1.11835
1.13314
1.14793
1.14793
1.13314
1.11835
1.10355
1.08876
1.24282
1.20711
1.19231
1.17752
1.16273
1.14793
1.13314
1.11835
1.10355
1.08876
1.07397
1.05917
1.04438
1.02959
1.01479
1
1
1.02959
1.04438
1.05917
1.07397
1.08876
1.10355
1.11835
1.13314
1.14793
1.16273
1.17752
1.19231
1.20711
1.2219
1.23669
1.27241
1.30812
1.34384
1.37955
1.41526
1.45098
1.48669
1.52241
1.55812
1.59384
1.62955
1.66526
1.70098
1.73669
1.77241
1.80812
1.84384
1.87955
1.91526
1.95098
1.98669
2.02241
2.05812
2.09384
2.12955
2.16526
2.20098
2.23669
2.27241
2.30812
2.34384
2.37955
1
1
1
1
1
1
1
1
1
1
1.01534
1.03068
1.04602
1.06136
1.07671
1.09205
1.10739
1.12273
1.13807
1.15341
1
1
1
1
1.01534
1.03068
1.04602
1.06136
1.07671
1.09205
1.10739
1.12273
1.13807
1.15341
1.16875
1.18409
1.19944
1.21478
1.23012
1.24546
1.2608
1.29784
1.33488
1.37191
1.40895
1.44599
1.48302
1.52006
1.5571
1.59413
1.63117
1.66821
1.70525
1.74228
1.77932
1.81636
1.85339
1.89043
1.92747
1.9645
2.00154
1.09205
1.07671
1.06136
1.04602
1.03068
1.01534
1
1
1
1
1
1
1
1
1
1
1
1
2.93382
2.89679
2.85975
2.82271
2.78567
2.74864
2.7116
2.67456
2.63753
2.60049
2.56345
2.52641
2.48938
2.45234
2.4153
2.37827
2.34123
2.30419
2.26716
2.23012
2.19308
2.15604
2.11901
2.08197
2.04493
2.0079
1.97086
1.93382
1.89679
1.85975
1.82271
1.78567
1.74864
1.7116
1.67456
1.63753
1.60049
1.56345
1.52641
1.48938
1.45234
1.4153
1.37827
1.34123
1.30419
1.26716
1.23012
1.21478
1.19944
1.18409
1.16875
1.15341
1.13807
1.12273
1.10739
1.09205
1
1
1
1.01534
1.03068
1.04602
1.06136
1.07671
1.09205
1.10739
1.12273
1.13807
1.15341
1.15341
1.13807
1.12273
1.10739
1.09205
1.07671
1.06136
1.23647
1.19944
1.18409
1.16875
1.15341
1.13807
1.12273
1.10739
1.09205
1.07671
1.06136
1.04602
1.03068
1.01534
1
1
1
1
1
1
1.01534
1.03068
1.04602
1.06136
1.07671
1.09205
1.10739
1.12273
1.13807
1.15341
1.16875
1.18409
1.19944
1.21478
1.23012
1.26716
1.30419
1.34123
1.37827
1.4153
1.45234
1.48938
1.52641
1.56345
1.60049
1.63753
1.67456
1.7116
1.74864
1.78567
1.82271
1.85975
1.89679
1.93382
1.97086
2.0079
2.04493
2.08197
2.11901
2.15604
2.19308
2.23012
2.26716
2.30419
2.34123
2.37827
2.4153
1
1
1
1
1
1
1
1
1
1
1.01593
1.03186
1.04779
1.06373
1.07966
1.09559
1.11152
1.12745
1.14338
1
1
1
1
1.01593
1.03186
1.04779
1.06373
1.07966
1.09559
1.11152
1.12745
1.14338
1.15931
1.17524
1.19118
1.20711
1.22304
1.23897
1.2549
1.29336
1.33182
1.37029
1.40875
1.44721
1.48567
1.52413
1.56259
1.60105
1.63952
1.67798
1.71644
1.7549
1.79336
1.83182
1.87029
1.90875
1.94721
1.98567
2.02413
2.06259
1.07966
1.06373
1.04779
1.03186
1.01593
1
1
1
1
1
1
1
1
1
1
1
1
2.95381
2.91535
2.87688
2.83842
2.79996
2.7615
2.72304
2.68458
2.64611
2.60765
2.56919
2.53073
2.49227
2.45381
2.41535
2.37688
2.33842
2.29996
2.2615
2.22304
2.18458
2.14611
2.10765
2.06919
2.03073
1.99227
1.95381
1.91535
1.87688
1.83842
1.79996
1.7615
1.72304
1.68458
1.64611
1.60765
1.56919
1.53073
1.49227
1.45381
1.41535
1.37688
1.33842
1.29996
1.2615
1.22304
1.20711
1.19118
1.17524
1.15931
1.14338
1.12745
1.11152
1.09559
1.07966
1.06373
1.04779
1.03186
1
1
1
1
1
1.01593
1.03186
1.04779
1.06373
1.07966
1.09559
1.11152
1.12745
1.14338
1.15931
1.15931
1.14338
1.12745
1.11152
1.09559
1.07966
1.06373
1.04779
1.03186
1.01593
1.22964
1.19118
1.17524
1.15931
1.14338
1.12745
1.11152
1.09559
1.07966
1.06373
1.04779
1.03186
1.01593
1
1
1
1
1
1
1
1
1.01593
1.03186
1.04779
1.06373
1.07966
1.09559
1.11152
1.12745
1.14338
1.15931
1.17524
1.19118
1.20711
1.22304
1.2615
1.29996
1.33842
1.37688
1.41535
1.45381
1.49227
1.53073
1.56919
1.60765
1.64611
1.68458
1.72304
1.7615
1.79996
1.83842
1.87688
1.91535
1.95381
1.99227
2.03073
2.06919
2.10765
2.14611
2.18458
2.22304
2.2615
2.29996
2.33842
2.37688
2.41535
2.45381
1
1
1
1
1
1
1
1
1
1
1
1
1.01657
1.03314
1.04971
1.06627
1.08284
1.09941
1.11598
1.13255
1.17255
1
1
1
1
1.01657
1.03314
1.04971
1.06627
1.08284
1.09941
1.11598
1.13255
1.14912
1.16569
1.18225
1.19882
1.21539
1.23196
1.24853
1.28853
1.32853
1.36853
1.40853
1.44853
1.48853
1.52853
1.56853
1.60853
1.64853
1.68853
1.72853
1.76853
1.80853
1.84853
1.88853
1.92853
1.96853
2.00853
2.04853
2.08853
2.12853
2.16853
2.20853
1.08284
1.06627
1.04971
1.03314
1.01657
1
1
1
1
1
1
1
1
1
1
1
1
2.93539
2.89539
2.85539
2.81539
2.77539
2.73539
2.69539
2.65539
2.61539
2.57539
2.53539
2.49539
2.45539
2.41539
2.37539
2.33539
2.29539
2.25539
2.21539
2.17539
2.13539
2.09539
2.05539
2.01539
1.97539
1.93539
1.89539
1.85539
1.81539
1.77539
1.73539
1.69539
1.65539
1.61539
1.57539
1.53539
1.49539
1.45539
1.41539
1.37539
1.33539
1.29539
1.25539
1.21539
1.19882
1.18225
1.16569
1.14912
1.13255
1.11598
1.09941
1.08284
1.06627
1.04971
1.03314
1.01657
1
1
1
1
1
1
1
1
1.01657
1.03314
1.04971
1.06627
1.08284
1.09941
1.11598
1.13255
1.14912
1.16569
1.16569
1.14912
1.13255
1.11598
1.09941
1.08284
1.06627
1.04971
1.03314
1.01657
1
1
1.22225
1.18225
1.16569
1.14912
1.13255
1.11598
1.09941
1.08284
1.06627
1.04971
1.03314
1.01657
1
1
1
1
1
1
1
1
1
1
1
1.01657
1.03314
1.04971
1.06627
1.08284
1.09941
1.11598
1.13255
1.14912
1.16569
1.18225
1.19882
1.21539
1.25539
1.29539
1.33539
1.37539
1.41539
1.45539
1.49539
1.53539
1.57539
1.61539
1.65539
1.69539
1.73539
1.77539
1.81539
1.85539
1.89539
1.93539
1.97539
2.01539
2.05539
2.09539
2.13539
2.17539
2.21539
2.25539
2.29539
2.33539
2.37539
2.41539
2.45539
1
1
1
1
1
1
1
1
1
1
1
1
1.01726
1.03452
1.05178
1.06904
1.08629
1.10355
1.12081
1
1
1
1
1.01726
1.03452
1.05178
1.06904
1.08629
1.10355
1.12081
1.13807
1.15533
1.17259
1.18985
1.20711
1.22437
1.24162
1.28329
1.32496
1.36662
1.40829
1.44996
1.49162
1.53329
1.57496
1.61662
1.65829
1.69996
1.74162
1.78329
1.82496
1.86662
1.90829
1.94996
1.99162
2.03329
2.07496
2.11662
2.15829
2.19996
2.24162
2.28329
1.08629
1.06904
1.05178
1.03452
1.01726
1
1
1
1
1
1
1
1
1
1
1
1
2.83211
2.79044
2.74877
2.70711
2.66544
2.62377
2.58211
2.54044
2.49877
2.45711
2.41544
2.37377
2.33211
2.29044
2.24877
2.20711
2.16544
2.12377
2.08211
2.04044
1.99877
1.95711
1.91544
1.87377
1.83211
1.79044
1.74877
1.70711
1.66544
1.62377
1.58211
1.54044
1.49877
1.45711
1.41544
1.37377
1.33211
1.29044
1.24877
1.20711
1.18985
1.17259
1.15533
1.13807
1.12081
1.10355
1.08629
1.06904
1.05178
1.03452
1.01726
1
1
1
1
1
1
1
1
1
1
1
1
1.01726
1.03452
1.05178
1.06904
1.08629
1.10355
1.12081
1.13807
1.15533
1.17259
1.17259
1.15533
1.13807
1.12081
1.10355
1.08629
1.06904
1.05178
1.03452
1.01726
1
1
1
1.17259
1.15533
1.13807
1.12081
1.10355
1.08629
1.06904
1.05178
1.03452
1.01726
1
1
1
1
1
1
1
1
1
1
1
1
1
1
1
1.01726
1.03452
1.05178
1.06904
1.08629
1.10355
1.12081
1.13807
1.15533
1.17259
1.18985
1.20711
1.24877
1.29044
1.33211
1.37377
1.41544
1.45711
1.49877
1.54044
1.58211
1.62377
1.66544
1.70711
1.74877
1.79044
1.83211
1.87377
1.91544
1.95711
1.99877
2.04044
2.08211
2.12377
2.16544
2.20711
2.24877
2.29044
2.33211
2.37377
2.41544
2.45711
2.49877
1
1
1
1
1
1
1
1
1
1
1
1
1.01801
1.03602
1.05403
1.07204
1.09005
1.10806
1.12606
1
1
1
1
1
1.01801
1.03602
1.05403
1.07204
1.09005
1.10806
1.12606
1.14407
1.16208
1.18009
1.1981
1.21611
1.23412
1.2776
1.32108
1.36456
1.40803
1.45151
1.49499
1.53847
1.58195
1.62542
1.6689
1.71238
1.75586
1.79934
1.84282
1.88629
1.92977
1.97325
2.01673
2.06021
2.10369
2.14716
2.19064
2.23412
2.2776
2.32108
2.36456
1.07204
1.05403
1.03602
1.01801
1
1
1
1
1
1
1
1
1
1
1
1
1
1
1
1
1
1
2.54593
2.50245
2.45897
2.41549
2.37201
2.32854
2.28506
2.24158
2.1981
2.15462
2.11115
2.06767
2.02419
1.98071
1.93723
1.89375
1.85028
1.8068
1.76332
1.71984
1.67636
1.63288
1.58941
1.54593
1.50245
1.45897
1.41549
1.37201
1.32854
1.28506
1.24158
1.1981
1.18009
1.16208
1.14407
1.12606
1.10806
1.09005
1.07204
1.05403
1.03602
1.01801
1
1
1
1
1
1
1
1
1
1
1
1
1
1
1
1.01801
1.03602
1.05403
1.07204
1.09005
1.10806
1.12606
1.14407
1.16208
1.18009
1.18009
1.16208
1.14407
1.12606
1.10806
1.09005
1.07204
1.05403
1.03602
1.01801
1
1
1
1
1
1
1
1
1
1
1
1
1
1.16208
1.14407
1.12606
1.10806
1.09005
1.07204
1.05403
1.03602
1.01801
1
1
1
1
1
1
1
1
1
1
1
1
1
1
1
1
1.01801
1.03602
1.05403
1.07204
1.09005
1.10806
1.12606
1.14407
1.16208
1.18009
1.1981
1.24158
1.28506
1.32854
1.37201
1.41549
1.45897
1.50245
1.54593
1.58941
1.63288
1.67636
1.71984
1.76332
1.8068
1.85028
1.89375
1.93723
1.98071
2.02419
2.06767
2.11115
2.15462
2.1981
2.24158
2.28506
2.32854
2.37201
2.41549
2.45897
2.50245
1
1
1
1
1
1
1
1
1
1
1
1
1
1
1
1
1
1
1
1
1
1
1
1.01883
1.03766
1.05648
1.07531
1.09414
1.11297
1
1
1
1
1
1.01883
1.03766
1.05648
1.07531
1.09414
1.11297
1.1318
1.15062
1.16945
1.18828
1.20711
1.22593
1.27139
1.31684
1.3623
1.40775
1.45321
1.49866
1.54412
1.58957
1.63503
1.68048
1.72593
1.77139
1.81684
1.8623
1.90775
1.95321
1.99866
2.04412
2.08957
2.13503
2.18048
2.22593
2.27139
2.31684
2.3623
1.07531
1.05648
1.03766
1.01883
1
1
1
1
1
1
1
1
1
1
1
1
1
1
1
1
1
1
1
1
1
1
1
1
2.18828
2.14282
2.09737
2.05192
2.00646
1.96101
1.91555
1.8701
1.82464
1.77919
1.73373
1.68828
1.64282
1.59737
1.55192
1.50646
1.46101
1.41555
1.3701
1.32464
1.27919
1.23373
1.18828
1.16945
1.15062
1.1318
1.11297
1.09414
1.07531
1.05648
1.03766
1.01883
1
1
1
1
1
1
1
1
1
1
1
1
1
1
1
1
1
1.01883
1.03766
1.05648
1.07531
1.09414
1.11297
1.1318
1.15062
1.16945
1.18828
1.18828
1.16945
1.15062
1.1318
1.11297
1.09414
1.07531
1.05648
1.03766
1.01883
1
1
1
1
1
1
1
1
1
1
1
1
1
1
1
1
1
1
1.15062
1.1318
1.11297
1.09414
1.07531
1.05648
1.03766
1.01883
1
1
1
1
1
1
1
1
1
1
1
1
1
1
1
1
1
1
1.01883
1.03766
1.05648
1.07531
1.09414
1.11297
1.1318
1.15062
1.16945
1.18828
1.23373
1.27919
1.32464
1.3701
1.41555
1.46101
1.50646
1.55192
1.59737
1.64282
1.68828
1.73373
1.77919
1.82464
1.8701
1.91555
1.96101
2.00646
2.05192
2.09737
2.14282
2.18828
2.23373
2.27919
2.32464
2.3701
2.41555
2.46101
2.50646
1
1
1
1
1
1
1
1
1
1
1
1
1
1
1
1
1
1
1
1
1
1
1
1
1
1
1
1
1
1
1.01972
1.03945
1.05917
1.0789
1.09862
1
1
1
1
1
1
1.01972
1.03945
1.05917
1.0789
1.09862
1.11835
1.13807
1.1578
1.17752
1.19724
1.21697
1.26459
1.31221
1.35983
1.40744
1.45506
1.50268
1.5503
1.59792
1.64554
1.69316
1.74078
1.7884
1.83602
1.88364
1.93125
1.97887
2.02649
2.07411
2.12173
2.16935
2.21697
2.26459
2.31221
2.35983
2.40744
2.45506
1.0789
1.05917
1.03945
1.01972
1
1
1
1
1
1
1
1
1
1
1
1
1
1
1
1
1
1
1
1
1
1
1
1
1
1
1.79657
1.74895
1.70133
1.65371
1.60609
1.55847
1.51085
1.46323
1.41562
1.368
1.32038
1.27276
1.22514
1.17752
1.1578
1.13807
1.11835
1.09862
1.0789
1.05917
1.03945
1.01972
1
1
1
1
1
1
1
1
1
1
1
1
1
1
1
1
1
1
1.01972
1.03945
1.05917
1.0789
1.09862
1.11835
1.13807
1.1578
1.17752
1.19724
1.19724
1.17752
1.1578
1.13807
1.11835
1.09862
1.0789
1.05917
1.03945
1.01972
1
1
1
1
1
1
1
1
1
1
1
1
1
1
1
1
1
1
1
1
1
1.13807
1.11835
1.09862
1.0789
1.05917
1.03945
1.01972
1
1
1
1
1
1
1
1
1
1
1
1
1
1
1
1
1
1
1
1
1
1.01972
1.03945
1.05917
1.0789
1.09862
1.11835
1.13807
1.1578
1.17752
1.22514
1.27276
1.32038
1.368
1.41562
1.46323
1.51085
1.55847
1.60609
1.65371
1.70133
1.74895
1.79657
1.84419
1.89181
1.93942
1.98704
2.03466
2.08228
2.1299
2.17752
2.22514
2.27276
2.32038
2.368
2.41562
2.46323
2.51085
1
1
1
1
1
1
1
1
1
1
1
1
1
1
1
1
1
1
1
1
1
1
1
1
1
1
1
1
1
1
1
1.02071
1.04142
1.06213
1.08284
1.10355
1
1
1
1
1
1
1.02071
1.04142
1.06213
1.08284
1.10355
1.12426
1.14497
1.16569
1.1864
1.20711
1.25711
1.30711
1.35711
1.40711
1.45711
1.50711
1.55711
1.60711
1.65711
1.70711
1.75711
1.80711
1.85711
1.90711
1.95711
2.00711
2.05711
2.10711
2.15711
2.20711
2.25711
2.30711
2.35711
2.40711
2.45711
2.50711
2.55711
1.11213
1.06213
1.04142
1.02071
1
1
1
1
1
1
1
1
1
1
1
1
1
1
1
1
1
1
1
1
1
1
1
1
1
1
1.86569
1.81569
1.76569
1.71569
1.66569
1.61569
1.56569
1.51569
1.46569
1.41569
1.36569
1.31569
1.26569
1.21569
1.16569
1.14497
1.12426
1.10355
1.08284
1.06213
1.04142
1.02071
1
1
1
1
1
1
1
1
1
1
1
1
1
1
1
1
1
1
1.02071
1.04142
1.06213
1.08284
1.10355
1.12426
1.14497
1.16569
1.1864
1.2364
1.20711
1.1864
1.16569
1.14497
1.12426
1.10355
1.08284
1.06213
1.04142
1.02071
1
1
1
1
1
1
1
1
1
1
1
1
1
1
1
1
1
1
1
1
1
1.17426
1.12426
1.10355
1.08284
1.06213
1.04142
1.02071
1
1
1
1
1
1
1
1
1
1
1
1
1
1
1
1
1
1
1
1
1
1.02071
1.04142
1.06213
1.08284
1.10355
1.12426
1.14497
1.16569
1.21569
1.26569
1.31569
1.36569
1.41569
1.46569
1.51569
1.56569
1.61569
1.66569
1.71569
1.76569
1.81569
1.86569
1.91569
1.96569
2.01569
2.06569
2.11569
2.16569
2.21569
2.26569
2.31569
2.36569
2.41569
2.46569
2.51569
2.56569
2.61569
1
1
1
1
1
1
1
1
1
1
1
1
1
1
1
1
1
1
1
1
1
1
1
1
1
1
1
1
1
1
1
1
1
1
1.0218
1.0436
1.0654
1.0872
1.13983
1
1
1
1
1
1
1
1.0218
1.0436
1.0654
1.0872
1.109
1.1308
1.1526
1.17441
1.19621
1.24884
1.30147
1.3541
1.40673
1.45936
1.512
1.56463
1.61726
1.66989
1.72252
1.77515
1.82779
1.88042
1.93305
1.98568
2.03831
2.09094
2.14357
2.19621
2.24884
2.30147
2.3541
2.40673
2.45936
2.512
2.56463
2.61726
1.0436
1.0218
1
1
1
1
1
1
1
1
1
1
1
1
1
1
1
1
1
1
1
1
1
1
1
1
1
1
1
1
1.52103
1.46839
1.41576
1.36313
1.3105
1.25787
1.20524
1.1526
1.1308
1.109
1.0872
1.0654
1.0436
1.0218
1
1
1
1
1
1
1
1
1
1
1
1
1
1
1
1
1
1
1
1
1
1.0218
1.0436
1.0654
1.0872
1.109
1.1308
1.1526
1.17441
1.22704
1.27967
1.24884
1.19621
1.17441
1.1526
1.1308
1.109
1.0872
1.0654
1.0436
1.0218
1
1
1
1
1
1
1
1
1
1
1
1
1
1
1
1
1
1
1
1
1
1
1
1
1
1
1.109
1.0872
1.0654
1.0436
1.0218
1
1
1
1
1
1
1
1
1
1
1
1
1
1
1
1
1
1
1
1
1
1
1
1.0218
1.0436
1.0654
1.0872
1.109
1.1308
1.1526
1.20524
1.25787
1.3105
1.36313
1.41576
1.46839
1.52103
1.57366
1.62629
1.67892
1.73155
1.78418
1.83682
1.88945
1.94208
1.99471
2.04734
2.09997
2.1526
2.20524
2.25787
2.3105
2.36313
2.41576
2.46839
2.52103
1
1
1
1
1
1
1
1
1
1
1
1
1
1
1
1
1
1
1
1
1
1
1
1
1
1
1
1
1
1
1
1
1
1
1
1
1.02301
1.04602
1.06904
1.12459
1
1
1
1
1
1
1
1
1
1.02301
1.04602
1.06904
1.09205
1.11506
1.13807
1.16108
1.18409
1.23965
1.29521
1.35076
1.40632
1.46187
1.51743
1.57298
1.62854
1.68409
1.73965
1.79521
1.85076
1.90632
1.96187
2.01743
2.07298
2.12854
2.18409
2.23965
2.29521
2.35076
2.40632
2.46187
2.51743
2.57298
2.62854
2.68409
1.04602
1.02301
1
1
1
1
1
1
1
1
1
1
1
1
1
1
1
1
1
1
1
1
1
1
1
1
1
1
1
1
1
1.36029
1.30474
1.24918
1.19363
1.13807
1.11506
1.09205
1.06904
1.04602
1.02301
1
1
1
1
1
1
1
1
1
1
1
1
1
1
1
1
1
1
1
1
1
1
1
1.02301
1.04602
1.06904
1.09205
1.11506
1.13807
1.16108
1.21664
1.27219
1.32775
1.29521
1.23965
1.18409
1.16108
1.13807
1.11506
1.09205
1.06904
1.04602
1.02301
1
1
1
1
1
1
1
1
1
1
1
1
1
1
1
1
1
1
1
1
1
1
1
1
1
1
1
1.09205
1.06904
1.04602
1.02301
1
1
1
1
1
1
1
1
1
1
1
1
1
1
1
1
1
1
1
1
1
1
1
1
1
1.02301
1.04602
1.06904
1.09205
1.11506
1.13807
1.19363
1.24918
1.30474
1.36029
1.41585
1.4714
1.52696
1
1
1
1
1
1
1
1
1
1
1
1
1
1
1
1
1
1
1
1
1
1
1
1
1
1
1
1
1
1
1
1
1
1
1
1
1
1
1
1
1.02437
1.04873
1
1
1
1
1
1
1
1
1
1
1.02437
1.04873
1.0731
1.09746
1.12183
1.14619
1.17056
1.22938
1.28821
1.34703
1.40585
1.46468
1.5235
1.58232
1.64115
1.69997
1.75879
1.81762
1.87644
1.93526
1.99409
2.05291
2.11173
2.17056
2.22938
2.28821
2.34703
2.40585
2.46468
2.5235
2.58232
2.64115
2.69997
1.04873
1.02437
1
1
1
1
1
1
1
1
1
1
1
1
1
1
1
1
1
1
1
1
1
1
1
1
1
1
1
1
1
1
1
1.18065
1.12183
1.09746
1.0731
1.04873
1.02437
1
1
1
1
1
1
1
1
1
1
1
1
1
1
1
1
1
1
1
1
1
1
1
1.02437
1.04873
1.0731
1.09746
1.12183
1.14619
1.20502
1.26384
1.32266
1.38149
1.34703
1.28821
1.22938
1.17056
1.14619
1.12183
1.09746
1.0731
1.04873
1.02437
1
1
1
1
1
1
1
1
1
1
1
1
1
1
1
1
1
1
1
1
1
1
1
1
1
1
1
1
1
1
1.09746
1.0731
1.04873
1.02437
1
1
1
1
1
1
1
1
1
1
1
1
1
1
1
1
1
1
1
1
1
1
1
1
1
1
1
1.02437
1.04873
1.0731
1.09746
1.12183
1.18065
1.23947
1
1
1
1
1
1
1
1
1
1
1
1
1
1
1
1
1
1
1
1
1
1
1
1
1
1
1
1
1
1
1
1
1
1
1
1
1
1
1
1
1
1
1
1.02589
1.05178
1
1
1
1
1
1
1
1
1
1
1.02589
1.05178
1.07766
1.10355
1.12944
1.15533
1.21783
1.28033
2.01961
2.08211
2.14461
2.20711
2.26961
2.33211
2.39461
2.45711
2.51961
2.58211
2.64461
2.70711
2.76961
1.02589
1
1
1
1
1
1
1
1
1
1
1
1
1
1
1
1
1
1
1
1
1
1
1
1
1
1
1
1
1
1
1
1
1
1.16605
1.10355
1.07766
1.05178
1.02589
1
1
1
1
1
1
1
1
1
1
1
1
1
1
1
1
1
1
1
1
1
1
1
1
1.02589
1.05178
1.07766
1.10355
1.12944
1.19194
1.25444
1.31694
1.37944
1.34283
1.28033
1.21783
1.15533
1.12944
1.10355
1.07766
1.05178
1.02589
1
1
1
1
1
1
1
1
1
1
1
1
1
1
1
1
1
1
1
1
1
1
1
1
1
1
1
1
1
1
1.07766
1.05178
1.02589
1
1
1
1
1
1
1
1
1
1
1
1
1
1
1
1
1
1
1
1
1
1
1
1
1
1
1
1
1
1
1.02589
1.05178
1.07766
1.10355
1.16605
1
1
1
1
1
1
1
1
1
1
1
1
1
1
1
1
1
1
1
1
1
1
1
1
1
1
1
1
1
1
1
1
1
1
1
1
1
1
1
1
1
1
1
1
1
1
1.02761
1
1
1
1
1
1
1
1
1
1
1
1.02761
1.05523
1.08284
1.11046
1.13807
1.02761
1
1
1
1
1
1
1
1
1
1
1
1
1
1
1
1
1
1
1
1
1
1
1
1
1
1
1
1
1
1
1
1
1
1
1.14951
1.08284
1.05523
1.02761
1
1
1
1
1
1
1
1
1
1
1
1
1
1
1
1
1
1
1
1
1
1
1
1
1.02761
1.05523
1.08284
1.11046
1.17712
1.24379
1.13807
1.11046
1.08284
1.05523
1.02761
1
1
1
1
1
1
1
1
1
1
1
1
1
1
1
1
1
1
1
1
1
1
1
1
1
1
1
1
1
1
1
1
1
1.1219
1.05523
1.02761
1
1
1
1
1
1
1
1
1
1
1
1
1
1
1
1
1
1
1
1
1
1
1
1
1
1
1
1
1
1
1
1.02761
1.05523
1.08284
1.14951
1
1
1
1
1
1
1
1
1
1
1
1
1
1
1
1
1
1
1
1
1
1
1
1
1
1
1
1
1
1
1
1
1
1
1
1
1
1
1
1
1
1
1
1
1
1
1
1
1.02959
1
1
1
1
1
1
1
1
1
1
1
1
1.02959
1.05917
1.08876
1.11835
1
1
1
1
1
1
1.02959
1
1
1
1
1
1
1
1
1
1
1
1
1
1
1
1
1
1
1
1
1
1
1
1
1
1
1
1
1
1
1
1
1
1
1
1
1
1
1
1
1
1
1
1
1.1306
1.05917
1.02959
1
1
1
1
1
1
1
1
1
1
1
1
1
1
1
1
1
1
1
1
1
1
1
1
1
1
1.02959
1.05917
1.08876
1.11835
1.08876
1.05917
1.02959
1
1
1
1
1
1
1
1
1
1
1
1
1
1
1
1
1
1
1
1
1
1
1
1
1
1
1
1
1
1
1
1
1
1.02959
1
1
1
1
1
1
1
1
1
1
1
1
1
1
1
1
1
1
1
1
1
1
1
1
1
1
1
1
1
1
1
1.02959
1.05917
1
1
1
1
1
1
1
1
1
1
1
1
1
1
1
1
1
1
1
1
1
1
1
1
1
1
1
1
1
1
1
1
1
1
1
1
1
1
1
1
1
1
1
1
1
1
1
1
1
1
1
1
1
1.03186
1
1
1
1
1
1
1
1
1
1
1
1
1
1
1.03186
1.06373
1.09559
1
1
1
1
1
1
1
1
1
1.03186
1
1
1
1
1
1
1
1
1
1
1
1
1
1
1
1
1
1
1
1
1
1
1
1
1
1
1
1
1
1
1
1
1
1
1
1
1
1
1
1
1
1
1
1
1
1
1
1
1
1.03186
1
1
1
1
1
1
1
1
1
1
1
1
1
1
1
1
1
1
1
1
1
1
1
1
1
1
1.03186
1.06373
1.09559
1.06373
1.03186
1
1
1
1
1
1
1
1
1
1
1
1
1
1
1
1
1
1
1
1
1
1
1
1
1
1
1
1
1
1
1
1
1
1
1.03186
1
1
1
1
1
1
1
1
1
1
1
1
1
1
1
1
1
1
1
1
1
1
1
1
1
1
1
1
1
1
1
1
1
1.03186
1
1
1
1
1
1
1
1
1
1
1
1
1
1
1
1
1
1
1
1
1
1
1
1
1
1
1
1
1
1
1
1
1
1
1
1
1
1
1
1
1
1
1
1
1
1
1
1
1
1
1
1
1
1.03452
1
1
1
1
1
1
1
1
1
1
1
1
1
1
1.03452
1.06904
1.10355
1
1
1
1
1
1
1
1
1
1.03452
1
1
1
1
1
1
1
1
1
1
1
1
1
1
1
1
1
1
1
1
1
1
1
1
1
1
1
1
1
1
1
1
1
1
1
1
1
1
1
1
1
1
1
1
1
1
1
1
1
1.03452
1
1
1
1
1
1
1
1
1
1
1
1
1
1
1
1
1
1
1
1
1
1
1
1
1
1
1.03452
1.06904
1.10355
1.06904
1.03452
1
1
1
1
1
1
1
1
1
1
1
1
1
1
1
1
1
1
1
1
1
1
1
1
1
1
1
1
1
1
1
1
1
1
1.03452
1
1
1
1
1
1
1
1
1
1
1
1
1
1
1
1
1
1
1
1
1
1
1
1
1
1
1
1
1
1
1
1
1
1.03452
1
1
1
1
1
1
1
1
1
1
1
1
1
1
1
1
1
1
1
1
1
1
1
1
1
1
1
1
1
1
1
1
1
1
1
1
1
1
1
1
1
1
1
1
1
1
1
1
1
1
1
1
1
1
1
1
1
1
1
1
1
1
1
1
1
1
1
1.03766
1.07531
1
1
1
1
1
1
1
1
1
1
1
1
1
1
1
1
1
1
1
1
1
1
1
1
1
1
1
1
1
1
1
1
1
1
1
1
1
1
1
1
1
1
1
1
1
1
1
1
1
1
1
1
1
1
1
1
1
1
1
1
1
1
1
1
1.03766
1
1
1
1
1
1
1
1
1
1
1
1
1
1
1
1
1
1
1
1
1
1
1
1
1
1
1.03766
1.12856
1.07531
1.03766
1
1
1
1
1
1
1
1
1
1
1
1
1
1
1
1
1
1
1
1
1
1
1
1
1
1
1
1
1
1
1
1
1
1
1
1
1
1
1
1
1
1
1
1
1
1
1
1
1
1
1
1
1
1
1
1
1
1
1
1
1
1
1
1
1
1
1
1
1.03766
1
1
1
1
1
1
1
1
1
1
1
1
1
1
1
1
1
1
1
1
1
1
1
1
1
1
1
1
1
1
1
1
1
1
1
1
1
1
1
1
1
1
1
1
1
1
1
1
1
1
1
1
1
1
1
1
1
1
1
1
1
1
1
1
1
1
1
1
1.04142
1.08284
1
1
1
1
1
1
1
1
1
1
1
1
1
1
1
1
1
1
1
1
1
1
1
1
1
1
1
1
1
1
1
1
1
1
1
1
1
1
1
1
1
1
1
1
1
1
1
1
1
1
1
1
1
1
1
1
1
1
1
1
1
1
1
1
1
1
1
1
1
1
1
1
1
1
1
1
1
1
1
1
1
1
1
1
1
1
1
1
1
1
1
1
1
1
1
1.14142
1.04142
1
1
1
1
1
1
1
1
1
1
1
1
1
1
1
1
1
1
1
1
1
1
1
1
1
1
1
1
1
1
1
1
1
1
1
1
1
1
1
1
1
1
1
1
1
1
1
1
1
1
1
1
1
1
1
1
1
1
1
1
1
1
1
1
1
1
1
1
1
1
1
1
1
1
1
1
1
1
1
1
1
1
1
1
1
1
1
1
1
1
1
1
1
1
1
1
1
1
1
1
1
1
1
1
1
1
1
1
1
1
1
1
1
1
1
1
1
1
1
1
1
1
1
1
1
1
1
1
1
1
1
1
1
1
1
1
1
1
1
1
1
1
1
1.04602
1.15713
1
1
1
1
1
1
1
1
1
1
1
1
1
1
1
1
1
1
1
1
1
1
1
1
1
1
1
1
1
1
1
1
1
1
1
1
1
1
1
1
1
1
1
1
1
1
1
1
1
1
1
1
1
1
1
1
1
1
1
1
1
1
1
1
1
1
1
1
1
1
1
1
1
1
1
1
1
1
1
1
1
1
1
1
1
1
1
1
1
1
1
1
1
1
1
1
1
1
1
1
1
1
1
1
1
1
1
1
1
1
1
1
1
1
1
1
1
1
1
1
1
1
1
1
1
1
1
1
1
1
1
1
1
1
1
1
1
1
1
1
1
1
1
1
1
1
1
1
1
1
1
1
1
1
1
1
1
1
1
1
1
1
1
1
1
1
1
1
1
1
1
1
1
1
1
1
1
1
1
1
1
1
1
1
1
1
1
1
1
1
1
1
1
1
1
1
1
1
1
1
1
1
1
1
1
1
1
1
1
1
1
1
1
1
1
1
1
1
1
1
1
1
1
1
1
1
1
1
1
1
1
1
1
1
1
1
1
1
1
1
1
1
1
1
1
1
1
1
1
1
1
1
1
1
1
1
1
1
1
1
1
1
1
1
1
1
1
1
1
1
1
1
1
1
1
1
1
1
1
1
1
1
1
1
1
1
1
1
1
1
1
1
1
1
1
1
1
1
1
1
1
1
1
1
1
1
1
1
1
1
1
1
1
1
1
1
1
1
1
1
1
1
1
1
1
1
1
1
1
1
1
1
1
1
1
1
1
1
1
1
1
1
1
1
1
1
1
1
1
1
1
1
1
1
1
1
1
1
1
1
1
1
1
1
1
1
1
1
1
1
1
1
1
1
1
1
1
1
1
1
1
1
1
1
1
1
1
1
1
1
1
1
1
1
1
1
1
1
1
1
1
1
1
1
1
1
1
1
1
1
1
1
1
1
1
1
1
1
1
1
1
1
1
1
1
1
1
1
1
1
1
1
1
1
1
1
1
1
1
1
1
1
1
1
1
1
1
1
1
1
1
1
1
1
1
1
1
1
1
1
1
1
1
1
1
1
1
1
1
1
1
1
1
1
1
1
1
1
1
1
1
1
1
1
1
1
1
1
1
1
1
1
1
1
1
1
1
1
1
1
1
1
1
1
1
1
1
1
1
1
1
1
1
1
1
1
1
1
1
1
1
1
1
1
1
1
1
1
1
1
1
1
1
1
1
1
1
1
1
1
1
1
1
1
1
1
1
1
1
1
1
1
1
1
1
1
1
1
1
1
1
1
1
1
1
1
1
1
1
1
1
1
1
1
1
1
1
1
1
1
1
1
1
1
1
1
1
1
1
1
1
1
1
1
1
1
1
1
1
1
1
1
1
1
1
1
1
1
1
1
1
1
1
1
1
1
1
1
1
1
1
1
1
1
1
1
1
1
1
1
1
1
1
1
1
1
1
1
1
1
1
1
1
1
1
1
1
1
1
1
1
1
1
1
1
1
1
1
1
1
1
1
1
1
1
1
1
1
1
1
1
1
1
1
1
1
1
1
1
1
1
1
1
1
1
1
1
1
1
1
1
1
1
1
1
1
1
1
1
1
1
1
1
1
1
1
1
1
1
1
1
1
1
1
1
1
1
1
1
1
1
1
1
1
1
1
1
1
1
1
1
1
1
1
1
1
1
1
1
1
1
1
1
1
1
1
1
1
1
1
1
1
1
1
1
1
1
1
1
1
1
1
1
1
1
1
1
1
1
1
1
1
1
1
1
1
1
1
1
1
1
1
1
1
1
1
1
1
1
1
1
1
1
1
1
1
1
1
1
1
1
1
1
1
1
1
1
1
1
1
1
1
1
1
1
1
1
1
1
1
1
1
1
1
1
1
1
1
1
1
1
1
1
1
1
1
1
1
1
1
1
1
1
1
1
1
1
1
1
1
1
1
1
1
1
1
1
1
1
1
1
1
1
1
1
1
1
1
1
1
1
1
1
1
1
1
1
1
1
1
1
1
1
1
1
1
1
1
1
1
1
1
1
1
1
1
1
1
1
1
1
1
1
1
1
1
1
1
1
1
1
1
1
1
1
1
1
1
1
1
1
1
1
1
1
1
1
1
1
1
1
1
1
1
1
1
1
1
1
1
1
1
1
1
1
1
1
1
1
1
1
1
1
1
1
1
1
1
1
1
1
1
1
1
1
1
1
1
1
1
1
1
1
1
1
1
1
1
1
1
1
1
1
1
1
1
1
1
1
1
1
1
1
1
1
1
1
1
1
1
1
1
1
1
1
1
1
1
1
1
1
1
1
1
1
1
1
1
1
1
1
1
1
1
1
1
1
1
1
1
1
1
1
1
1
1
1
1
1
1
1
1
1
1
1
1
1
1
1
1
1
1
1
1
1
1
1
1
1
1
1
1
1
1
1
1
1
1
1
1
1
1
1
1
1
1
1
1
1
1
1
1
1
1
1
1
1
1
1
1
1
1
1
1
1
1
1
1
1
1
1
1
1
1
1
1
1
1
1
1
1
1
1
1
1
1
1
1
1
1
1
1
1
1
1
1
1
1
1
1
1
1
1
1
1
1
1
1
1
1
1
1
1
1
1
1
1
1
1
1
1
1
1
1
1
1
1
1
1
1
1
1
1
1
1
1
1
1
1
1
1
1
1
1
1
1
1
1
1
1
1
1
1
1
1
1
1
1
1
1
1
1
1
1
1
1
1
1
1
1
1
1
1
1
1
1
1
1
1
1
1
1
1
1
1
1
1
1
1
1
1
1
1
1
1
1
1
1
1
1
1
1
1
1
1
1
1
1
1
1
1
1
1
1
1
1
1
1
1
1
1
1
1
1
1
1
1
1
1
1
1
1
1
1
1
1
1
1
1
1
1
1
1
1
1
1
1
1
1
1
1
1
1
1
1
1
1
1
1
1
1
1
1
1
1
1
1
1
1
1
1
1
1
1
1
1
1
1
1
1
1
1
1
1
1
1
1
1
1
1
1
1
1
1
1
1
1
1
1
1
1
1
1
1
1
1
1
1
1
1
1
1
1
1
1
1
1
1
1
1
1
1
1
1
1
1
1
1
1
1
1
1
1
1
1
1
1
1
1
1
1
1
1
1
1
1
1
1
1
1
1
1
1
1
1
1
1
1
1
1
1
1
1
1
1
1
1
1
1
1
1
1
1
1
1
1
1
1
1
1
1
1
1
1
1
1
1
1
1
1
1
1
1
1
1
1
1
1
1
1
1
1
1
1
1
1
1
1
1
1
1
1
1
1
1
1
1
1
1
1
1
1
1
1
1
1
1
1
1
1
1
1
1
1
1
1
1
1
1
1
1
1
1
1
1
1
1
1
1
1
1
1
1
1
1
1
1
1
1
1
1
1
1
1
1
1
1
1
1
1
1
1
1
1
1
1
1
1
1
1
1
1
1
1
1
1
1
1
1
1
1
1
1
1
1
1
1
1
1
1
1
1
1
1
1
1
1
1
1
1
1
1
1
1
1
1
1
1
1
1
1
1
1
1
1
1
1
1
1
1
1
1
1
1
1
1
1
1
1
1
1
1
1
1
1
1
1
1
1
1
1
1
1
1
1
1
1
1
1
1
1
1
1
1
1
1
1
1
1
1
1
1
1
1
1
1
1
1
1
1
1
1
1
1
1
1
1
1
1
1
1
1
1
1
1
1
1
1
1
1
1
1
1
1
1
1
1
1
1
1
1
1
1
1
1
1
1
1
1
1
1
1
1
1
1
1
1
1
1
1
1
1
1
1
1
1
1
1
1
1
1
1
1
1
1
1
1
1
1
1
1
1
1
1
1
1
1
1
1
1
1
1
1
1
1
1
1
1
1
1
1
1
1
1
1
1
1
1
1
1
1
1
1
1
1
1
1
1
1
1
1
1
1
1
1
1
1
1
1
1
1
1
1
1
1
1
1
1
1
1
1
1
1
1
1
1
1
1
1
1
1
1
1
1
1
1
1
1
1
1
1
1
1
1
1
1
1
1
1
1
1
1
1
1
1
1
1
1
1
1
1
1
1
1
1
1
1
1
1
1
1
1
1
1
1
1
1
1
1
1
1
1
1
1
1
1
1
1
1
1
1
1
1
1
1
1
1
1
1
1
1
1
1
1
1
1
1
1
1
1
1
1
1
1
1
1
1
1
1
1
1
1
1
1
1
1
1
1
1
1
1
1
1
1
1
1
1
1
1
1
1
1
1
1
1
1
1
1
1
1
1
1
1
1
1
1
1
1
1
1
1
1
1
1
1
1
1
1
1
1
1
1
1
1
1
1
1
1
1
1
1
1
1
1
1
1
1
1
1
1
1
1
1
1
1
1
1
1
1
1
1
1
1
1
1
1
1
1
1
1
1
1
1
1
1
1
1
1
1
1
1
1
1
1
1
1
1
1
1
1
1
1
1
1
1
1
1
1
1
1
1
1
1
1
1
1
1
1
1
1
1
1
1
1
1
1
1
1
1
1
1
1
1
1
1
1
1
1
1
1
1
1
1
1
1
1
1
1
1
1
1
1
1
1
1
1
1
1
1
1
1
1
1
1
1
1
1
1
1
1
1
1
1
1
1
1
1
1
1
1
1
1
1
1
1
1
1
1
1
1
1
1
1
1
1
1
1
1
1
1
1
1
1
1
1
1
1
1
1
1
1
1
1
1
1
1
1
1
1
1
1
1
1
1
1
1
1
1
1
1
1
1
1
1
1
1
1
1
1
1
1
1
1
1
1
1
1
1
1
1
1
1
1
1
1
1
1
1
1
1
1
1
1
1
1
1
1
1
1
1
1
1
1
1
1
1
1
1
1
1
1
1
1
1
1
1
1
1
1
1
1
1
1
1
1
1
1
1
1
1
1
1
1
1
1
1
1
1
1
1
1
1
1
1
1
1
1
1
1
1
1
1
1
1
1
1
1
1
1
1
1
1
1
1
1
1
1
1
1
1
1
1
1
1
1
1
1
1
1
1
1
1
1
1
1
1
1
1
1
1
1
1
1
1
1
1
1
1
1
1
1
1
1
1
1
1
1
1
1
1
1
1
1
1
1
1
1
1
1
1
1
1
1
1
1
1
1
1
1
1
1
1
1
1
1
1
1
1
1
1
1
1
1
1
1
1
1
1
1
1
1
1
1
1
1
1
1
1
1
1
1
1
1
1
1
1
1
1
1
1
1
1
1
1
1
1
1
1
1
1
1
1
1
1
1
1
1
1
1
1
1
1
1
1
1
1
1
1
1
1
1
1
1
1
1
1
1
1
1
1
1
1
1
1
1
1
1
1
1
1
1
1
1
1
1
1
1
1
1
1
1
1
1
1
1
1
1
1
1
1
1
1
1
1
1
1
1
1
1
1
1
1
1
1
1
1
1
1
1
1
1
1
1
1
1
1
1
1
1
1
1
1
1
1
1
1
1
1
1
1
1
1
1
1
1
1
1
1
1
1
1
1
1
1
1
1
1
1
1
1
1
1
1
1
1
1
1
1
1
1
1
1
1
1
1
1
1
1
1
1
1
1
1
1
1
1
1
1
1
1
1
1
1
1
1
1
1
1
1
1
1
1
1
1
1
1
1
1
1
1
1
1
1
1
1
1
1
1
1
1
1
1
1
1
1
1
1
1
1
1
1
1
1
1
1
1
1
1
1
1
1
1
1
1
1
1
1
1
1
1
1
1
1
1
1
1
1
1
1
1
1
1
1
1
1
1
1
1
1
1
1
1
1
1
1
1
1
1
1
1
1
1
1
1
1
1
1
1
1
1
1
1
1
1
1
1
1
1
1
1
1
1
1
1
1
1
1
1
1
1
1
1
1
1
1
1
1
1
1
1
1
1
1
1
1
1
1
1
1
1
1
1
1
1
1
1
1
1
1
1
1
1
1
1
1
1
1
1
1
1
1
1
1
1
1
1
1
1
1
1
1
1
1
1
1
1
1
1
1
1
1
1
1
1
1
1
1
1
1
1
1
1
1
1
1
1
1
1
1
1
1
1
1
1
1
1
1
1
1
1
1
1
1
1
1
1
1
1
1
1
1
1
1
1
1
1
1
1
1
1
1
1
1
1
1
1
1
1
1
1
1
1
1
1
1
1
1
1
1
1
1
1
1
1
1
1
1
1
1
1
1
1
1
1
1
1
1
1
1
1
1
1
1
1
1
1
1
1
1
1
1
1
1
1
1
1
1
1
1
1
1
1
1
1
1
1
1
1
1
1
1
1
1
1
1
1
1
1
1
1
1
1
1
1
1
1
1
1
1
1
1
1
1
1
1
1
1
1
1
1
1
1
1
1
1
1
1
1
1
1
1
1
1
1
1
1
1
1
1
1
1
1
1
1
1
1
1
1
1
1
1
1
1
1
1
1
1
1
1
1
1
1
1
1
1
1
1
1
1
1
1
1
1
1
1
1
1
1
1
1
1
1
1
1
1
1
1
1
1
1
1
1
1
1
1
1
1
1
1
1
1
1
1
1
1
1
1
1
1
1
1
1
1
1
1
1
1
1
1
1
1
1
1
1
1
1
1
1
1
1
1
1
1
1
1
1
1
1
1
1
1
1
1
1
1
1
1
1
1
1
1
1
1
1
1
1
1
1
1
1
1
1
1
1
1
1
1
1
1
1
1
1
1
1
1
1
1
1
1
1
1
1
1
1
1
1
1
1
1
1
1
1
1
1
1
1
1
1
1
1
1
1
1
1
1
1
1
1
1
1
1
1
1
1
1
1
1
1
1
1
1
1
1
1
1
1
1
1
1
1
1
1
1
1
1
1
1
1
1
1
1
1
1
1
1
1
1
1
1
1
1
1
1
1
1
1
1
1
1
1
1
1
1
1
1
1
1
1
1
1
1
1
1
1
1
1
1
1
1
1
1
1
1
1
1
1
1
1
1
1
1
1
1
1
1
1
1
1
1
1
1
1
1
1
1
1
1
1
1
1
1
1
1
1
1
1
1
1
1
1
1
1
1
1
1
1
1
1
1
1
1
1
1
1
1
1
1
1
1
1
1
1
1
1
1
1
1
1
1
1
1
1
1
1
1
1
1
1
1
1
1
1
1
1
1
1
1
1
1
1
1
1
1
1
1
1
1
1
1
1
1
1
1
1
1
1
1
1
1
1
1
1
1
1
1
1
1
1
1
1
1
1
1
1
1
1
1
1
1
1
1
1
1
1
1
1
1
1
1
1
1
1
1
1
1
1
1
1
1
1
1
1
1
1
1
1
1
1
1
1
1
1
1
1
1
1
1
1
1
1
1
1
1
1
1
1
1
1
1
1
1
1
1
1
1
1
1
1
1
1
1
1
1
1
1
1
1
1
1
1
1
1
1
1
1
1
1
1
1
1
1
1
1
1
1
1
1
1
1
1
1
1
1
1
1
1
1
1
1
1
1
1
1
1
1
1
1
1
1
1
1
1
1
1
1
1
1
1
1
1
1
1
1
1
1
1
1
1
1
1
1
1
1
1
1
1
1
1
1
1
1
1
1
1
1
1
1
1
1
1
1
1
1
1
1
1
1
1
1
1
1
1
1
1
1
1
1
1
1
1
1
1
1
1
1
1
1
1
1
1
1
1
1
1
1
1
1
1
1
1
1
1
1
1
1
1
1
1
1
1
1
1
1
1
1
1
1
1
1
1
1
1
1
1
1
1
1
1
1
1
1
1
1
1
1
1
1
1
1
1
1
1
1
1
1
1
1
1
1
1
1
1
1
1
1
1
1
1
1
1
1
1
1
1
1
1
1
1
1
1
1
1
1
1
1
1
1
1
1
1
1
1
1
1
1
1
1
1
1
1
1
1
1
1
1
1
1
1
1
1
1
1
1
1
1
1
1
1
1
1
1
1
1
1
1
1
1
1
1
1
1
1
1
1
1
1
1
1
1
1
1
1
1
1
1
1
1
1
1
1
1
1
1
1
1
1
1
1
1
1
1
1
1
1
1
1
1
1
1
1
1
1
1
1
1
1
1
1
1
1
1
1
1
1
1
1
1
1
1
1
1
1
1
1
1
1
1
1
1
1
1
1
1
1
1
1
1
1
1
1
1
1
1
1
1
1
1
1
1
1
1
1
1
1
1
1
1
1
1
1
1
1
1
1
1
1
1
1
1
1
1
1
1
1
1
1
1
1
1
1
1
1
1
1
1
1
1
1
1
1
1
1
1
1
1
1
1
1
1
1
1
1
1
1
1
1
1
1
1
1
1
1
1
1
1
1
1
1
1
1
1
1
1
1
1
1
1
1
1
1
1
1
1
1
1
1
1
1
1
1
1
1
1
1
1
1
1
1
1
1
1
1
1
1
1
1
1
1
1
1
1
1
1
1
1
1
1
1
1
1
1
1
1
1
1
1
1
1
1
1
1
1
1
1
1
1
1
1
1
1
1
1
1
1
1
1
1
1
1
1
1
1
1
1
1
1
1
1
1
1
1
1
1
1
1
1
1
1
1
1
1
1
1
1
1
1
1
1
1
1
1
1
1
1
1
1
1
1
1
1
1
1
1
1
1
1
1
1
1
1
1
1
1
1
1
1
1
1
1
1
1
1
1
1
1
1
1
1
1
1
1
1
1
1
1
1
1
1
1
1
1
1
1
1
1
1
1
1
1
1
1
1
1
1
1
1
1
1
1
1
1
1
1
1
1
1
1
1
1
1
1
1
1
1
1
1
1
1
1
1
1
1
1
1
1
1
1
1
1
1
1
1
1
1
1
1
1
1
1
1
1
1
1
1
1
1
1
1
1
1
1
1
1
1
1
1
1
1
1
1
1
1
1
1
1
1
1
1
1
1
1
1
1
1
1
1
1
1
1
1
1
1
1
1
1
1
1
1
1
1
1
1
1
1
1
1
1
1
1
1
1
1
1
1
1
1
1
1
1
1
1
1
1
1
1
1
1
1
1
1
1
1
1
1
1
1
1
1
1
1
1
1
1
1
1
1
1
1
1
1
1
1
1
1
1
1
1
1
1
1
1
1
1
1
1
1
1
1
1
1
1
1
1
1
1
1
1
1
1
1
1
1
1
1
1
1
1
1
1
1
1
1
1
1
1
1
1
1
1
1
1
1
1
1
1
1
1
1
1
1
1
1
1
1
1
1
1
1
1
1
1
1
1
1
1
1
1
1
1
1
1
1
1
1
1
1
1
1
1
1
1
1
1
1
1
1
1
1
1
1
1
1
1
1
1
1
1
1
1
1
1
1
1
1
1
1
1
1
1
1
1
1
1
1
1
1
1
1
1
1
1
1
1
1
1
1
1
1
1
1
1
1
1
1
1
1
1
1
1
1
1
1
1
1
1
1
1
1
1
1
1
1
1
1
1
1
1
1
1
1
1
1
1
1
1
1
1
1
1
1
1
1
1
1
1
1
1
1
1
1
1
1
1
1
1
1
1
1
1
1
1
1
1
1
1
1
1
1
1
1
1
1
1
1
1
1
1
1
1
1
1
1
1
1
1
1
1
1
1
1
1
1
1
1
1
1
1
1
1
1
1
1
1
1
1
1
1
1
1
1
1
1
1
1
1
1
1
1
1
1
1
1
1
1
1
1
1
1
1
1
1
1
1
1
1
1
1
1
1
1
1
1
1
1
1
1
1
1
1
1
1
1
1
1
1
1
1
1
1
1
1
1
1
1
1
1
1
1
1
1
1
1
1
