6
6
6
6
6
6
6
6
6
6
6
6
6
6
6
6
6
6
6
6
6
6
6
6
6
6
6
6
6
6
6
6
6
6
6
6
6
6
6
6
6
6
6
6
6
6
6
6
6
6
6
6
6
6
6
6
6
6
6
6
6
6
6
6
6
6
6
6
6
6
6
6
6
6
6
6
6
6
6
6
6
6
6
6
6
6
6
6
6
6
6
6
6
6
6
6
6
6
6
6
6
6
6
6
6
6
6
6
6
6
6
6
6
6
6
6
6
6
6
6
6
6
6
6
6
6
6
6
6
6
6
6
6
6
6
6
6
6
6
6
6
6
6
6
6
6
6
6
6
6
6
6
6
6
6
6
6
6
6
6
6
6
6
6
6
6
6
6
6
6
6
6
6
6
6
6
6
6
6
6
6
6
6
6
6
6
6
6
6
6
6
6
6
6
6
6
6
6
6
6
6
6
6
6
6
6
6
6
6
6
6
6
6
6
6
6
6
6
6
6
6
6
6
6
6
6
6
6
6
6
6
6
6
6
6
6
6
6
6
6
6
6
6
6
6
6
6
6
6
6
6
6
6
6
6
6
6
6
6
6
6
6
6
6
6
6
6
6
6
6
6
6
6
6
6
6
6
6
6
6
6
6
6
6
6
6
6
6
6
6
6
6
6
6
6
6
6
6
6
6
6
6
6
6
6
6
6
6
6
6
6
6
6
6
6
6
6
6
6
6
6
6
6
6
6
6
6
6
6
6
6
6
7
7
7
7
7
7
7
7
7
7
7
7
7
7
8
8
8
8
8
8
8
8
8
8
8
8
8
8
9
9
9
9
9
9
9
9
9
9
9
9
9
9
10
10
10.4142
10.4142
10
10
10
10
10
10
10.4142
10
10
10.4142
10
10
10
10
11
11.4142
11.4142
11
11.4142
11.4142
11
11
12.4142
11.4142
11
11.4142
11
11
11.4142
11
11.4142
11
11
12
12.4142
12.4142
12.4142
12.4142
12
12.8284
12.4142
13.4142
12.4142
12
12
12.4142
12.4142
12
12.4142
12
13
13.4142
13.4142
13.4142
13.4142
13
13.8284
13.4142
13.8284
13.4142
13.4142
13
13.4142
13
14
14
14
14.4142
14.8284
14.4142
14.4142
14.8284
15.8284
14.8284
14.4142
14
14.4142
14.8284
14.4142
14.8284
14.8284
14.4142
14.4142
14
14.4142
14.4142
14
15
15.4142
15.8284
17.2426
16.2426
15.8284
15.8284
16.2426
17.2426
17.2426
16.2426
15.4142
16.2426
15.8284
15.8284
16.2426
15.8284
15.4142
15.8284
15.4142
15.4142
15.8284
15.4142
15
16
16.8284
18.6569
17.6569
17.6569
18.6569
18.6569
17.6569
16.4142
16.8284
17.8284
17.2426
16.8284
17.2426
18.2426
17.2426
16.4142
16.8284
18.2426
17.2426
16.8284
16.4142
16.8284
16
17
17
17.8284
20.0711
19.0711
19.0711
20.0711
20.0711
19.0711
18.2426
18.6569
18.2426
18.6569
18.6569
18.2426
17.8284
18.2426
19.2426
18.6569
17.4142
17.8284
17.8284
17
18
18.8284
19.2426
22.4853
21.4853
20.4853
20.4853
21.4853
22.4853
23.4853
23.4853
22.4853
21.4853
20.4853
19.2426
19.6569
19.6569
19.6569
20.0711
19.6569
19.6569
20.0711
19.6569
18.8284
19.2426
20.2426
20.2426
19.2426
18.8284
18
19
20.2426
20.6569
21.6569
24.8995
23.8995
22.8995
23.8995
24.8995
25.8995
26.8995
27.8995
28.8995
28.8995
27.8995
26.8995
25.8995
24.8995
23.8995
20.6569
21.0711
21.0711
20.6569
21.0711
21.4853
21.0711
20.6569
20.6569
21.0711
21.4853
21.0711
20.6569
21.6569
20.6569
19
20
22.0711
28.3137
27.3137
26.3137
25.3137
22.0711
23.4853
22.4853
22.0711
22.4853
22.8995
23.8995
23.4853
22.4853
22.0711
22.0711
22.4853
22.8995
22.4853
21.6569
22.0711
22.0711
20
21
21
23.0711
28.7279
23.0711
23.8995
24.3137
23.8995
23.4853
23.8995
23.0711
23.0711
21
22
24.0711
24.4853
34.1421
33.1421
32.1421
31.1421
30.1421
29.1421
24.0711
24.4853
25.4853
25.3137
24.8995
25.3137
25.7279
26.3137
25.3137
24.8995
24.4853
24.8995
25.8995
26.8995
26.3137
25.3137
24.8995
24.0711
24.4853
24.4853
24.0711
22
23
23
23
25.4853
25.8995
52.5563
51.5563
50.5563
49.5563
48.5563
47.5563
46.5563
45.5563
44.5563
43.5563
42.5563
41.5563
40.5563
39.5563
38.5563
37.5563
36.5563
35.5563
34.5563
25.8995
26.8995
26.7279
26.3137
26.7279
27.1421
28.1421
27.7279
26.7279
27.3137
28.3137
29.3137
28.7279
27.7279
26.7279
25.4853
25.8995
26.8995
26.8995
25.8995
25.4853
23
24
26.8995
27.3137
28.3137
62.9706
61.9706
60.9706
59.9706
58.9706
57.9706
56.9706
55.9706
54.9706
53.9706
52.9706
27.3137
28.3137
29.3137
29.1421
28.1421
27.7279
28.5563
29.5563
30.5563
31.5563
32.5563
32.1421
31.1421
30.1421
29.1421
28.1421
29.7279
30.7279
31.7279
32.7279
33.7279
33.1421
32.1421
31.1421
30.1421
29.1421
27.3137
28.3137
29.3137
28.3137
27.3137
24
25
28.7279
29.7279
69.3848
68.3848
67.3848
66.3848
65.3848
64.3848
63.3848
29.7279
30.7279
31.7279
31.5563
30.5563
29.5563
32.9706
33.9706
34.9706
35.9706
36.9706
37.9706
38.9706
38.5563
37.5563
36.5563
35.5563
34.5563
33.5563
32.5563
34.1421
35.1421
36.1421
37.1421
38.1421
38.5563
37.5563
36.5563
35.5563
34.5563
33.5563
28.7279
29.7279
30.7279
30.7279
29.7279
25
26
26
30.1421
31.1421
32.1421
65.6274
66.6274
67.6274
68.6274
69.6274
69.799
32.1421
33.1421
34.1421
34.9706
33.9706
32.9706
31.9706
31.1421
32.1421
33.1421
34.1421
34.1421
33.1421
32.1421
31.1421
26
27
32.5563
33.5563
34.5563
35.5563
36.5563
60.2132
61.2132
62.2132
63.2132
64.2132
65.2132
34.5563
35.5563
36.5563
37.5563
37.3848
36.3848
35.3848
34.5563
35.5563
36.5563
37.5563
38.5563
39.5563
40.5563
39.5563
38.5563
37.5563
36.5563
35.5563
34.5563
27
28
28
36.9706
37.9706
38.9706
39.9706
40.9706
41.9706
42.9706
43.9706
50.799
51.799
52.799
53.799
54.799
55.799
56.799
57.799
58.799
59.799
37.9706
38.9706
39.9706
40.9706
41.9706
42.9706
42.799
41.799
40.799
39.799
38.799
37.799
39.9706
40.9706
41.9706
41.9706
40.9706
28
29
44.3848
45.3848
46.3848
47.3848
48.3848
49.3848
50.3848
43.3848
44.3848
45.3848
46.3848
47.3848
48.3848
49.3848
50.2132
49.2132
48.2132
47.2132
46.2132
45.2132
44.2132
43.2132
29
30
30
31
31
31
31
31
31
31
31
31
31
31
31
31
31
31
31
31
31
31
32
32
32
32
32
32
32
32
32
33
33
33
33
33
33
33
33
34
34
34
34
34
34
34
35
35
35
35
35
35
35
35
35
35
35
35
35
35
36
36
36
36
36
36
36
36
36
36
36
36
36
36
36
36
36
36
36
36
36
36
36
36
36
36
36.4142
36
36
36
36
37
37
37
37
37
37.4142
37
37
38
38
38
38
38
38
38
38.4142
38
38
38
38
38
38
38
38
38
38
38.4142
38
38
38
38
38
38
38
38
38.4142
38
38
38
38
39
39
39
39
39
39.4142
39.8284
39
39
39
39
39
39.4142
39.8284
40.2426
40.6569
41.0711
39
39
39
39
39
39
39
40.2426
39.8284
39.4142
39
39
40
40
40
40.8284
41.2426
40.8284
40.4142
40
40
40
40
40
40
40
40
40
40
40
40
40
42.0711
42.4853
40
40
40
40
40
40.4142
41.2426
40
40
40
41
41
42.2426
42.6569
43.4853
43.0711
42.6569
42.2426
41.8284
41
41
41
41
41
41
41
43.4853
43.8995
44.3137
44.7279
41
41
41.4142
41.8284
42.6569
42.2426
41
41
41
41
41
41
41
41
41
42
42
42
42
43.6569
44.0711
44.4853
46.1421
45.7279
45.3137
44.8995
44.4853
42
42
42
42
42
42
45.7279
46.1421
42.4142
42
42.8284
43.2426
43.6569
42
42
42
42
42
42
42
42
42
42
42
43
43
43
45.4853
47.5563
47.1421
43
43
43
43
43
43
47.1421
47.5563
44.2426
43.8284
43.4142
44.2426
44.6569
45.0711
45.0711
44.6569
43
43.4142
43
43
43
43
43
43
43.4142
43
44
44
46.4853
46.8995
49.799
49.3848
48.9706
48.5563
44
44
44
44
48.5563
48.9706
49.3848
45.6569
45.2426
46.0711
46.0711
44
44.8284
44.4142
44.4142
44.8284
44
45
45
47.8995
51.2132
50.799
45
45
45
45
50.3848
47.0711
46.6569
47.0711
47.4853
47.0711
45
46.2426
45.8284
45.8284
46.2426
45
46
46
48.8995
52.2132
46
46
51.3848
48.0711
48.4853
48.0711
46
47.2426
47.2426
46
47
47
49.8995
53.6274
53.2132
47
47.4142
47
47
52.3848
52.799
49.0711
49.4853
49.8995
49.0711
47
49.0711
48.6569
48.2426
48.2426
47
48
48
50.8995
55.0416
54.6274
48.4142
48.8284
48
53.799
50.4853
50.0711
50.8995
50.0711
48
50.4853
50.0711
49.2426
49.6569
50.0711
48
49
49
51.8995
56.8701
56.4558
56.0416
49.8284
50.2426
49
54.799
55.2132
51.4853
51.8995
52.3137
52.7279
51.0711
49
51.8995
51.4853
51.0711
49
51.4142
50.4142
50
50
52.8995
57.8701
51.2426
51.6569
52.0711
50
50
50
56.2132
53.3137
52.8995
52.4853
53.7279
52.0711
50
52.8995
52.0711
50
51.8284
51
53.8995
59.2843
58.8701
53.0711
51
57.2132
54.3137
54.7279
53.0711
51
54.3137
53.8995
53.0711
51
53.2426
52.8284
52
54.8995
60.6985
60.2843
54.0711
54.4853
52
58.2132
55.3137
55.7279
56.1421
54.0711
52
56.1421
55.7279
55.3137
54.0711
54.4853
52
54.2426
53
56.3137
55.8995
61.6985
55.4853
53
59.2132
56.7279
56.3137
57.1421
55.0711
53.4142
53
57.1421
55.4853
53
55.6569
55.2426
54
54.4142
57.3137
62.6985
56.4853
54
60.2132
57.7279
58.1421
56.0711
56.4853
54.4142
58.1421
56.8995
56.4853
54
56.6569
55.4142
58.3137
63.6985
57.4853
55
61.2132
58.7279
59.1421
57.4853
55.4142
59.5563
59.1421
57.8995
55
58.0711
57.6569
56.4142
60.7279
59.7279
59.3137
65.5269
65.1127
64.6985
58.4853
58.8995
56
62.2132
59.7279
60.1421
58.4853
56.4142
60.5563
58.8995
56
60.4853
59.4853
59.0711
57.4142
57.8284
58.8284
62.1421
61.1421
66.5269
59.8995
57
63.2132
60.7279
61.1421
59.4853
59.8995
57.8284
57.4142
61.9706
61.5563
59.8995
57
61.8995
60.8995
59.2426
60.2426
63.5564
62.5564
67.5269
60.8995
58
64.2132
61.7279
62.1421
60.8995
58.8284
63.3848
62.9706
60.8995
58
63.3137
62.3137
60.6569
61.6569
64.9706
63.9706
68.5269
61.8995
59
59.4142
60.4142
65.2132
62.7279
63.1421
61.8995
62.3137
63.3137
61.2426
60.2426
59.8284
64.3848
61.8995
59
66.7279
65.7279
64.7279
63.7279
62.0711
63.0711
64.0711
65.0711
68.3848
67.3848
66.3848
65.3848
69.9411
69.5269
62.8995
60.8284
66.2132
63.7279
64.1421
63.7279
62.6569
61.6569
66.2132
65.799
65.3848
64.3137
63.3137
62.8995
60
69.1422
68.1422
67.1422
65.4853
66.4853
67.4853
68.4853
69.4853
70.4853
71.4853
72.4853
71.799
70.799
69.799
68.799
70.9411
63.8995
61.8284
67.2132
64.7279
65.1421
64.7279
65.1421
64.0711
63.0711
67.6274
67.2132
64.7279
61
62.4142
63.4142
64.4142
65.4142
66.4142
67.4142
68.4142
69.4142
69.5564
71.9411
64.8995
62.8284
63.2426
68.6274
68.2132
65.7279
66.1421
66.1421
66.1421
66.5564
65.4853
64.4853
68.6274
65.7279
62
72.9411
65.8995
64.2426
69.6274
67.1421
67.5564
67.1421
67.5564
67.9706
68.9706
69.9706
67.8995
66.8995
65.8995
69.6274
67.1421
66.7279
73.9411
66.8995
65.2426
70.6274
68.1421
68.5564
70.3848
68.3137
71.0416
70.6274
68.1421
74.9411
67.8995
66.2426
66.6569
72.0416
71.6274
69.1421
69.5564
70.799
71.799
70.7279
69.7279
68.7279
72.8701
72.4558
72.0416
69.1421
66.4142
81.3259
81.7402
82.1544
82.5686
82.9828
83.397
83.8112
84.2254
84.6397
85.0539
85.4681
85.8823
86.2965
86.7107
75.9411
76.3553
68.8995
67.6569
68.0711
74.4558
73.4558
73.0416
70.1421
70.5564
72.2132
73.2132
74.2132
75.2132
76.2132
74.1422
73.1422
72.1422
71.1422
74.2843
73.8701
70.5564
70.1421
66
66
66
66
66
67.4142
81.0833
81.4975
81.9117
82.3259
87.7107
87.2965
86.8823
86.4681
86.0539
77.3553
70.3137
69.8995
69.0711
69.4853
70.4853
75.8701
74.8701
71.1421
71.5564
72.5564
72.9706
71.9706
71.5564
76.6274
77.6274
78.6274
79.6274
80.6274
80.5564
79.5564
78.5564
77.5564
76.5564
75.5564
74.5564
75.2843
71.5564
67.8284
67.4142
67
67
67
67
67
68.4142
80.8406
81.2549
81.6691
82.0833
87.0539
86.6396
86.2254
85.8112
78.3553
71.3137
70.8995
71.8995
77.2843
76.2843
72.9706
73.3848
75.8701
76.2843
72.9706
72.5564
70.4853
70.0711
69.6569
69.2426
68.8284
69.4142
81.0122
81.4264
81.8406
86.8112
86.397
79.3553
72.3137
72.3137
73.3137
74.3137
78.6985
77.6985
73.9706
74.3848
74.799
74.3848
76.4558
76.8701
73.9706
72.7279
72.3137
71.8995
71.4853
70.4142
81.598
82.0122
87.397
86.9828
86.5686
86.1544
80.3553
80.7696
81.7696
73.7279
73.3137
74.7279
75.7279
76.7279
77.7279
82.1127
81.1127
80.1127
79.1127
75.3848
75.799
75.799
76.6274
77.0416
77.4558
76.3848
75.3848
74.9706
74.5563
74.1421
73.7279
71.4142
81.7696
82.1838
82.598
87.1544
86.7401
82.1838
74.7279
78.1422
79.1422
80.1422
81.1422
82.1422
83.1422
87.9706
87.5269
86.5269
85.5269
84.5269
83.5269
82.5269
76.799
77.2132
76.799
77.2132
77.6274
77.799
76.799
75.9706
75.5563
72.4142
82.7696
87.7401
83.1838
83.598
77.1421
76.1421
75.7279
83.5564
84.5564
85.5564
86.5564
87.5564
77.799
78.2132
79.6274
78.6274
78.2132
78.2132
78.2132
76.9706
73.4142
83.7696
88.7401
88.3259
84.598
77.5564
79.2132
80.0416
78.799
79.2132
79.2132
79.2132
78.799
78.3848
77.9706
74.4142
84.3554
84.7696
89.3259
85.598
78.9706
78.5564
80.2132
80.6274
81.6274
81.4559
81.0416
79.3848
79.799
80.6274
80.2132
80.6274
80.2132
75.4142
84.9411
85.3554
90.3259
89.9117
86.598
87.0122
79.9706
82.0416
83.0416
82.8701
82.4559
80.3848
81.6274
82.4558
82.0416
81.6274
76.4142
85.9411
90.9117
90.4975
90.0833
88.0122
88.4264
89.4264
81.3848
80.9706
83.4559
84.4559
85.4559
84.2843
83.8701
80.5563
80.9706
81.3848
83.0416
82.6274
83.8701
83.4558
77.4142
86.5269
86.9411
91.0833
89.8406
90.8406
82.799
82.3848
85.8701
86.8701
87.8701
88.8701
87.6985
86.6985
85.6985
85.2843
81.1421
81.5563
84.0416
85.2843
84.8701
78.4142
87.5269
92.0833
91.6691
91.2549
92.2549
86.2132
85.2132
84.2132
83.799
89.2843
90.2843
91.2843
92.2843
91.1127
90.1127
89.1127
88.1127
81.7279
82.1421
85.0416
86.2843
79.4142
88.5269
92.6691
92.6691
93.6691
87.6274
86.6274
92.6985
93.6985
94.6985
95.6985
96.6985
97.6985
96.5269
95.5269
94.5269
93.5269
92.5269
91.5269
82.7279
87.4559
86.4559
86.0416
87.6985
87.2843
80.4142
89.5269
93.6691
94.0833
95.0833
96.0833
97.0833
91.0416
90.0416
89.0416
88.0416
98.1127
99.1127
100.113
101.113
100.941
99.9411
98.9411
97.9411
96.9411
83.7279
87.8701
88.6985
81.4142
90.5269
94.6691
97.4975
91.4559
83.8995
84.3137
84.7279
88.8701
89.6985
82.4142
91.5269
95.6691
97.9117
98.9117
99.9117
93.8701
92.8701
91.8701
88.6274
89.0416
89.4559
89.8701
90.2843
90.6985
91.1127
90.6985
90.2843
84.8995
90.2843
89.8701
90.2843
90.6985
90.6985
83.4142
91.6985
92.1127
92.5269
96.6691
96.2549
100.326
101.326
102.326
103.326
104.326
105.326
106.326
99.2843
98.2843
97.2843
96.2843
95.2843
94.2843
88.3848
88.799
89.2132
89.6274
91.2843
90.8701
90.4559
90.0417
89.6274
85.4853
85.8995
91.2843
91.2843
84.4142
92.6985
97.2549
106.74
107.74
107.699
106.699
105.699
104.699
103.699
102.699
101.699
100.699
99.6985
88.1421
88.5564
88.9706
89.3848
90.6274
90.2132
89.799
86.4853
92.2843
91.8701
92.2843
85.4142
93.6985
98.2549
88.7279
89.1421
90.799
90.3848
87.0711
87.4853
93.6985
93.2843
92.8701
86.4142
94.6985
99.2549
88.8995
89.3137
89.7279
91.3848
90.9706
90.5564
88.0711
94.6985
93.8701
87.4142
95.6985
96.1127
97.1127
100.255
89.4853
89.8995
91.5564
91.1422
89.0711
97.1127
96.1127
95.6985
94.4558
94.8701
88.4142
97.5269
101.255
90.4853
92.1422
91.7279
90.0711
97.5269
95.4558
89.4142
98.5269
102.255
91.4853
92.7279
91.0711
98.5269
96.4558
90.4142
99.5269
103.255
102.012
101.598
101.184
100.77
100.355
99.9411
99.5269
99.1127
92.0711
92.4853
93.7279
92.0711
99.5269
97.4558
91.4142
100.527
104.669
104.255
100.941
101.355
101.77
102.184
102.598
103.012
103.012
100.113
99.6985
99.2843
98.8701
98.4558
98.0416
93.0711
94.7279
94.3137
93.8995
93.0711
100.941
100.527
98.4558
92.4142
92
92
92
92
92
92
92
92
92
92
92.4142
92.8284
93.2426
93.6569
94.0711
101.527
101.941
105.669
101.113
101.527
101.941
99.0416
98.6274
98.2132
97.799
94.4853
94.0711
94.8995
94.0711
101.941
99.4558
93.4142
93
93
93
93
93
95.0711
95.4853
95.8995
96.3137
96.7279
102.941
106.669
101.698
102.113
98.799
98.3848
95.4853
95.8995
95.0711
103.355
102.941
100.456
94.4142
94
94
94
94
97.7279
98.1422
98.5564
103.941
107.669
101.456
101.87
102.284
102.698
99.3848
98.9706
98.5563
96.4853
96.8995
96.4853
96.0711
104.355
101.456
95.4142
95
95
95
95
99.5564
99.9706
100.385
104.941
105.355
109.083
108.669
102.042
102.456
99.5563
99.1421
98.7279
97.4853
97.4853
97.0711
105.77
105.355
102.456
96.4142
97.2426
96.8284
96.4142
96
101.385
101.799
106.355
106.77
110.083
102.627
103.042
99.7279
100.142
98.4853
98.4853
98.0711
108.184
107.184
106.77
103.456
103.87
97.4142
98.2426
102.799
107.77
112.497
111.497
111.083
103.627
101.142
99.4853
99.4853
99.0711
99.4853
108.598
104.87
98.4142
100.071
99.6569
99.2426
103.799
104.213
108.77
112.912
105.042
104.627
104.213
103.799
103.385
102.971
102.556
102.142
101.728
101.314
100.899
101.314
101.728
102.142
102.556
104.627
102.142
102.556
100.485
100.485
100.485
109.598
105.87
99.4142
102.314
101.9
101.485
101.071
105.213
105.627
109.77
110.184
111.184
113.912
108.113
107.699
107.284
106.87
106.456
106.042
103.556
103.971
104.385
104.799
104.799
104.385
105.627
105.213
105.627
103.556
101.485
101.485
101.485
111.012
110.598
106.87
100.414
104.142
103.728
103.314
106.627
107.042
107.042
111.598
112.598
115.326
114.912
109.941
109.527
109.113
105.385
104.971
104.556
104.142
107.042
106.627
104.556
104.971
105.385
102.485
102.9
102.485
102.485
102.899
112.426
112.012
107.87
108.284
101.414
104.314
104.728
105.142
105.556
105.556
105.142
108.042
113.012
114.012
116.74
116.326
112.184
111.77
111.355
110.941
105.142
104.728
104.314
108.042
106.385
106.799
103.485
103.9
103.899
104.314
105.314
114.841
113.841
113.426
109.284
102.414
102.828
103.243
103.657
104.071
104.485
104.9
105.314
109.042
108.627
114.426
115.426
118.154
117.74
114.012
113.598
113.184
105.314
104.899
104.485
104.071
109.456
109.042
107.799
104.485
104.899
104.9
105.728
106.728
116.255
115.255
110.284
110.698
111.698
109.627
115.841
116.841
117.841
118.841
121.569
120.569
119.569
119.154
115.841
115.426
115.012
105.071
104.657
110.456
108.799
109.213
110.87
110.456
110.042
109.627
109.213
108.799
108.385
107.971
107.556
107.142
107.556
107.971
105.899
107.314
106.314
105.9
107.142
108.142
117.669
116.669
112.113
110.627
110.213
119.255
120.255
122.983
121.983
117.669
117.255
116.841
105.657
105.243
112.284
111.87
111.456
110.213
112.699
112.284
111.87
108.971
109.385
109.799
110.213
110.627
106.899
107.314
107.728
108.556
109.556
110.556
111.556
121.083
120.083
119.083
118.083
113.113
113.527
111.213
120.669
121.669
122.669
123.669
124.669
126.397
125.397
124.397
123.397
119.498
119.083
118.669
106.243
105.828
105.414
113.284
111.213
111.627
114.941
114.527
114.113
113.699
111.627
112.042
108.314
109.142
108.728
111.971
112.971
113.971
124.498
123.498
122.498
121.498
114.527
114.941
112.213
125.083
126.083
127.083
128.083
129.083
130.083
131.083
132.083
133.083
132.811
131.811
130.811
129.811
128.811
127.811
126.811
120.498
106.414
114.284
112.627
115.941
113.042
109.314
109.728
110.556
110.142
114.385
115.385
116.385
117.385
118.385
119.385
120.385
121.385
122.385
123.385
124.385
125.385
124.912
115.941
116.355
113.213
112.799
112.385
121.498
107.414
107
115.698
115.284
113.627
117.355
116.941
114.042
114.456
114.87
115.284
110.728
111.556
117.355
113.385
122.912
122.498
108
116.698
114.627
119.184
118.77
118.355
116.284
116.698
111.728
112.142
113.142
113.971
112.971
112.556
118.355
118.77
119.77
114.385
124.326
123.912
109
109.414
117.698
115.627
116.042
116.456
120.598
120.184
117.698
117.284
116.87
113.556
114.556
116.385
115.385
114.385
120.184
121.184
122.184
115.385
114.971
125.326
110.414
110.828
111.243
118.698
117.456
122.012
121.598
117.87
114.971
115.971
116.971
117.971
117.799
116.799
122.598
123.598
124.598
125.598
115.971
126.74
126.326
112.243
120.113
119.698
118.456
123.012
118.87
118.456
118.385
119.385
120.385
121.385
122.385
123.385
124.213
123.213
122.213
121.213
120.213
119.213
118.213
126.012
127.012
128.012
116.971
127.74
113.243
121.113
119.456
124.426
124.012
119.456
123.799
124.799
125.799
125.627
124.627
128.426
129.426
130.426
131.426
132.426
133.426
134.426
117.971
129.569
129.154
128.74
114.243
114.657
122.113
120.456
120.87
125.426
120.456
120.042
134.841
135.841
136.841
137.841
138.841
139.841
140.841
141.841
142.841
143.841
144.841
145.841
118.971
130.569
115.657
123.113
121.87
126.426
121.042
146.255
119.971
131.569
116.657
124.113
122.87
128.255
127.841
127.426
122.042
146.669
120.971
132.569
117.657
125.113
123.87
129.255
123.042
147.083
121.971
133.569
118.657
126.113
124.87
130.255
124.042
123.627
147.497
122.971
134.569
119.657
120.071
127.113
125.87
131.255
124.627
147.912
123.971
135.983
135.569
121.071
128.113
126.87
132.255
125.627
148.326
124.971
124.556
124.142
123.728
123.314
122.899
123.314
123.728
124.142
124.556
124.971
125.385
125.799
126.213
126.627
127.042
127.456
127.87
128.284
128.698
129.113
129.527
129.941
130.355
130.77
131.184
131.598
132.012
132.426
132.841
133.255
133.669
134.083
134.497
134.912
135.326
135.74
136.154
136.569
136.983
137.397
137.811
138.225
138.64
139.054
139.468
139.882
140.882
140.711
140.297
139.882
139.468
139.054
138.64
138.225
137.811
137.397
136.983
136.569
136.154
135.74
135.326
134.912
134.497
134.083
133.669
133.255
132.841
132.426
132.012
131.598
131.184
130.77
130.355
129.941
130.355
130.77
131.184
131.598
132.012
132.426
132.841
133.255
133.669
134.083
134.497
134.912
135.326
135.74
136.154
136.569
136.983
136.983
122.071
122.485
122.9
123.314
123.728
124.142
124.556
124.971
125.385
125.799
126.213
126.627
127.042
127.456
127.87
128.284
128.699
129.113
129.527
129.941
130.355
130.77
130.77
130.355
129.941
129.527
129.113
127.87
128.284
128.699
129.113
129.527
129.941
130.355
130.77
131.184
131.598
132.012
132.426
132.841
133.255
133.669
134.083
134.498
134.083
133.669
133.255
126.627
126.213
125.799
125.385
124.971
124.556
124.142
123.728
123.314
122.899
122.485
122.899
123.314
123.728
124.142
124.556
124.971
125.385
125.799
126.213
126.627
127.042
127.456
127.87
128.284
128.699
129.113
129.527
129.113
128.699
128.284
127.87
127.456
127.042
126.627
126.213
125.799
125.385
124.971
124.556
124.142
123.728
123.314
122.9
122.485
122.071
121.657
121.243
120.828
120.414
120
120
120
120.414
120.828
121.243
121.657
122.071
122.485
122.899
123.314
123.728
124.142
124.556
124.971
125.385
125.799
126.213
126.627
127.042
127.456
127.87
128.284
128.699
129.113
129.527
129.941
130.355
130.77
131.184
132.184
133.184
134.184
135.184
134.912
134.498
134.083
133.669
133.255
132.841
132.426
132.012
131.598
131.184
130.77
130.355
129.941
129.527
129.113
128.699
128.284
127.87
127.456
127.042
126.627
126.213
125.799
125.385
124.971
124.556
124.142
123.728
123.314
122.899
122.485
122.899
123.314
123.728
124.142
124.556
124.971
125.385
125.799
126.213
126.627
127.042
127.456
127.87
128.284
128.698
129.113
129.527
129.941
130.355
130.77
131.184
131.598
132.012
132.426
132.841
133.255
133.669
134.083
134.497
134.912
135.326
135.74
136.74
137.74
138.74
139.74
140.74
141.74
142.74
143.74
144.74
145.74
146.74
147.74
148.74
