6
6
6
6
6
6
6
6
6
6
6
6
6
6
6
6
6
6
6
6
6
6
6
6
6
6
6
6
6
6
6
6
6
6
6
6
6
6
6
6
6
6
6
6
6
6
6
6
6
6
6
6
6
6
6
6
6
6
6
6
6
6
6
6
6
6
6
6
6
6
6
6
6
6
6
6
6
6
6
6
6
6
6
6
6
6
6
6
6
6
6
6
6
6
6
6
6
6
6
6
6
6
6
6
6
6
6
6
6
6
6
6
6
6
6
6
6
6
6
6
6
6
6
6
6
6
6
6
6
6
6
6
6
6
6
6
6
6
6
6
6
6
6
6
6
6
6
6
6
6
6
6
6
6
6
6
6
6
6
6
6
6
6
6
6
6
6
6
6
6
6
6
6
6
6
6
6
6
6
6
6
6
6
6
6
6
6
6
6
7
7
7
7
7
7
8
8
8
8
8
8
9
9
9
9
9
9
10
10
10
10
10
10
11.4142
11
11
11
11
11
11
12.4142
12
12
12
12
12
13.4142
13
13
13
13
13
13
14.4142
14
14
14
14
14
14
14
16.8284
15.8284
15.4142
15
15
15
15.4142
15
15
17.2426
16
16
16
16.4142
16
16.4142
17.4142
18.6569
18.2426
17
17
17
17
17.4142
17.8284
19.6569
18
18
18
18
18
18.4142
18.8284
21.0711
20.6569
19
19
19
19
19
19
19
19
19
19
19
19
19
19
19
19
19
19
19
19
19
19
19
19.4142
19.8284
22.4853
22.0711
20
20
20
20
20
21.8284
20.8284
20.4142
20.8284
21.2426
23.4853
21
21
21
21
21
21
21
21
21
21
21
21
21
21
21
21
21
21
21
21
22.2426
22.2426
25.8995
24.8995
24.4853
22
22
22
22
22
22
22
22
22
22
22
22
22
22
22
23.2426
23.2426
27.3137
26.3137
23
23
23
23
23
23
23
23
23
23
23
23
23
23
23
24.6569
24.2426
24.2426
24.6569
28.7279
27.7279
24
24
24
24
24
24
24
24
24
24
24
24
24
25.6569
25.6569
31.1421
30.1421
29.1421
25
25
25
25
25
25
25
25
25
25
25
25
25
25
26.6569
26.6569
27.0711
33.5563
32.5563
31.5563
26
26
26
26
26
26
26
26
26
26
28.0711
27.6569
28.0711
36.9706
35.9706
34.9706
33.9706
27
27
27
27
27
27
27
27
27
27
27
27
27
29.0711
29.0711
29.4853
30.4853
41.3848
40.3848
39.3848
38.3848
37.3848
28
28
28
28
28
28
28
28
28
28
28
28
28
30.4853
30.0711
30.8995
46.799
45.799
44.799
43.799
42.799
41.799
29
29
29
29
29
32.8995
31.8995
31.4853
31.8995
32.3137
47.2132
30
30
30
30
30
30
30
30
30
30
30
30
33.3137
33.3137
53.6274
52.6274
51.6274
50.6274
49.6274
48.6274
47.6274
31
31
31
31
31
31
31
31
31
31
31
34.3137
34.3137
54.0416
32
32
32
32
32
32
32
32
32
32
32
35.7279
35.3137
35.3137
35.7279
54.4558
33
33
33
33
33
33
33
33
33
33
33
33
33
37.1421
36.7279
36.7279
37.1421
54.8701
34
34
34
34
34
34
34
34
34
34
34
34
39.5564
38.5564
38.1421
38.1421
38.5564
39.5564
55.2843
35
35
35
35
35
35
35
35
35
35
35
35
35
35
35
39.9706
39.9706
40.9706
55.6985
36
36
36
36
36
36
36
36
36
36
36
36.4142
41.3848
40.9706
41.3848
42.3848
56.1127
37
37
37
37
37.4142
42.799
42.3848
42.799
43.799
44.799
56.5269
38
38
38
38
38
38
38
38
38
38
38
38
38
38
38.4142
43.799
45.2132
56.9411
39
39
39
39
39
39
39
39
39
39
39
39
39
39
39.4142
47.2132
46.2132
45.2132
44.799
45.6274
46.6274
57.3554
40
40
40
40
40
40
40
40
40
40
40
40
40
40
40
40
40
40
40
40
40
40.4142
40.8284
41.8284
48.6274
47.6274
47.0416
48.0416
57.7696
41
41
41
41
41
41
41
41
41
41
41
41
41
42.2426
43.2426
50.0416
49.0416
48.4559
49.4559
58.1838
42
42
42
42
43.6569
53.4559
52.4559
51.4559
50.4559
49.8701
50.8701
51.8701
52.8701
58.598
43
43
43
43
43
43
44.6569
45.0711
54.8701
53.8701
53.2843
54.2843
55.2843
56.2843
59.0122
44
44
44
44
44
44
44
44
46.0711
46.4853
58.2843
57.2843
56.2843
55.2843
56.6985
57.6985
58.6985
59.4264
45
45
45
45
45
45
47.4853
47.8995
48.8995
60.6985
59.6985
58.6985
59.1127
60.1127
61.1127
62.1127
63.1127
64.1127
64.2549
59.8406
46
46
49.3137
50.3137
51.3137
65.1127
64.1127
63.1127
62.1127
61.1127
63.8406
62.8406
61.8406
60.8406
47
47
47
47
47
47
51.7279
65.5269
48
48
48
48
48
48
48
52.1422
53.1422
69.9411
68.9411
67.9411
66.9411
65.9411
49
49
49
49
49
49
49
49
49
53.5564
54.5564
55.5564
56.5564
57.5564
74.3554
73.3554
72.3554
71.3554
70.3554
50
50
50
50
50
50
50
50
50
50
57.9706
58.9706
59.9706
60.9706
61.9706
80.7696
79.7696
78.7696
77.7696
76.7696
75.7696
74.7696
54.7279
54.3137
53.8995
53.4853
53.0711
52.6569
52.2426
51.8284
51.4142
51
51
62.3848
63.3848
64.3848
65.3848
66.3848
67.3848
68.3848
69.3848
70.3848
71.3848
72.3848
73.3848
74.3848
75.3848
76.3848
77.3848
78.3848
79.3848
80.3848
81.1838
61.1127
60.6985
60.2843
59.8701
59.4558
59.0416
58.6274
58.2132
57.799
57.3848
56.9706
56.5563
56.1421
55.7279
52
66.2549
65.8406
65.4264
65.0122
64.598
64.1838
63.7696
63.3554
62.9411
62.5269
62.1127
53
53
53
53
53
53
53
53
53
53
53
53
53
53
53
53
53
53
66.6691
54
54
54
67.6691
55
55
55
55
55
55
55
55
55
68.6691
56
56
56
56
56
56
69.6691
57
57
57
57
57
57
57
70.6691
233.61
234.61
235.61
236.61
237.61
238.61
239.61
240.154
239.154
238.154
237.154
236.154
235.154
234.154
233.154
232.154
231.154
230.154
229.154
58.4142
58
58
58
58
58
58.4142
71.6691
226.196
227.196
228.196
229.196
230.196
231.196
232.196
233.196
228.74
227.74
226.74
225.74
224.74
223.74
222.74
221.74
220.74
219.74
59.4142
59
59
59.4142
59.8284
72.6691
221.782
222.782
223.782
224.782
225.782
219.326
218.326
217.326
216.326
215.326
214.326
60.4142
60
60
60.8284
61.2426
61.6569
73.6691
217.368
218.368
219.368
220.368
221.368
213.912
212.912
211.912
210.912
209.912
208.912
207.912
61.4142
61
61
62.6569
74.2549
74.6691
75.0833
75.0833
74.6691
213.953
214.953
215.953
216.953
207.498
206.498
205.498
204.498
203.498
202.498
63.8284
62.8284
62.4142
62
62
62
63.6569
64.0711
74.8407
75.2549
211.125
211.539
212.539
213.539
202.083
201.083
200.083
199.083
198.083
197.083
196.083
195.669
64.2426
63
65.0711
75.8407
210.125
194.669
65.2426
64
64
66.0711
76.8407
207.711
208.711
209.711
194.255
193.255
192.255
191.255
190.255
189.255
188.255
187.255
66.2426
65
67.0711
67.4853
77.8407
204.297
205.297
206.297
207.297
186.841
185.841
184.841
183.841
182.841
181.841
180.841
179.841
178.841
67.6569
67.2426
66
66
68.4853
78.8407
200.882
201.882
202.882
203.882
178.426
177.426
176.426
175.426
174.426
173.426
172.426
171.426
170.426
69.0711
68.6569
67
69.4853
69.8995
79.8407
198.468
199.468
200.468
170.012
169.012
168.012
167.012
166.012
165.012
164.012
70.0711
68
68
68
70.8995
80.8407
195.054
196.054
197.054
198.054
163.598
162.598
161.598
160.598
159.598
158.598
157.598
71.4853
71.0711
69
71.8995
81.8407
82.2549
190.64
191.64
192.64
193.64
194.64
157.184
156.184
155.184
154.184
153.184
152.184
73.8995
72.8995
72.4853
70
70
72.8995
73.3137
73.7279
83.2549
83.6691
188.225
189.225
190.225
151.77
150.77
149.77
148.77
147.77
146.77
145.77
75.3137
74.3137
71
74.7279
84.6691
85.0833
86.0833
87.0833
185.397
185.811
186.811
187.811
145.355
144.355
143.355
142.941
76.7279
75.7279
72
75.7279
87.4975
184.397
141.941
77.1422
73
76.7279
87.9117
180.983
181.983
182.983
183.983
141.527
140.527
139.527
138.527
137.527
78.5564
78.1422
74
74
77.7279
88.9117
174.569
175.569
176.569
177.569
178.569
179.569
180.569
137.113
136.113
135.113
134.113
133.113
81.9706
80.9706
79.9706
79.5564
75
78.7279
89.9117
168.154
169.154
170.154
171.154
172.154
173.154
174.154
132.699
131.699
130.699
129.699
128.699
83.3848
82.3848
76
79.7279
90.9117
120.74
121.74
122.74
123.74
124.74
125.74
126.74
127.74
128.74
129.74
130.74
131.74
132.74
133.74
134.74
135.74
136.74
137.74
138.74
139.74
140.74
141.74
142.74
143.74
144.74
145.74
146.74
147.74
148.74
149.74
150.74
151.74
152.74
153.74
154.74
155.74
156.74
157.74
158.74
159.74
160.74
161.74
162.74
163.74
164.74
165.74
166.74
167.74
128.284
127.284
126.284
125.284
124.284
123.284
86.799
85.799
84.799
83.799
77
77
80.7279
77
77
77
77
77
77
91.9117
93.3259
94.3259
95.3259
96.3259
97.3259
98.3259
99.3259
100.326
101.326
102.326
103.326
104.326
105.326
106.326
107.326
108.326
109.326
110.326
111.326
112.326
113.326
114.326
115.326
116.326
117.326
118.326
119.326
120.326
122.87
121.87
120.87
119.87
118.87
117.87
91.2132
90.2132
89.2132
88.2132
87.2132
78
81.7279
80.0711
79.6569
79.2426
78.8284
78.4142
78
78
78
78
78
78
78
78
78
78
78
78
78
78
78
92.9117
117.456
116.456
115.456
114.456
113.456
112.456
111.456
96.6274
95.6274
94.6274
93.6274
92.6274
91.6274
79
82.7279
83.1421
82.7279
82.3137
81.8995
81.4853
81.0711
79
79
79
79
79
111.042
110.042
109.042
108.042
107.042
106.042
105.042
104.042
103.042
102.042
101.042
100.042
99.0417
98.0417
97.0417
80
83.7279
84.1421
80
81
84.7279
86.799
86.3848
85.9706
85.5564
85.1421
81
81
81.4142
82
85.7279
88.6274
88.2132
87.799
82.4142
82.8284
83.2426
83.6569
83
83
83
86.7279
90.8701
90.4559
90.0416
89.6274
84.6569
85.0711
84
87.7279
92.6985
92.2843
91.8701
86.0711
86.4853
85
88.7279
94.9411
94.5269
94.1127
93.6985
87.4853
87.8995
88.3137
86
89.7279
96.3554
95.9411
89.3137
89.7279
87
92.1422
91.1422
90.7279
98.598
98.1838
97.7696
97.3554
90.7279
91.1421
88
92.5564
100.012
99.598
92.1421
92.5564
89
93.5564
101.012
93.5564
90
94.5564
102.426
102.012
94.5564
94.9706
95.3848
91
95.5564
104.255
103.841
103.426
96.3848
92
92
96.5564
106.083
105.669
105.255
97.3848
97.799
93
97.9706
97.5564
107.498
107.083
98.799
99.2132
94
98.9706
108.498
100.213
229.255
228.255
227.255
226.255
225.255
224.255
223.255
222.255
221.255
220.255
219.255
218.255
157.255
156.255
155.255
154.255
153.255
152.255
151.255
150.255
149.255
148.255
147.255
146.255
145.255
144.255
143.255
142.255
141.255
140.255
95
99.9706
110.326
109.912
109.498
101.213
233.669
232.669
231.669
230.669
229.669
218.669
217.669
216.669
215.669
214.669
213.669
161.669
160.669
159.669
158.669
157.669
140.669
139.669
138.669
137.669
136.669
96
100.971
111.74
111.326
102.213
102.627
103.042
234.083
214.083
162.083
137.083
97
102.385
101.971
112.74
104.042
164.61
165.61
166.61
167.61
168.61
169.61
170.61
171.61
172.61
173.61
238.498
237.498
236.498
235.498
235.083
214.498
213.498
212.498
211.498
166.498
165.498
164.498
163.498
163.083
137.498
136.498
135.498
134.498
133.498
98
103.385
114.154
113.74
105.042
137.024
138.024
139.024
140.024
141.024
142.024
143.024
144.024
145.024
146.024
147.024
148.024
149.024
150.024
151.024
152.024
153.024
154.024
155.024
156.024
157.024
158.024
159.024
160.024
161.024
162.024
163.024
164.024
165.024
174.024
175.024
176.024
177.024
178.024
179.024
180.024
181.024
182.024
239.912
238.912
211.912
210.912
209.912
208.912
167.912
166.912
133.912
132.912
131.912
99
104.385
115.983
115.569
115.154
106.042
106.456
128.439
129.439
130.439
131.439
132.439
133.439
134.439
135.439
136.439
137.439
182.439
183.439
184.439
185.439
186.439
238.439
239.439
240.326
209.326
208.326
171.326
170.326
169.326
168.326
132.326
131.326
130.326
129.326
100
105.385
116.983
107.456
125.439
125.853
126.853
127.853
128.853
186.853
187.853
188.853
189.853
236.853
237.853
238.853
208.74
207.74
206.74
172.74
171.74
129.74
128.74
101
106.385
118.397
117.983
108.456
125.196
125.61
126.024
126.439
190.267
191.267
192.267
236.267
237.267
207.154
206.154
205.154
176.154
175.154
174.154
173.154
129.154
128.154
127.154
102
107.799
107.385
119.397
109.456
125.782
126.196
192.681
193.681
194.681
235.681
236.681
205.569
204.569
177.569
176.569
127.569
126.569
103
108.799
119.983
120.397
110.456
110.87
125.953
126.368
126.782
195.096
196.096
197.096
235.096
236.096
204.983
178.983
177.983
126.983
125.983
104
109.799
120.569
120.983
111.87
126.125
126.539
126.953
197.51
198.51
233.51
234.51
235.51
205.397
204.397
179.397
126.397
125.397
105
105
110.799
121.569
112.87
127.125
198.924
233.924
204.811
180.397
125.811
106
111.799
122.569
113.87
128.125
199.924
200.338
201.338
234.338
205.225
204.225
182.225
181.811
181.397
126.225
125.225
124.811
107
112.799
123.569
114.87
128.711
129.125
201.752
233.752
234.752
204.64
183.64
183.225
125.811
125.397
108
115.213
114.213
113.799
123.74
124.154
124.569
115.87
129.297
129.711
202.752
203.167
234.167
205.054
204.054
203.054
184.64
126.397
109
115.627
124.74
116.87
130.297
204.167
204.581
233.581
234.581
203.468
186.054
185.64
127.397
126.983
110
116.627
125.74
117.87
130.468
130.882
131.297
205.581
233.995
203.882
202.882
187.054
127.983
111
117.627
126.326
126.74
118.87
119.284
131.468
206.581
206.995
207.409
232.409
233.409
234.409
203.297
188.468
188.054
128.983
112
118.627
127.326
120.284
132.468
208.409
232.823
203.711
189.468
129.983
129.569
113
119.627
128.326
121.284
133.468
209.409
233.238
204.125
190.468
130.569
114
120.627
129.326
122.284
134.054
134.468
210.409
233.652
204.539
203.539
191.468
131.569
115
121.627
130.326
123.284
135.054
211.409
211.823
234.066
203.953
192.468
132.569
116
123.042
122.627
131.326
124.284
136.054
212.823
234.48
204.368
193.468
133.569
117
124.042
132.326
125.284
137.054
213.823
234.895
204.782
194.468
134.569
118
125.042
133.326
126.284
138.054
214.823
234.309
235.309
205.196
195.468
135.569
119
126.042
134.326
127.284
135.326
135.74
136.154
136.569
136.983
137.397
137.811
138.225
138.64
139.054
215.823
216.238
216.652
217.066
217.48
217.895
218.309
218.723
219.723
220.723
221.723
222.723
223.723
224.723
225.723
226.723
227.723
228.723
229.723
230.723
231.723
232.723
233.723
234.723
205.61
204.61
203.61
202.61
201.61
200.61
200.196
199.782
199.368
198.953
198.539
198.125
197.711
197.297
196.882
196.468
136.569
136.154
135.74
135.326
134.912
134.498
134.083
133.669
133.255
132.841
132.426
132.012
131.598
131.184
130.77
130.355
129.941
129.527
129.113
128.699
128.284
127.87
127.456
127.042
126.627
126.213
125.799
125.385
124.971
124.556
124.142
123.728
123.314
122.9
122.485
122.071
121.657
121.243
120.828
120.414
120
120
120
120
120
120
120
120
120
120
120
120
120
120
120
120
120
120
120
120
120
120
127.042
126.627
126.213
125.799
125.385
124.971
124.556
124.142
123.728
124.142
124.556
124.971
125.385
125.799
126.213
126.627
127.042
127.456
127.87
128.284
128.699
129.113
129.527
129.941
130.355
130.77
131.184
131.598
132.012
132.426
132.841
133.255
133.669
134.083
134.498
134.912
135.326
128.284
128.699
129.113
129.527
129.941
130.355
130.77
131.184
131.598
132.012
132.426
132.841
133.255
133.669
134.083
134.498
134.912
