6
6
6
6
6
6
6
6
6
6
6
6
6
6
6
6
6
6
6
6
6
6
6
6
6
6
6
6
6
6
6
6
6
6
6
6
6
6
6
6
6
6
6
6
6
6
6
6
6
6
6
6
6
6
6
6
6
6
6
6
6
6
6
6
6
6
6
6
6
6
6
6
6
6
6
6
6
6
6
6
6
6
6
6
6
6
6
6
6
6
6
6
6
6
6
6
6
6
6
6
6
6
6
6
6
6
6
6
6
6
6
6
6
6
6
6
6
6
6
6
6
6
6
6
6
6
6
6
6
6
6
6
6
6
6
6
6
6
6
6
6
6
6
6
6
6
6
6
6
6
6
6
6
6
6
6
6
6
6
6
6
6
6
6
6
6
6
6
6
6
6
6
6
6
6
6
6
6
6
6
6
6
6
6
6
6
6
6
6
6
6
6
6
6
6
6
6
6
6
6
6
6
6
6
6
6
6
6
6
6
6
6
6
6
6
6
6
6
6
6
6
6
6
6
6
6
6
6
6
6
6
6
6
6
6
6
6
6
6
6
6
6
6
6
6
6
6
6
6
6
6
6
6
6
6
6
6
6
6
6
6
6
6
6
6
6
6
6
6
6
6
6
6
6
6
7
7
7
7
7
7
7
7
7
7
8
8
8
8
8
8
8
8
8
8
9
9
9
9
9
9
9
9
9
9
9
9.41421
10
10
10
10
10
10
10
10
10
10
10.4142
11
11
11
11
11
11
11
11
11
11.4142
12
12
12
12
12
12
12
12
12
12.4142
12.8284
13.8284
13
13
13
13
13
13
13
13
13
13
14.2426
14
14
14
14
14
14.4142
14
14
14
14
14
15.2426
15
15
15
15
15
15.4142
15
15
15
15
16.2426
16.6569
16
16
16.4142
16
16
16
16
16.8284
16.4142
16
16
16
16
16
16
16
17.6569
18.0711
17
17
17.4142
17
17
17
17
19.2426
18.2426
17.8284
17
17
17
17
19.0711
19.4853
20.4853
21.4853
18
18
18
18.4142
18
18
20.6569
19.6569
18
18
18
18
21.8995
22.8995
23.8995
24.8995
19
19.4142
19
19
19
19
21.0711
19
19
19
19
25.3137
26.3137
27.3137
28.3137
20
20.4142
20
20
23.4853
22.4853
22.0711
20
20
20
20
28.7279
21
21
21.4142
21
21
21
23.8995
21
21
21
21
21
29.1421
22
22
22.4142
22
22
22
26.3137
25.3137
24.8995
22
22
22
22
29.5563
23
23
23
23.4142
23
23
23
23
23
27.7279
26.7279
23
23
23
23
29.9706
24
24
24.4142
24.8284
25.8284
24
24
24
24
24
30.1421
29.1421
28.1421
24
24
24
24
24
30.3848
25
25
26.2426
25
25
25
25
34.5563
33.5563
32.5563
31.5563
30.5563
25
25
25
25
25
30.799
26
26
27.2426
26
26
26
26
37.9706
36.9706
35.9706
34.9706
26
26
26
26
26
26
31.799
27
27
27
28.2426
27
27
27
27
27
27
42.3848
41.3848
40.3848
39.3848
38.3848
27
27
27
27
32.799
28
28
29.2426
28
28
28
28
47.799
46.799
45.799
44.799
43.799
42.799
28
28
28
28
28
33.799
29
30.2426
30.6569
29
29
52.2132
51.2132
50.2132
49.2132
48.2132
29
29
29
29
34.799
30
30
30
30
31.6569
30
30
30
30
30
30
52.6274
30
30
30
30
35.799
31
31
32.6569
31
31
31
31
31
31
31
31
55.0416
54.0416
53.0416
31
31
31
31
31
31
31
36.799
32
32
33.6569
32
32
32
32
32
32
32
32
32
32
59.4558
58.4558
57.4558
56.4558
55.4558
32
32
32
32
32
37.799
33
33
34.6569
33
33
33
33
33
33
33
33
33
33
33
33
33
33
33
62.8701
61.8701
60.8701
59.8701
33
33
33
33
33
38.799
34
34
34
35.6569
36.0711
65.2843
64.2843
63.2843
34
34
34
34
34
34
39.799
35
35
37.0711
68.6985
67.6985
66.6985
65.6985
35
36.4142
35.4142
35
35
35
35
35
40.799
36
36
38.0711
70.1127
69.1127
36
36.8284
36
36
41.799
37
39.0711
39.4853
40.4853
72.5269
71.5269
70.5269
37
37.8284
37
37
42.799
38
38
40.8995
72.9411
38
38.8284
38
38
38
43.799
39
39
39
41.8995
75.3554
74.3554
73.3554
39
39.8284
39
39
39
44.799
40
40
42.8995
76.7696
75.7696
40
40.8284
40
40
40
40
40
45.799
41
43.8995
44.3137
78.1838
77.1838
41
41.8284
41
41
41
46.799
42
42
45.3137
81.598
80.598
79.598
78.598
42
42
42.8284
42
42
42
47.799
43
43
43
46.3137
83.0122
82.0122
43
43.8284
43
43
43
43
48.799
44
47.3137
47.7279
84.4264
83.4264
44
44.8284
44
44
44
44
44
49.799
51.2132
52.2132
53.2132
54.2132
45
45
48.7279
86.8406
85.8406
84.8406
45
45.8284
45
45
45
50.799
54.6274
55.6274
56.6274
57.6274
58.6274
59.6274
60.6274
61.6274
46
49.7279
88.2549
87.2549
46
46.8284
46
46
62.0416
47
50.7279
88.6691
47
47.8284
47
47
47
47
47
62.4558
63.4558
64.4558
65.4558
66.4558
67.4558
68.4558
48
51.7279
90.0833
89.0833
48
48.8284
48
48
48
48
48
68.8701
69.8701
70.8701
49
52.7279
53.1421
92.4975
91.4975
90.4975
49
49.8284
49
49
49
49
49
71.2843
72.2843
73.2843
74.2843
50
50
54.1421
93.9117
92.9117
50
50.8284
50
50
50
50
74.6985
75.6985
76.6985
51
55.1421
95.3259
94.3259
51
51
51
51.8284
51
51
51
51
51
77.1127
78.1127
79.1127
80.1127
52
56.1421
56.5564
57.5564
96.7402
95.7402
52
53.2426
52.8284
52
52
52
52
52
52
52
80.5269
81.5269
82.5269
53
57.9706
99.1544
98.1544
97.1544
53
54.2426
53
53
53
53
53
53
82.9411
83.9411
84.9411
54
58.9706
100.569
99.5686
54
55.2426
54
54
85.3553
55
59.9706
100.983
55
56.2426
55
55
55
55
55
55
55
85.7696
86.7696
87.7696
56.4142
56
60.9706
61.3848
102.397
101.397
56
57.2426
56
56
56
56.4142
56.8284
57.2426
57.6569
58.0711
58.4853
58.8995
59.3137
59.7279
63.2132
88.1838
89.1838
57.4142
62.3848
103.811
102.811
57
58.2426
57
60.7279
61.1421
61.5563
61.9706
62.3848
62.799
64.2132
89.598
90.598
91.598
92.598
58.4142
63.3848
106.225
105.225
104.225
58
59.2426
58
65.2132
93.0122
94.0122
59.4142
64.3848
107.64
106.64
59
59
60.2426
59
66.2132
94.4264
95.4264
96.4264
97.4264
60.8284
60.4142
65.3848
65.799
111.054
110.054
109.054
108.054
60
61.2426
60
60
67.2132
97.8406
98.8406
61.8284
66.799
112.468
111.468
61
62.2426
61
68.2132
99.2549
100.255
101.255
102.255
64.2426
63.2426
62.8284
67.799
113.882
112.882
62
63.2426
62
69.2132
102.669
103.669
65.6569
64.6569
68.799
115.297
114.297
63
64.6569
64.2426
63
70.2132
104.083
66.0711
69.799
115.711
64
65.6569
64
64
64
71.2132
104.497
105.497
106.497
105.627
67.4853
67.0711
70.799
71.2132
118.125
117.125
116.125
65
66.6569
65
72.2132
105.213
104.213
103.213
69.8995
68.8995
68.4853
72.2132
120.539
119.539
118.539
66
67.6569
66
73.2132
102.799
101.799
100.799
99.799
71.3137
70.3137
73.2132
121.953
120.953
67
67
68.6569
67
67
74.2132
99.3848
98.3848
97.3848
73.7279
72.7279
71.7279
74.2132
124.368
123.368
122.368
68
69.6569
68
75.2132
96.9706
95.9706
94.9706
93.9706
92.9706
77.1422
76.1422
75.1422
74.1422
75.2132
125.782
124.782
69
70.6569
69
76.2132
92.5564
91.5564
90.5564
89.5564
88.5564
87.5564
86.5564
85.5564
84.5564
83.5564
82.5564
81.5564
80.5564
79.5564
78.5564
77.5564
76.2132
129.196
128.196
127.196
126.196
70
71.6569
70
77.2132
77.2132
77.6274
78.6274
130.61
129.61
71
72.6569
71
71
78.2132
79.0416
132.024
131.024
72
73.6569
72
79.2132
80.0416
132.439
73
74.6569
73
80.2132
81.0416
133.853
132.853
74
75.6569
74
81.2132
82.0416
136.267
135.267
134.267
75
77.0711
76.6569
75
82.2132
83.0416
137.681
136.681
76
78.0711
76
76
76
83.2132
84.0416
139.096
138.096
77
77
79.0711
77
84.2132
85.0416
141.51
140.51
139.51
78
80.0711
78
85.2132
86.0416
142.924
141.924
79
81.0711
79
86.2132
87.0416
87.4559
144.338
143.338
80
82.0711
80
87.2132
88.4559
144.752
81
83.0711
81
81
88.2132
89.4559
146.167
145.167
82
84.0711
82
89.2132
90.4559
148.581
147.581
146.581
83
85.0711
83
90.2132
91.4559
149.995
148.995
84
86.0711
84
91.2132
95.7696
95.3554
94.9412
94.5269
94.1127
93.6985
93.2843
92.8701
92.4559
151.409
150.409
85
87.0711
85
85
92.2132
104.184
103.184
102.184
101.184
100.184
99.1838
98.1838
97.1838
96.7696
93.8701
93.4559
93.0417
92.6274
92.2132
91.799
91.3848
90.9706
90.5564
93.4559
151.823
86
88.0711
86
93.2132
109.598
108.598
107.598
106.598
105.598
104.598
91.5564
91.1422
90.7279
90.3137
94.4559
153.238
152.238
87
90.4853
89.4853
89.0711
87
94.2132
113.012
112.012
111.012
110.012
91.3137
90.8995
90.4853
90.0711
95.4559
155.652
154.652
153.652
108.297
107.882
107.468
107.054
106.64
106.225
105.811
105.397
104.983
104.569
104.154
103.74
103.326
102.912
102.498
102.083
101.669
88
90.8995
88
95.2132
113.426
91.0711
96.4559
156.066
109.297
102.669
89
91.8995
89
96.2132
113.61
114.024
114.439
114.841
114.426
92.0711
91.6569
91.2426
90.8284
97.4559
156.48
111.953
111.539
111.125
110.711
110.297
103.669
103.255
102.841
102.426
102.012
101.598
90
92.8995
90
90
97.2132
113.782
114.196
114.61
91.8284
91.4142
98.4559
157.895
156.895
114.196
113.782
113.368
112.953
102.598
102.184
101.77
101.355
91
93.8995
91
98.2132
114.368
114.782
92.4142
92
92
99.4559
158.309
116.024
115.61
115.196
102.355
101.941
101.527
92
92
92
94.8995
92
99.2132
114.125
114.539
114.953
115.368
93
93
93
100.456
159.723
158.723
118.267
117.853
117.439
117.024
102.527
102.113
101.698
93
95.8995
93
100.213
113.882
114.297
114.711
115.125
94
94
101.456
160.137
119.681
119.267
102.698
102.284
94
96.8995
94
101.213
114.468
114.882
95
95
102.456
162.551
161.551
160.551
121.096
120.681
103.284
102.87
102.456
95
97.8995
95
102.213
115.054
115.468
96
96
103.456
162.966
122.924
122.51
122.096
103.456
103.042
102.627
96
98.8995
96
96
96
103.213
116.054
97
104.456
164.38
163.38
123.924
103.627
97
99.8995
97
104.213
116.64
117.054
98
98
98
105.456
164.794
125.338
124.924
104.627
104.213
98
100.9
98
105.213
116.811
117.225
117.64
99
99
106.456
165.208
126.752
126.338
105.213
99
101.9
99
106.213
117.397
117.811
100
107.456
166.622
165.622
128.167
127.752
106.213
105.799
100
102.9
100
107.213
117.983
118.397
101
101
108.456
167.037
129.995
129.581
129.167
106.799
106.385
105.971
101
103.9
101
108.213
118.569
118.983
102
102
102
109.456
167.451
130.995
106.971
106.556
102
105.314
104.9
102
109.213
118.74
119.154
119.569
103
110.456
167.865
132.409
131.995
107.556
103
106.314
103
110.213
119.74
104
104
111.456
169.279
168.279
133.409
108.556
108.142
104
107.314
104
104
111.213
120.326
120.74
105
112.456
169.694
134.823
134.409
109.142
105
108.314
105
112.213
121.326
106
113.456
170.108
135.823
110.142
106
109.314
106
113.213
122.326
107
107
114.456
170.522
136.823
111.142
110.728
107
110.314
107
114.213
122.912
123.326
108
115.456
170.936
138.238
137.823
111.728
108
111.314
108
115.213
123.912
109
116.456
173.35
172.35
171.35
139.238
112.728
109
112.314
109
116.213
124.083
124.497
124.912
110
110
117.456
173.765
141.066
140.652
140.238
113.728
113.314
112.899
110
113.314
110
117.213
125.083
111
118.456
174.179
142.066
113.899
111
114.314
111
118.213
126.083
112
119.456
174.593
143.066
114.899
112
115.314
112
119.213
126.669
127.083
113
120.456
175.007
144.066
115.899
113
116.314
113
120.213
127.669
114
121.456
175.421
145.066
116.899
114
117.314
114
121.213
128.669
115
122.456
175.836
146.066
117.899
115
118.314
115
122.213
129.669
116
123.456
176.25
147.48
147.066
118.899
116
119.314
116
123.213
130.669
117
117
117
124.456
176.664
148.48
119.899
119.485
117
120.314
117
124.213
131.669
118
125.456
178.078
177.078
149.48
120.485
118
121.314
118
125.213
132.669
119
126.456
178.493
150.48
121.485
119
122.314
119
126.213
126.627
127.042
127.456
127.87
128.284
128.698
129.113
129.527
129.941
130.355
130.77
131.184
131.598
132.012
132.426
132.841
133.255
133.669
120
120
120
120
120
120
120
120
120
120
120
120
120
120
120
120
120
120
120
120
120.414
120.828
121.243
121.657
122.071
122.485
122.899
123.314
123.728
124.142
124.556
124.971
125.385
125.799
126.213
126.627
127.042
127.456
178.907
177.907
176.907
175.907
174.907
173.907
172.907
171.907
170.907
169.907
168.907
167.907
166.907
165.907
164.907
163.907
163.493
163.078
162.664
162.25
161.836
161.421
161.007
160.593
160.179
159.765
159.35
158.936
158.522
158.108
157.694
157.279
156.865
156.451
156.037
155.622
155.208
154.794
154.38
153.966
153.551
153.137
152.723
152.309
151.895
151.48
122.485
122.071
121.657
121.243
120.828
120.414
120
120
120
120
120
120
120
120
120
120
120
120
120
120
123.314
122.9
122.485
122.071
121.657
121.243
120.828
120.414
120
120
120
120
120
120
120
120
120
120
120
120
120
120
120
120
120
120
120
120
