1.22139
1.21425
1.20711
1.19997
1.19282
1.23981
1.23254
1.22527
1.21801
1.21074
1.20347
1.19621
1.18894
1.18167
1.25149
1.24409
1.23669
1.2293
1.2219
1.2145
1.20711
1.19971
1.19231
1.18492
1.19231
1.25606
1.24853
1.241
1.23347
1.22593
1.2184
1.21087
1.20334
1.19581
1.18828
1.19581
1.2608
1.25313
1.24546
1.23779
1.23012
1.22245
1.21478
1.20711
1.19944
1.19177
1.19944
1.28135
1.27354
1.26572
1.25791
1.25009
1.24228
1.23446
1.22665
1.21883
1.21101
1.2032
1.19538
1.2032
1.28676
1.2788
1.27083
1.26287
1.2549
1.24694
1.23897
1.231
1.22304
1.21507
1.20711
1.19914
1.20711
1.21507
1.29239
1.28426
1.27614
1.26802
1.2599
1.25178
1.24366
1.23553
1.22741
1.21929
1.21117
1.20305
1.21117
1.21929
1.30995
1.28995
1.28167
1.27338
1.2651
1.25681
1.24853
1.24024
1.23196
1.22368
1.21539
1.20711
1.21539
1.22368
1.28741
1.27896
1.27051
1.26205
1.2536
1.24515
1.23669
1.22824
1.21979
1.21133
1.21979
1.22824
1.30561
1.28477
1.27614
1.26751
1.25888
1.25025
1.24162
1.233
1.22437
1.21574
1.22437
1.233
1.30329
1.28202
1.27321
1.26439
1.25558
1.24677
1.23795
1.22914
1.22033
1.22914
1.32262
1.30088
1.27914
1.27014
1.26114
1.25213
1.24313
1.23412
1.22512
1.23412
1.32059
1.29837
1.27614
1.26694
1.25773
1.24853
1.23932
1.23012
1.23932
1.273
1.26359
1.25418
1.24476
1.23535
1.24476
1.26972
1.26009
1.25046
1.24082
1.26628
1.25642
1.24656
1.23669
1.26267
1.25257
1.24247
1.23236
2.06495
2.03995
2.01495
1.98995
1.96495
1.93995
1.91495
1.88995
1.86495
1.83995
1.27959
1.26924
1.25888
1.24853
1.23817
1.22782
1.21746
2.13292
2.10728
2.08164
2.05599
2.03035
2.00471
1.97907
1.95343
1.92779
1.90215
1.87651
1.85087
1.82523
1.79958
1.77394
1.30178
1.27614
1.26552
1.2549
1.24428
1.23366
1.22304
1.21242
1.2018
2.17815
2.15183
2.12551
2.0992
2.07288
2.04657
2.02025
1.99394
1.96762
1.9413
1.91499
1.88867
1.86236
1.83604
1.80973
1.78341
1.75709
1.73078
1.71988
1.32514
1.29883
1.27251
1.26161
1.25071
1.23981
1.22891
1.21801
1.20711
1.19621
2.22582
2.19879
2.17177
2.14474
2.11771
2.09069
2.06366
2.03663
2.0096
1.98258
1.95555
1.92852
1.9015
1.87447
1.84744
1.82041
1.79339
1.76636
1.73933
1.34976
1.32273
1.29571
1.26868
1.25748
1.24629
1.23509
1.2239
1.2127
1.20151
2.30392
2.27614
2.24836
2.22059
2.19281
2.16503
2.13725
2.10948
2.0817
2.05392
2.02614
1.99836
1.97059
1.94281
1.91503
1.88725
1.85948
1.8317
1.80392
1.77614
1.74836
1.72059
1.69281
1.37575
1.34797
1.32019
1.29241
1.26464
1.25313
1.24162
1.23012
1.21861
1.20711
1.1956
1.18409
2.35791
2.32934
2.30077
2.2722
2.24363
2.21505
2.18648
2.15791
2.12934
2.10077
2.0722
2.04363
2.01505
1.98648
1.95791
1.92934
1.90077
1.8722
1.84363
1.81505
1.78648
1.75791
1.72934
1.70077
1.6722
1.43179
1.40322
1.37465
1.34608
1.31751
1.28893
1.26036
1.24853
1.23669
1.22486
1.21302
1.20119
1.18935
1.17752
2.38567
2.35626
2.32684
2.29743
2.26802
2.23861
2.2092
2.17979
2.15037
2.12096
2.09155
2.06214
2.03273
2.00331
1.9739
1.94449
1.91508
1.88567
1.85626
1.82684
1.79743
1.76802
1.73861
1.7092
1.67979
1.46172
1.43231
1.4029
1.37349
1.34407
1.31466
1.28525
1.25584
1.24366
1.23147
1.21929
1.20711
1.19492
1.18274
1.17056
2.44541
2.41511
2.3848
2.3545
2.3242
2.29389
2.26359
2.23329
2.20298
2.17268
2.14238
2.11208
2.08177
2.05147
2.02117
1.99086
1.96056
1.93026
1.89995
1.86965
1.83935
1.80905
1.77874
1.74844
1.71814
1.68783
1.65753
1
1.01255
1.0251
1.03766
1.05021
1.06276
1.07531
1.08786
1.46316
1.43286
1.40255
1.37225
1.34195
1.31164
1.28134
1.25104
1.23849
1.22593
1.21338
1.20083
1.18828
1.17573
1.16317
2.47763
2.44638
2.41513
2.38388
2.35263
2.32138
2.29013
2.25888
2.22763
2.19638
2.16513
2.13388
2.10263
2.07138
2.04013
2.00888
1.97763
1.94638
1.91513
1.88388
1.85263
1.82138
1.79013
1.75888
1.72763
1.69638
1.66513
1
1
1
1
1
1.01294
1.02589
1.03883
1.05178
1.06472
1.07766
1.09061
1.10355
1.1165
1.12944
1.14239
1.46247
1.49372
1.52497
1.49594
1.46469
1.43344
1.40219
1.37094
1.33969
1.30844
1.27719
1.24594
1.233
1.22005
1.20711
1.19416
1.18122
1.16827
1.15533
1.14239
1.12944
2.51194
2.47968
2.44742
2.41516
2.38291
2.35065
2.31839
2.28613
2.25387
2.22161
2.18936
2.1571
2.12484
2.09258
2.06032
2.02807
1.99581
1.96355
1.93129
1.89903
1.86678
1.83452
1.80226
1.77
1.73774
1.70549
1.67323
1.64097
1.47968
1.44742
1.41516
1.38291
1.35065
1.31839
1.28613
1.25387
1.24051
1.22715
1.02672
1.01336
1
1
1
1
1
1.01336
1.02672
1.04009
1.05345
1.06681
1.08017
1.09353
1.10689
1.12026
1.13362
1.14698
1.16034
1.1737
1.20596
1.23822
1.33499
1.36725
1.39951
1.43177
1.46403
1.49628
1.52854
1.5608
1.59306
1.62532
1.65757
1.68983
1.53083
1.49858
1.46632
1.43406
1.4018
1.36954
1.33729
1.30503
1.27277
1.24051
1.22715
1.21379
1.20043
1.18706
1.1737
1.16034
1.14698
1.13362
1.12026
2.44853
2.41519
2.38186
2.34853
2.31519
2.28186
2.24853
2.21519
2.18186
2.14853
2.11519
2.08186
2.04853
2.01519
1.98186
1.94853
1.91519
1.88186
1.84853
1.81519
1.78186
1.74853
1.71519
1.68186
1.64853
1.61519
1.58186
1.54853
1.51519
1.48186
1.44853
1.41519
1.38186
1.34853
1.31519
1.28186
1.24853
1.23472
1.22091
1.20711
1.1933
1.02761
1.01381
1
1
1
1
1
1.01381
1.02761
1.04142
1.05523
1.06904
1.08284
1.09665
1.11046
1.12426
1.13807
1.15188
1.16569
1.19902
1.23235
1.26569
1.29902
1.33235
1.36569
1.39902
1.43235
1.46569
1.49902
1.53235
1.56569
1.59902
1.63235
1.66569
1.69902
1.73235
1.76569
1.53472
1.50139
1.46805
1.43472
1.40139
1.36805
1.33472
1.30139
1.26805
1.23472
1.22091
1.20711
1.1933
1.17949
1.16569
1.15188
1.13807
1.12426
1.11046
1.09665
2.51868
2.48419
2.44971
2.41523
2.38075
2.34626
2.31178
2.2773
2.24281
2.20833
2.17385
2.13937
2.10488
2.0704
2.03592
2.00144
1.96695
1.93247
1.89799
1.8635
1.82902
1.79454
1.76006
1.72557
1.69109
1.65661
1.62213
1.58764
1.55316
1.51868
1.48419
1.44971
1.41523
1.38075
1.34626
1.31178
1.2773
1.24281
1.22853
1.21425
1.19996
1.02857
1.01428
1
1
1
1
1
1.01428
1.02857
1.04285
1.05713
1.07142
1.0857
1.09998
1.11427
1.12855
1.14283
1.15712
1.1916
1.22608
1.26056
1.29505
1.32953
1.36401
1.39849
1.43298
1.46746
1.50194
1.53643
1.57091
1.60539
1.63987
1.67436
1.70884
1.74332
1.77781
1.81229
1.57336
1.53888
1.50439
1.46991
1.43543
1.40095
1.36646
1.33198
1.2975
1.26301
1.22853
1.21425
1.19996
1.18568
1.1714
1.15712
1.14283
1.12855
1.11427
1.09998
2.48669
2.45098
2.41526
2.37955
2.34384
2.30812
2.27241
2.23669
2.20098
2.16526
2.12955
2.09384
2.05812
2.02241
1.98669
1.95098
1.91526
1.87955
1.84384
1.80812
1.77241
1.73669
1.70098
1.66526
1.62955
1.59384
1.55812
1.52241
1.48669
1.45098
1.41526
1.37955
1.34384
1.30812
1.27241
1.23669
1.2219
1.20711
1.19231
1.17752
1.16273
1.02959
1.01479
1
1
1
1
1
1.01479
1.02959
1.04438
1.05917
1.07397
1.08876
1.10355
1.11835
1.13314
1.14793
1.18365
1.21936
1.25508
1.29079
1.3265
1.36222
1.39793
1.43365
1.46936
1.50508
1.54079
1.5765
1.61222
1.64793
1.68365
1.71936
1.75508
1.79079
1.8265
1.86222
1.54333
1.50761
1.4719
1.43619
1.40047
1.36476
1.32904
1.29333
1.25761
1.2219
1.20711
1.19231
1.17752
1.16273
1.14793
1.13314
1.11835
1.10355
1.08876
1.07397
2.4153
2.37827
2.34123
2.30419
2.26716
2.23012
2.19308
2.15604
2.11901
2.08197
2.04493
2.0079
1.97086
1.93382
1.89679
1.85975
1.82271
1.78567
1.74864
1.7116
1.67456
1.63753
1.60049
1.56345
1.52641
1.48938
1.45234
1.4153
1.37827
1.34123
1.30419
1.26716
1.23012
1.21478
1.19944
1.18409
1.16875
1.15341
1.03068
1.01534
1
1
1
1
1
1.01534
1.03068
1.04602
1.06136
1.07671
1.09205
1.10739
1.12273
1.13807
1.17511
1.21215
1.24918
1.28622
1.32326
1.36029
1.39733
1.43437
1.4714
1.50844
1.54548
1.58252
1.61955
1.65659
1.69363
1.73066
1.7677
1.80474
1.84177
1.87881
1.91585
1.95289
1.54811
1.51107
1.47404
1.437
1.39996
1.36293
1.32589
1.28885
1.25181
1.21478
1.19944
1.18409
1.16875
1.15341
1.13807
1.12273
1.10739
1.09205
1.07671
1.06136
2.29336
2.2549
2.21644
1.87688
1.83842
1.79996
1.7615
1.72304
1.68458
1.64611
1.60765
1.56919
1.53073
1.49227
1.45381
1.41535
1.37688
1.33842
1.29996
1.2615
1.22304
1.20711
1.19118
1.17524
1.15931
1.14338
1.03186
1.01593
1
1
1
1
1
1.01593
1.03186
1.04779
1.06373
1.07966
1.09559
1.11152
1.12745
1.16591
1.20437
1.24283
1.2813
1.31976
1.35822
1.39668
1.43514
1.4736
1.51207
1.55053
1.58899
1.62745
1.66591
1.70437
1.74283
1.7813
1.81976
1.85822
1.89668
1.93514
1.9736
2.01207
1.55326
1.5148
1.47634
1.43788
1.39941
1.36095
1.32249
1.28403
1.24557
1.20711
1.19118
1.17524
1.15931
1.14338
1.12745
1.11152
1.09559
1.07966
1.06373
1.04779
1.03186
1.01593
1.89539
1.85539
1.81539
1.77539
1.73539
1.69539
1.65539
1.61539
1.57539
1.53539
1.49539
1.45539
1.41539
1.37539
1.33539
1.29539
1.25539
1.21539
1.19882
1.18225
1.16569
1.14912
1.13255
1.11598
1.09941
1.08284
1.03314
1.01657
1
1
1
1
1
1.01657
1.03314
1.04971
1.06627
1.08284
1.09941
1.11598
1.15598
1.19598
1.23598
1.27598
1.54912
1.58912
1.62912
1.66912
1.70912
1.74912
1.78912
1.82912
1.86912
1.90912
1.94912
1.98912
2.02912
2.06912
2.10912
2.14912
1.43882
1.39882
1.35882
1.31882
1.27882
1.23882
1.19882
1.18225
1.16569
1.14912
1.13255
1.11598
1.09941
1.08284
1.06627
1.04971
1.03314
1.01657
1
1.16569
1.18225
1.16569
1.14912
1.13255
1.11598
1.09941
1.87377
1.83211
1.79044
1.74877
1.70711
1.66544
1.62377
1.58211
1.54044
1.49877
1.45711
1.41544
1.37377
1.33211
1.29044
1.24877
1.20711
1.18985
1.17259
1.15533
1.13807
1.12081
1.10355
1.08629
1.06904
1.05178
1.03452
1.01726
1
1
1
1
1.01726
1
1
1
1
1
1.01726
1.03452
1.05178
1.06904
1.08629
1.10355
1.14522
1.18689
1.67259
1.71426
1.75592
1.79759
1.83926
1.88092
1.92259
1.96426
2.00592
2.04759
2.08926
2.13092
2.17259
2.21426
2.25592
1.37377
1.33211
1.29044
1.24877
1.20711
1.18985
1.17259
1.15533
1.35651
1.31485
1.27318
1.23151
1.18985
1.17259
1.15533
1.13807
1.12081
1.10355
1.08629
1.06904
1.05178
1.03452
1.01726
1
1
1
1.13807
1.15533
1.17259
1.18985
1.17259
1.15533
1.13807
1.12081
1.10355
1.08629
1.06904
1.05178
1.89375
1.85028
1.8068
1.76332
1.71984
1.67636
1.63288
1.58941
1.54593
1.50245
1.45897
1.41549
1.37201
1.32854
1.28506
1.24158
1.1981
1.18009
1.16208
1.14407
1.12606
1.10806
1.09005
1.07204
1.05403
1.03602
1.01801
1
1
1
1
1
1
1.01801
1
1
1
1
1
1
1.01801
1.03602
1.12606
1.10806
1.09005
1.07204
1.05403
1.03602
1.01801
1
1
1.01801
1
1
1
1
1
1.01801
1.03602
1.05403
1.07204
1.09005
1.13352
1.8068
1.85028
1.89375
1.93723
1.98071
2.02419
2.06767
2.11115
2.15462
2.1981
2.24158
2.28506
2.32854
2.37202
1.50245
1.45897
1.41549
1.37201
1.32854
1.28506
1.24158
1.1981
1.18009
1.16208
1.14407
1.12606
1.10806
1.31053
1.26705
1.22357
1.18009
1.16208
1.14407
1.12606
1.10806
1.09005
1.07204
1.05403
1.03602
1.01801
1
1
1
1
1.10806
1.12606
1.14407
1.16208
1.18009
1.22357
1.18009
1.16208
1.14407
1.12606
1.10806
1.09005
1.07204
1.05403
1.03602
1.91555
1.8701
1.82464
1.77919
1.73373
1.68828
1.64282
1.59737
1.55192
1.50646
1.46101
1.41555
1.3701
1.32464
1.27919
1.23373
1.18828
1.16945
1.15062
1.1318
1.11297
1.09414
1.07531
1.05648
1.03766
1.01883
1
1
1
1
1
1
1
1.07531
1.05648
1.03766
1.01883
1
1
1
1
1
1
1.01883
1.03766
1.05648
1.07531
1.09414
1.11297
1.1318
1.15062
1.16945
1.18828
1.20711
1.22593
1.24476
1.18828
1.16945
1.15062
1.1318
1.11297
1.09414
1.07531
1.05648
1.03766
1.01883
1
1
1
1
1
1.01883
1
1
1
1
1
1.01883
1.03766
1.05648
1.07531
1.99866
2.04412
2.08957
2.13503
2.18048
2.22593
2.27139
2.31684
2.3623
2.40775
2.45321
2.49866
1.68828
1.64282
1.59737
1.55192
1.50646
1.46101
1.41555
1.3701
1.32464
1.27919
1.23373
1.18828
1.16945
1.15062
1.1318
1.11297
1.09414
1.21491
1.16945
1.15062
1.1318
1.11297
1.09414
1.07531
1.05648
1.03766
1.01883
1
1
1
1
1
1
1.07531
1.09414
1.11297
1.1318
1.15062
1.16945
1.21491
1.26036
1.21491
1.16945
1.15062
1.1318
1.11297
1.09414
1.07531
1.05648
1.03766
1.84419
1.79657
1.74895
1.70133
1.65371
1.60609
1.55847
1.51085
1.46323
1.41562
1.368
1.32038
1.27276
1.22514
1.17752
1.1578
1.13807
1.11835
1.09862
1.0789
1.05917
1.03945
1.01972
1
1
1
1
1
1
1
1.01972
1.03945
1.09862
1.0789
1.05917
1.03945
1.01972
1
1
1
1
1
1
1.01972
1.03945
1.05917
1.0789
1.09862
1.11835
1.13807
1.1578
1.17752
1.19724
1.21697
1.23669
1.25642
1.30404
1.35166
1.39927
1.19724
1.17752
1.1578
1.13807
1.11835
1.09862
1.0789
1.05917
1.03945
1.01972
1
1
1
1
1
1
1
1
1
1
1
1.01972
1.03945
1.05917
2.16118
2.2088
2.25642
2.30404
2.35166
2.39928
2.44689
2.49451
2.54213
2.58975
2.63737
1.84419
1.79657
1.74895
1.70133
1.65371
1.60609
1.55847
1.51085
1.46323
1.41562
1.368
1.32038
1.27276
1.22514
1.17752
1.1578
1.13807
1.11835
1.09862
1.1578
1.13807
1.11835
1.09862
1.0789
1.05917
1.03945
1.01972
1
1
1
1
1
1
1
1
1.01972
1.03945
1.05917
1.0789
1.09862
1.11835
1.13807
1.1578
1.20541
1.25303
1.30065
1.25303
1.20541
1.1578
1.13807
1.11835
1.09862
1.0789
1.05917
1.03945
1.01972
1.91569
1.86569
1.81569
1.76569
1.71569
1.66569
1.61569
1.56569
1.51569
1.46569
1.41569
1.36569
1.31569
1.26569
1.21569
1.16569
1.14497
1.12426
1.10355
1.08284
1.06213
1.04142
1.02071
1
1
1
1
1
1
1
1.02071
1.04142
1.10355
1.08284
1.06213
1.04142
1.02071
1
1
1
1
1
1
1.02071
1.04142
1.06213
1.08284
1.10355
1.12426
1.14497
1.16569
1.1864
1.20711
1.22782
1.24853
1.29853
1.34853
1.39853
1.44853
1.20711
1.1864
1.16569
1.14497
1.12426
1.10355
1.08284
1.06213
1.04142
1.02071
1
1
1
1
1
1
1
1
1
1
1
1.02071
1.04142
1.09142
2.31924
2.33995
2.38995
2.43995
2.48995
2.53995
2.58995
2.63995
2.68995
2.73995
2.78995
1.91569
1.86569
1.81569
1.76569
1.71569
1.66569
1.61569
1.56569
1.51569
1.46569
1.41569
1.36569
1.31569
1.26569
1.21569
1.16569
1.14497
1.12426
1.10355
1.19497
1.14497
1.12426
1.10355
1.08284
1.06213
1.04142
1.02071
1
1
1
1
1
1
1
1
1.02071
1.04142
1.06213
1.08284
1.10355
1.12426
1.14497
1.19497
1.24497
1.29497
1.34497
1.29497
1.24497
1.19497
1.14497
1.12426
1.10355
1.08284
1.06213
1.04142
1.02071
1.93305
1.88042
1.82779
1.77515
1.20524
1.1526
1.1308
1.109
1.0872
1.0654
1.0436
1.0218
1
1
1
1
1
1
1
1.0218
1.0436
1.109
1.0872
1.0654
1.0436
1.0218
1
1
1
1
1
1
1.0218
1.0436
1.0654
1.0872
1.109
1.1308
1.1526
1.17441
1.19621
1.21801
1.23981
1.29244
1.34507
1.3977
1.45033
1.50297
1.5556
1.21801
1.19621
1.17441
1.1526
1.1308
1.109
1.0872
1.0654
1.0436
1.0218
1
1
1
1
1
1
1.0218
1.0436
1
1
1
1
1
1.0218
1.07443
2.51574
2.53754
2.59017
2.6428
2.69543
2.74806
2.8007
2.85333
2.90596
2.95859
2.09997
2.04734
1.99471
1.94208
1.88945
1.83682
1.78418
1.73155
1.67892
1.62629
1.57366
1.52103
1.46839
1.41576
1.36313
1.3105
1.25787
1.20524
1.1526
1.1308
1.109
1.0872
1.1308
1.109
1.0872
1.0654
1.0436
1.0218
1
1
1
1
1
1
1
1
1.0218
1.0436
1.0654
1.0872
1.109
1.1308
1.18344
1.23607
1.2887
1.34133
1.39396
1.34133
1.2887
1.23607
1.18344
1.1308
1.109
1.0872
1.0654
1.0436
1.0218
1.19363
1.13807
1.11506
1.09205
1.06904
1.04602
1.02301
1
1
1
1
1
1
1
1.02301
1.04602
1.06904
1.11506
1.09205
1.06904
1.04602
1.02301
1
1
1
1
1
1
1.02301
1.04602
1.06904
1.09205
1.11506
1.13807
1.16108
1.18409
1.20711
1.23012
1.28567
1.34123
1.39679
1.45234
1.5079
1.56345
1.61901
1.26266
1.20711
1.18409
1.16108
1.13807
1.11506
1.09205
1.06904
1.04602
1.02301
1
1
1
1
1
1
1.02301
1.04602
1.06904
1
1
1
1
1
2.71106
2.73407
2.75708
2.81263
2.86819
2.92375
2.9793
3.03486
3.09041
2.24918
2.19363
2.13807
2.08252
2.02696
1.9714
1.91585
1.86029
1.80474
1.74918
1.69363
1.63807
1.58252
1.52696
1.4714
1.41585
1.36029
1.30474
1.24918
1.19363
1.13807
1.11506
1.09205
1.11506
1.09205
1.06904
1.04602
1.02301
1
1
1
1
1
1
1
1
1.02301
1.04602
1.06904
1.09205
1.11506
1.17061
1.22617
1.28173
1.33728
1.39284
1.44839
1.39284
1.33728
1.28173
1.22617
1.17061
1.11506
1.09205
1.06904
1.04602
1.02301
1.12183
1.09746
1.0731
1.04873
1.02437
1
1
1
1
1
1
1
1.02437
1.04873
1.0731
1.12183
1.09746
1.0731
1.04873
1.02437
1
1
1
1
1
1
1.02437
1.04873
1.0731
1.09746
1.12183
1.14619
1.17056
1.19492
1.21929
1.27811
1.33694
1.39576
1.45458
1.51341
1.57223
1.63105
1.68988
1.31257
1.25375
1.19492
1.17056
1.14619
1.12183
1.09746
1.0731
1.04873
1.02437
1
1
1
1
1
1
1.02437
1.04873
1.0731
1
1
1
1
1
1
2.95372
2.97808
3.00245
3.06127
3.1201
3.17892
3.23774
2.41595
2.35712
2.2983
2.23947
2.18065
2.12183
2.063
2.00418
1.94536
1.88653
1.82771
1.76889
1.71006
1.65124
1.59242
1.53359
1.47477
1.41595
1.35712
1.2983
1.23947
1.18065
1.12183
1.09746
1.09746
1.0731
1.04873
1.02437
1
1
1
1
1
1
1
1
1.02437
1.04873
1.0731
1.09746
1.15629
1.21511
1.27393
1.33276
1.39158
1.4504
1.50923
1.4504
1.39158
1.33276
1.27393
1.21511
1.15629
1.09746
1.0731
1.04873
1.02437
1.10355
1.07766
1.05178
1.02589
1
1
1
1
1
1
1
1.02589
1.05178
1.07766
1.12944
1.10355
1.07766
1.05178
1.02589
1
1
1
1
1
1
1.02589
1.05178
1.07766
1.10355
1.12944
1.15533
1.18122
1.20711
1.26961
1.33211
1.39461
1.45711
1.51961
1.58211
1.64461
1.70711
1.30622
1.24372
1.18122
1.15533
1.12944
1.10355
1.07766
1.05178
1.02589
1
1
1
1
1
1
1.02589
1.05178
1.07766
1
1
1
1
1
1
3.2526
3.27849
3.34099
3.40349
2.54105
2.47855
2.41605
2.35355
2.29105
2.22855
2.16605
2.10355
2.04105
1.97855
1.91605
1.85355
1.79105
1.72855
1.66605
1.60355
1.54105
1.47855
1.41605
1.35355
1.29105
1.22855
1.16605
1.10355
1.07766
1.07766
1.05178
1.02589
1
1
1
1
1
1
1
1
1.02589
1.05178
1.07766
1.14016
1.20266
1.37944
1.44194
1.50444
1.56694
1.57766
1.51516
1.45266
1.39016
1.32766
1.26516
1.20266
1.14016
1.07766
1.05178
1.02589
1
1
1.11046
1.08284
1.05523
1.02761
1
1
1
1
1
1
1
1.02761
1.05523
1.08284
1
1
1
1
1
1.13807
1.11046
1.08284
1.05523
1.02761
1
1
1
1
1
1
1.02761
1.05523
1.08284
1.11046
1.13807
1.16569
1.1933
1.25997
1.32663
1.3933
1.45997
1.52663
1.5933
1.65997
1.29902
1.23235
1.16569
1.13807
1.11046
1.08284
1.05523
1.02761
1
1
1
1
1
1
1.02761
1.05523
1.08284
1
1
1
1
1
1
1
1
1
2.68284
2.61618
2.54951
2.48284
2.41618
2.34951
2.28284
2.21618
2.14951
2.08284
2.01618
1.94951
1.88284
1.81618
1.74951
1.68284
1.61618
1.54951
1.48284
1.41618
1.34951
1.28284
1.21618
1.14951
1.08284
1.1219
1.05523
1.02761
1
1
1
1
1
1
1
1
1.02761
1.05523
1.58856
1.5219
1.45523
1.38856
1.3219
1.25523
1.18856
1.1219
1.05523
1.02761
1
1
1.08876
1.05917
1.02959
1
1
1
1
1
1
1
1.02959
1.05917
1.08876
1
1
1
1
1
1
1
1
1
1
1
1
1
1
1.11835
1.08876
1.05917
1.02959
1
1
1
1
1
1
1.02959
1.05917
1.08876
1.11835
1.14793
1.17752
1.24895
1.32038
1.39181
1.46323
1.53466
1.60609
1
1
1
1
1.29079
1.21936
1.14793
1.11835
1.08876
1.05917
1.02959
1
1
1
1
1
1
1.02959
1.05917
1.08876
1
1
1
1
1
1
1
1
1
1
2.90406
2.83263
2.7612
2.68978
2.61835
2.54692
2.47549
2.40406
2.33263
2.2612
2.18978
2.11835
2.04692
1.97549
1.90406
1.83263
1.7612
1.68978
1.61835
1.05917
1.02959
1
1
1
1
1
1
1
1
1
1
1.02959
1
1
1
1
1
1
1
1
1.02959
1.10102
1.02959
1
1
1
1
1
1
1
1
1
1
1
1
1
1
1
1
1
1
1
1
1
1
1
1
1
1
1.09559
1.06373
1.03186
1
1
1
1
1
1
1
1.03186
1.06373
1
1
1
1
1
1
1
1
1
1
1
1
1
1
1
1
1
1
1
1.12745
1.09559
1.06373
1.03186
1
1
1
1
1
1
1.03186
1.06373
1.09559
1.12745
1.15931
1.23624
1.31316
1.39008
1
1
1
1
1
1
1
1
1
1
1
1
1
1.20437
1.12745
1.09559
1.06373
1.03186
1
1
1
1
1
1
1.03186
1.06373
1.09559
1
1
1
1
1
1
1
1
1
1
1
1
1
1
1
1
3.08239
3.00547
2.92854
2.85162
2.7747
2.69777
2.62085
2.54393
2.46701
2.39008
2.31316
2.23624
2.15931
1.06373
1.03186
1
1
1
1
1
1
1
1
1
1
1
1.03186
1
1
1
1
1
1
1
1
1.03186
1
1
1
1
1
1
1
1
1
1
1
1
1
1
1
1
1
1
1
1
1
1
1
1
1
1
1
1
1
1
1
1
1
1
1
1
1
1
1
1
1
1.15237
1.06904
1.03452
1
1
1
1
1
1
1
1.03452
1.06904
1
1
1
1
1
1
1
1
1
1
1
1
1
1
1
1
1
1
1
1.18689
1.10355
1.06904
1.03452
1
1
1
1
1
1
1.03452
1.06904
1.10355
1.13807
1.2214
1.30474
1.38807
1.4714
1
1
1
1
1
1
1
1
1
1
1
1
1
1.27022
1.18689
1.10355
1.06904
1.03452
1
1
1
1
1
1
1.03452
1.06904
1.10355
1
1
1
1
1
1
1
1
1
1
1
1
1
1
1
1
3.37377
3.29044
3.20711
3.12377
3.04044
2.95711
2.87377
2.79044
2.70711
2.62377
2.54044
2.45711
2.42259
1.06904
1.03452
1
1
1
1
1
1
1
1
1
1
1
1.03452
1
1
1
1
1
1
1
1
1.03452
1
1
1
1
1
1
1
1
1
1
1
1
1
1
1
1
1
1
1
1
1
1
1
1
1
1
1
1
1
1
1
1
1
1
1
1
1
1
1
1
1
1
1
1
1
1
1
1
1
1
1
1
1
1
1
1
1
1
1
1
1
1
1
1.03766
1
1
1
1
1
1
1
1.03766
1.07531
1
1
1
1
1
1
1
1
1
1
1
1
1
1
1
1
1
1
1
1
1
1
1
1.16622
1.07531
1.03766
1
1
1
1
1
1
1.03766
1.07531
1.11297
1.20388
1
1
1
1
1
1
1
1
1
1
1
1
1
1
1
1
1
1
1
1
1
1
1
1.25713
1.16622
1.07531
1.03766
1
1
1
1
1
1
1.03766
1.07531
1
1
1
1
1
1
1
1
1
1
1
1
1
1
1
1
1
1
1
1
1
3.62723
3.53632
3.44541
3.3545
3.26359
3.17268
3.08177
2.99086
1.07531
1.03766
1
1
1
1
1
1
1
1
1
1
1
1
1.03766
1
1
1
1
1
1
1
1
1
1
1
1
1
1
1
1
1
1
1
1
1
1
1
1
1
1
1
1
1
1
1
1
1
1
1
1
1
1
1
1
1
1
1
1
1
1
1
1
1
1
1
1
1
1
1
1
1
1
1
1
1
1
1
1
1
1
1
1
1
1
1
1
1
1
1
1
1
1
1
1
1
1
1
1
1
1
1
1
1
1.04142
1
1
1
1
1
1
1
1.04142
1.14142
1
1
1
1
1
1
1
1
1
1
1
1
1
1
1
1
1
1
1
1
1
1
1
1
1
1.04142
1
1
1
1
1
1
1.04142
1.08284
1.18284
1
1
1
1
1
1
1
1
1
1
1
1
1
1
1
1
1
1
1
1
1
1
1
1
1
1
1
1
1.04142
1
1
1
1
1
1
1.04142
1.14142
1
1
1
1
1
1
1
1
1
1
1
1
1
1
1
1
1
1
1
1
1
1
1
1
1
1.14142
1.04142
1
1
1
1
1
1
1
1
1
1
1
1
1
1
1
1
1
1
1
1
1
1
1
1
1
1
1
1
1
1
1
1
1
1
1
1
1
1
1
1
1
1
1
1
1
1
1
1
1
1
1
1
1
1
1
1
1
1
1
1
1
1
1
1
1
1
1
1
1
1
1
1
1
1
1
1
1
1
1
1
1
1
1
1
1
1
1
1
1
1
1
1
1
1
1
1
1
1
1
1
1
1
1
1
1
1
1
1
1
1
1
1
1
1
1
1
1
1
1
1
1
1
1
1
1
1
1
1
1
1
1
1
1
1
1
1
1
1
1
1
1
1
1
1
1
1
1
1
1
1
1
1
1
1
1
1
1
1
1
1
1
1
1.04602
1
1
1
1
1
1
1.04602
1.15713
1
1
1
1
1
1
1
1
1
1
1
1
1
1
1
1
1
1
1
1
1
1
1
1
1
1
1
1
1
1
1
1
1
1
1
1
1
1
1
1
1
1
1
1
1
1
1
1
1
1
1
1
1
1
1
1
1
1
1
1
1
1
1
1
1
1
1
1
1
1
1
1
1
1
1
1
1
1
1
1
1
1
1
1
1
1
1
1
1
1
1
1
1
1
1
1
1
1
1
1
1
1
1
1
1
1
1
1
1
1
1
1
1
1
1
1
1
1
1
1
1
1
1
1
1
1
1
1
1
1
1
1
1
1
1
1
1
1
1
1
1
1
1
1
1
1
1
1
1
1
1
1
1
1
1
1
1
1
1
1
1
1
1
1
1
1
1
1
1
1
1
1
1
1
1
1
1
1
1
1
1
1
1
1
1
1
1
1
1
1
1
1
1
1
1
1
1
1
1
1
1
1
1
1
1
1
1
1
1
1
1
1
1
1
1
1
1
1
1
1
1
1
1
1
1
1
1
1
1
1
1
1
1
1
1
1
1
1
1
1
1
1
1
1
1
1
1
1
1
1
1
1
1
1
1
1
1
1
1
1
1
1
1
1
1
1
1
1
1
1
1
1
1
1
1
1
1
1
1
1
1
1
1
1
1
1
1
1
1
1
1
1
1
1
1
1
1
1
1
1
1
1
1
1
1
1
1
1
1
1
1
1
1
1
1
1
1
1
1
1
1
1
1
1
1
1
1
1
1
1
1
1
1
1
1
1
1
1
1
1
1
1
1
1
1
1
1
1
1
1
1
1
1
1
1
1
1
1
1
1
1
1
1
1
1
1
1
1
1
1
1
1
1
1
1
1
1
1
1
1
1
1
1
1
1
1
1
1
1
1
1
1
1
1
1
1
1
1
1
1
1
1
1
1
1
1
1
1
1
1
1
1
1
1
1
1
1
1
1
1
1
1
1
1
1
1
1
1
1
1
1
1
1
1
1
1
1
1
1
1
1
1
1
1
1
1
1
1
1
1
1
1
1
1
1
1
1
1
1
1
1
1
1
1
1
1
1
1
1
1
1
1
1
1
1
1
1
1
1
1
1
1
1
1
1
1
1
1
1
1
1
1
1
1
1
1
1
1
1
1
1
1
1
1
1
1
1
1
1
1
1
1
1
1
1
1
1
1
1
1
1
1
1
1
1
1
1
1
1
1
1
1
1
1
1
1
1
1
1
1
1
1
1
1
1
1
1
1
1
1
1
1
1
1
1
1
1
1
1
1
1
1
1
1
1
1
1
1
1
1
1
1
1
1
1
1
1
1
1
1
1
1
1
1
1
1
1
1
1
1
1
1
1
1
1
1
1
1
1
1
1
1
1
1
1
1
1
1
1
1
1
1
1
1
1
1
1
1
1
1
1
1
1
1
1
1
1
1
1
1
1
1
1
1
1
1
1
1
1
1
1
1
1
1
1
1
1
1
1
1
1
1
1
1
1
1
1
1
1
1
1
1
1
1
1
1
1
1
1
1
1
1
1
1
1
1
1
1
1
1
1
1
1
1
1
1
1
1
1
1
1
1
1
1
1
1
1
1
1
1
1
1
1
1
1
1
1
1
1
1
1
1
1
1
1
1
1
1
1
1
1
1
1
1
1
1
1
1
1
1
1
1
1
1
1
1
1
1
1
1
1
1
1
1
1
1
1
1
1
1
1
1
1
1
1
1
1
1
1
1
1
1
1
1
1
1
1
1
1
1
1
1
1
1
1
1
1
1
1
1
1
1
1
1
1
1
1
1
1
1
1
1
1
1
1
1
1
1
1
1
1
1
1
1
1
1
1
1
1
1
1
1
1
1
1
1
1
1
1
1
1
1
1
1
1
1
1
1
1
1
1
1
1
1
1
1
1
1
1
1
1
1
1
1
1
1
1
1
1
1
1
1
1
1
1
1
1
1
1
1
1
1
1
1
1
1
1
1
1
1
1
1
1
1
1
1
1
1
1
1
1
1
1
1
1
1
1
1
1
1
1
1
1
1
1
1
1
1
1
1
1
1
1
1
1
1
1
1
1
1
1
1
1
1
1
1
1
1
1
1
1
1
1
1
1
1
1
1
1
1
1
1
1
1
1
1
1
1
1
1
1
1
1
1
1
1
1
1
1
1
1
1
1
1
1
1
1
1
1
1
1
1
1
1
1
1
1
1
1
1
1
1
1
1
1
1
1
1
1
1
1
1
1
1
1
1
1
1
1
1
1
1
1
1
1
1
1
1
1
1
1
1
1
1
1
1
1
1
1
1
1
1
1
1
1
1
1
1
1
1
1
1
1
1
1
1
1
1
1
1
1
1
1
1
1
1
1
1
1
1
1
1
1
1
1
1
1
1
1
1
1
1
1
1
1
1
1
1
1
1
1
1
1
1
1
1
1
1
1
1
1
1
1
1
1
1
1
1
1
1
1
1
1
1
1
1
1
1
1
1
1
1
1
1
1
1
1
1
1
1
1
1
1
1
1
1
1
1
1
1
1
1
1
1
1
1
1
1
1
1
1
1
1
1
1
1
1
1
1
1
1
1
1
1
1
1
1
1
1
1
1
1
1
1
1
1
1
1
1
1
1
1
1
1
1
1
1
1
1
1
1
1
1
1
1
1
1
1
1
1
1
1
1
1
1
1
1
1
1
1
1
1
1
1
1
1
1
1
1
1
1
1
1
1
1
1
1
1
1
1
1
1
1
1
1
1
1
1
1
1
1
1
1
1
1
1
1
1
1
1
1
1
1
1
1
1
1
1
1
1
1
1
1
1
1
1
1
1
1
1
1
1
1
1
1
1
1
1
1
1
1
1
1
1
1
1
1
1
1
1
1
1
1
1
1
1
1
1
1
1
1
1
1
1
1
1
1
1
1
1
1
1
1
1
1
1
1
1
1
1
1
1
1
1
1
1
1
1
1
1
1
1
1
1
1
1
1
1
1
1
1
1
1
1
1
1
1
1
1
1
1
1
1
1
1
1
1
1
1
1
1
1
1
1
1
1
1
1
1
1
1
1
1
1
1
1
1
1
1
1
1
1
1
1
1
1
1
1
1
1
1
1
1
1
1
1
1
1
1
1
1
1
1
1
1
1
1
1
1
1
1
1
1
1
1
1
1
1
1
1
1
1
1
1
1
1
1
1
1
1
1
1
1
1
1
1
1
1
1
1
1
1
1
1
1
1
1
1
1
1
1
1
1
1
1
1
1
1
1
1
1
1
1
1
1
1
1
1
1
1
1
1
1
1
1
1
1
1
1
1
1
1
1
1
1
1
1
1
1
1
1
1
1
1
1
1
1
1
1
1
1
1
1
1
1
1
1
1
1
1
1
1
1
1
1
1
1
1
1
1
1
1
1
1
1
1
1
1
1
1
1
1
1
1
1
1
1
1
1
1
1
1
1
1
1
1
1
1
1
1
1
1
1
1
1
1
1
1
1
1
1
1
1
1
1
1
1
1
1
1
1
1
1
1
1
1
1
1
1
1
1
1
1
1
1
1
1
1
1
1
1
1
1
1
1
1
1
1
1
1
1
1
1
1
1
1
1
1
1
1
1
1
1
1
1
1
1
1
1
1
1
1
1
1
1
1
1
1
1
1
1
1
1
1
1
1
1
1
1
1
1
1
1
1
1
1
1
1
1
1
1
1
1
1
1
1
1
1
1
1
1
1
1
1
1
1
1
1
1
1
1
1
1
1
1
1
1
1
1
1
1
1
1
1
1
1
1
1
1
1
1
1
1
1
1
1
1
1
1
1
1
1
1
1
1
1
1
1
1
1
1
1
1
1
1
1
1
1
1
1
1
1
1
1
1
1
1
1
1
1
1
1
1
1
1
1
1
1
1
1
1
1
1
1
1
1
1
1
1
1
1
1
1
1
1
1
1
1
1
1
1
1
1
1
1
1
1
1
1
1
1
1
1
1
1
1
1
1
1
1
1
1
1
1
1
1
1
1
1
1
1
1
1
1
1
1
1
1
1
1
1
1
1
1
1
1
1
1
1
1
1
1
1
1
1
1
1
1
1
1
1
1
1
1
1
1
1
1
1
1
1
1
1
1
1
1
1
1
1
1
1
1
1
1
1
1
1
1
1
1
1
1
1
1
1
1
1
1
1
1
1
1
1
1
1
1
1
1
1
1
1
1
1
1
1
1
1
1
1
1
1
1
1
1
1
1
1
1
1
1
1
1
1
1
1
1
1
1
1
1
1
1
1
1
1
1
1
1
1
1
1
1
1
1
1
1
1
1
1
1
1
1
1
1
1
1
1
1
1
1
1
1
1
1
1
1
1
1
1
1
1
1
1
1
1
1
1
1
1
1
1
1
1
1
1
1
1
1
1
1
1
1
1
1
1
1
1
1
1
1
1
1
1
1
1
1
1
1
1
1
1
1
1
1
1
1
1
1
1
1
1
1
1
1
1
1
1
1
1
1
1
1
1
1
1
1
1
1
1
1
1
1
1
1
1
1
1
1
1
1
1
1
1
1
1
1
1
1
1
1
1
1
1
1
1
1
1
1
1
1
1
1
1
1
1
1
1
1
1
1
1
1
1
1
1
1
1
1
1
1
1
1
1
1
1
1
1
1
1
1
1
1
1
1
1
1
1
1
1
1
1
1
1
1
1
1
1
1
1
1
1
1
1
1
1
1
1
1
1
1
1
1
1
1
1
1
1
1
1
1
1
1
1
1
1
1
1
1
1
1
1
1
1
1
1
1
1
1
1
1
1
1
1
1
1
1
1
1
1
1
1
1
1
1
1
1
1
1
1
1
1
1
1
1
1
1
1
1
1
1
1
1
1
1
1
1
1
1
1
1
1
1
1
1
1
1
1
1
1
1
1
1
1
1
1
1
1
1
1
1
1
1
1
1
1
1
1
1
1
1
1
1
1
1
1
1
1
1
1
1
1
1
1
1
1
1
1
1
1
1
1
1
1
1
1
1
1
1
1
1
1
1
1
1
1
1
1
1
1
1
1
1
1
1
1
1
1
1
1
1
1
1
1
1
1
1
1
1
1
1
1
1
1
1
1
1
1
1
1
1
1
1
1
1
1
1
1
1
1
1
1
1
1
1
1
1
1
1
1
1
1
1
1
1
1
1
1
1
1
1
1
1
1
1
1
1
1
1
1
1
1
1
1
1
1
1
1
1
1
1
1
1
1
1
1
1
1
1
1
1
1
1
1
1
1
1
1
1
1
1
1
1
1
1
1
1
1
1
1
1
1
1
1
1
1
1
1
1
1
1
1
1
1
1
1
1
1
1
1
1
1
1
1
1
1
1
1
1
1
1
1
1
1
1
1
1
1
1
1
1
1
1
1
1
1
1
1
1
1
1
1
1
1
1
1
1
1
1
1
1
1
1
1
1
1
1
1
1
1
1
1
1
1
1
1
1
1
1
1
1
1
1
1
1
1
1
1
1
1
1
1
1
1
1
1
1
1
1
1
1
1
1
1
1
1
1
1
1
1
1
1
1
1
1
1
1
1
1
1
1
1
1
1
1
1
1
1
1
1
1
1
1
1
1
1
1
1
1
1
1
1
1
1
1
1
1
1
1
1
1
1
1
1
1
1
1
1
1
1
1
1
1
1
1
1
1
1
1
1
1
1
1
1
1
1
1
1
1
1
1
1
1
1
1
1
1
1
1
1
1
1
1
1
1
1
1
1
1
1
1
1
1
1
1
1
1
1
1
1
1
1
1
1
1
1
1
1
1
1
1
1
1
1
1
1
1
1
1
1
1
1
1
1
1
1
1
1
1
1
1
1
1
1
1
1
1
1
1
1
1
1
1
1
1
1
1
1
1
1
1
1
1
1
1
1
1
1
1
1
1
1
1
1
1
1
1
1
1
1
1
1
1
1
1
1
1
1
1
1
1
1
1
1
1
1
1
1
1
1
1
1
1
1
1
1
1
1
1
1
1
1
1
1
1
1
1
1
1
1
1
1
1
1
1
1
1
1
1
1
1
1
1
1
1
1
1
1
1
1
1
1
1
1
1
1
1
1
1
1
1
1
1
1
1
1
1
1
1
1
1
1
1
1
1
1
1
1
1
1
1
1
1
1
1
1
1
1
1
1
1
1
1
1
1
1
1
1
1
1
1
1
1
1
1
1
1
1
1
1
1
1
1
1
1
1
1
1
1
1
1
1
1
1
1
1
1
1
1
1
1
1
1
1
1
1
1
1
1
1
1
1
1
1
1
1
1
1
1
1
1
1
1
1
1
1
1
1
1
1
1
1
1
1
1
1
1
1
1
1
1
1
1
1
1
1
1
1
1
1
1
1
1
1
1
1
1
1
1
1
1
1
1
1
1
1
1
1
1
1
1
1
1
1
1
1
1
1
1
1
1
1
1
1
1
1
1
1
1
1
1
1
1
1
1
1
1
1
1
1
1
1
1
1
1
1
1
1
1
1
1
1
1
1
1
1
1
1
1
1
1
1
1
1
1
1
1
1
1
1
1
1
1
1
1
1
1
1
1
1
1
1
1
1
1
1
1
1
1
1
1
1
1
1
1
1
1
1
1
1
1
1
1
1
1
1
1
1
1
1
1
1
1
1
1
1
1
1
1
1
1
1
1
1
1
1
1
1
1
1
1
1
1
1
1
1
1
1
1
1
1
1
1
1
1
1
1
1
1
1
1
1
1
1
1
1
1
1
1
1
1
1
1
1
1
1
1
1
1
1
1
1
1
1
1
1
1
1
1
1
1
1
1
1
1
1
1
1
1
1
1
1
1
1
1
1
1
1
1
1
1
1
1
1
1
1
1
1
1
1
1
1
1
1
1
1
1
1
1
1
1
1
1
1
1
1
1
1
1
1
1
1
1
1
1
1
1
1
1
1
1
1
1
1
1
1
1
1
1
1
1
1
1
1
1
1
1
1
1
1
1
1
1
1
1
1
1
1
1
1
1
1
1
1
1
1
1
1
1
1
1
1
1
1
1
1
1
1
1
1
1
1
1
1
1
1
1
1
1
1
1
1
1
1
1
1
1
1
1
1
1
1
1
1
1
1
1
1
1
1
1
1
1
1
1
1
1
1
1
1
1
1
1
1
1
1
1
1
1
1
1
1
1
1
1
1
1
1
1
1
1
1
1
1
1
1
1
1
1
1
1
1
1
1
1
1
1
1
1
1
1
1
1
1
1
1
1
1
1
1
1
1
1
1
1
1
1
1
1
1
1
1
1
1
1
1
1
1
1
1
1
1
1
1
1
1
1
1
1
1
1
1
1
1
1
1
1
1
1
1
1
1
1
1
1
1
1
1
1
1
1
1
1
1
1
1
1
1
1
1
1
1
1
1
1
1
1
1
1
1
1
1
1
1
1
1
1
1
1
1
1
1
1
1
1
1
1
1
1
1
1
1
1
1
1
1
1
1
1
1
1
1
1
1
1
1
1
1
1
1
1
1
1
1
1
1
1
1
1
1
1
1
1
1
1
1
1
1
1
1
1
1
1
1
1
1
1
1
1
1
1
1
1
1
1
1
1
1
1
1
1
1
1
1
1
1
1
1
1
1
1
1
1
1
1
1
1
1
1
1
1
1
1
1
1
1
1
1
1
1
1
1
1
1
1
1
1
1
1
1
1
1
1
1
1
1
1
1
1
1
1
1
1
1
1
1
1
1
1
1
1
1
1
1
1
1
1
1
1
1
1
1
1
1
1
1
1
1
1
1
1
1
1
1
1
1
1
1
1
1
1
1
1
1
1
1
1
1
1
1
1
1
1
1
1
1
1
1
1
1
1
1
1
1
1
1
1
1
1
1
1
1
1
1
1
1
1
1
1
1
1
1
1
1
1
1
1
1
1
1
1
1
1
1
1
1
1
1
1
1
1
1
1
1
1
1
1
1
1
1
1
1
1
1
1
1
1
1
1
1
1
1
1
1
1
1
1
1
1
1
1
1
1
1
1
1
1
1
1
1
1
1
1
1
1
1
1
1
1
1
1
1
1
1
1
1
1
1
1
1
1
1
1
1
1
1
1
1
1
1
1
1
1
1
1
1
1
1
1
1
1
1
1
1
1
1
1
1
1
1
1
1
1
1
1
1
1
1
1
1
1
1
1
1
1
1
1
1
1
1
1
1
1
1
1
1
1
1
1
1
1
1
1
1
1
1
1
1
1
1
1
1
1
1
1
1
1
1
1
1
1
1
1
1
1
1
1
1
1
1
1
1
1
1
1
1
1
1
1
1
1
1
1
1
1
1
1
1
1
1
1
1
1
1
1
1
1
1
1
1
1
1
1
1
1
1
1
1
1
1
1
1
1
1
1
1
1
1
1
1
1
1
1
1
1
1
1
1
1
1
1
1
1
1
1
1
1
1
1
1
1
1
1
1
1
1
1
1
1
1
1
1
1
1
1
1
1
1
1
1
1
1
1
1
1
1
1
1
1
1
1
1
1
1
1
1
1
1
1
1
1
1
1
1
1
1
1
1
1
1
1
1
1
1
1
1
1
1
1
1
1
1
1
1
1
1
1
1
1
1
1
1
1
1
1
1
1
1
1
1
1
1
1
1
1
1
1
1
1
1
1
1
1
1
1
1
1
1
1
1
1
1
1
1
1
1
1
1
1
1
1
1
1
1
1
1
1
1
1
1
1
1
1
1
1
1
1
1
1
1
1
1
1
1
1
1
1
1
1
1
1
1
1
1
1
1
1
1
1
1
1
1
1
1
1
1
1
1
1
1
1
1
1
1
1
1
1
1
1
1
1
1
1
1
1
1
1
1
1
1
1
1
1
1
1
1
1
1
1
1
1
1
1
1
1
1
1
1
1
1
1
1
1
1
1
1
1
1
1
1
1
1
1
1
1
1
1
1
1
1
1
1
1
1
1
1
1
1
1
1
1
1
1
1
1
1
1
1
1
1
1
1
1
1
1
1
1
1
1
1
1
1
1
1
1
1
1
1
1
1
1
1
1
1
1
1
1
1
1
1
1
1
1
1
1
1
1
1
1
1
1
1
1
1
1
1
1
1
1
1
1
1
1
1
1
1
1
1
1
1
1
1
1
1
1
1
1
1
1
1
1
1
1
1
1
1
1
1
1
1
1
1
1
1
1
1
1
1
1
1
1
1
1
1
1
1
1
1
1
1
1
1
1
1
1
1
1
1
1
1
1
1
1
1
1
1
1
1
1
1
1
1
1
1
1
1
1
1
1
1
1
1
1
1
1
1
1
1
1
1
1
1
1
1
1
1
1
1
1
1
1
1
1
1
1
1
1
1
1
1
1
1
1
1
1
1
1
1
1
1
1
1
1
1
1
1
1
1
1
1
1
1
1
1
1
1
1
1
1
1
1
1
1
1
1
1
1
1
1
1
1
1
1
1
1
1
1
1
1
1
1
1
1
1
1
1
1
1
1
1
1
1
1
1
1
1
1
1
1
1
1
1
1
1
1
1
1
1
1
1
1
1
1
1
1
1
1
1
1
1
1
1
1
1
1
1
1
1
1
1
1
1
1
1
1
1
1
1
1
1
1
1
1
1
1
1
1
1
1
1
1
1
1
1
1
1
1
1
1
