1.4481
1.43839
1.42868
1.41897
1.40927
1.39956
1.38985
1.38014
1.37043
1.36072
1.35101
1.3413
1.3316
1.32189
1.31218
1.30247
1.29276
1.28305
1.27334
1.26363
1.25393
1.24422
1.23451
1.2248
1.21509
1.20538
1.19567
1.18596
1.17626
1.16655
1.15684
1.15282
1.1488
1.50726
1.49745
1.48765
1.47784
1.46804
1.45824
1.44843
1.43863
1.42883
1.41902
1.40922
1.39941
1.38961
1.37981
1.37
1.3602
1.35039
1.34059
1.33079
1.32098
1.31118
1.30137
1.29157
1.28177
1.27196
1.26216
1.25235
1.24255
1.23275
1.22294
1.21314
1.20334
1.19353
1.18373
1.17392
1.16412
1.15432
1.15025
1.14619
1.14213
1.13807
1.13401
1.12995
1.12589
1.12183
1.11777
1.11371
1.56758
1.55768
1.54778
1.53788
1.52798
1.51808
1.50818
1.49828
1.48838
1.47847
1.46857
1.45867
1.44877
1.43887
1.42897
1.41907
1.40917
1.39927
1.38937
1.37946
1.36956
1.35966
1.34976
1.33986
1.32996
1.32006
1.31016
1.30026
1.29036
1.28046
1.27055
1.26065
1.25075
1.24085
1.23095
1.22105
1.21115
1.20125
1.19135
1.18145
1.17154
1.16164
1.15174
1.14764
1.14354
1.13944
1.13534
1.13124
1.12714
1.12303
1.11893
1.11483
1.11073
1.10663
1.10253
1.09843
1.09433
1.09023
1.08612
1.08202
1.07792
1.60912
1.59912
1.58912
1.57912
1.56912
1.55912
1.54912
1.53912
1.52912
1.51912
1.50912
1.49912
1.48912
1.47912
1.46912
1.45912
1.44912
1.43912
1.42912
1.41912
1.40912
1.39912
1.38912
1.37912
1.36912
1.35912
1.34912
1.33912
1.32912
1.31912
1.30912
1.29912
1.28912
1.27912
1.26912
1.25912
1.24912
1.23912
1.22912
1.21912
1.20912
1.19912
1.18912
1.17912
1.16912
1.15912
1.14912
1.14498
1.14083
1.13669
1.13255
1.12841
1.12426
1.12012
1.11598
1.11184
1.1077
1.10355
1.09941
1.09527
1.09113
1.08699
1.08284
1.0787
1.07456
1.07042
1.06627
1.06213
1.05799
1.05385
1.04971
1.04556
1.64139
1.63129
1.62119
1.61109
1.60099
1.59088
1.58078
1.57068
1.56058
1.55048
1.54038
1.53028
1.52018
1.51008
1.49998
1.48987
1.47977
1.46967
1.45957
1.44947
1.43937
1.42927
1.41917
1.40907
1.39896
1.38886
1.37876
1.36866
1.35856
1.34846
1.33836
1.32826
1.31816
1.30806
1.29795
1.28785
1.27775
1.26765
1.25755
1.24745
1.23735
1.22725
1.21715
1.20705
1.19694
1.18684
1.17674
1.16664
1.15654
1.14644
1.14226
1.13807
1.13389
1.1297
1.12552
1.12134
1.11715
1.11297
1.10878
1.1046
1.10042
1.09623
1.09205
1.08786
1.08368
1.0795
1.07531
1.07113
1.06694
1.06276
1.05858
1.05439
1.05021
1.04602
1.04184
1.03766
1.03347
1.02929
1.0251
1.68452
1.67432
1.66412
1.65391
1.64371
1.6335
1.6233
1.6131
1.60289
1.59269
1.58248
1.57228
1.56207
1.55187
1.54167
1.53146
1.52126
1.51105
1.50085
1.49065
1.48044
1.47024
1.46003
1.44983
1.43963
1.42942
1.41922
1.40901
1.39881
1.38861
1.3784
1.3682
1.35799
1.34779
1.33758
1.32738
1.31718
1.30697
1.29677
1.28656
1.27636
1.26616
1.25595
1.24575
1.23554
1.22534
1.21514
1.20493
1.19473
1.18452
1.17432
1.16412
1.15391
1.14371
1.13948
1.13525
1.13103
1.1268
1.12257
1.11835
1.11412
1.10989
1.10567
1.10144
1.09721
1.09299
1.08876
1.08453
1.08031
1.07608
1.07185
1.06763
1.0634
1.05917
1.05495
1.05072
1.04649
1.04227
1.03804
1.03381
1.02959
1.02536
1.02113
1.01691
1.01268
1.00845
1.69762
1.68731
1.677
1.66669
1.65638
1.64607
1.63576
1.62545
1.61515
1.60484
1.59453
1.58422
1.57391
1.5636
1.55329
1.54298
1.53267
1.52236
1.51205
1.50174
1.49143
1.48112
1.47082
1.46051
1.4502
1.43989
1.42958
1.41927
1.40896
1.39865
1.38834
1.37803
1.36772
1.35741
1.3471
1.33679
1.32649
1.31618
1.30587
1.29556
1.28525
1.27494
1.26463
1.25432
1.24401
1.2337
1.22339
1.21308
1.20277
1.19246
1.18216
1.17185
1.16154
1.15123
1.14092
1.13665
1.13238
1.12811
1.12384
1.11957
1.1153
1.11103
1.10676
1.10249
1.09822
1.09395
1.08968
1.08541
1.08113
1.07686
1.07259
1.06832
1.06405
1.05978
1.05551
1.05124
1.04697
1.0427
1.03843
1.03416
1.02989
1.02562
1.02135
1.01708
1.01281
1.00854
1.72141
1.71099
1.70057
1.69016
1.67974
1.66932
1.65891
1.64849
1.63807
1.62766
1.61724
1.60682
1.59641
1.58599
1.57557
1.56516
1.55474
1.54432
1.53391
1.52349
1.51307
1.50266
1.49224
1.48182
1.47141
1.46099
1.45057
1.44016
1.42974
1.41932
1.40891
1.39849
1.38807
1.37766
1.36724
1.35682
1.34641
1.33599
1.32557
1.31516
1.30474
1.29432
1.28391
1.27349
1.26307
1.25266
1.24224
1.23182
1.22141
1.21099
1.20057
1.19016
1.17974
1.16932
1.15891
1.14849
1.13807
1.13376
1.12944
1.12513
1.12081
1.1165
1.11218
1.10787
1.10355
1.09924
1.09492
1.09061
1.08629
1.08198
1.07767
1.07335
1.06904
1.06472
1.06041
1.05609
1.05178
1.04746
1.04315
1.03883
1.03452
1.0302
1.02589
1.02157
1.01726
1.01294
1.00863
1
1
1
1
1.01726
1.01294
1.00863
1
1
1
1
1
1
1.76674
1.75622
1.74569
1.73516
1.72464
1.71411
1.70359
1.69306
1.68253
1.67201
1.66148
1.65095
1.64043
1.6299
1.61938
1.60885
1.59832
1.5878
1.57727
1.56674
1.55622
1.54569
1.53516
1.52464
1.51411
1.50359
1.49306
1.48253
1.47201
1.46148
1.45095
1.44043
1.4299
1.41938
1.40885
1.39832
1.3878
1.37727
1.36674
1.35622
1.34569
1.33516
1.32464
1.31411
1.30359
1.29306
1.28253
1.27201
1.26148
1.25095
1.24043
1.2299
1.21938
1.20885
1.19832
1.1878
1.17727
1.16674
1.15622
1.14569
1.13516
1.1308
1.12644
1.12208
1.11772
1.11336
1.109
1.10464
1.10028
1.09592
1.09156
1.0872
1.08284
1.07848
1.07412
1.06976
1.0654
1.06104
1.05668
1.05232
1.04796
1.0436
1.03924
1.03488
1.03052
1.02616
1.0218
1.01744
1.01308
1.00872
1
1
1
1
1
1
1
1.02616
1.0218
1.01744
1.01308
1.00872
1
1
1
1
1
1
1
1
1
1.79177
1.78113
1.77049
1.75986
1.74922
1.73858
1.72794
1.7173
1.70666
1.69603
1.68539
1.67475
1.66411
1.65347
1.64283
1.6322
1.62156
1.61092
1.60028
1.58964
1.579
1.56837
1.55773
1.54709
1.53645
1.52581
1.51518
1.50454
1.4939
1.48326
1.47262
1.46198
1.45135
1.44071
1.43007
1.41943
1.40879
1.39815
1.38752
1.37688
1.36624
1.3556
1.34496
1.33432
1.32369
1.31305
1.30241
1.29177
1.28113
1.27049
1.25986
1.24922
1.23858
1.22794
1.2173
1.20666
1.19603
1.18539
1.17475
1.16411
1.15347
1.14283
1.1322
1.12779
1.12338
1.11898
1.11457
1.11016
1.10576
1.10135
1.09694
1.09254
1.08813
1.08372
1.07932
1.07491
1.0705
1.0661
1.06169
1.05729
1.05288
1.04847
1.04407
1.03966
1.03525
1.03085
1.02644
1.02203
1.01763
1.01322
1.00881
1
1
1
1
1
1
1
1
1
1
1.03525
1.03085
1.02644
1.02203
1.01763
1.01322
1.00881
1
1
1
1
1
1
1
1
1
1
1
1.81734
1.80658
1.79583
1.78508
1.77433
1.76357
1.75282
1.74207
1.73131
1.72056
1.70981
1.69906
1.6883
1.67755
1.6668
1.65605
1.64529
1.63454
1.62379
1.61303
1.60228
1.59153
1.58078
1.57002
1.55927
1.54852
1.53777
1.52701
1.51626
1.50551
1.49476
1.484
1.47325
1.4625
1.45174
1.44099
1.43024
1.41949
1.40873
1.39798
1.38723
1.37648
1.36572
1.35497
1.34422
1.33346
1.32271
1.31196
1.30121
1.29045
1.2797
1.26895
1.2582
1.24744
1.23669
1.22594
1.21519
1.20443
1.19368
1.18293
1.17217
1.16142
1.15067
1.13992
1.12916
1.12471
1.12026
1.1158
1.11135
1.10689
1.10244
1.09799
1.09353
1.08908
1.08462
1.08017
1.07572
1.07126
1.06681
1.06235
1.0579
1.05345
1.04899
1.04454
1.04009
1.03563
1.03118
1.02672
1.02227
1.01782
1.01336
1.00891
1
1
1
1
1
1
1
1
1
1
1
1
1
1.04009
1.03563
1.03118
1.02672
1.02227
1.01782
1.01336
1.00891
1
1
1
1
1
1
1
1
1
1
1
1
1
1.84346
1.83259
1.82172
1.81085
1.79998
1.78911
1.77824
1.76737
1.7565
1.74563
1.73476
1.72389
1.71302
1.70215
1.69128
1.68041
1.66954
1.65867
1.6478
1.63694
1.62607
1.6152
1.60433
1.59346
1.58259
1.57172
1.56085
1.54998
1.53911
1.52824
1.51737
1.5065
1.49563
1.48476
1.47389
1.46302
1.45215
1.44128
1.43041
1.41954
1.40867
1.3978
1.38694
1.37607
1.3652
1.35433
1.34346
1.33259
1.32172
1.31085
1.29998
1.28911
1.27824
1.26737
1.2565
1.24563
1.23476
1.22389
1.21302
1.20215
1.19128
1.18041
1.16954
1.15867
1.1478
1.13694
1.12607
1.12156
1.11706
1.11256
1.10806
1.10355
1.09905
1.09455
1.09005
1.08554
1.08104
1.07654
1.07204
1.06754
1.06303
1.05853
1.05403
1.04953
1.04502
1.04052
1.03602
1.03152
1.02701
1.02251
1.01801
1.01351
1.009
1
1
1
1
1
1
1
1
1
1
1
1
1
1
1
1.04502
1.04052
1.03602
1.03152
1.02701
1.02251
1.01801
1.01351
1.009
1
1
1
1
1
1
1
1
1
1
1
1
1
1
1.88114
1.87015
1.85916
1.84817
1.83718
1.8262
1.81521
1.80422
1.79323
1.78224
1.77125
1.76026
1.74927
1.73828
1.72729
1.71631
1.70532
1.69433
1.68334
1.67235
1.66136
1.65037
1.63938
1.62839
1.6174
1.60642
1.59543
1.58444
1.57345
1.56246
1.55147
1.54048
1.52949
1.5185
1.50751
1.49653
1.48554
1.47455
1.46356
1.45257
1.44158
1.43059
1.4196
1.40861
1.39762
1.38664
1.37565
1.36466
1.35367
1.34268
1.33169
1.3207
1.30971
1.29872
1.28773
1.27675
1.26576
1.25477
1.24378
1.23279
1.2218
1.21081
1.19982
1.18883
1.17784
1.16686
1.15587
1.14488
1.13389
1.1229
1.11835
1.1138
1.10924
1.10469
1.10014
1.09559
1.09104
1.08648
1.08193
1.07738
1.07283
1.06828
1.06373
1.05917
1.05462
1.05007
1.04552
1.04097
1.03641
1.03186
1.02731
1.02276
1.01821
1.01366
1.0091
1
1
1
1
1
1
1
1
1
1
1
1
1
1
1
1
1.04552
1.04097
1.03641
1.03186
1.02731
1.02276
1.01821
1.01366
1.0091
1
1
1
1
1
1
1
1
1
1
1
1
1
1
1.0091
1.90855
1.89744
1.88633
1.87522
1.86411
1.853
1.84188
1.83077
1.81966
1.80855
1.79744
1.78633
1.77522
1.76411
1.753
1.74188
1.73077
1.71966
1.70855
1.69744
1.68633
1.67522
1.66411
1.653
1.64188
1.63077
1.61966
1.60855
1.59744
1.58633
1.57522
1.56411
1.553
1.54188
1.53077
1.51966
1.50855
1.49744
1.48633
1.47522
1.46411
1.453
1.44188
1.43077
1.41966
1.40855
1.39744
1.38633
1.37522
1.36411
1.353
1.34188
1.33077
1.31966
1.30855
1.29744
1.28633
1.27522
1.26411
1.253
1.24188
1.23077
1.21966
1.20855
1.19744
1.18633
1.17522
1.16411
1.153
1.14188
1.13077
1.11966
1.11506
1.11046
1.10585
1.10125
1.09665
1.09205
1.08745
1.08284
1.07824
1.07364
1.06904
1.06443
1.05983
1.05523
1.05063
1.04602
1.04142
1.03682
1.03222
1.02761
1.02301
1.01841
1.01381
1.0092
1
1
1
1
1
1
1
1
1
1
1
1
1
1
1
1
1
1
1
1.05063
1.04602
1.04142
1.03682
1.03222
1.02761
1.02301
1.01841
1.01381
1.0092
1
1
1
1
1
1
1
1
1
1
1
1
1
1
1.0092
1.92534
1.91411
1.90287
1.89163
1.8804
1.86916
1.85793
1.84669
1.83545
1.82422
1.81298
1.80175
1.79051
1.77927
1.76804
1.7568
1.74557
1.73433
1.72309
1.71186
1.70062
1.68939
1.67815
1.66691
1.65568
1.64444
1.63321
1.62197
1.61073
1.5995
1.58826
1.57703
1.56579
1.55455
1.54332
1.53208
1.52085
1.50961
1.49838
1.48714
1.4759
1.46467
1.45343
1.4422
1.43096
1.41972
1.40849
1.39725
1.38602
1.37478
1.36354
1.35231
1.34107
1.32984
1.3186
1.30736
1.29613
1.28489
1.27366
1.26242
1.25118
1.23995
1.22871
1.21748
1.20624
1.195
1.18377
1.17253
1.1613
1.15006
1.13882
1.12759
1.11635
1.1117
1.10704
1.10239
1.09774
1.09308
1.08843
1.08377
1.07912
1.07447
1.06981
1.06516
1.0605
1.05585
1.0512
1.04654
1.04189
1.03723
1.03258
1.02792
1.02327
1.01862
1.01396
1.00931
1
1
1
1
1
1
1
1
1
1
1
1
1
1
1
1
1
1
1
1.0512
1.04654
1.04189
1.03723
1.03258
1.02792
1.02327
1.01862
1.01396
1.00931
1
1
1
1
1
1
1
1
1
1
1
1
1
1
1.00931
1.95388
1.94251
1.93115
1.91979
1.90842
1.89706
1.8857
1.87433
1.86297
1.8516
1.84024
1.82888
1.81751
1.80615
1.79479
1.78342
1.77206
1.7607
1.74933
1.73797
1.7266
1.71524
1.70388
1.69251
1.68115
1.66979
1.65842
1.64706
1.6357
1.62433
1.61297
1.6016
1.59024
1.57888
1.56751
1.55615
1.54479
1.53342
1.52206
1.5107
1.49933
1.48797
1.4766
1.46524
1.45388
1.44251
1.43115
1.41979
1.40842
1.39706
1.3857
1.37433
1.36297
1.3516
1.34024
1.32888
1.31751
1.30615
1.29479
1.28342
1.27206
1.2607
1.24933
1.23797
1.2266
1.21524
1.20388
1.19251
1.18115
1.16979
1.15842
1.14706
1.1357
1.12433
1.11297
1.10826
1.10355
1.09885
1.09414
1.08943
1.08473
1.08002
1.07531
1.0706
1.0659
1.06119
1.05648
1.05178
1.04707
1.04236
1.03766
1.03295
1.02824
1.02353
1.01883
1.01412
1.00941
1
1
1
1
1
1
1
1
1
1
1
1
1
1
1
1
1
1
1
1
1.05178
1.04707
1.04236
1.03766
1.03295
1.02824
1.02353
1.01883
1.01412
1.00941
1
1
1
1
1
1
1
1
1
1
1
1
1
1
1.00941
1.01412
1.97157
1.96008
1.94859
1.93709
1.9256
1.9141
1.90261
1.89111
1.87962
1.86813
1.85663
1.84514
1.83364
1.82215
1.81065
1.79916
1.78767
1.77617
1.76468
1.75318
1.74169
1.73019
1.7187
1.70721
1.69571
1.68422
1.67272
1.66123
1.64974
1.63824
1.62675
1.61525
1.60376
1.59226
1.58077
1.56928
1.55778
1.54629
1.53479
1.5233
1.5118
1.50031
1.48882
1.47732
1.46583
1.45433
1.44284
1.43134
1.41985
1.40836
1.39686
1.38537
1.37387
1.36238
1.35088
1.33939
1.3279
1.3164
1.30491
1.29341
1.28192
1.27042
1.25893
1.24744
1.23594
1.22445
1.21295
1.20146
1.18996
1.17847
1.16698
1.15548
1.14399
1.13249
1.121
1.10951
1.10474
1.09998
1.09522
1.09046
1.0857
1.08094
1.07618
1.07142
1.06666
1.06189
1.05713
1.05237
1.04761
1.04285
1.03809
1.03333
1.02857
1.02381
1.01904
1.01428
1.00952
1
1
1
1
1
1
1
1
1
1
1
1
1
1
1
1
1
1
1
1
1.00952
1.01428
1.05237
1.04761
1.04285
1.03809
1.03333
1.02857
1.02381
1.01904
1.01428
1.00952
1
1
1
1
1
1
1
1
1
1
1
1
1
1
1.00952
1.01428
1.01904
1.02381
2.00131
1.98968
1.97806
1.96643
1.9548
1.94317
1.93154
1.91992
1.90829
1.89666
1.88503
1.8734
1.86178
1.85015
1.83852
1.82689
1.81526
1.80364
1.79201
1.78038
1.76875
1.75712
1.7455
1.73387
1.72224
1.71061
1.69899
1.68736
1.67573
1.6641
1.65247
1.64085
1.62922
1.61759
1.60596
1.59433
1.58271
1.57108
1.55945
1.54782
1.53619
1.52457
1.51294
1.50131
1.48968
1.47806
1.46643
1.4548
1.44317
1.43154
1.41992
1.40829
1.39666
1.38503
1.3734
1.36178
1.35015
1.33852
1.32689
1.31526
1.30364
1.29201
1.28038
1.26875
1.25712
1.2455
1.23387
1.22224
1.21061
1.19899
1.18736
1.17573
1.1641
1.15247
1.14085
1.12922
1.11759
1.10596
1.10115
1.09633
1.09151
1.0867
1.08188
1.07706
1.07225
1.06743
1.06261
1.0578
1.05298
1.04816
1.04335
1.03853
1.03372
1.0289
1.02408
1.01927
1.01445
1.00963
1
1
1
1
1
1
1
1
1
1
1
1
1
1
1
1
1
1
1
1
1.00963
1.01445
1.01927
1.05298
1.04816
1.04335
1.03853
1.03372
1.0289
1.02408
1.01927
1.01445
1.00963
1
1
1
1
1
1
1
1
1
1
1
1
1
1
1.00963
1.01445
1.01927
1.02408
2.01998
2.00822
1.99645
1.98469
1.97292
1.96116
1.94939
1.93763
1.92586
1.9141
1.90234
1.89057
1.87881
1.86704
1.85528
1.84351
1.83175
1.81998
1.80822
1.79645
1.78469
1.77292
1.76116
1.74939
1.73763
1.72586
1.7141
1.70234
1.69057
1.67881
1.66704
1.65528
1.64351
1.63175
1.61998
1.60822
1.59645
1.58469
1.57292
1.56116
1.54939
1.53763
1.52586
1.5141
1.50234
1.49057
1.47881
1.46704
1.45528
1.44351
1.43175
1.41998
1.40822
1.39645
1.38469
1.37292
1.36116
1.34939
1.33763
1.32586
1.3141
1.30234
1.29057
1.27881
1.26704
1.25528
1.24351
1.23175
1.21998
1.20822
1.19645
1.18469
1.17292
1.16116
1.14939
1.13763
1.12586
1.1141
1.10234
1.09746
1.09259
1.08772
1.08284
1.07797
1.0731
1.06822
1.06335
1.05848
1.0536
1.04873
1.04386
1.03898
1.03411
1.02924
1.02437
1.01949
1.01462
1.00975
1
1
1
1
1
1
1
1
1
1
1
1
1
1
1
1
1
1
1
1
1.00975
1.01462
1.01949
1.02437
1.0536
1.04873
1.04386
1.03898
1.03411
1.02924
1.02437
1.01949
1.01462
1.00975
1
1
1
1
1
1
1
1
1
1
1
1
1
1
1.00975
1.01462
1.01949
1.02437
1.02924
2.06291
2.051
2.0391
2.02719
2.01529
2.00338
1.99148
1.97958
1.96767
1.95577
1.94386
1.93196
1.92005
1.90815
1.89624
1.88434
1.87243
1.86053
1.84862
1.83672
1.82481
1.81291
1.801
1.7891
1.77719
1.76529
1.75338
1.74148
1.72958
1.71767
1.70577
1.69386
1.68196
1.67005
1.65815
1.64624
1.63434
1.62243
1.61053
1.59862
1.58672
1.57481
1.56291
1.551
1.5391
1.52719
1.51529
1.50338
1.49148
1.47958
1.46767
1.45577
1.44386
1.43196
1.42005
1.40815
1.39624
1.38434
1.37243
1.36053
1.34862
1.33672
1.32481
1.31291
1.301
1.2891
1.27719
1.26529
1.25338
1.24148
1.22958
1.21767
1.20577
1.19386
1.18196
1.17005
1.15815
1.14624
1.13434
1.12243
1.11053
1.09862
1.09369
1.08876
1.08383
1.0789
1.07397
1.06904
1.0641
1.05917
1.05424
1.04931
1.04438
1.03945
1.03452
1.02959
1.02466
1.01972
1.01479
1.00986
1
1
1
1
1
1
1
1
1
1
1
1
1
1
1
1
1
1
1
1
1.00986
1.01479
1.01972
1.02466
1.02959
1.05424
1.04931
1.04438
1.03945
1.03452
1.02959
1.02466
1.01972
1.01479
1.00986
1
1
1
1
1
1
1
1
1
1
1
1
1
1
1.00986
1.01479
1.01972
1.02466
1.02959
1.03452
2.08277
2.07072
2.05868
2.04663
2.03458
2.02253
2.01048
1.99843
1.98639
1.97434
1.96229
1.95024
1.93819
1.92615
1.9141
1.90205
1.89
1.87795
1.8659
1.85386
1.84181
1.82976
1.81771
1.80566
1.79362
1.78157
1.76952
1.75747
1.74542
1.73337
1.72133
1.70928
1.69723
1.68518
1.67313
1.66109
1.64904
1.63699
1.62494
1.61289
1.60084
1.5888
1.57675
1.5647
1.55265
1.5406
1.52856
1.51651
1.50446
1.49241
1.48036
1.46831
1.45627
1.44422
1.43217
1.42012
1.40807
1.39603
1.38398
1.37193
1.35988
1.34783
1.33578
1.32374
1.31169
1.29964
1.28759
1.27554
1.2635
1.25145
1.2394
1.22735
1.2153
1.20325
1.19121
1.17916
1.16711
1.15506
1.14301
1.13096
1.11892
1.10687
1.09482
1.08983
1.08484
1.07985
1.07486
1.06987
1.06488
1.05989
1.0549
1.04991
1.04491
1.03992
1.03493
1.02994
1.02495
1.01996
1.01497
1.00998
1
1
1
1
1
1
1
1
1
1
1
1
1
1
1
1
1
1
1
1
1.00998
1.01497
1.01996
1.02495
1.02994
1.03493
1.03992
1.0549
1.04991
1.04491
1.03992
1.03493
1.02994
1.02495
1.01996
1.01497
1.00998
1
1
1
1
1
1
1
1
1
1
1
1
1
1
1.00998
1.01497
1.01996
1.02495
1.02994
1.03493
2.10312
2.09093
2.07873
2.06654
2.05434
2.04214
2.02995
2.01775
2.00556
1.99336
1.98117
1.96897
1.95678
1.94458
1.93239
1.92019
1.908
1.8958
1.88361
1.87141
1.85922
1.84702
1.83483
1.82263
1.81044
1.79824
1.78605
1.77385
1.76166
1.74946
1.73727
1.72507
1.71288
1.70068
1.68849
1.67629
1.6641
1.6519
1.63971
1.62751
1.61532
1.60312
1.59093
1.57873
1.56654
1.55434
1.54214
1.52995
1.51775
1.50556
1.49336
1.48117
1.46897
1.45678
1.44458
1.43239
1.42019
1.408
1.3958
1.38361
1.37141
1.35922
1.34702
1.33483
1.32263
1.31044
1.29824
1.28605
1.27385
1.26166
1.24946
1.23727
1.22507
1.21288
1.20068
1.18849
1.17629
1.1641
1.1519
1.13971
1.12751
1.11532
1.10312
1.09093
1.08587
1.08082
1.07577
1.07072
1.06567
1.06062
1.05557
1.05051
1.04546
1.04041
1.03536
1.03031
1.02526
1.02021
1.01515
1.0101
1
1
1
1
1
1
1
1
1
1
1
1
1
1
1
1
1
1
1
1
1.0101
1.01515
1.02021
1.02526
1.03031
1.03536
1.04041
1.05557
1.05051
1.04546
1.04041
1.03536
1.03031
1.02526
1.02021
1.01515
1.0101
1
1
1
1
1
1
1
1
1
1
1
1
1
1
1.0101
1.01515
1.02021
1.02526
1.03031
1.03536
1.04041
1.04546
2.13632
2.12397
2.11163
2.09928
2.08693
2.07459
2.06224
2.0499
2.03755
2.02521
2.01286
2.00051
1.98817
1.97582
1.96348
1.95113
1.93879
1.92644
1.91409
1.90175
1.8894
1.87706
1.86471
1.85237
1.84002
1.82767
1.81533
1.80298
1.79064
1.77829
1.76595
1.7536
1.74126
1.72891
1.71656
1.70422
1.69187
1.67953
1.66718
1.65484
1.64249
1.63014
1.6178
1.60545
1.59311
1.58076
1.56842
1.55607
1.54372
1.53138
1.51903
1.50669
1.49434
1.482
1.46965
1.4573
1.44496
1.43261
1.42027
1.40792
1.39558
1.38323
1.37088
1.35854
1.34619
1.33385
1.3215
1.30916
1.29681
1.28446
1.27212
1.25977
1.24743
1.23508
1.22274
1.21039
1.19805
1.1857
1.17335
1.16101
1.14866
1.13632
1.12397
1.11163
1.09928
1.08693
1.08182
1.07671
1.07159
1.06648
1.06137
1.05625
1.05114
1.04602
1.04091
1.0358
1.03068
1.02557
1.02046
1.01534
1.01023
1
1
1
1
1
1
1
1
1
1
1
1
1
1
1
1
1
1
1
1
1.01023
1.01534
1.02045
1.02557
1.03068
1.0358
1.04091
1.04602
1.05625
1.05114
1.04602
1.04091
1.0358
1.03068
1.02557
1.02046
1.01534
1.01023
1
1
1
1
1
1
1
1
1
1
1
1
1
1
1.01023
1.01534
1.02045
1.02557
1.03068
1.0358
1.04091
1.04602
2.15784
2.14534
2.13284
2.12034
2.10784
2.09534
2.08284
2.07034
2.05784
2.04534
2.03284
2.02034
2.00784
1.99534
1.98284
1.97034
1.95784
1.94534
1.93284
1.92034
1.90784
1.89534
1.88284
1.87034
1.85784
1.84534
1.83284
1.82034
1.80784
1.79534
1.78284
1.77034
1.75784
1.74534
1.73284
1.72034
1.70784
1.69534
1.68284
1.67034
1.65784
1.64534
1.63284
1.62034
1.60784
1.59534
1.58284
1.57034
1.55784
1.54534
1.53284
1.52034
1.50784
1.49534
1.48284
1.47034
1.45784
1.44534
1.43284
1.42034
1.40784
1.39534
1.38284
1.37034
1.35784
1.34534
1.33284
1.32034
1.30784
1.29534
1.28284
1.27034
1.25784
1.24534
1.23284
1.22034
1.20784
1.19534
1.18284
1.17034
1.15784
1.14534
1.13284
1.12034
1.10784
1.09534
1.08284
1.07767
1.07249
1.06731
1.06213
1.05695
1.05178
1.0466
1.04142
1.03624
1.03107
1.02589
1.02071
1.01553
1.01036
1
1
1
1
1
1
1
1
1
1
1
1
1
1
1
1
1
1
1
1
1.01036
1.01553
1.02071
1.02589
1.03107
1.03624
1.04142
1.0466
1.05695
1.05178
1.0466
1.04142
1.03624
1.03107
1.02589
1.02071
1.01553
1.01036
1
1
1
1
1
1
1
1
1
1
1
1
1
1
1.01036
1.01553
1.02071
1.02589
1.03107
1.03624
1.04142
1.0466
2.17991
2.16726
2.1546
2.14194
2.12928
2.11662
2.10396
2.09131
2.07865
2.06599
2.05333
2.04067
2.02802
2.01536
2.0027
1.99004
1.97738
1.96472
1.95207
1.93941
1.92675
1.91409
1.90143
1.88878
1.87612
1.86346
1.8508
1.83814
1.82548
1.81283
1.80017
1.78751
1.77485
1.76219
1.74953
1.73688
1.72422
1.71156
1.6989
1.68624
1.67359
1.66093
1.64827
1.63561
1.62295
1.61029
1.59764
1.58498
1.57232
1.55966
1.547
1.53434
1.52169
1.50903
1.49637
1.48371
1.47105
1.4584
1.44574
1.43308
1.42042
1.40776
1.3951
1.38245
1.36979
1.35713
1.34447
1.33181
1.31915
1.3065
1.29384
1.28118
1.26852
1.25586
1.24321
1.23055
1.21789
1.20523
1.19257
1.17991
1.16726
1.1546
1.14194
1.12928
1.11662
1.10396
1.09131
1.07865
1.07341
1.06816
1.06292
1.05768
1.05243
1.04719
1.04195
1.0367
1.03146
1.02622
1.02097
1.01573
1.01049
1
1
1
1
1
1
1
1
1
1
1
1
1
1
1
1
1
1
1
1
1.01049
1.01573
1.02097
1.02622
1.03146
1.0367
1.04195
1.04719
1.05243
1.04719
1.04195
1.0367
1.03146
1.02622
1.02097
1.01573
1.01049
1
1
1
1
1
1
1
1
1
1
1
1
1
1
1.01049
1.01573
1.02097
1.02622
1.03146
1.0367
1.04195
1.04719
1.05243
1
1
1
1.01049
1.01573
1.02097
1.02622
1.03146
1.0367
1.04195
1.04719
1.05243
1.05768
1.06292
1.06816
1.07341
1.07865
1.08389
1.08913
2.20255
2.18973
2.17691
2.16409
2.15127
2.13845
2.12563
2.11281
2.09999
2.08717
2.07435
2.06153
2.04871
2.03588
2.02306
2.01024
1.99742
1.9846
1.97178
1.95896
1.94614
1.93332
1.9205
1.90768
1.89486
1.88204
1.86922
1.8564
1.84358
1.83076
1.81794
1.80512
1.7923
1.77947
1.76665
1.75383
1.74101
1.72819
1.71537
1.70255
1.68973
1.67691
1.66409
1.65127
1.63845
1.62563
1.61281
1.59999
1.58717
1.57435
1.56153
1.54871
1.53588
1.52306
1.51024
1.49742
1.4846
1.47178
1.45896
1.44614
1.43332
1.4205
1.40768
1.39486
1.38204
1.36922
1.3564
1.34358
1.33076
1.31794
1.30512
1.2923
1.27947
1.26665
1.25383
1.24101
1.22819
1.21537
1.20255
1.18973
1.17691
1.16409
1.15127
1.13845
1.12563
1.11281
1.09999
1.08717
1.07435
1.06904
1.06373
1.05841
1.0531
1.04779
1.04248
1.03717
1.03186
1.02655
1.02124
1.01593
1.01062
1
1
1
1
1
1
1
1
1
1
1
1
1
1
1
1
1
1
1
1
1.01062
1.01593
1.02124
1.02655
1.03186
1.03717
1.04248
1.04779
1.0531
1.0531
1.04779
1.04248
1.03717
1.03186
1.02655
1.02124
1.01593
1.01062
1
1
1
1
1
1
1
1
1
1
1
1
1
1
1.01062
1.01593
1.02124
1.02655
1.03186
1.03717
1.04248
1.04779
1.0531
1
1
1
1
1
1
1
1.01062
1.01593
1.02124
1.02655
1.03186
1.03717
1.04248
1.04779
1.0531
1.05841
1.06373
1.06904
1.07435
1.07966
1.08497
1.09028
1.09559
1.1009
1.10621
1.11152
1.11683
2.23654
2.22355
2.21056
2.19757
2.18459
2.1716
2.15861
2.14563
2.13264
2.11965
2.10667
2.09368
2.08069
2.0677
2.05472
2.04173
2.02874
2.01576
2.00277
1.98978
1.9768
1.96381
1.95082
1.93783
1.92485
1.91186
1.89887
1.88589
1.8729
1.85991
1.84693
1.83394
1.82095
1.80796
1.79498
1.78199
1.769
1.75602
1.74303
1.73004
1.71705
1.70407
1.69108
1.67809
1.66511
1.65212
1.63913
1.62615
1.61316
1.60017
1.58718
1.5742
1.56121
1.54822
1.53524
1.52225
1.50926
1.49628
1.48329
1.4703
1.45731
1.44433
1.43134
1.41835
1.40537
1.16084
1.14785
1.13487
1.12188
1.10889
1.09591
1.08292
1.06993
1.06455
1.05917
1.05379
1.04841
1.04304
1.03766
1.03228
1.0269
1.02152
1.01614
1.01076
1
1
1
1
1
1
1
1
1
1
1
1
1
1
1
1
1
1
1
1
1.01076
1.01614
1.02152
1.0269
1.03228
1.03766
1.04304
1.04841
1.05379
1.04841
1.04304
1.03766
1.03228
1.0269
1.02152
1.01614
1.01076
1
1
1
1
1
1
1
1
1
1
1
1
1
1
1.01076
1.01614
1.02152
1.0269
1.03228
1.03766
1.04304
1.04841
1.05379
1.05917
1
1
1
1
1
1
1
1
1
1
1
1.01076
1.01614
1.02152
1.0269
1.03228
1.03766
1.04304
1.04841
1.05379
1.05917
1.06455
1.06993
1.07531
1.08069
1.08607
1.09145
1.09683
1.10221
1.10759
1.11297
1.11835
1.12373
1.12911
1.13449
2.27141
2.25826
2.2451
2.23194
2.21878
2.20562
2.19247
2.17931
2.16615
2.15299
2.13983
2.12668
2.11352
2.10036
2.0872
2.07405
2.06089
2.04773
2.03457
2.02141
2.00826
1.9951
1.98194
1.96878
1.95562
1.94247
1.92931
1.91615
1.90299
1.88983
1.87668
1.86352
1.85036
1.8372
1.82405
1.81089
1.79773
1.78457
1.77141
1.75826
1.7451
1.73194
1.71878
1.70562
1.69247
1.67931
1.66615
1.65299
1.63983
1.62668
1.61352
1.60036
1.5872
1.57405
1.56089
1.54773
1.53457
1.52141
1.50826
1.4951
1.48194
1.11803
1.10488
1.09172
1.07856
1.0654
1.05995
1.0545
1.04905
1.0436
1.03815
1.0327
1.02725
1.0218
1.01635
1.0109
1
1
1
1
1
1
1
1
1
1
1
1
1
1
1
1
1
1
1
1
1.0109
1.01635
1.0218
1.02725
1.0327
1.03815
1.0436
1.04905
1.0545
1.04905
1.0436
1.03815
1.0327
1.02725
1.0218
1.01635
1.0109
1
1
1
1
1
1
1
1
1
1
1
1
1
1
1.0109
1.01635
1.0218
1.02725
1.0327
1.03815
1.0436
1.04905
1.0545
1.05995
1.0654
1
1
1
1
1
1
1
1
1
1
1
1
1
1.0109
1.01635
1.0218
1.02725
1.0327
1.03815
1.0436
1.04905
1.0545
1.05995
1.0654
1.07085
1.0763
1.08175
1.0872
1.09265
1.0981
1.10355
1.109
1.11445
1.1199
1.12535
1.1308
1.13625
1.14171
1.14716
2.30722
2.29389
2.28056
2.26722
2.25389
2.24056
2.22722
2.21389
2.20056
2.18722
2.17389
2.16056
2.14722
2.13389
2.12056
2.10722
2.09389
2.08056
2.06722
2.05389
2.04056
2.02722
2.01389
2.00056
1.98722
1.97389
1.96056
1.94722
1.93389
1.92056
1.90722
1.89389
1.88056
1.86722
1.85389
1.84056
1.82722
1.81389
1.80056
1.78722
1.77389
1.76056
1.74722
1.73389
1.72056
1.70722
1.69389
1.68056
1.66722
1.65389
1.64056
1.62722
1.61389
1.60056
1.58722
1.57389
1.56056
1.08742
1.07408
1.06075
1.05523
1.04971
1.04418
1.03866
1.03314
1.02761
1.02209
1.01657
1.01105
1
1
1
1
1
1
1
1
1
1
1
1
1
1
1
1
1
1
1
1
1.01105
1.01657
1.02209
1.02761
1.03314
1.03866
1.04418
1.04971
1.05523
1.06075
1.04971
1.04418
1.03866
1.03314
1.02761
1.02209
1.01657
1.01105
1
1
1
1
1
1
1
1
1
1
1
1
1
1
1.01105
1.01657
1.02209
1.02761
1.03314
1.03866
1.04418
1.04971
1.05523
1.06075
1.06627
1
1
1
1
1
1
1
1
1
1
1
1
1
1
1
1
1.01105
1.01657
1.02209
1.02761
1.03314
1.03866
1.04418
1.04971
1.05523
1.06075
1.06627
1.0718
1.07732
1.08284
1.08837
1.09389
1.09941
1.10493
1.11046
1.11598
1.1215
1.12703
1.13255
1.13807
1.14359
1.14912
1.15464
1.16016
1.16569
2.344
2.33048
2.31697
2.30346
2.28994
2.27643
2.26292
2.2494
2.23589
2.22238
2.20886
2.19535
2.18184
2.16832
2.15481
2.1413
2.12778
2.11427
2.10076
2.08724
2.07373
2.06021
2.0467
2.03319
2.01967
2.00616
1.99265
1.97913
1.96562
1.95211
1.93859
1.92508
1.91157
1.89805
1.88454
1.87103
1.85751
1.844
1.83048
1.81697
1.80346
1.78994
1.77643
1.76292
1.7494
1.73589
1.72238
1.70886
1.69535
1.68184
1.66832
1.65481
1.6413
1.62778
1.06949
1.05598
1.05038
1.04478
1.03918
1.03359
1.02799
1.02239
1.01679
1.0112
1
1
1
1
1
1
1
1
1
1
1
1
1
1
1
1
1
1
1
1
1.0112
1.01679
1.02239
1.02799
1.03358
1.03918
1.04478
1.05038
1.05597
1.06157
1.04478
1.03918
1.03359
1.02799
1.02239
1.01679
1.0112
1
1
1
1
1
1
1
1
1
1
1
1
1
1
1.0112
1.01679
1.02239
1.02799
1.03358
1.03918
1.04478
1.05038
1.05597
1.06157
1.06717
1.07277
1.07836
1
1
1
1
1
1
1
1
1
1
1
1
1
1
1
1
1
1.0112
1.01679
1.02239
1.02799
1.03358
1.03918
1.04478
1.05038
1.05597
1.06157
1.06717
1.07277
1.07836
1.08396
1.08956
1.09516
1.10075
1.10635
1.11195
1.11755
1.12314
1.12874
1.13434
1.13994
1.14553
1.15113
1.15673
1.16233
1.16792
1.17352
2.36808
2.35438
2.34069
2.32699
2.31329
2.29959
2.28589
2.27219
2.25849
2.2448
2.2311
2.2174
2.2037
2.19
2.1763
2.1626
2.14891
2.13521
2.12151
2.10781
2.09411
2.08041
2.06671
2.05301
2.03932
2.02562
2.01192
1.99822
1.98452
1.97082
1.95712
1.94343
1.92973
1.91603
1.90233
1.88863
1.87493
1.86123
1.84754
1.83384
1.82014
1.80644
1.79274
1.77904
1.76534
1.75165
1.73795
1.72425
1.71055
1.69685
1.05107
1.04539
1.03972
1.03405
1.02837
1.0227
1.01702
1.01135
1
1
1
1
1
1
1
1
1
1
1
1
1
1
1
1
1
1
1
1
1.01135
1.01702
1.0227
1.02837
1.03404
1.03972
1.04539
1.05107
1.05674
1.06242
1.04539
1.03972
1.03405
1.02837
1.0227
1.01702
1.01135
1
1
1
1
1
1
1
1
1
1
1
1
1
1
1.01135
1.01702
1.0227
1.02837
1.03404
1.03972
1.04539
1.05107
1.05674
1.06242
1.06809
1.07376
1.07944
1.08511
1
1
1
1
1
1
1
1
1
1
1
1
1
1
1
1
1
1
1
1.01135
1.01702
1.0227
1.02837
1.03404
1.03972
1.04539
1.05107
1.05674
1.06242
1.06809
1.07376
1.07944
1.08511
1.09079
1.09646
1.10214
1.10781
1.11348
1.11916
1.12483
1.13051
1.13618
1.14185
1.14753
1.1532
1.15888
1.16455
1.17023
1.1759
1.18157
2.40673
2.39284
2.37895
2.36506
2.35117
2.33728
2.32339
2.3095
2.29562
2.28173
2.26784
2.25395
2.24006
2.22617
2.21228
2.19839
2.1845
2.17062
2.15673
2.14284
2.12895
2.11506
2.10117
2.08728
2.07339
2.0595
2.04562
2.03173
2.01784
2.00395
1.99006
1.97617
1.96228
1.94839
1.9345
1.92062
1.90673
1.89284
1.87895
1.86506
1.85117
1.83728
1.82339
1.8095
1.79562
1.78173
1.76784
1.75395
1.74006
1.73431
1.05991
1.04602
1.04027
1.03452
1.02876
1.02301
1.01726
1.01151
1
1
1
1
1
1
1
1
1
1
1
1
1
1
1
1
1
1
1
1
1.01151
1.01726
1.02301
1.02876
1.03452
1.04027
1.04602
1.05178
1.05753
1.06328
1.05416
1.04027
1.03452
1.02876
1.02301
1.01726
1.01151
1
1
1
1
1
1
1
1
1
1
1
1
1
1
1.01151
1.01726
1.02301
1.02876
1.03452
1.04027
1.04602
1.05178
1.05753
1.06328
1.06904
1.07479
1.08054
1.08629
1
1
1
1
1
1
1
1
1
1
1
1
1
1
1
1
1
1
1
1.01151
1.01726
1.02301
1.02876
1.03452
1.04027
1.04602
1.05178
1.05753
1.06328
1.06904
1.07479
1.08054
1.08629
1.09205
1.0978
1.10355
1.10931
1.11506
1.12081
1.12657
1.13232
1.13807
1.14382
1.14958
1.15533
1.16108
1.16684
1.17259
1.17834
1.1841
2.44646
2.43237
2.41829
2.4042
2.39012
2.37604
2.36195
2.34787
2.33378
2.3197
2.30561
2.29153
2.27744
2.26336
2.24927
2.23519
2.22111
2.20702
2.19294
2.17885
2.16477
2.15068
2.1366
2.12251
2.10843
2.09435
2.08026
2.06618
2.05209
2.03801
2.02392
2.00984
1.99575
1.98167
1.96758
1.9535
1.93942
1.92533
1.91125
1.89716
1.88308
1.86899
1.85491
1.84082
1.82674
1.81266
1.79857
1.05492
1.04084
1.035
1.02917
1.02334
1.0175
1.01167
1
1
1
1
1
1
1
1
1
1
1
1
1
1
1
1
1
1
1
1
1.01167
1.0175
1.02334
1.02917
1.035
1.04084
1.04667
1.05251
1.05834
1.06417
1.035
1.02917
1.02334
1.0175
1.01167
1
1
1
1
1
1
1
1
1
1
1
1
1
1
1.01167
1.0175
1.02334
1.02917
1.035
1.04084
1.04667
1.05251
1.05834
1.06417
1.07001
1.07584
1.08168
1.08751
1
1
1
1
1
1
1
1
1
1
1
1
1
1
1
1
1
1
1
1
1.01167
1.0175
1.02334
1.02917
1.035
1.04084
1.04667
1.05251
1.05834
1.06417
1.07001
1.07584
1.08168
1.08751
1.09334
1.09918
1.10501
1.11085
1.11668
1.12251
1.12835
1.13418
1.14002
1.14585
1.15168
1.15752
1.16335
1.16919
1.17502
1.18085
1.18669
1.19252
1.19836
2.48732
2.47304
2.45875
2.44447
2.43018
2.4159
2.40161
2.38732
2.37304
2.35875
2.34447
2.33018
2.3159
2.30161
2.28732
2.27304
2.25875
2.24447
2.23018
2.2159
2.20161
2.18732
2.17304
2.15875
2.14447
2.13018
2.1159
2.10161
2.08732
2.07304
2.05875
2.04447
2.03018
2.0159
2.00161
1.98732
1.97304
1.95875
1.94447
1.93018
1.9159
1.90161
1.88732
1.87304
1.85875
1.0355
1.02959
1.02367
1.01775
1.01183
1
1
1
1
1
1
1
1
1
1
1
1
1
1
1
1
1
1
1
1
1.01183
1.01775
1.02367
1.02959
1.0355
1.04142
1.04734
1.05326
1.05917
1.06509
1.07101
1.07693
1.02959
1.02367
1.01775
1.01183
1
1
1
1
1
1
1
1
1
1
1
1
1
1
1.01183
1.01775
1.02367
1.02959
1.0355
1.04142
1.04734
1.05326
1.05917
1.06509
1.07101
1.07693
1.08284
1.08876
1.09468
1
1
1
1
1
1
1
1
1
1
1
1
1
1
1
1
1
1
1
1
1
1.01183
1.01775
1.02367
1.02959
1.0355
1.04142
1.04734
1.05326
1.05917
1.06509
1.07101
1.07693
1.08284
1.08876
1.09468
1.10059
1.10651
1.11243
1.11835
1.12426
1.13018
1.1361
1.14202
1.14793
1.15385
1.15977
1.16569
1.1716
1.17752
1.18344
1.18936
1.19527
1.20119
1.20711
2.50039
2.4859
2.47141
2.45691
2.44242
2.42793
2.41343
2.39894
2.38445
2.36996
2.35546
2.34097
2.32648
2.31198
2.29749
2.283
2.26851
2.25401
2.23952
2.22503
2.21054
2.19604
2.18155
2.16706
2.15256
2.13807
2.12358
2.10909
2.09459
2.0801
2.06561
2.05112
2.03662
2.02213
2.00764
1.99314
1.97865
1.96416
1.94967
1.93517
1.03002
1.02401
1.01801
1.01201
1
1
1
1
1
1
1
1
1
1
1
1
1
1
1
1
1
1
1
1
1.01201
1.01801
1.02401
1.03002
1.03602
1.04202
1.04802
1.05403
1.06003
1.06603
1.07204
1.07804
1.03002
1.02401
1.01801
1.01201
1
1
1
1
1
1
1
1
1
1
1
1
1
1
1.01201
1.01801
1.02401
1.03002
1.03602
1.04202
1.04802
1.05403
1.06003
1.06603
1.07204
1.07804
1.08404
1.09005
1.09605
1.10205
1
1
1
1
1
1
1
1
1
1
1
1
1
1
1
1
1
1
1
1
1
1
1.01201
1.01801
1.02401
1.03002
1.03602
1.04202
1.04802
1.05403
1.06003
1.06603
1.07204
1.07804
1.08404
1.09005
1.09605
1.10205
1.10806
1.11406
1.12006
1.12607
1.13207
1.13807
1.14407
1.15008
1.15608
1.16208
1.16809
1.17409
1.18009
1.1861
1.1921
1.1981
1.20411
1.21011
1.21611
2.52855
2.51384
2.49913
2.48443
2.46972
2.45502
2.44031
2.42561
2.4109
2.39619
2.38149
2.36678
2.35208
2.33737
2.32266
2.30796
2.29325
2.27855
2.26384
2.24913
2.23443
2.21972
2.20502
2.19031
2.17561
2.1609
2.14619
2.13149
2.11678
2.10208
2.08737
2.07266
2.05796
2.04325
2.02855
2.01384
1.99913
1.03046
1.02437
1.01827
1.01218
1
1
1
1
1
1
1
1
1
1
1
1
1
1
1
1
1
1
1
1
1.01218
1.01827
1.02437
1.03046
1.03655
1.04264
1.04873
1.05482
1.06091
1.06701
1.0731
1.07919
1.02437
1.01827
1.01218
1
1
1
1
1
1
1
1
1
1
1
1
1
1
1.01218
1.01827
1.02437
1.03046
1.03655
1.04264
1.04873
1.05482
1.06091
1.06701
1.0731
1.07919
1.08528
1.09137
1.09746
1.10355
1.10965
1.11574
1.01827
1.01218
1
1
1
1
1
1
1
1
1
1
1
1
1
1
1
1
1
1
1
1
1
1
1.01218
1.01827
1.02437
1.03046
1.03655
1.04264
1.04873
1.05482
1.06091
1.06701
1.0731
1.07919
1.08528
1.09137
1.09746
1.10355
1.10965
1.11574
1.12183
1.12792
1.13401
1.1401
1.14619
1.15228
1.15838
1.16447
1.17056
1.17665
1.18274
1.18883
1.19492
1.20102
1.20711
1.2132
1.21929
2.57247
2.55754
2.54262
2.52769
2.51277
2.49784
2.48292
2.46799
2.45307
2.43814
2.42321
2.40829
2.39336
2.37844
2.36351
2.34859
2.33366
2.31874
2.30381
2.28889
2.27396
2.25904
2.24411
2.22918
2.21426
2.19933
2.18441
2.16948
2.15456
2.13963
2.12471
2.10978
2.09486
2.07993
1.02473
1.01855
1.01236
1
1
1
1
1
1
1
1
1
1
1
1
1
1
1
1
1
1
1
1
1.01236
1.01855
1.02473
1.03091
1.03709
1.04328
1.04946
1.05564
1.06182
1.06801
1.07419
1.08037
1.03347
1.01855
1.01236
1
1
1
1
1
1
1
1
1
1
1
1
1
1
1.01236
1.01855
1.02473
1.03091
1.03709
1.04328
1.04946
1.05564
1.06182
1.06801
1.07419
1.08037
1.08655
1.09273
1.09892
1.1051
1.11128
1.11746
1.12365
1.02473
1.01855
1.01236
1
1
1
1
1
1
1
1
1
1
1
1
1
1
1
1
1
1
1
1
1
1
1.01236
1.01855
1.02473
1.03091
1.03709
1.04328
1.04946
1.05564
1.06182
1.06801
1.07419
1.08037
1.08655
1.09273
1.09892
1.1051
1.11128
1.11746
1.12365
1.12983
1.13601
1.14219
1.14838
1.15456
1.16074
1.16692
1.1731
1.17929
1.18547
1.19165
1.19783
1.20402
1.2102
1.21638
1.22256
1.22875
2.60257
2.58742
2.57227
2.55712
2.54196
2.52681
2.51166
2.49651
2.48136
2.46621
2.45105
2.4359
2.42075
2.4056
2.39045
2.3753
2.36015
2.34499
2.32984
2.31469
2.29954
2.28439
2.26924
2.25408
2.23893
2.22378
2.20863
2.19348
2.17833
2.16318
2.14802
1.03398
1.01883
1.01255
1
1
1
1
1
1
1
1
1
1
1
1
1
1
1
1
1
1
1
1
1.01255
1.01883
1.0251
1.03138
1.03766
1.04393
1.05021
1.05648
1.06276
1.06904
1.07531
1.08159
1.01255
1
1
1
1
1
1
1
1
1
1
1
1
1
1
1.01255
1.01883
1.0251
1.03138
1.03766
1.04393
1.05021
1.05648
1.06276
1.06904
1.07531
1.08159
1.08786
1.09414
1.10042
1.10669
1.11297
1.11924
1.12552
1.1318
1.0251
1.01883
1.01255
1
1
1
1
1
1
1
1
1
1
1
1
1
1
1
1
1
1
1
1
1
1
1.01255
1.01883
1.0251
1.03138
1.03766
1.04393
1.05021
1.05648
1.06276
1.06904
1.07531
1.08159
1.08786
1.09414
1.10042
1.10669
1.11297
1.11924
1.12552
1.1318
1.13807
1.14435
1.15062
1.1569
1.16318
1.16945
1.17573
1.182
1.18828
1.19456
1.20083
1.20711
1.21338
1.21966
1.22594
1.23221
2.60283
2.58744
2.57206
2.55667
2.54129
2.5259
2.51052
2.49514
2.47975
2.46437
2.44898
2.4336
2.41821
2.40283
2.38744
2.37206
2.35667
2.34129
2.3259
2.31052
2.29514
2.27975
2.26437
2.24898
2.2336
1.01275
1
1
1
1
1
1
1
1
1
1
1
1
1
1
1
1
1
1
1
1
1.01275
1.01912
1.02549
1.03186
1.03824
1.04461
1.05098
1.05735
1.06373
1.0701
1.07647
1.08284
1.01275
1
1
1
1
1
1
1
1
1
1
1
1
1
1
1.01275
1.01912
1.02549
1.03186
1.03824
1.04461
1.05098
1.05735
1.06373
1.0701
1.07647
1.08284
1.08922
1.09559
1.10196
1.10833
1.11471
1.12108
1.12745
1.13382
1.1402
1.14657
1.03186
1.02549
1.01912
1.01275
1
1
1
1
1
1
1
1
1
1
1
1
1
1
1
1
1
1
1
1
1
1
1.01275
1.01912
1.02549
1.03186
1.03824
1.04461
1.05098
1.05735
1.06373
1.0701
1.07647
1.08284
1.08922
1.09559
1.10196
1.10833
1.11471
1.12108
1.12745
1.13382
1.1402
1.14657
1.15294
1.15931
1.16569
1.17206
1.17843
1.1848
1.19118
1.19755
1.20392
1.21029
1.21667
1.22304
1.22941
1.23578
2.63434
2.61872
2.60309
2.58747
2.57184
2.55622
2.54059
2.52497
2.50934
2.49372
2.47809
2.46247
2.44684
2.43122
2.41559
2.39997
2.38434
2.36872
2.35309
2.33747
2.32184
2.30622
1.01294
1
1
1
1
1
1
1
1
1
1
1
1
1
1
1
1
1
1
1
1
1.01294
1.01942
1.02589
1.03236
1.03883
1.0453
1.05178
1.05825
1.06472
1.07119
1.07767
1.08414
1.01294
1
1
1
1
1
1
1
1
1
1
1
1
1
1
1.01294
1.01942
1.02589
1.03236
1.03883
1.0453
1.05178
1.05825
1.06472
1.07119
1.07767
1.08414
1.09061
1.09708
1.10355
1.11003
1.1165
1.12297
1.12944
1.13591
1.14239
1.14886
1.14886
1.03236
1.02589
1.01942
1.01294
1
1
1
1
1
1
1
1
1
1
1
1
1
1
1
1
1
1
1
1
1
1
1.01294
1.01942
1.02589
1.03236
1.03883
1.0453
1.05178
1.05825
1.06472
1.07119
1.07767
1.08414
1.09061
1.09708
1.10355
1.11003
1.1165
1.12297
1.12944
1.13591
1.14239
1.14886
1.15533
1.1618
1.16827
1.17475
1.18122
1.18769
1.19416
1.20064
1.20711
1.21358
1.22005
1.22652
1.233
1.24862
2.68273
2.66686
2.65099
2.63511
2.61924
2.60337
2.5875
2.57162
2.55575
2.53988
2.524
2.50813
2.49226
2.47638
2.46051
2.44464
2.42877
2.41289
2.39702
2.38115
2.36527
2.3587
1.01315
1
1
1
1
1
1
1
1
1
1
1
1
1
1
1
1
1
1
1
1
1.01315
1.01972
1.0263
1.03287
1.03945
1.04602
1.0526
1.05917
1.06575
1.07232
1.0789
1.08547
1.01315
1
1
1
1
1
1
1
1
1
1
1
1
1
1
1.01315
1.01972
1.0263
1.03287
1.03945
1.04602
1.0526
1.05917
1.06575
1.07232
1.0789
1.08547
1.09205
1.09862
1.1052
1.11177
1.11835
1.12492
1.1315
1.13807
1.14465
1.15122
1.15122
1.03287
1.0263
1.01972
1.01315
1
1
1
1
1
1
1
1
1
1
1
1
1
1
1
1
1
1
1
1
1
1
1.01315
1.01972
1.0263
1.03287
1.03945
1.04602
1.0526
1.05917
1.06575
1.07232
1.0789
1.08547
1.09205
1.09862
1.1052
1.11177
1.11835
1.12492
1.1315
1.13807
1.14465
1.15122
1.1578
1.16437
1.17095
1.17752
1.1841
1.19067
1.19725
1.20382
1.21039
1.21697
1.22354
1.23012
1.24599
1.26187
2.66817
2.65204
2.63591
2.61978
2.60365
2.58752
2.57139
2.55527
2.53914
2.52301
2.50688
2.49075
2.47462
2.45849
1
1
1
1
1
1
1
1
1
1
1
1
1
1
1
1
1
1
1
1
1.01336
1.02004
1.02672
1.0334
1.04009
1.04677
1.05345
1.06013
1.06681
1.07349
1.08017
1.08685
1
1
1
1
1
1
1
1
1
1
1
1
1
1
1.01336
1.02004
1.02672
1.0334
1.04009
1.04677
1.05345
1.06013
1.06681
1.07349
1.08017
1.08685
1.09353
1.10021
1.10689
1.11357
1.12026
1.12694
1.13362
1.1403
1.14698
1.15366
1.15366
1.14698
1.04009
1.0334
1.02672
1.02004
1.01336
1
1
1
1
1
1
1
1
1
1
1
1
1
1
1
1
1
1
1
1
1
1
1.01336
1.02004
1.02672
1.0334
1.04009
1.04677
1.05345
1.06013
1.06681
1.07349
1.08017
1.08685
1.09353
1.10021
1.10689
1.11357
1.12026
1.12694
1.13362
1.1403
1.14698
1.15366
1.16034
1.16702
1.1737
1.18038
1.18706
1.19375
1.20043
1.20711
1.21379
1.22047
1.22715
1.24328
1.25941
1.27554
1.29167
1.3078
1
1
1
1
1
1
1
1
1
1
1
1
1
1
1
1
1
1
1
1
1.01358
1.02037
1.02716
1.03395
1.04074
1.04753
1.05432
1.06111
1.0679
1.07469
1.08148
1.08828
1
1
1
1
1
1
1
1
1
1
1
1
1
1
1.01358
1.02037
1.02716
1.03395
1.04074
1.04753
1.05432
1.06111
1.0679
1.07469
1.08148
1.08828
1.09507
1.10186
1.10865
1.11544
1.12223
1.12902
1.13581
1.1426
1.14939
1.15618
1.15618
1.14939
1.1426
1.04074
1.03395
1.02716
1.02037
1.01358
1
1
1
1
1
1
1
1
1
1
1
1
1
1
1
1
1
1
1
1
1
1
1.01358
1.02037
1.02716
1.03395
1.04074
1.04753
1.05432
1.06111
1.0679
1.07469
1.08148
1.08828
1.09507
1.10186
1.10865
1.11544
1.12223
1.12902
1.13581
1.1426
1.14939
1.15618
1.16297
1.16976
1.17655
1.18334
1.19013
1.19692
1.20371
1.2105
1.21729
1.22408
1.24048
1.25687
1.27326
1.28966
1.30605
1.32244
1
1
1
1
1
1
1
1
1
1
1
1
1
1
1
1
1
1
1
1
1.01381
1.02071
1.02761
1.03452
1.04142
1.04832
1.05523
1.06213
1.06904
1.07594
1.08284
1.09951
1
1
1
1
1
1
1
1
1
1
1
1
1
1
1.01381
1.02071
1.02761
1.03452
1.04142
1.04832
1.05523
1.06213
1.06904
1.07594
1.08284
1.08975
1.09665
1.10355
1.11046
1.11736
1.12426
1.13117
1.13807
1.14498
1.15188
1.15878
1.15878
1.15188
1.14498
1.13807
1.13117
1.12426
1.04142
1.03452
1.02761
1.02071
1.01381
1
1
1
1
1
1
1
1
1
1
1
1
1
1
1
1
1
1
1
1
1
1
1.01381
1.02071
1.02761
1.03452
1.04142
1.04832
1.05523
1.06213
1.06904
1.07594
1.08284
1.08975
1.09665
1.10355
1.11046
1.11736
1.12426
1.13117
1.13807
1.14498
1.15188
1.15878
1.16569
1.17259
1.17949
1.1864
1.1933
1.2002
1.20711
1.21401
1.22091
1.23758
1.25425
1.27091
1.28758
1.30425
1
1
1
1
1
1
1
1
1
1
1
1
1
1
1
1
1
1
1
1.01404
1.02106
1.02808
1.0351
1.04212
1.04914
1.05616
1.06319
1.07021
1.07723
1
1
1
1
1
1
1
1
1
1
1
1
1
1.01404
1.02106
1.02808
1.0351
1.04212
1.04914
1.05616
1.06319
1.07021
1.07723
1.08425
1.09127
1.09829
1.10531
1.11233
1.11935
1.12637
1.13339
1.14041
1.14743
1.15445
1.16147
1.16147
1.15445
1.14743
1.14041
1.13339
1.12637
1.11935
1.05616
1.04914
1.04212
1.0351
1.02808
1.02106
1.01404
1
1
1
1
1
1
1
1
1
1
1
1
1
1
1
1
1
1
1
1
1
1
1.01404
1.02106
1.02808
1.0351
1.04212
1.04914
1.05616
1.06319
1.07021
1.07723
1.08425
1.09127
1.09829
1.10531
1.11233
1.11935
1.12637
1.13339
1.14041
1.14743
1.15445
1.16147
1.16849
1.17551
1.18254
1.18956
1.19658
1.2036
1.21062
1.21764
1.23459
1.25154
1.26849
1.28543
1.30238
1.31933
1
1
1
1
1
1
1
1
1
1
1
1
1
1
1
1
1
1
1
1.01428
1.02142
1.02857
1.03571
1.04285
1.04999
1.05713
1.06427
1.07142
1.07856
1
1
1
1
1
1
1
1
1
1
1
1
1
1.01428
1.02142
1.02857
1.03571
1.04285
1.04999
1.05713
1.06427
1.07142
1.07856
1.0857
1.09284
1.09998
1.10712
1.11427
1.12141
1.12855
1.13569
1.14283
1.14997
1.15712
1.16426
1.16426
1.15712
1.14997
1.14283
1.13569
1.12855
1.12141
1.11427
1.10712
1.05713
1.04999
1.04285
1.03571
1.02857
1.02142
1.01428
1
1
1
1
1
1
1
1
1
1
1
1
1
1
1
1
1
1
1
1
1
1
1.01428
1.02142
1.02857
1.03571
1.04285
1.04999
1.05713
1.06427
1.07142
1.07856
1.0857
1.09284
1.09998
1.10712
1.11427
1.12141
1.12855
1.13569
1.14283
1.14997
1.15712
1.16426
1.1714
1.17854
1.18568
1.19282
1.19997
1.20711
1.21425
1.23149
1.24873
1.26597
1.28321
1.30046
1.3177
1.33494
1
1
1
1
1
1
1
1
1
1
1
1
1
1
1
1
1
1
1
1.01453
1.0218
1.02907
1.03633
1.0436
1.05087
1.05814
1.0654
1.07267
1.07994
1
1
1
1
1
1
1
1
1
1
1
1
1
1.01453
1.0218
1.02907
1.03633
1.0436
1.05087
1.05814
1.0654
1.07267
1.07994
1.0872
1.09447
1.10174
1.109
1.11627
1.12354
1.1308
1.13807
1.14534
1.15261
1.15987
1.16714
1.16714
1.15987
1.15261
1.14534
1.13807
1.1308
1.12354
1.11627
1.109
1.10174
1.09447
1.05814
1.05087
1.0436
1.03633
1.02907
1.0218
1.01453
1
1
1
1
1
1
1
1
1
1
1
1
1
1
1
1
1
1
1
1
1
1
1.01453
1.0218
1.02907
1.03633
1.0436
1.05087
1.05814
1.0654
1.07267
1.07994
1.0872
1.09447
1.10174
1.109
1.11627
1.12354
1.1308
1.13807
1.14534
1.15261
1.15987
1.16714
1.17441
1.18167
1.18894
1.19621
1.20347
1.21074
1.22828
1.24583
1.26337
1.28092
1.29846
1.316
1.33355
1.35109
1
1
1
1
1
1
1
1
1
1
1
1
1
1
1
1
1
1
1
1.01479
1.02219
1.02959
1.03698
1.04438
1.05178
1.05917
1.06657
1.07397
1.08136
1
1
1
1
1
1
1
1
1
1
1
1
1
1.01479
1.02219
1.02959
1.03698
1.04438
1.05178
1.05917
1.06657
1.07397
1.08136
1.08876
1.09616
1.10355
1.11095
1.11835
1.12574
1.13314
1.14054
1.14793
1.15533
1.16273
1.17012
1.17012
1.16273
1.15533
1.14793
1.14054
1.13314
1.12574
1.11835
1.11095
1.10355
1.09616
1.08876
1.08136
1.07397
1.05917
1.05178
1.04438
1.03698
1.02959
1.02219
1.01479
1
1
1
1
1
1
1
1
1
1
1
1
1
1
1
1
1
1
1
1
1
1
1.01479
1.02219
1.02959
1.03698
1.04438
1.05178
1.05917
1.06657
1.07397
1.08136
1.08876
1.09616
1.10355
1.11095
1.11835
1.12574
1.13314
1.14054
1.14793
1.15533
1.16273
1.17012
1.17752
1.18492
1.19231
1.19971
1.20711
1.22496
1.24282
1.26068
1.27854
1.29639
1.31425
1.33211
1.34996
1
1
1
1
1
1
1
1
1
1
1
1
1
1
1
1
1
1
1
1.01506
1.02259
1.03012
1.03766
1.04519
1.05272
1.06025
1.06778
1.07531
1.08284
1
1
1
1
1
1
1
1
1
1
1
1
1
1.01506
1.02259
1.03012
1.03766
1.04519
1.05272
1.06025
1.06778
1.07531
1.08284
1.09037
1.09791
1.10544
1.11297
1.1205
1.12803
1.13556
1.14309
1.15062
1.15815
1.16569
1.17322
1.17322
1.16569
1.15815
1.15062
1.14309
1.13556
1.12803
1.1205
1.11297
1.10544
1.09791
1.09037
1.08284
1.07531
1.06778
1.06778
1.06025
1.05272
1.04519
1.03766
1.03012
1.02259
1.01506
1
1
1
1
1
1
1
1
1
1
1
1
1
1
1
1
1
1
1
1
1
1
1.01506
1.02259
1.03012
1.03766
1.04519
1.05272
1.06025
1.06778
1.07531
1.08284
1.09037
1.09791
1.10544
1.11297
1.1205
1.12803
1.13556
1.14309
1.15062
1.15815
1.16569
1.17322
1.18075
1.18828
1.19581
1.20334
1.22152
1.23971
1.25789
1.27607
1.29425
1.31243
1.33061
1.3488
1.36698
1
1
1
1
1
1
1
1
1
1
1
1
1
1
1
1
1
1
1
1.01534
1.02301
1.03068
1.03835
1.04602
1.05369
1.06137
1.06904
1.07671
1.08438
1
1
1
1
1
1
1
1
1
1
1
1
1
1.01534
1.02301
1.03068
1.03835
1.04602
1.05369
1.06137
1.06904
1.07671
1.08438
1.09205
1.09972
1.10739
1.11506
1.12273
1.1304
1.13807
1.14574
1.15341
1.16108
1.16875
1.17642
1.17642
1.16875
1.16108
1.15341
1.14574
1.13807
1.1304
1.12273
1.11506
1.10739
1.09972
1.09205
1.08438
1.07671
1.06904
1.06904
1.06137
1.05369
1.04602
1.03835
1.03068
1.02301
1.01534
1
1
1
1
1
1
1
1
1
1
1
1
1
1
1
1
1
1
1
1
1
1
1.01534
1.02301
1.03068
1.03835
1.04602
1.05369
1.06137
1.06904
1.07671
1.08438
1.09205
1.09972
1.10739
1.11506
1.12273
1.1304
1.13807
1.14574
1.15341
1.16108
1.16875
1.17642
1.1841
1.19177
1.19944
1.21796
1.23647
1.25499
1.27351
1.29203
1.31055
1.32907
1.34758
1.3661
1.38462
1
1
1
1
1
1
1
1
1
1
1
1
1
1
1
1
1
1
1.00782
1.01563
1.02345
1.03126
1.03908
1.04689
1.05471
1.06252
1.07034
1.07815
1.08597
1
1
1
1
1
1
1
1
1
1
1
1
1.00782
1.01563
1.02345
1.03126
1.03908
1.04689
1.05471
1.06252
1.07034
1.07815
1.08597
1.09378
1.1016
1.10942
1.11723
1.12505
1.13286
1.14068
1.14849
1.15631
1.16412
1.17194
1.17975
1.17975
1.17194
1.16412
1.15631
1.14849
1.14068
1.13286
1.12505
1.11723
1.10942
1.1016
1.09378
1.08597
1.07815
1.07034
1.06252
1.05471
1.07034
1.06252
1.05471
1.04689
1.03908
1.03126
1.02345
1.01563
1.00782
1
1
1
1
1
1
1
1
1
1
1
1
1
1
1
1
1
1
1
1
1.00782
1.01563
1.02345
1.03126
1.03908
1.04689
1.05471
1.06252
1.07034
1.07815
1.08597
1.09378
1.1016
1.10942
1.11723
1.12505
1.13286
1.14068
1.14849
1.15631
1.16412
1.17194
1.17975
1.18757
1.19538
1.21425
1.23312
1.25199
1.27086
1.28972
1.30859
1.32746
1.34633
1.3652
1.38406
1
1
1
1
1
1
1
1
1
1
1
1
1
1
1
1
1
1
1.00797
1.01593
1.0239
1.03186
1.03983
1.04779
1.05576
1.06373
1.07169
1.07966
1
1
1
1
1
1
1
1
1
1
1
1
1.00797
1.01593
1.0239
1.03186
1.03983
1.04779
1.05576
1.06373
1.07169
1.07966
1.08762
1.09559
1.10355
1.11152
1.11948
1.12745
1.13542
1.14338
1.15135
1.15931
1.16728
1.17524
1.18321
1.18321
1.17524
1.16728
1.15931
1.15135
1.14338
1.13542
1.12745
1.11948
1.11152
1.10355
1.09559
1.08762
1.07966
1.07169
1.06373
1.05576
1.04779
1.03983
1.03186
1.07169
1.06373
1.05576
1.04779
1.03983
1.03186
1.0239
1.01593
1.00797
1
1
1
1
1
1
1
1
1
1
1
1
1
1
1
1
1
1
1
1
1.00797
1.01593
1.0239
1.03186
1.03983
1.04779
1.05576
1.06373
1.07169
1.07966
1.08762
1.09559
1.10355
1.11152
1.11948
1.12745
1.13542
1.14338
1.15135
1.15931
1.16728
1.17524
1.18321
1.19118
1.21041
1.22964
1.24887
1.2681
1.28733
1.30656
1.32579
1.34502
1.36425
1.38348
1.40271
1
1
1
1
1
1
1
1
1
1
1
1
1
1
1
1
1
1
1.00812
1.01624
1.02437
1.03249
1.04061
1.04873
1.05685
1.06497
1.0731
1.08122
1
1
1
1
1
1
1
1
1
1
1
1
1.00812
1.01624
1.02437
1.03249
1.04061
1.04873
1.05685
1.06497
1.0731
1.08122
1.08934
1.09746
1.10558
1.11371
1.12183
1.12995
1.13807
1.14619
1.15432
1.16244
1.17056
1.17868
1.1868
1.1868
1.17868
1.17056
1.16244
1.15432
1.14619
1.13807
1.12995
1.12183
1.11371
1.10558
1.09746
1.08934
1.08122
1.0731
1.06497
1.05685
1.04873
1.04061
1.03249
1.02437
1.0731
1.06497
1.05685
1.04873
1.04061
1.03249
1.02437
1.01624
1.00812
1
1
1
1
1
1
1
1
1
1
1
1
1
1
1
1
1
1
1
1
1.00812
1.01624
1.02437
1.03249
1.04061
1.04873
1.05685
1.06497
1.0731
1.08122
1.08934
1.09746
1.10558
1.11371
1.12183
1.12995
1.13807
1.14619
1.15432
1.16244
1.17056
1.17868
1.1868
1.20641
1.22602
1.24563
1.26523
1.28484
1.30445
1.32406
1.34367
1.36327
1.38288
1.40249
1
1
1
1
1
1
1
1
1
1
1
1
1
1
1
1
1
1
1.00828
1.01657
1.02485
1.03314
1.04142
1.04971
1.05799
1.06627
1.07456
1.08284
1
1
1
1
1
1
1
1
1
1
1
1
1.00828
1.01657
1.02485
1.03314
1.04142
1.04971
1.05799
1.06627
1.07456
1.08284
1.09113
1.09941
1.1077
1.11598
1.12426
1.13255
1.14083
1.14912
1.1574
1.16569
1.17397
1.18225
1.19882
1.19054
1.18225
1.17397
1.16569
1.1574
1.14912
1.14083
1.13255
1.12426
1.11598
1.1077
1.09941
1.09113
1.08284
1.07456
1.06627
1.05799
1.04971
1.04142
1.03314
1.02485
1.01657
1.00828
1
1.07456
1.06627
1.05799
1.04971
1.04142
1.03314
1.02485
1.01657
1.00828
1
1
1
1
1
1
1
1
1
1
1
1
1
1
1
1
1
1
1
1
1.00828
1.01657
1.02485
1.03314
1.04142
1.04971
1.05799
1.06627
1.07456
1.08284
1.09113
1.09941
1.1077
1.11598
1.12426
1.13255
1.14083
1.14912
1.1574
1.16569
1.17397
1.18225
1.20225
1.22225
1.24225
1.26225
1.28225
1.30225
1.32225
1.34225
1.36225
1.38225
1
1
1
1
1
1
1
1
1
1
1
1
1
1
1
1
1
1
1
1.00845
1.01691
1.02536
1.03381
1.04227
1.05072
1.05917
1.06763
1.07608
1.08453
1
1
1
1
1
1
1
1
1
1
1
1
1.00845
1.01691
1.02536
1.03381
1.04227
1.05072
1.05917
1.06763
1.07608
1.08453
1.09299
1.10144
1.10989
1.11835
1.1268
1.13525
1.14371
1.15216
1.16061
1.16907
1.17752
1.19793
1.20288
1.19443
1.18597
1.17752
1.16907
1.16061
1.15216
1.14371
1.13525
1.1268
1.11835
1.10989
1.10144
1.09299
1.08453
1.07608
1.06763
1.05917
1.05072
1.04227
1.03381
1.02536
1.01691
1.00845
1
1
1
1.07608
1.06763
1.05917
1.05072
1.04227
1.03381
1.02536
1.01691
1.00845
1
1
1
1
1
1
1
1
1
1
1
1
1
1
1
1
1
1
1
1
1.00845
1.01691
1.02536
1.03381
1.04227
1.05072
1.05917
1.06763
1.07608
1.08453
1.09299
1.10144
1.10989
1.11835
1.1268
1.13525
1.14371
1.15216
1.16061
1.16907
1.17752
1.19793
1.21834
1.23875
1.25915
1.27956
1.29997
1.32038
1.34079
1.36119
1
1
1
1
1
1
1
1
1
1
1
1
1
1
1
1
1
1
1
1.00863
1.01726
1.02589
1.03452
1.04315
1.05178
1.06041
1.06904
1.07767
1
1
1
1
1
1
1
1
1
1
1
1
1.00863
1.01726
1.02589
1.03452
1.04315
1.05178
1.06041
1.06904
1.07767
1.08629
1.09492
1.10355
1.11218
1.12081
1.12944
1.13807
1.1467
1.15533
1.16396
1.17259
1.19342
1.21426
1.20711
1.19848
1.18985
1.18122
1.17259
1.16396
1.15533
1.1467
1.13807
1.12944
1.12081
1.11218
1.10355
1.09492
1.08629
1.07767
1.06904
1.06041
1.05178
1.04315
1.03452
1.02589
1.01726
1.00863
1
1
1
1
1
1.07767
1.06904
1.06041
1.05178
1.04315
1.03452
1.02589
1.01726
1.00863
1
1
1
1
1
1
1
1
1
1
1
1
1
1
1
1
1
1
1
1
1.00863
1.01726
1.02589
1.03452
1.04315
1.05178
1.06041
1.06904
1.07767
1.08629
1.09492
1.10355
1.11218
1.12081
1.12944
1.13807
1.1467
1.15533
1.16396
1.17259
1.19342
1.21426
1.23509
1.25592
1.27676
1.29759
1.31842
1.33926
1
1
1
1
1
1
1
1
1
1
1
1
1
1
1
1
1
1
1
1.00881
1.01763
1.02644
1.03525
1.04407
1.05288
1.06169
1.0705
1.07932
1
1
1
1
1
1
1
1
1
1
1
1
1.00881
1.01763
1.02644
1.03525
1.04407
1.05288
1.06169
1.0705
1.07932
1.08813
1.09694
1.10576
1.11457
1.12338
1.1322
1.14101
1.14982
1.15864
1.16745
1.18873
1.21
1.22033
1.21151
1.2027
1.19389
1.18507
1.17626
1.16745
1.15864
1.14982
1.14101
1.1322
1.12338
1.11457
1.10576
1.09694
1.08813
1.07932
1.0705
1.06169
1.05288
1.04407
1.03525
1.02644
1.01763
1.00881
1
1
1
1
1
1
1.07932
1.0705
1.06169
1.05288
1.04407
1.03525
1.02644
1.01763
1.00881
1
1
1
1
1
1
1
1
1
1
1
1
1
1
1
1
1
1
1
1
1.00881
1.01763
1.02644
1.03525
1.04407
1.05288
1.06169
1.0705
1.07932
1.08813
1.09694
1.10576
1.11457
1.12338
1.1322
1.14101
1.14982
1.15864
1.16745
1.18873
1.21
1.23128
1.25255
1.27383
1.29511
1.31638
1.33766
1
1
1
1
1
1
1
1
1
1
1
1
1
1
1
1
1
1
1
1.009
1.01801
1.02701
1.03602
1.04502
1.05403
1.06303
1.07204
1.08104
1
1
1
1
1
1
1
1
1
1
1
1
1.009
1.01801
1.02701
1.03602
1.04502
1.05403
1.06303
1.07204
1.08104
1.09005
1.09905
1.10806
1.11706
1.12607
1.13507
1.14407
1.15308
1.16208
1.18382
1.20556
1.2273
1.23785
1.21611
1.20711
1.1981
1.1891
1.18009
1.17109
1.16208
1.15308
1.14407
1.13507
1.12607
1.11706
1.10806
1.09905
1.09005
1.08104
1.07204
1.06303
1.05403
1.04502
1.03602
1.02701
1.01801
1.009
1
1
1
1
1
1
1.08104
1.07204
1.06303
1.05403
1.04502
1.03602
1.02701
1.01801
1.009
1
1
1
1
1
1
1
1
1
1
1
1
1
1
1
1
1
1
1
1
1.009
1.01801
1.02701
1.03602
1.04502
1.05403
1.06303
1.07204
1.08104
1.09005
1.09905
1.10806
1.11706
1.12607
1.13507
1.14407
1.15308
1.16208
1.18382
1.20556
1.2273
1.24904
1.27078
1.29252
1.31426
1.336
1.35774
1
1
1
1
1
1
1
1
1
1
1
1
1
1
1
1
1
1
1
1.0092
1.01841
1.02761
1.03682
1.04602
1.05523
1.06443
1.07364
1.08284
1
1
1
1
1
1
1
1
1
1
1
1
1.0092
1.01841
1.02761
1.03682
1.04602
1.05523
1.06443
1.07364
1.08284
1.09205
1.10125
1.11046
1.11966
1.12887
1.13807
1.14728
1.15648
1.1787
1.20093
1.22315
1.24537
1.25615
1.23393
1.21171
1.2025
1.1933
1.1841
1.17489
1.16569
1.15648
1.14728
1.13807
1.12887
1.11966
1.11046
1.10125
1.09205
1.08284
1.07364
1.06443
1.05523
1.04602
1.03682
1.02761
1.01841
1.0092
1
1
1
1
1
1
1
1
1
1.08284
1.07364
1.06443
1.05523
1.04602
1.03682
1.02761
1.01841
1.0092
1
1
1
1
1
1
1
1
1
1
1
1
1
1
1
1
1
1
1
1
1.0092
1.01841
1.02761
1.03682
1.04602
1.05523
1.06443
1.07364
1.08284
1.09205
1.10125
1.11046
1.11966
1.12887
1.13807
1.14728
1.15648
1.1787
1.20093
1.22315
1.24537
1.26759
1.28981
1.31204
1.33426
1
1
1
1
1
1
1
1
1
1
1
1
1
1.0092
1
1
1
1
1
1
1
1
1
1
1
1
1
1
1
1
1
1
1
1.00941
1.01883
1.02824
1.03766
1.04707
1.05648
1.0659
1.07531
1.08473
1
1
1
1
1
1
1
1
1
1
1
1
1
1.00941
1.01883
1.02824
1.03766
1.04707
1.05648
1.0659
1.07531
1.08473
1.09414
1.10355
1.11297
1.12238
1.1318
1.14121
1.15062
1.17335
1.19608
1.21881
1.24153
1.26426
1.27529
1.25256
1.22983
1.20711
1.19769
1.18828
1.17887
1.16945
1.16004
1.15062
1.14121
1.1318
1.12238
1.11297
1.10355
1.09414
1.08473
1.07531
1.0659
1.05648
1.04707
1.03766
1.02824
1.01883
1.00941
1
1
1
1
1
1
1
1
1
1
1.07531
1.0659
1.05648
1.04707
1.03766
1.02824
1.01883
1.00941
1
1
1
1
1
1
1
1
1
1
1
1
1
1
1
1
1
1
1
1
1.00941
1.01883
1.02824
1.03766
1.04707
1.05648
1.0659
1.07531
1.08473
1.09414
1.10355
1.11297
1.12238
1.1318
1.14121
1.15062
1.17335
1.19608
1.21881
1.24153
1.26426
1.28699
1
1
1
1
1
1
1
1
1
1
1
1
1
1
1
1
1.00941
1.01883
1.02824
1.01883
1.00941
1
1
1
1
1
1
1
1
1
1
1
1
1
1
1
1
1
1
1
1
1.00963
1.01927
1.0289
1.03853
1.04816
1.0578
1.06743
1.07706
1
1
1
1
1
1
1
1
1
1
1
1
1
1.00963
1.01927
1.0289
1.03853
1.04816
1.0578
1.06743
1.07706
1.0867
1.09633
1.10596
1.11559
1.12523
1.13486
1.14449
1.16775
1.19101
1.21426
1.23752
1.26077
1.28403
1.29531
1.27206
1.2488
1.22555
1.20229
1.19266
1.18302
1.17339
1.16376
1.15413
1.14449
1.13486
1.12523
1.11559
1.10596
1.09633
1.0867
1.07706
1.06743
1.0578
1.04816
1.03853
1.0289
1.01927
1.00963
1
1
1
1
1
1
1
1
1
1
1
1.07706
1.06743
1.0578
1.04816
1.03853
1.0289
1.01927
1.00963
1
1
1
1
1
1
1
1
1
1
1
1
1
1
1
1
1
1
1
1
1.00963
1.01927
1.0289
1.03853
1.04816
1.0578
1.06743
1.07706
1.0867
1.09633
1.10596
1.11559
1.12523
1.13486
1.14449
1.16775
1.19101
1.21426
1.23752
1
1
1
1
1
1
1
1
1
1
1
1
1
1
1
1
1
1
1.00963
1.01927
1.0289
1.01927
1.00963
1
1
1
1
1
1
1
1
1
1
1
1
1
1
1
1
1
1
1
1
1
1
1.00986
1.01972
1.02959
1.03945
1.04931
1.05917
1.06904
1.0789
1
1
1
1
1
1
1
1
1
1
1
1
1
1.00986
1.01972
1.02959
1.03945
1.04931
1.05917
1.06904
1.0789
1.08876
1.09862
1.10848
1.11835
1.12821
1.13807
1.16188
1.18569
1.2095
1.23331
1.25712
1.28093
1.30474
1.31629
1.29248
1.26867
1.24486
1.22105
1.19724
1.18738
1.17752
1.16766
1.1578
1.14793
1.13807
1.12821
1.11835
1.10848
1.09862
1.08876
1.0789
1.06904
1.05917
1.04931
1.03945
1.02959
1.01972
1.00986
1
1
1
1
1
1
1
1
1
1
1
1
1.0789
1.06904
1.05917
1.04931
1.03945
1.02959
1.01972
1.00986
1
1
1
1
1
1
1
1
1
1
1
1
1
1
1
1
1
1
1
1
1.00986
1.01972
1.02959
1.03945
1.04931
1.05917
1.06904
1.0789
1.08876
1.09862
1.10848
1.11835
1.12821
1.13807
1.16188
1.18569
1.2095
1
1
1
1
1
1
1
1
1
1
1
1
1
1
1
1
1
1
1
1.00986
1.01972
1.02959
1.01972
1.00986
1
1
1
1
1
1
1
1
1
1
1
1
1
1
1
1
1
1
1
1
1
1
1
1
1.0101
1.02021
1.03031
1.04041
1.05051
1.06062
1.07072
1.09511
1
1
1
1
1
1
1
1
1
1
1
1
1
1
1.0101
1.02021
1.03031
1.04041
1.05051
1.06062
1.07072
1.08082
1.09093
1.10103
1.11113
1.12123
1.13134
1.15573
1.18012
1.20451
1.2289
1.25329
1.27768
1.30207
1.32646
1.33829
1.3139
1.28951
1.26512
1.24073
1.21634
1.19195
1.18185
1.17175
1.16164
1.15154
1.14144
1.13134
1.12123
1.11113
1.10103
1.09092
1.08082
1.07072
1.06062
1.05051
1.04041
1.03031
1.02021
1.0101
1
1
1
1
1
1
1
1
1
1
1
1
1
1
1.08082
1.07072
1.06062
1.05051
1.04041
1.03031
1.02021
1.0101
1
1
1
1
1
1
1
1
1
1
1
1
1
1
1
1
1
1
1
1
1.0101
1.02021
1.03031
1.04041
1.05051
1.06062
1.07072
1.08082
1.09093
1.10103
1.11113
1.12123
1.13134
1.15573
1.18012
1.20451
1
1
1
1
1
1
1
1
1
1
1
1
1
1
1
1
1
1
1
1
1
1.0101
1.02021
1.03031
1.02021
1.0101
1
1
1
1
1
1
1.13462
1.13462
1.12426
1.11391
1.10355
1.0932
1.08284
1.07249
1.06213
1.05178
1.04142
1.03107
1.02071
1.01036
1
1
1
1
1
1
1
1
1
1
1
1
1
1
1
1
1
1
1
1
1
1
1
1.01036
1.02071
1.03107
1.04142
1.05178
1.06213
1
1
1
1
1
1
1
1
1
1
1
1
1
1
1.01036
1.02071
1.03107
1.04142
1.05178
1.06213
1.07249
1.08284
1.0932
1.10355
1.11391
1.12426
1.14926
1.17426
1.19926
1.22426
1.24926
1.27426
1.29926
1.32426
1.34926
1.3614
1.3364
1.3114
1.2864
1.2614
1.2364
1.2114
1.1864
1.17604
1.16569
1.15533
1.14497
1.13462
1.12426
1.11391
1.10355
1.0932
1.08284
1.07249
1.06213
1.05178
1.04142
1.03107
1.02071
1.01036
1
1
1
1
1
1
1
1
1
1
1
1
1
1
1
1.08284
1.07249
1.06213
1.05178
1.04142
1.03107
1.02071
1.01036
1
1
1
1
1
1
1
1
1
1
1
1
1
1
1
1
1
1
1
1
1.01036
1.02071
1.03107
1.04142
1.05178
1.06213
1.07249
1.08284
1.0932
1.10355
1.11391
1.12426
1.14926
1
1
1
1
1
1
1
1
1
1
1
1
1
1
1
1
1
1
1
1
1
1
1.01036
1.02071
1.03107
1.02071
1.01036
1
1
1
1
1
1
1
1
1.04248
1.0531
1.06373
1.07435
1.08497
1.09559
1.10621
1.11683
1.12745
1.13807
1.13807
1.12745
1.11683
1.10621
1.09559
1.08497
1.07435
1.06373
1.0531
1.04248
1.03186
1.02124
1.01062
1
1
1
1
1
1
1
1
1
1
1
1
1
1
1
1
1
1
1
1
1
1
1
1
1
1
1
1
1
1
1
1.01062
1.02124
1.03186
1.04248
1.0531
1.06373
1
1
1
1
1
1
1
1
1
1
1
1
1
1
1.01062
1.02124
1.03186
1.04248
1.0531
1.06373
1.07435
1.08497
1.09559
1.10621
1.11683
1.14247
1.16811
1.19375
1.30876
1.28312
1.25748
1.23184
1.2062
1.18055
1.16993
1.15931
1.14869
1.13807
1.12745
1.11683
1.10621
1.09559
1.08497
1.07435
1.06373
1.0531
1.04248
1.03186
1.02124
1.01062
1
1
1
1
1
1
1
1
1
1
1
1
1
1
1
1
1.09999
1.07435
1.06373
1.0531
1.04248
1.03186
1.02124
1.01062
1
1
1
1
1
1
1
1
1
1
1
1
1
1
1
1
1
1
1
1
1.01062
1.02124
1.03186
1.04248
1.0531
1.06373
1.07435
1.08497
1.09559
1.10621
1.11683
1.14247
1
1
1
1
1
1
1
1
1
1
1
1
1
1
1
1
1
1
1
1
1
1
1
1.01062
1.02124
1.03186
1.02124
1.01062
1
1
1
1
1
1
1
1
1
1
1
1.0109
1.0218
1.0327
1.0436
1.0545
1.0654
1.0763
1.0872
1.0981
1.109
1.1199
1.1308
1.1417
1.1417
1.1308
1.1199
1.109
1.0981
1.0872
1.0763
1.0654
1.0545
1.0436
1.0327
1.0218
1.0109
1
1
1
1
1
1
1
1
1
1
1
1
1
1
1
1
1
1
1
1
1
1
1
1
1
1
1
1
1
1
1
1
1
1
1.0109
1.0218
1.0327
1.0436
1.0545
1.0654
1
1
1
1
1
1
1
1
1
1
1
1
1
1
1
1
1.0109
1.0218
1.0327
1.0436
1.0545
1.0654
1.0763
1.0872
1.0981
1.109
1.13532
1.22704
1.20072
1.17441
1.16351
1.15261
1.1417
1.1308
1.1199
1.109
1.0981
1.0872
1.0763
1.0654
1.0545
1.0436
1.0327
1.0218
1.0109
1
1
1
1
1
1
1
1
1
1
1
1
1
1
1
1
1.0654
1.0545
1.0436
1.0327
1.0218
1.0109
1
1
1
1
1
1
1
1
1
1
1
1
1
1
1
1
1
1
1
1
1.0109
1.0218
1.0327
1.0436
1.0545
1.0654
1.0763
1.0872
1.0981
1.109
1.13532
1
1
1
1
1
1
1
1
1
1
1
1
1
1
1
1
1
1
1
1
1
1
1
1.0109
1.0218
1.0327
1.0218
1.0109
1
1
1
1
1
1
1
1
1
1
1
1
1.0112
1.02239
1.03358
1.04478
1.05597
1.06717
1.07836
1.08956
1.10075
1.11195
1.12314
1.13434
1.14553
1.14553
1.13434
1.12314
1.11195
1.10075
1.08956
1.07836
1.06717
1.05597
1.04478
1.03358
1.02239
1.0112
1
1
1
1
1
1
1
1
1
1
1
1
1
1
1
1
1
1
1
1
1
1
1
1
1
1
1
1
1
1
1
1
1
1
1.0112
1.02239
1.03358
1.04478
1.05597
1.06717
1
1
1
1
1
1
1
1
1
1
1
1
1
1
1
1
1.0112
1.02239
1.03358
1.04478
1.05597
1.06717
1.07836
1.08956
1.10075
1.12778
1.15481
1.24901
1.22198
1.19495
1.16792
1.15673
1.14553
1.13434
1.12314
1.11195
1.10075
1.08956
1.07836
1.06717
1.05597
1.04478
1.03358
1.02239
1.0112
1
1
1
1
1
1
1
1
1
1
1
1
1
1
1
1
1.06717
1.05597
1.04478
1.03358
1.02239
1.0112
1
1
1
1
1
1
1
1
1
1
1
1
1
1
1
1
1
1
1
1
1.0112
1.02239
1.03358
1.04478
1.05597
1.06717
1.07836
1.08956
1.10075
1.12778
1.15481
1
1
1
1
1
1
1
1
1
1
1
1
1
1
1
1
1
1
1
1
1
1
1
1.0112
1.02239
1.03358
1.02239
1.0112
1
1
1
1
1
1
1
1
1
1
1
1
1
1
1
1
1.01151
1.02301
1.03452
1.04602
1.05753
1.06904
1.08054
1.09205
1.10355
1.11506
1.12657
1.13807
1.14958
1.14958
1.13807
1.12657
1.11506
1.10355
1.09205
1.08054
1.06904
1.05753
1.04602
1.03452
1.02301
1.01151
1
1
1
1
1
1
1
1
1
1
1
1
1
1
1
1
1
1
1
1
1
1
1
1
1
1
1
1
1
1
1
1
1
1
1
1
1
1
1.01151
1.02301
1.03452
1.04602
1.05753
1.06904
1
1
1
1
1
1
1
1
1
1
1
1
1
1
1
1
1.01151
1.02301
1.03452
1.04602
1.05753
1.06904
1.08054
1.09205
1.11983
1.24442
1.21664
1.18886
1.16108
1.14958
1.13807
1.12657
1.11506
1.10355
1.09205
1.08054
1.06904
1.05753
1.04602
1.03452
1.02301
1.01151
1
1
1
1
1
1
1
1
1
1
1
1
1
1
1
1
1
1.06904
1.05753
1.04602
1.03452
1.02301
1.01151
1
1
1
1
1
1
1
1
1
1
1
1
1
1
1
1
1
1
1
1
1.01151
1.02301
1.03452
1.04602
1.05753
1.06904
1.08054
1.09205
1.11983
1.02301
1.01151
1
1
1
1
1
1
1
1
1
1
1
1
1
1
1
1
1
1
1
1
1
1
1
1.01151
1.02301
1.03452
1.02301
1.01151
1
1
1
1
1
1
1
1
1
1
1
1
1
1
1
1
1
1
1
1
1
1.01183
1.02367
1.0355
1.04734
1.05917
1.07101
1.08284
1.09468
1.10651
1.11835
1.13018
1.14202
1.15385
1.15385
1.14202
1.13018
1.11835
1.10651
1.09468
1.08284
1.07101
1.05917
1.04734
1.0355
1.02367
1.01183
1
1
1
1
1
1
1
1
1
1
1
1
1
1
1
1
1
1
1
1
1
1
1
1
1
1
1
1
1
1
1
1
1
1
1
1
1
1
1
1
1.01183
1.02367
1.0355
1.04734
1.05917
1
1
1
1
1
1
1
1
1
1
1
1
1
1
1
1
1
1.01183
1.02367
1.0355
1.04734
1.05917
1.07101
1.08284
1.18242
1.15385
1.14202
1.13018
1.11835
1.10651
1.09468
1.08284
1.07101
1.05917
1.04734
1.0355
1.02367
1.01183
1
1
1
1
1
1
1
1
1
1
1
1
1
1
1
1
1
1
1
1.07101
1.05917
1.04734
1.0355
1.02367
1.01183
1
1
1
1
1
1
1
1
1
1
1
1
1
1
1
1
1
1
1
1
1.01183
1.02367
1.0355
1.04734
1.05917
1.07101
1.08284
1.11141
1.02367
1.01183
1
1
1
1
1
1
1
1
1
1
1
1
1
1
1
1
1
1
1
1
1
1
1
1.01183
1.02367
1.0355
1.02367
1.01183
1
1
1
1
1
1
1
1
1
1
1
1
1
1
1
1
1
1
1
1
1
1
1
1
1
1
1.01218
1.02437
1.03655
1.04873
1.06091
1.0731
1.08528
1.09746
1.10964
1.12183
1.13401
1.14619
1.15838
1.15838
1.14619
1.13401
1.12183
1.10964
1.09746
1.08528
1.0731
1.06091
1.04873
1.03655
1.02437
1.01218
1
1
1
1
1
1
1
1
1
1
1
1
1
1
1
1
1
1
1
1
1
1
1
1
1
1
1
1
1
1
1
1
1
1
1
1
1
1
1
1
1
1
1.01218
1.02437
1.03655
1.04873
1.06091
1
1
1
1
1
1
1
1
1
1
1
1
1
1
1
1
1
1.01218
1.02437
1.03655
1.04873
1.06091
1.0731
1.1756
1.14619
1.13401
1.12183
1.10964
1.09746
1.08528
1.0731
1.06091
1.04873
1.03655
1.02437
1.01218
1
1
1
1
1
1
1
1
1
1
1
1
1
1
1
1
1
1
1
1.0731
1.06091
1.04873
1.03655
1.02437
1.01218
1
1
1
1
1
1
1
1
1
1
1
1
1
1
1
1
1
1
1
1
1.01218
1.02437
1.03655
1.04873
1.06091
1.0731
1.10251
1.03655
1.02437
1.01218
1
1
1
1
1
1
1
1
1
1
1
1
1
1
1
1
1
1
1
1
1
1
1
1.01218
1.02437
1.03655
1.02437
1.01218
1
1
1
1
1
1
1
1
1
1
1
1
1
1
1
1
1
1
1
1
1
1
1
1
1
1
1
1
1
1
1
1.01255
1.0251
1.03766
1.05021
1.06276
1.07531
1.08786
1.10042
1.11297
1.12552
1.13807
1.15062
1.16317
1.16317
1.15062
1.13807
1.12552
1.11297
1.10042
1.08786
1.07531
1.06276
1.05021
1.03766
1.0251
1.01255
1
1
1
1
1
1
1
1
1
1
1
1
1
1
1
1
1
1
1
1
1
1
1
1
1
1
1
1
1
1
1
1
1
1
1
1
1
1
1
1
1
1
1
1
1
1.01255
1.0251
1.03766
1.05021
1.06276
1
1
1
1
1
1
1
1
1
1
1
1
1
1
1
1
1
1
1.01255
1.0251
1.03766
1.05021
1.06276
1.16837
1.13807
1.12552
1.11297
1.10042
1.08786
1.07531
1.06276
1.05021
1.03766
1.0251
1.01255
1
1
1
1
1
1
1
1
1
1
1
1
1
1
1
1
1
1
1
1
1.06276
1.05021
1.03766
1.0251
1.01255
1
1
1
1
1
1
1
1
1
1
1
1
1
1
1
1
1
1
1
1
1.01255
1.0251
1.03766
1.05021
1.06276
1.03766
1.0251
1.01255
1
1
1
1
1
1
1
1
1
1
1
1
1
1
1
1
1
1
1
1
1
1
1
1.01255
1.0251
1.03766
1.0251
1.01255
1
1
1
1
1
1
1
1
1
1
1
1
1
1
1
1
1
1
1
1
1
1
1
1
1
1
1
1
1
1
1
1
1
1
1.01294
1.02589
1.03883
1.05178
1.06472
1.07766
1.09061
1.10355
1.1165
1.12944
1.14239
1.15533
1.16827
1.16827
1.15533
1.14239
1.12944
1.1165
1.10355
1.09061
1.07766
1.06472
1.05178
1.03883
1.02589
1.01294
1
1
1
1
1
1
1
1
1
1
1
1
1
1
1
1
1
1
1
1
1
1
1
1
1
1
1
1
1
1
1
1
1
1
1
1
1
1
1
1
1
1
1
1
1
1
1
1.01294
1.02589
1.03883
1.05178
1
1
1
1
1
1
1
1
1
1
1
1
1
1
1
1
1
1
1.01294
1.02589
1.03883
1.05178
1.08303
1.16069
1.12944
1.1165
1.10355
1.09061
1.07766
1.06472
1.05178
1.03883
1.02589
1.01294
1
1
1
1
1
1
1
1
1
1
1
1
1
1
1
1
1
1
1
1
1.06472
1.05178
1.03883
1.02589
1.01294
1
1
1
1
1
1
1
1
1
1
1
1
1
1
1
1
1
1
1
1
1.01294
1.02589
1.03883
1.05178
1.06472
1.03883
1.02589
1.01294
1
1
1
1
1
1
1
1
1
1
1
1
1
1
1
1
1
1
1
1
1
1
1
1.01294
1.02589
1.03883
1.02589
1.01294
1
1
1
1
1
1
1
1
1
1
1
1
1
1
1
1
1
1
1
1
1
1
1
1
1
1
1
1
1
1
1
1
1
1
1
1
1.01336
1.02672
1.04009
1.05345
1.06681
1.08017
1.09353
1.10689
1.12026
1.13362
1.14698
1.16034
1.1737
1.1737
1.16034
1.14698
1.13362
1.12026
1.10689
1.09353
1.08017
1.06681
1.05345
1.04009
1.02672
1.01336
1
1
1
1
1
1
1
1
1
1
1
1
1
1
1
1
1
1
1
1
1
1
1
1
1
1
1
1
1
1
1
1
1
1
1
1
1
1
1
1
1
1
1
1
1
1
1
1
1.01336
1.02672
1.04009
1.05345
1
1
1
1
1
1
1
1
1
1
1
1
1
1
1
1
1
1
1
1
1.01336
1.02672
1.04009
1.12026
1.10689
1.09353
1.08017
1.06681
1.05345
1.04009
1.02672
1.01336
1
1
1
1
1
1
1
1
1
1
1
1
1
1
1
1
1
1
1
1
1
1.06681
1.05345
1.04009
1.02672
1.01336
1
1
1
1
1
1
1
1
1
1
1
1
1
1
1
1
1
1
1
1
1.01336
1.02672
1.04009
1.05345
1.04009
1.02672
1.01336
1
1
1
1
1
1
1
1
1
1
1
1
1
1
1
1
1
1
1
1
1
1
1
1.01336
1.02672
1.04009
1.02672
1.01336
1
1
1
1
1
1
1
1
1
1
1
1
1
1
1
1
1
1
1
1
1
1
1
1
1
1
1
1
1
1
1
1
1
1
1
1
1
1
1
1.01381
1.02761
1.04142
1.05523
1.06904
1.08284
1.09665
1.11046
1.12426
1.13807
1.15188
1.16569
1.17949
1.17949
1.16569
1.15188
1.13807
1.12426
1.11046
1.09665
1.08284
1.06904
1.05523
1.04142
1.02761
1.01381
1
1
1
1
1
1
1
1
1
1
1
1
1
1
1
1
1
1
1
1
1
1
1
1
1
1
1
1
1
1
1
1
1
1
1
1
1
1
1
1
1
1
1
1
1
1
1
1
1
1
1
1.01381
1.02761
1.04142
1.05523
1
1
1
1
1
1
1
1
1
1
1
1
1
1
1
1
1
1
1
1
1.01381
1.02761
1.04142
1.11046
1.09665
1.08284
1.06904
1.05523
1.04142
1.02761
1.01381
1
1
1
1
1
1
1
1
1
1
1
1
1
1
1
1
1
1
1
1
1
1.06904
1.05523
1.04142
1.02761
1.01381
1
1
1
1
1
1
1
1
1
1
1
1
1
1
1
1
1
1
1
1
1.01381
1.02761
1.04142
1.05523
1.04142
1.02761
1.01381
1
1
1
1
1
1
1
1
1
1
1
1
1
1
1
1
1
1
1
1
1
1
1
1.01381
1.02761
1.04142
1.02761
1.01381
1
1
1
1
1
1
1
1
1
1
1
1
1
1
1
1
1
1
1
1
1
1
1
1
1
1
1
1
1
1
1
1
1
1
1
1
1
1
1
1
1
1.01428
1.02857
1.04285
1.05713
1.07142
1.0857
1.09998
1.11427
1.12855
1.14283
1.15712
1.1714
1.18568
1.18568
1.1714
1.15712
1.14283
1.12855
1.11427
1.09998
1.0857
1.07142
1.05713
1.04285
1.02857
1.01428
1
1
1
1
1
1
1
1
1
1
1
1
1
1
1
1
1
1
1
1
1
1
1
1
1
1
1
1
1
1
1
1
1
1
1
1
1
1
1
1
1
1
1
1
1
1
1
1
1
1
1
1.01428
1.02857
1.04285
1.05713
1
1
1
1
1
1
1
1
1
1
1
1
1
1
1
1
1
1
1
1
1.01428
1.02857
1.04285
1.11427
1.09998
1.0857
1.07142
1.05713
1.04285
1.02857
1.01428
1
1
1
1
1
1
1
1
1
1
1
1
1
1
1
1
1
1
1
1
1
1.07142
1.05713
1.04285
1.02857
1.01428
1
1
1
1
1
1
1
1
1
1
1
1
1
1
1
1
1
1
1
1
1.01428
1.02857
1.04285
1.05713
1.04285
1.02857
1.01428
1
1
1
1
1
1
1
1
1
1
1
1
1
1
1
1
1
1
1
1
1
1
1
1.01428
1.02857
1.04285
1.02857
1.01428
1
1
1
1
1
1
1
1
1
1
1
1
1
1
1
1
1
1
1
1
1
1
1
1
1
1
1
1
1
1
1
1
1
1
1
1
1
1
1
1
1
1
1.01479
1.02959
1.04438
1.05917
1.07397
1.08876
1.10355
1.11835
1.13314
1.14793
1.16273
1.17752
1.19231
1.19231
1.17752
1.16273
1.14793
1.13314
1.11835
1.10355
1.08876
1.07397
1.05917
1.04438
1.02959
1.01479
1
1
1
1
1
1
1
1
1
1
1
1
1
1
1
1
1
1
1
1
1
1
1
1
1
1
1
1
1
1
1
1
1
1
1
1
1
1
1
1
1
1
1
1
1
1
1
1
1
1
1
1
1.01479
1.02959
1.04438
1.05917
1
1
1
1
1
1
1
1
1
1
1
1
1
1
1
1
1
1
1
1
1
1.01479
1.02959
1.11835
1.10355
1.08876
1.07397
1.05917
1.04438
1.02959
1.01479
1
1
1
1
1
1
1
1
1
1
1
1
1
1
1
1
1
1
1
1
1
1.05917
1.04438
1.02959
1.01479
1
1
1
1
1
1
1
1
1
1
1
1
1
1
1
1
1
1
1
1
1.01479
1.02959
1.04438
1.04438
1.02959
1.01479
1
1
1
1
1
1
1
1
1
1
1
1
1
1
1
1
1
1
1
1
1
1
1
1.01479
1.02959
1.04438
1.02959
1.01479
1
1
1
1
1
1
1
1
1
1
1
1
1
1
1
1
1
1
1
1
1
1
1
1
1
1
1
1
1
1
1
1
1
1
1
1
1
1
1
1
1
1
1
1
1.01534
1.03068
1.04602
1.06136
1.07671
1.09205
1.10739
1.12273
1.13807
1.15341
1.16875
1.18409
1.19944
1.19944
1.18409
1.16875
1.15341
1.13807
1.12273
1.10739
1.09205
1.07671
1.06136
1.04602
1.03068
1.01534
1
1
1
1
1
1
1
1
1
1
1
1
1
1
1
1
1
1
1
1
1
1
1
1
1
1
1
1
1
1
1
1
1
1
1
1
1
1
1
1
1
1
1
1
1
1
1
1
1
1
1
1
1
1
1.01534
1.03068
1.04602
1
1
1
1
1
1
1
1
1
1
1
1
1
1
1
1
1
1
1
1
1
1.01534
1.03068
1.10739
1.09205
1.07671
1.06136
1.04602
1.03068
1.01534
1
1
1
1
1
1
1
1
1
1
1
1
1
1
1
1
1
1
1
1
1
1
1
1.06136
1.04602
1.03068
1.01534
1
1
1
1
1
1
1
1
1
1
1
1
1
1
1
1
1
1
1
1
1.01534
1.03068
1.04602
1.04602
1.03068
1.01534
1
1
1
1
1
1
1
1
1
1
1
1
1
1
1
1
1
1
1
1
1
1
1
1.01534
1.03068
1.04602
1.03068
1.01534
1
1
1
1
1
1
1
1
1
1
1
1
1
1
1
1
1
1
1
1
1
1
1
1
1
1
1
1
1
1
1
1
1
1
1
1
1
1
1
1
1
1
1
1
1
1
1
1.01593
1.03186
1.04779
1.06373
1.07966
1.09559
1.11152
1.12745
1.14338
1.15931
1.17524
1.19118
1.20711
1.20711
1.19118
1.17524
1.15931
1.14338
1.12745
1.11152
1.09559
1.07966
1.06373
1.04779
1.03186
1.01593
1
1
1
1
1
1
1
1
1
1
1
1
1
1
1
1
1
1
1
1
1
1
1
1
1
1
1
1
1
1
1
1
1
1
1
1
1
1
1
1
1
1
1
1
1
1
1
1
1
1
1
1
1
1
1
1.01593
1.03186
1.04779
1
1
1
1
1
1
1
1
1
1
1
1
1
1
1
1
1
1
1
1
1
1
1.01593
1.09559
1.07966
1.06373
1.04779
1.03186
1.01593
1
1
1
1
1
1
1
1
1
1
1
1
1
1
1
1
1
1
1
1
1
1
1
1.06373
1.04779
1.03186
1.01593
1
1
1
1
1
1
1
1
1
1
1
1
1
1
1
1
1
1
1
1
1.01593
1.03186
1
1
1
1
1
1
1.04779
1.03186
1.01593
1
1
1
1
1
1
1
1
1
1
1
1
1
1
1
1
1
1
1
1
1
1
1
1.01593
1.03186
1.04779
1.03186
1.01593
1
1
1
1
1
1
1
1
1
1
1
1
1
1
1
1
1
1
1
1
1
1
1
1
1
1
1
1
1
1
1
1
1
1
1
1
1
1
1
1
1
1
1
1
1
1
1
1
1
1.01657
1.03314
1.04971
1.06627
1.08284
1.09941
1.11598
1.13255
1.14912
1.16569
1.18225
1.19882
1.21539
1.21539
1.19882
1.18225
1.16569
1.14912
1.13255
1.11598
1.09941
1.08284
1.06627
1.04971
1.03314
1.01657
1
1
1
1
1
1
1
1
1
1
1
1
1
1
1
1
1
1
1
1
1
1
1
1
1
1
1
1
1
1
1
1
1
1
1
1
1
1
1
1
1
1
1
1
1
1
1
1
1
1
1
1
1
1
1
1
1.01657
1.03314
1.04971
1
1
1
1
1
1
1
1
1
1
1
1
1
1
1
1
1
1
1
1
1
1
1.01657
1.12284
1.08284
1.06627
1.04971
1.03314
1.01657
1
1
1
1
1
1
1
1
1
1
1
1
1
1
1
1
1
1
1
1
1
1
1
1.06627
1.04971
1.03314
1.01657
1
1
1
1
1
1
1
1
1
1
1
1
1
1
1
1
1
1
1
1
1.01657
1.03314
1
1
1
1
1
1
1
1
1
1
1
1
1
1
1.04971
1.03314
1.01657
1
1
1
1
1
1
1
1
1
1
1
1
1
1
1
1
1
1
1
1
1
1
1
1.01657
1.03314
1.04971
1.03314
1.01657
1
1
1
1
1
1
1
1
1
1
1
1
1
1
1
1
1
1
1
1
1
1
1
1
1
1
1
1
1
1
1
1
1
1
1
1
1
1
1
1
1
1
1
1
1
1
1
1
1
1
1
1.01726
1.03452
1.05178
1.06904
1.08629
1.10355
1.12081
1.13807
1.15533
1.17259
1.18985
1.20711
1.22437
1.22437
1.20711
1.18985
1.17259
1.15533
1.13807
1.12081
1.10355
1.08629
1.06904
1.05178
1.03452
1.01726
1
1
1
1
1
1
1
1
1
1
1
1
1
1
1
1
1
1
1
1
1
1
1
1
1
1
1
1
1
1
1
1
1
1
1
1
1
1
1
1
1
1
1
1
1
1
1
1
1
1
1
1
1
1
1
1
1
1.01726
1.03452
1.05178
1
1
1
1
1
1
1
1
1
1
1
1
1
1
1
1
1
1
1
1
1
1
1
1.01726
1.06904
1.05178
1.03452
1.01726
1
1
1
1
1
1
1
1
1
1
1
1
1
1
1
1
1
1
1
1
1
1
1
1.05178
1.03452
1.01726
1
1
1
1
1
1
1
1
1
1
1
1
1
1
1
1
1
1
1
1
1.01726
1.03452
1
1
1
1
1
1
1
1
1
1
1
1
1
1
1
1
1
1
1
1.05178
1.03452
1.01726
1
1
1
1
1
1
1
1
1
1
1
1
1
1
1
1
1
1
1
1
1
1
1
1.01726
1.03452
1.05178
1.03452
1.01726
1
1
1
1
1
1
1
1
1
1
1
1
1
1
1
1
1
1
1
1
1
1
1
1
1
1
1
1
1
1
1
1
1
1
1
1
1
1
1
1
1
1
1
1
1
1
1
1
1
1
1
1
1
1.01801
1.03602
1.05403
1.07204
1.09005
1.10806
1.12606
1.14407
1.16208
1.18009
1.1981
1.21611
1.25959
1.25959
1.21611
1.1981
1.18009
1.16208
1.14407
1.12606
1.10806
1.09005
1.07204
1.05403
1.03602
1.01801
1
1
1
1
1
1
1
1
1
1
1
1
1
1
1
1
1
1
1
1
1
1
1
1
1
1
1
1
1
1
1
1
1
1
1
1
1
1
1
1
1
1
1
1
1
1
1
1
1
1
1
1
1
1
1
1
1
1
1.01801
1.03602
1.0795
1
1
1
1
1
1
1
1
1
1
1
1
1
1
1
1
1
1
1
1
1
1
1
1.01801
1.07204
1.05403
1.03602
1.01801
1
1
1
1
1
1
1
1
1
1
1
1
1
1
1
1
1
1
1
1
1
1
1
1.05403
1.03602
1.01801
1
1
1
1
1
1
1
1
1
1
1
1
1
1
1
1
1
1
1
1
1.01801
1.06149
1
1
1
1
1
1
1
1
1
1
1
1
1
1
1
1
1
1
1
1
1
1
1.05403
1.03602
1.01801
1
1
1
1
1
1
1
1
1
1
1
1
1
1
1
1
1
1
1
1
1
1
1
1.01801
1.03602
1.05403
1.03602
1.01801
1
1
1
1
1
1
1
1
1
1
1
1
1
1
1
1
1
1
1
1
1
1
1
1
1
1
1
1
1
1
1
1
1
1
1
1
1
1
1
1
1
1
1
1
1
1
1
1
1
1
1
1
1
1
1.01883
1.03766
1.05648
1.07531
1.09414
1.11297
1.1318
1.15062
1.16945
1.18828
1.20711
1.25256
1.29802
1.29802
1.25256
1.20711
1.18828
1.16945
1.15062
1.1318
1.11297
1.09414
1.07531
1.05648
1.03766
1.01883
1
1
1
1
1
1
1
1
1
1
1
1
1
1
1
1
1
1
1
1
1
1
1
1
1
1
1
1
1
1
1
1
1
1
1
1
1
1
1
1
1
1
1
1
1
1
1
1
1
1
1
1
1
1
1
1
1
1
1
1
1.01883
1
1
1
1
1
1
1
1
1
1
1
1
1
1
1
1
1
1
1
1
1
1
1
1
1
1.01883
1.05648
1.03766
1.01883
1
1
1
1
1
1
1
1
1
1
1
1
1
1
1
1
1
1
1
1
1
1
1
1
1
1
1
1
1
1.05648
1.03766
1.01883
1
1
1
1
1
1
1
1
1
1
1
1
1
1
1
1
1
1
1
1
1
1
1
1
1
1
1
1
1
1
1
1
1
1
1
1
1
1
1
1
1
1
1
1
1.05648
1.03766
1.01883
1
1
1
1
1
1
1
1
1
1
1
1
1
1
1
1
1
1
1
1
1
1
1
1.01883
1.03766
1.05648
1.03766
1.01883
1
1
1
1
1
1
1
1
1
1
1
1
1
1
1
1
1
1
1
1
1
1
1
1
1
1
1
1
1
1
1
1
1
1
1
1
1
1
1
1
1
1
1
1
1
1
1
1
1
1
1
1
1
1
1
1
1.01972
1.03945
1.05917
1.0789
1.09862
1.11835
1.13807
1.1578
1.17752
1.19724
1.24486
1.29248
1.3401
1.3401
1.29248
1.24486
1.19724
1.17752
1.1578
1.13807
1.11835
1.09862
1.0789
1.05917
1.03945
1.01972
1
1
1
1
1
1
1
1
1
1
1
1
1
1
1
1
1
1
1
1
1
1
1
1
1
1
1
1
1
1
1
1
1
1
1
1
1
1
1
1
1
1
1
1
1
1
1
1
1
1
1
1
1
1
1
1
1
1
1
1
1.01972
1
1
1
1
1
1
1
1
1
1
1
1
1
1
1
1
1
1
1
1
1
1
1
1
1
1.01972
1.05917
1.03945
1.01972
1
1
1
1
1
1
1
1
1
1
1
1
1
1
1
1
1
1
1
1
1
1
1
1
1
1
1
1
1
1
1
1
1
1
1
1.05917
1.03945
1.01972
1
1
1
1
1
1
1
1
1
1
1
1
1
1
1
1
1
1
1
1
1
1
1
1
1
1
1
1
1
1
1
1
1
1
1
1
1
1
1
1
1
1
1
1
1
1
1
1.05917
1.03945
1.01972
1
1
1
1
1
1
1
1
1
1
1
1
1
1
1
1
1
1
1
1
1
1
1
1.01972
1.03945
1.05917
1.03945
1.01972
1
1
1
1
1
1
1
1
1
1
1
1
1
1
1
1
1
1
1
1
1
1
1
1
1
1
1
1
1
1
1
1
1
1
1
1
1
1
1
1
1
1
1
1
1
1
1
1
1
1
1
1
1
1
1
1
1.02071
1.04142
1.06213
1.08284
1.10355
1.12426
1.14497
1.16569
1.1864
1.2364
1.2864
1.3364
1.3864
1.3864
1.3364
1.2864
1.2364
1.1864
1.16569
1.14497
1.12426
1.10355
1.08284
1.06213
1.04142
1.02071
1
1
1
1
1
1
1
1
1
1
1
1
1
1
1
1
1
1
1
1
1
1
1
1
1
1
1
1
1
1
1
1
1
1
1
1
1
1
1
1
1
1
1
1
1
1
1
1
1
1
1
1
1
1
1
1
1
1
1
1
1.02071
1
1
1
1
1
1
1
1
1
1
1
1
1
1
1
1
1
1
1
1
1
1
1
1
1
1.02071
1.06213
1.04142
1.02071
1
1
1
1
1
1
1
1
1
1
1
1
1
1
1
1
1
1
1
1
1
1
1
1
1
1
1
1
1
1
1
1
1
1
1
1.06213
1.04142
1.02071
1
1
1
1
1
1
1
1
1
1
1
1
1
1
1
1
1
1
1
1
1
1
1
1
1
1
1
1
1
1
1
1
1
1
1
1
1
1
1
1
1
1
1
1
1
1
1
1.06213
1.04142
1.02071
1
1
1
1
1
1
1
1
1
1
1
1
1
1
1
1
1
1
1
1
1
1
1
1.02071
1.04142
1.06213
1.04142
1.02071
1
1
1
1
1
1
1
1
1
1
1
1
1
1
1
1
1
1
1
1
1
1
1
1
1
1
1
1
1
1
1
1
1
1
1
1
1
1
1
1
1
1
1
1
1
1
1
1
1
1
1
1
1
1
1
1
1
1.0218
1.0436
1.0654
1.0872
1.109
1.1308
1.1526
1.17441
1.22704
1.27967
1.3323
1.38493
1.43756
1.43756
1.38493
1.3323
1.27967
1.22704
1.17441
1.1526
1.1308
1.109
1.0872
1.0654
1.0436
1.0218
1
1
1
1
1
1
1
1
1
1
1
1
1
1
1
1
1
1
1
1
1
1
1
1
1
1
1
1
1
1
1
1
1
1
1
1
1
1
1
1
1
1
1
1
1
1
1
1
1
1
1
1
1
1
1
1
1
1
1
1
1.0218
1
1
1
1
1
1
1
1
1
1
1
1
1
1
1
1
1
1
1
1
1
1
1
1
1
1.0218
1.0654
1.0436
1.0218
1
1
1
1
1
1
1
1
1
1
1
1
1
1
1
1
1
1
1
1
1
1
1
1
1
1
1
1
1
1
1
1
1
1
1
1
1
1
1.09623
1.0436
1.0218
1
1
1
1
1
1
1
1
1
1
1
1
1
1
1
1
1
1
1
1
1
1
1
1
1
1
1
1
1
1
1
1
1
1
1
1
1
1
1
1
1
1
1
1
1
1
1
1
1
1
1.0654
1.0436
1.0218
1
1
1
1
1
1
1
1
1
1
1
1
1
1
1
1
1
1
1
1
1
1
1
1.0218
1.0436
1.0654
1.0436
1.0218
1
1
1
1
1
1
1
1
1
1
1
1
1
1
1
1
1
1
1
1
1
1
1
1
1
1
1
1
1
1
1
1
1
1
1
1
1
1
1
1
1
1
1
1
1
1
1
1
1
1
1
1
1
1
1
1
1
1.02301
1.04602
1.06904
1.09205
1.11506
1.13807
1.16108
1.21664
1.27219
1.32775
1.38331
1.43886
1.49442
1.43886
1.38331
1.32775
1.27219
1.21664
1.16108
1.13807
1.11506
1.09205
1.06904
1.04602
1.02301
1
1
1
1
1
1
1
1
1
1
1
1
1
1
1
1
1
1
1
1
1
1
1
1
1
1
1
1
1
1
1
1
1
1
1
1
1
1
1
1
1
1
1
1
1
1
1
1
1
1
1
1
1
1
1
1
1
1
1
1
1
1.02301
1
1
1
1
1
1
1
1
1
1
1
1
1
1
1
1
1
1
1
1
1
1
1
1
1
1
1.04602
1.02301
1
1
1
1
1
1
1
1
1
1
1
1
1
1
1
1
1
1
1
1
1
1
1
1
1
1
1
1
1
1
1
1
1
1
1
1
1
1
1
1
1
1.02301
1
1
1
1
1
1
1
1
1
1
1
1
1
1
1
1
1
1
1
1
1
1
1
1
1
1
1
1
1
1
1
1
1
1
1
1
1
1
1
1
1
1
1
1
1
1
1
1
1
1
1
1.04602
1.02301
1
1
1
1
1
1
1
1
1
1
1
1
1
1
1
1
1
1
1
1
1
1
1
1.02301
1.04602
1.06904
1.04602
1.02301
1
1
1
1
1
1
1
1
1
1
1
1
1
1
1
1
1
1
1
1
1
1
1
1
1
1
1
1
1
1
1
1
1
1
1
1
1
1
1
1
1
1
1
1
1
1
1
1
1
1
1
1
1
1
1
1
1
1
1
1
1.02437
1.04873
1.0731
1.09746
1.12183
1.14619
1.20502
1.26384
1.20502
1.14619
1.12183
1.09746
1.0731
1.04873
1.02437
1
1
1
1
1
1
1
1
1
1
1
1
1
1
1
1
1
1
1
1
1
1
1
1
1
1
1
1
1
1
1
1
1
1
1
1
1
1
1
1
1
1
1
1
1
1
1
1
1
1
1
1
1
1
1
1
1
1
1
1
1
1
1.02437
1
1
1
1
1
1
1
1
1
1
1
1
1
1
1
1
1
1
1
1
1
1
1
1
1
1
1.04873
1.02437
1
1
1
1
1
1
1
1
1
1
1
1
1
1
1
1
1
1
1
1
1
1
1
1
1
1
1
1
1
1
1
1
1
1
1
1
1
1
1
1
1
1
1
1
1.02437
1
1
1
1
1
1
1
1
1
1
1
1
1
1
1
1
1
1
1
1
1
1
1
1
1
1
1
1
1
1
1
1
1
1
1
1
1
1
1
1
1
1
1
1
1
1
1
1
1
1
1
1
1.04873
1.02437
1
1
1
1
1
1
1
1
1
1
1
1
1
1
1
1
1
1
1
1
1
1
1
1.02437
1.04873
1.0731
1.04873
1.02437
1
1
1
1
1
1
1
1
1
1
1
1
1
1
1
1
1
1
1
1
1
1
1
1
1
1
1
1
1
1
1
1
1
1
1
1
1
1
1
1
1
1
1
1
1
1
1
1
1
1
1
1
1
1
1
1
1
1
1
1
1.02589
1.05178
1.07766
1.10355
1.12944
1.12944
1.10355
1.07766
1.05178
1.02589
1
1
1
1
1
1
1
1
1
1
1
1
1
1
1
1
1
1
1
1
1
1
1
1
1
1
1
1
1
1
1
1
1
1
1
1
1
1
1
1
1
1
1
1
1
1
1
1
1
1
1
1
1
1
1
1
1
1
1
1
1
1
1.02589
1
1
1
1
1
1
1
1
1
1
1
1
1
1
1
1
1
1
1
1
1
1
1
1
1
1
1.08839
1.02589
1
1
1
1
1
1
1
1
1
1
1
1
1
1
1
1
1
1
1
1
1
1
1
1
1
1
1
1
1
1
1
1
1
1
1
1
1
1
1
1
1
1
1
1
1
1
1
1.02589
1
1
1
1
1
1
1
1
1
1
1
1
1
1
1
1
1
1
1
1
1
1
1
1
1
1
1
1
1
1
1
1
1
1
1
1
1
1
1
1
1
1
1
1
1
1
1
1
1
1
1
1
1
1.05178
1.02589
1
1
1
1
1
1
1
1
1
1
1
1
1
1
1
1
1
1
1
1
1
1
1
1.02589
1.05178
1.07766
1.05178
1.02589
1
1
1
1
1
1
1
1
1
1
1
1
1
1
1
1
1
1
1
1
1
1
1
1
1
1
1
1
1
1
1
1
1
1
1
1
1
1
1
1
1
1
1
1
1
1
1
1
1
1
1
1
1
1
1
1
1
1
1
1
1.02761
1.05523
1.08284
1.11046
1.11046
1.08284
1.05523
1.02761
1
1
1
1
1
1
1
1
1
1
1
1
1
1
1
1
1
1
1
1
1
1
1
1
1
1
1
1
1
1
1
1
1
1
1
1
1
1
1
1
1
1
1
1
1
1
1
1
1
1
1
1
1
1
1
1
1
1
1
1
1
1
1
1
1
1
1
1
1
1
1
1
1
1
1
1
1
1
1
1
1
1
1
1
1
1
1
1
1
1
1
1
1
1
1
1
1
1
1
1
1
1
1
1
1
1
1
1
1
1
1
1
1
1
1
1
1
1
1
1
1
1
1
1
1
1
1
1
1
1
1
1
1
1
1
1
1
1
1.02761
1
1
1
1
1
1
1
1
1
1
1
1
1
1
1
1
1
1
1
1
1
1
1
1
1
1
1
1
1
1
1
1
1
1
1
1
1
1
1
1
1
1
1
1
1
1
1
1
1
1
1
1
1
1
1.05523
1.02761
1
1
1
1
1
1
1
1
1
1
1
1
1
1
1
1
1
1
1
1
1
1
1
1.02761
1.05523
1.08284
1.05523
1.02761
1
1
1
1
1
1
1
1
1
1
1
1
1
1
1
1
1
1
1
1
1
1
1
1
1
1
1
1
1
1
1
1
1
1
1
1
1
1
1
1
1
1
1
1
1
1
1
1
1
1
1
1
1
1
1
1
1
1
1
1
1
1.02959
1.05917
1.08876
1.08876
1.05917
1.02959
1
1
1
1
1
1
1
1
1
1
1
1
1
1
1
1
1
1
1
1
1
1
1
1
1
1
1
1
1
1
1
1
1
1
1
1
1
1
1
1
1
1
1
1
1
1
1
1
1
1
1
1
1
1
1
1
1
1
1
1
1
1
1
1
1
1
1
1
1
1
1
1
1
1
1
1
1
1
1
1
1
1
1
1
1
1
1
1
1
1
1
1
1
1
1
1
1
1
1
1
1
1
1
1
1
1
1
1
1
1
1
1
1
1
1
1
1
1
1
1
1
1
1
1
1
1
1
1
1
1
1
1
1
1
1
1
1
1
1
1
1
1
1
1
1
1.02959
1
1
1
1
1
1
1
1
1
1
1
1
1
1
1
1
1
1
1
1
1
1
1
1
1
1
1
1
1
1
1
1
1
1
1
1
1
1
1
1
1
1
1
1
1
1
1
1
1
1
1
1
1
1
1
1.05917
1.02959
1
1
1
1
1
1
1
1
1
1
1
1
1
1
1
1
1
1
1
1
1
1
1
1.02959
1.05917
1.08876
1.05917
1.02959
1
1
1
1
1
1
1
1
1
1
1
1
1
1
1
1
1
1
1
1
1
1
1
1
1
1
1
1
1
1
1
1
1
1
1
1
1
1
1
1
1
1
1
1
1
1
1
1
1
1
1
1
1
1
1
1
1
1
1
1
1
1
1.03186
1.06373
1.09559
1.06373
1.03186
1
1
1
1
1
1
1
1
1
1
1
1
1
1
1
1
1
1
1
1
1
1
1
1
1
1
1
1
1
1
1
1
1
1
1
1
1
1
1
1
1
1
1
1
1
1
1
1
1
1
1
1
1
1
1
1
1
1
1
1
1
1
1
1
1
1
1
1
1
1
1
1
1
1
1
1
1
1
1
1
1
1
1
1
1
1
1
1
1
1
1
1
1
1
1
1
1
1
1
1
1
1
1
1
1
1
1
1
1
1
1
1
1
1
1
1
1
1
1
1
1
1
1
1
1
1
1
1
1
1
1
1
1
1
1
1
1
1
1
1
1
1
1
1
1
1
1
1
1
1
1
1.03186
1
1
1
1
1
1
1
1
1
1
1
1
1
1
1
1
1
1
1
1
1
1
1
1
1
1
1
1
1
1
1
1
1
1
1
1
1
1
1
1
1
1
1
1
1
1
1
1
1
1
1
1
1
1
1
1.06373
1.03186
1
1
1
1
1
1
1
1
1
1
1
1
1
1
1
1
1
1
1
1
1
1
1
1.03186
1.06373
1.09559
1.06373
1.03186
1
1
1
1
1
1
1
1
1
1
1
1
1
1
1
1
1
1
1
1
1
1
1
1
1
1
1
1
1
1
1
1
1
1
1
1
1
1
1
1
1
1
1
1
1
1
1
1
1
1
1
1
1
1
1
1
1
1
1
1
1
1
1.03452
1.06904
1.15237
1.11785
1.03452
1
1
1
1
1
1
1
1
1
1
1
1
1
1
1
1
1
1
1
1
1
1
1
1
1
1
1
1
1
1
1
1
1
1
1
1
1
1
1
1
1
1
1
1
1
1
1
1
1
1
1
1
1
1
1
1
1
1
1
1
1
1
1
1
1
1
1
1
1
1
1
1
1
1
1
1
1
1
1
1
1
1
1
1
1
1
1
1
1
1
1
1
1
1
1
1
1
1
1
1
1
1
1
1
1
1
1
1
1
1
1
1
1
1
1
1
1
1
1
1
1
1
1
1
1
1
1
1
1
1
1
1
1
1
1
1
1
1
1
1
1
1
1
1
1
1
1
1
1
1
1
1.03452
1
1
1
1
1
1
1
1
1
1
1
1
1
1
1
1
1
1
1
1
1
1
1
1
1
1
1
1
1
1
1
1
1
1
1
1
1
1
1
1
1
1
1
1
1
1
1
1
1
1
1
1
1
1
1
1.11785
1.03452
1
1
1
1
1
1
1
1
1
1
1
1
1
1
1
1
1
1
1
1
1
1
1
1.03452
1.06904
1.10355
1.06904
1.03452
1
1
1
1
1
1
1
1
1
1
1
1
1
1
1
1
1
1
1
1
1
1
1
1
1
1
1
1
1
1
1
1
1
1
1
1
1
1
1
1
1
1
1
1
1
1
1
1
1
1
1
1
1
1
1
1
1
1
1
1
1
1
1.03766
1
1
1
1
1
1
1
1
1
1
1
1
1
1
1
1
1
1
1
1
1
1
1
1
1
1
1
1
1
1
1
1
1
1
1
1
1
1
1
1
1
1
1
1
1
1
1
1
1
1
1
1
1
1
1
1
1
1
1
1
1
1
1
1
1
1
1
1
1
1
1
1
1
1
1
1
1
1
1
1
1
1
1
1
1
1
1
1
1
1
1
1
1
1
1
1
1
1
1
1
1
1
1
1
1
1
1
1
1
1
1
1
1
1
1
1
1
1
1
1
1
1
1
1
1
1
1
1
1
1
1
1
1
1
1
1
1
1
1
1
1
1
1
1
1
1
1
1
1
1
1
1.03766
1
1
1
1
1
1
1
1
1
1
1
1
1
1
1
1
1
1
1
1
1
1
1
1
1
1
1
1
1
1
1
1
1
1
1
1
1
1
1
1
1
1
1
1
1
1
1
1
1
1
1
1
1
1
1
1
1
1
1
1
1
1
1
1
1
1
1
1
1
1
1
1
1
1
1
1
1
1
1.03766
1.07531
1.11297
1.07531
1.03766
1
1
1
1
1
1
1
1
1
1
1
1
1
1
1
1
1
1
1
1
1
1
1
1
1
1
1
1
1
1
1
1
1
1
1
1
1
1
1
1
1
1
1
1
1
1
1
1
1
1
1
1
1
1
1
1
1
1
1
1
1
1
1
1.04142
1
1
1
1
1
1
1
1
1
1
1
1
1
1
1
1
1
1
1
1
1
1
1
1
1
1
1
1
1
1
1
1
1
1
1
1
1
1
1
1
1
1
1
1
1
1
1
1
1
1
1
1
1
1
1
1
1
1
1
1
1
1
1
1
1
1
1
1
1
1
1
1
1
1
1
1
1
1
1
1
1
1
1
1
1
1
1
1
1
1
1
1
1
1
1
1
1
1
1
1
1
1
1
1
1
1
1
1
1
1
1
1
1
1
1
1
1
1
1
1
1
1
1
1
1
1
1
1
1
1
1
1
1
1
1
1
1
1
1
1
1
1
1
1
1
1
1
1
1
1
1
1
1
1
1
1
1
1
1
1
1
1
1
1
1
1
1
1
1
1
1
1
1
1
1
1
1
1
1
1
1
1
1
1
1
1
1
1
1
1
1
1
1
1
1
1
1
1
1
1
1
1
1
1
1
1
1
1
1
1
1
1
1
1
1
1
1
1
1
1
1
1
1
1
1
1
1
1
1
1
1
1.04142
1.08284
1.12426
1.08284
1.04142
1
1
1
1
1
1
1
1
1
1
1
1
1
1
1
1
1
1
1
1
1
1
1
1
1
1
1
1
1
1
1
1
1
1
1
1
1
1
1
1
1
1
1
1
1
1
1
1
1
1
1
1
1
1
1
1
1
1
1
1
1
1
1
1
1
1
1
1
1
1
1
1
1
1
1
1
1
1
1
1
1
1
1
1
1
1
1
1
1
1
1
1
1
1
1
1
1
1
1
1
1
1
1
1
1
1
1
1
1
1
1
1
1
1
1
1
1
1
1
1
1
1
1
1
1
1
1
1
1
1
1
1
1
1
1
1
1
1
1
1
1
1
1
1
1
1
1
1
1
1
1
1
1
1
1
1
1
1
1
1
1
1
1
1
1
1
1
1
1
1
1
1
1
1
1
1
1
1
1
1
1
1
1
1
1
1
1
1
1
1
1
1
1
1
1
1
1
1
1
1
1
1
1
1
1
1
1
1
1
1
1
1
1
1
1
1
1
1
1
1
1
1
1
1
1
1
1
1
1
1
1
1
1
1
1
1
1
1
1
1
1
1
1
1
1
1
1
1
1
1
1
1
1
1
1
1
1
1
1
1
1
1
1
1
1
1
1
1
1
1
1
1
1
1
1
1
1
1
1
1
1
1
1
1
1
1
1
1
1
1
1
1
1
1
1
1
1.04602
1.15713
1.20316
1.09205
1.04602
1
1
1
1
1
1
1
1
1
1
1
1
1
1
1
1
1
1
1
1
1
1
1
1
1
1
1
1
1
1
1
1
1
1
1
1
1
1
1
1
1
1
1
1
1
1
1
1
1
1
1
1
1
1
1
1
1
1
1
1
1
1
1
1
1
1
1
1
1
1
1
1
1
1
1
1
1
1
1
1
1
1
1
1
1
1
1
1
1
1
1
1
1
1
1
1
1
1
1
1
1
1
1
1
1
1
1
1
1
1
1
1
1
1
1
1
1
1
1
1
1
1
1
1
1
1
1
1
1
1
1
1
1
1
1
1
1
1
1
1
1
1
1
1
1
1
1
1
1
1
1
1
1
1
1
1
1
1
1
1
1
1
1
1
1
1
1
1
1
1
1
1
1
1
1
1
1
1
1
1
1
1
1
1
1
1
1
1
1
1
1
1
1
1
1
1
1
1
1
1
1
1
1
1
1
1
1
1
1
1
1
1
1
1
1
1
1
1
1
1
1
1
1
1
1
1
1
1
1
1
1
1
1
1
1
1
1
1
1
1
1
1
1
1
1
1
1
1
1
1
1
1
1
1
1
1
1
1
1
1
1
1
1
1
1
1
1
1
1
1
1
1
1
1
1
1
1
1
1
1
1
1
1
1
1
1
1
1
1
1
1
1
1
1
1
1
1
1.05178
1
1
1
1
1
1
1
1
1
1
1
1
1
1
1
1
1
1
1
1
1
1
1
1
1
1
1
1
1
1
1
1
1
1
1
1
1
1
1
1
1
1
1
1
1
1
1
1
1
1
1
1
1
1
1
1
1
1
1
1
1
1
1
1
1
1
1
1
1
1
1
1
1
1
1
1
1
1
1
1
1
1
1
1
1
1
1
1
1
1
1
1
1
1
1
1
1
1
1
1
1
1
1
1
1
1
1
1
1
1
1
1
1
1
1
1
1
1
1
1
1
1
1
1
1
1
1
1
1
1
1
1
1
1
1
1
1
1
1
1
1
1
1
1
1
1
1
1
1
1
1
1
1
1
1
1
1
1
1
1
1
1
1
1
1
1
1
1
1
1
1
1
1
1
1
1
1
1
1
1
1
1
1
1
1
1
1
1
1
1
1
1
1
1
1
1
1
1
1
1
1
1
1
1
1
1
1
1
1
1
1
1
1
1
1
1
1
1
1
1
1
1
1
1
1
1
1
1
1
1
1
1
1
1
1
1
1
1
1
1
1
1
1
1
1
1
1
1
1
1
1
1
1
1
1
1
1
1
1
1
1
1
1
1
1
1
1
1
1
1
1
1
1
1
1
1
1
1
1
1
1
1
1
1
1
1
1
1
1
1
1
1
1
1
1
1
1
1
1
1
1
1
1
1
1
1
1
1
1
1
1
1
1
1
1
1
1
1
1
1
1
1
1
1
1
1
1
1
1
1
1
1
1
1
1
1
1
1
1
1
1
1
1
1
1
1
1
1
1
1
1
1
1
1
1
1
1
1
1
1
1
1
1
1
1
1
1
1
1
1
1
1
1
1
1
1
1
1
1
1
1
1
1
1
1
1
1
1
1
1
1
1
1
1
1
1
1
1
1
1
1
1
1
1
1
1
1
1
1
1
1
1
1
1
1
1
1
1
1
1
1
1
1
1
1
1
1
1
1
1
1
1
1
1
1
1
1
1
1
1
1
1
1
1
1
1
1
1
1
1
1
1
1
1
1
1
1
1
1
1
1
1
1
1
1
1
1
1
1
1
1
1
1
1
1
1
1
1
1
1
1
1
1
1
1
1
1
1
1
1
1
1
1
1
1
1
1
1
1
1
1
1
1
1
1
1
1
1
1
1
1
1
1
1
1
1
1
1
1
1
1
1
1
1
1
1
1
1
1
1
1
1
1
1
1
1
1
1
1
1
1
1
1
1
1
1
1
1
1
1
1
1
1
1
1
1
1
1
1
1
1
1
1
1
1
1
1
1
1
1
1
1
1
1
1
1
1
1
1
1
1
1
1
1
1
1
1
1
1
1
1
1
1
1
1
1
1
1
1
1
1
1
1
1
1
1
1
1
1
1
1
1
1
1
1
1
1
1
1
1
1
1
1
1
1
1
1
1
1
1
1
1
1
1
1
1
1
1
1
1
1
1
1
1
1
1
1
1
1
1
1
1
1
1
1
1
1
1
1
1
1
1
1
1
1
1
1
1
1
1
1
1
1
1
1
1
1
1
1
1
1
1
1
1
1
1
1
1
1
1
1
1
1
1
1
1
1
1
1
1
1
1
1
1
1
1
1
1
1
1
1
1
1
1
1
1
1
1
1
1
1
1
1
1
1
1
1
1
1
1
1
1
1
1
1
1
1
1
1
1
1
1
1
1
1
1
1
1
1
1
1
1
1
1
1
1
1
1
1
1
1
1
1
1
1
1
1
1
1
1
1
1
1
1
1
1
1
1
1
1
1
1
1
1
1
1
1
1
1
1
1
1
1
1
1
1
1
1
1
1
1
1
1
1
1
1
1
1
1
1
1
1
1
1
1
1
1
1
1
1
1
1
1
1
1
1
1
1
1
1
1
1
1
1
1
1
1
1
1
1
1
1
1
1
1
1
1
1
1
1
1
1
1
1
1
1
1
1
1
1
1
1
1
1
1
1
1
1
1
1
1
1
1
1
1
1
1
1
1
1
1
1
1
1
1
1
1
1
1
1
1
1
1
1
1
1
1
1
1
1
1
1
1
1
1
1
1
1
1
1
1
1
1
1
1
1
1
1
1
1
1
1
1
1
1
1
1
1
1
1
1
1
1
1
1
1
1
1
1
1
1
1
1
1
1
1
1
1
1
1
1
1
1
1
1
1
1
1
1
1
1
1
1
1
1
1
1
1
1
1
1
1
1
1
1
1
1
1
1
1
1
1
1
1
1
1
1
1
1
1
1
1
1
1
1
1
1
1
1
1
1
1
1
1
1
1
1
1
1
1
1
1
1
1
1
1
1
1
1
1
1
1
1
1
1
1
1
1
1
1
1
1
1
1
1
1
1
1
1
1
1
1
1
1
1
1
1
1
1
1
1
1
1
1
1
1
1
1
1
1
1
1
1
1
1
1
1
1
1
1
1
1
1
1
1
1
1
1
1
1
1
1
1
1
1
1
1
1
1
1
1
1
1
1
1
1
1
1
1
1
1
1
1
1
1
1
1
1
1
1
1
1
1
1
1
1
1
1
1
1
1
1
1
1
1
1
1
1
1
1
1
1
1
1
1
1
1
1
1
1
1
1
1
1
1
1
1
1
1
1
1
1
1
1
1
1
1
1
1
1
1
1
1
1
1
1
1
1
1
1
1
1
1
1
1
1
1
1
1
1
1
1
1
1
1
1
1
1
1
1
1
1
1
1
1
1
1
1
1
1
1
1
1
1
1
1
1
1
1
1
1
1
1
1
1
1
1
1
1
1
1
1
1
1
1
1
1
1
1
1
1
1
1
1
1
1
1
1
1
1
1
1
1
1
1
1
1
1
1
1
1
1
1
1
1
1
1
1
1
1
1
1
1
1
1
1
1
1
1
1
1
1
1
1
1
1
1
1
1
1
1
1
1
1
1
1
1
1
1
1
1
1
1
1
1
1
1
1
1
1
1
1
1
1
1
1
1
1
1
1
1
1
1
1
1
1
1
1
1
1
1
1
1
1
1
1
1
1
1
1
1
1
1
1
1
1
1
1
1
1
1
1
1
1
1
1
1
1
1
1
1
1
1
1
1
1
1
1
1
1
1
1
1
1
1
1
1
1
1
1
1
1
1
1
1
1
1
1
1
1
1
1
1
1
1
1
1
1
1
1
1
1
1
1
1
1
1
1
1
1
1
1
1
1
1
1
1
1
1
1
1
1
1
1
1
1
1
1
1
1
1
1
1
1
1
1
1
1
1
1
1
1
1
1
1
1
1
1
1
1
1
1
1
1
1
1
1
1
1
1
1
1
1
1
1
1
1
1
1
1
1
1
1
1
1
1
1
1
1
1
1
1
1
1
1
1
1
1
1
1
1
1
1
1
1
1
1
1
1
1
1
1
1
1
1
1
1
1
1
1
1
1
1
1
1
1
1
1
1
1
1
1
1
1
1
1
1
1
1
1
1
1
1
1
1
1
1
1
1
1
1
1
1
1
1
1
1
1
1
1
1
1
1
1
1
1
1
1
1
1
1
1
1
1
1
1
1
1
1
1
1
1
1
1
1
1
1
1
1
1
1
1
1
1
1
1
1
1
1
1
1
1
1
1
1
1
1
1
1
1
1
1
1
1
1
1
1
1
1
1
1
1
1
1
1
1
1
1
1
1
1
1
1
1
1
1
1
1
1
1
1
1
1
1
1
1
1
1
1
1
1
1
1
1
1
1
1
1
1
1
1
1
1
1
1
1
1
1
1
1
1
1
1
1
1
1
1
1
1
1
1
1
1
1
1
1
1
1
1
1
1
1
1
1
1
1
1
1
1
1
1
1
1
1
1
1
1
1
1
1
1
1
1
1
1
1
1
1
1
1
1
1
1
1
1
1
1
1
1
1
1
1
1
1
1
1
1
1
1
1
1
1
1
1
1
1
1
1
1
1
1
1
1
1
1
1
1
1
1
1
1
1
1
1
1
1
1
1
1
1
1
1
1
1
1
1
1
1
1
1
1
1
1
1
1
1
1
1
1
1
1
1
1
1
1
1
1
1
1
1
1
1
1
1
1
1
1
1
1
1
1
1
1
1
1
1
1
1
1
1
1
1
1
1
1
1
1
1
1
1
1
1
1
1
1
1
1
1
1
1
1
1
1
1
1
1
1
1
1
1
1
1
1
1
1
1
1
1
1
1
1
1
1
1
1
1
1
1
1
1
1
1
1
1
1
1
1
1
1
1
1
1
1
1
1
1
1
1
1
1
1
1
1
1
1
1
1
1
1
1
1
1
1
1
1
1
1
1
1
1
1
1
1
1
1
1
1
1
1
1
1
1
1
1
1
1
1
1
1
1
1
1
1
1
1
1
1
1
1
1
1
1
1
1
1
1
1
1
1
1
1
1
1
1
1
1
1
1
1
1
1
1
1
1
1
1
1
1
1
1
1
1
1
1
1
1
1
1
1
1
1
1
1
1
1
1
1
1
1
1
1
1
1
1
1
1
1
1
1
1
1
1
1
1
1
1
1
1
1
1
1
1
1
1
1
1
1
1
1
1
1
1
1
1
1
1
1
1
1
1
1
1
1
1
1
1
1
1
1
1
1
1
1
1
1
1
1
1
1
1
1
1
1
1
1
1
1
1
1
1
1
1
1
1
1
1
1
1
1
1
1
1
1
1
1
1
1
1
1
1
1
1
1
1
1
1
1
1
1
1
1
1
1
1
1
1
1
1
1
1
1
1
1
1
1
1
1
1
1
1
1
1
1
1
1
1
1
1
1
1
1
1
1
1
1
1
1
1
1
1
1
1
1
1
1
1
1
1
1
1
1
1
1
1
1
1
1
1
1
1
1
1
1
1
1
1
1
1
1
1
1
1
1
1
1
1
1
1
1
1
1
1
1
1
1
1
1
1
1
1
1
1
1
1
1
1
1
1
1
1
1
1
1
1
1
1
1
1
1
1
1
1
1
1
1
1
1
1
1
1
1
1
1
1
1
1
1
1
1
1
1
1
1
1
1
1
1
1
1
1
1
1
1
1
1
1
1
1
1
1
1
1
1
1
1
1
1
1
1
1
1
1
1
1
1
1
1
1
1
1
1
1
1
1
1
1
1
1
1
1
1
1
1
1
1
1
1
1
1
1
1
1
1
1
1
1
1
1
1
1
1
1
1
1
1
1
1
1
1
1
1
1
1
1
1
1
1
1
1
1
1
1
1
1
1
1
1
1
1
1
1
1
1
1
1
1
1
1
1
1
1
1
1
1
1
1
1
1
1
1
1
1
1
1
1
1
1
1
1
1
1
1
1
1
1
1
1
1
1
1
1
1
1
1
1
1
1
1
1
1
1
1
1
1
1
1
1
1
1
1
1
1
1
1
1
1
1
1
1
1
1
1
1
1
1
1
1
1
1
1
1
1
1
1
1
1
1
1
1
1
1
1
1
1
1
1
1
1
1
1
1
1
1
1
1
1
1
1
1
1
1
1
1
1
1
1
1
1
1
1
1
1
1
1
1
1
1
1
1
1
1
1
1
1
1
1
1
1
1
1
1
1
1
1
1
1
1
1
1
1
1
1
1
1
1
1
1
1
1
1
1
1
1
1
1
1
1
1
1
1
1
1
1
1
1
1
1
1
1
1
1
1
1
1
1
1
1
1
1
1
1
1
1
1
1
1
1
1
1
1
1
1
1
1
1
1
1
1
1
1
1
1
1
1
1
1
1
1
1
1
1
1
1
1
1
1
1
1
1
1
1
1
1
1
1
1
1
1
1
1
1
1
1
1
1
1
1
1
1
1
1
1
1
1
1
1
1
1
1
1
1
1
1
1
1
1
1
1
1
1
1
1
1
1
1
1
1
1
1
1
1
1
1
1
1
1
1
1
1
1
1
1
1
1
1
1
1
1
1
1
1
1
1
1
1
1
1
1
1
1
1
1
1
1
1
1
1
1
1
1
1
1
1
1
1
1
1
1
1
1
1
1
1
1
1
1
1
1
1
1
1
1
1
1
1
1
1
1
1
1
1
1
1
1
1
1
1
1
1
1
1
1
1
1
1
1
1
1
1
1
1
1
1
1
1
1
1
1
1
1
1
1
1
1
1
1
1
1
1
1
1
1
1
1
1
1
1
1
1
1
1
1
1
1
1
1
1
1
1
1
1
1
1
1
1
1
1
1
1
1
1
1
1
1
1
1
1
1
1
1
1
1
1
1
1
1
1
1
1
1
1
1
1
1
1
1
1
1
1
1
1
1
1
1
1
1
1
1
1
1
1
1
1
1
1
1
1
1
1
1
1
1
1
1
1
1
1
1
1
1
1
1
1
1
1
1
1
1
1
1
1
1
1
1
1
1
1
1
1
1
1
1
1
1
1
1
1
1
1
1
1
1
1
1
1
1
1
1
1
1
1
1
1
1
1
1
1
1
1
1
1
1
1
1
1
1
1
1
1
1
1
1
1
1
1
1
1
1
1
1
1
1
1
1
1
1
1
1
1
1
1
1
1
1
1
1
1
1
1
1
1
1
1
1
1
1
1
1
1
1
1
1
1
1
1
1
1
1
1
1
1
1
1
1
1
1
1
1
1
1
1
1
1
1
1
1
1
1
1
1
1
1
1
1
1
1
1
1
1
1
1
1
1
1
1
1
1
1
1
1
1
1
1
1
1
1
1
1
1
1
1
1
1
1
1
1
1
1
1
1
1
1
1
1
1
1
1
1
1
1
1
1
1
1
1
1
1
1
1
1
1
1
1
1
1
1
1
1
1
1
1
1
1
1
1
1
1
1
1
1
1
1
1
1
1
1
1
1
1
1
1
1
1
1
1
1
1
1
1
1
1
1
1
1
1
1
1
1
1
1
1
1
1
1
1
1
1
1
1
1
1
1
1
1
1
1
1
1
1
1
1
1
1
1
1
1
1
1
1
1
1
1
1
1
1
1
1
1
1
1
1
1
1
1
1
1
1
1
1
1
1
1
1
1
1
1
1
1
1
1
1
1
1
1
1
1
1
1
1
1
1
1
1
1
1
1
1
1
1
1
1
1
1
1
1
1
1
1
1
1
1
1
1
1
1
1
1
1
1
1
1
1
1
1
1
1
1
1
1
1
1
1
1
1
1
1
1
1
1
1
1
1
1
1
1
1
1
1
1
1
1
1
1
1
1
1
1
1
1
1
1
1
1
1
1
1
1
1
1
1
1
1
1
1
1
1
1
1
1
1
1
1
1
1
1
1
1
1
1
1
1
1
1
1
1
1
1
1
1
1
1
1
1
1
1
1
1
1
1
1
1
1
1
1
1
1
1
1
1
1
1
1
1
1
1
1
1
1
1
1
1
1
1
1
1
1
1
1
1
1
1
1
1
1
1
1
1
1
1
1
1
1
1
1
1
1
1
1
1
1
1
1
1
1
1
1
1
1
1
1
1
1
1
1
1
1
1
1
1
1
1
1
1
1
1
1
1
1
1
1
1
1
1
1
1
1
1
1
1
1
1
1
1
1
1
1
1
1
1
1
1
1
1
1
1
1
1
1
1
1
1
1
1
1
1
1
1
1
1
1
1
1
1
1
1
1
1
1
1
1
1
1
1
1
1
1
1
1
1
1
1
1
1
1
1
1
1
1
1
1
1
1
1
1
1
1
1
1
1
1
1
1
1
1
1
1
1
1
1
1
1
1
1
1
1
1
1
1
1
1
1
1
1
1
1
1
1
1
1
1
1
1
1
1
1
1
1
1
1
1
1
1
1
1
1
1
1
1
1
1
1
1
1
1
1
1
1
1
1
1
1
1
1
1
1
1
1
1
1
1
1
1
1
1
1
1
1
1
1
1
1
1
1
1
1
1
1
1
1
1
1
1
1
1
1
1
1
1
1
1
1
1
1
1
1
1
1
1
1
1
1
1
1
1
1
1
1
1
1
1
1
1
1
1
1
1
1
1
1
1
1
1
1
1
1
1
1
1
1
1
1
1
1
1
1
1
1
1
1
1
1
1
1
1
1
1
1
1
1
1
1
1
1
1
1
1
1
1
1
1
1
1
1
1
1
1
1
1
1
1
1
1
1
1
1
1
1
1
1
1
1
1
1
1
1
1
1
1
1
1
1
1
1
1
1
1
1
1
1
1
1
1
1
1
1
1
1
1
1
1
1
1
1
1
1
1
1
1
1
1
1
1
1
1
1
1
1
1
1
1
1
1
1
1
1
1
1
1
1
1
1
1
1
1
1
1
1
1
1
1
1
1
1
1
1
1
1
1
1
1
1
1
1
1
1
1
1
1
1
1
1
1
1
1
1
1
1
1
1
1
1
1
1
1
1
1
1
1
1
1
1
1
1
1
1
1
1
1
1
1
1
1
1
1
1
1
1
1
1
1
1
1
1
1
1
1
1
1
1
1
1
1
1
1
1
1
1
1
1
1
1
1
1
1
1
1
1
1
1
1
1
1
1
1
1
1
1
1
1
1
1
1
1
1
1
1
1
1
1
1
1
1
1
1
1
1
1
1
1
1
1
1
1
1
1
1
1
1
1
1
1
1
1
1
1
1
1
1
1
1
1
1
1
1
1
1
1
1
1
1
1
1
1
1
1
1
1
1
1
1
1
1
1
1
1
1
1
1
1
1
1
1
1
1
1
1
1
1
1
1
1
1
1
1
1
1
1
1
1
1
1
1
1
1
1
1
1
1
1
1
1
1
1
1
1
1
1
1
1
1
1
1
1
1
1
1
1
1
1
1
1
1
1
1
1
1
1
1
1
1
1
1
1
1
1
1
1
1
1
1
1
1
1
1
1
1
1
1
1
1
1
1
1
1
1
1
1
1
1
1
1
1
1
1
1
1
1
1
1
1
1
1
1
1
1
1
