120
120
120
120
120
120
120
120
120
120
120
120
120
120
120
120
120
120
120
120
120
120
120
120
120
120
120
120
120
120
120
120
120
120
120
120
120
120
120
120
120
120
120
120
120
120
120
120
120
120
120
120
120
120
120
120
120
120
120
120
120.414
120.828
121.243
121.657
122.071
122.485
122.899
123.314
123.728
124.142
124.556
124.971
125.385
125.799
126.213
126.627
127.042
127.456
127.87
128.284
128.699
129.113
129.527
129.941
130.355
130.77
131.184
131.598
132.012
132.426
132.841
133.255
133.669
134.083
134.498
134.912
135.326
135.74
136.154
136.569
136.983
137.397
137.811
138.225
138.64
139.054
139.468
139.882
120
120
120
120
120
120
120
120
120
120
120
120
120
120
120
120
120
120
120
120
120
120
120.414
120.828
121.243
121.657
122.071
122.485
122.899
123.314
123.728
124.142
124.556
124.971
125.385
125.799
126.213
126.627
127.042
127.456
127.87
128.284
128.699
129.113
129.527
129.941
130.355
130.77
131.184
131.598
132.012
132.426
132.841
133.255
133.669
134.083
134.498
134.912
135.326
135.74
136.154
136.569
136.983
137.397
137.811
138.225
138.64
139.054
139.468
139.882
139.882
139.468
139.054
138.64
138.225
137.811
137.397
136.983
136.569
136.154
135.74
135.326
134.912
134.498
134.083
133.669
133.255
132.841
132.426
132.012
131.598
131.184
119
138.882
119
130.184
118
137.882
118
129.184
117
136.882
117
128.184
116
135.882
116
127.184
115
134.882
115
126.184
114
133.882
114
125.184
113
113
132.882
113
124.184
112
131.054
131.468
132.468
112
123.184
111
130.054
111
111
122.184
110
129.054
110
121.184
120.77
120.355
109
128.054
109
119.355
108
127.054
108
118.355
107
126.054
107
117.355
106
125.054
106
116.355
105
105
123.64
124.054
105
115.355
104
122.64
104
114.355
113.941
103
121.64
103
103
112.941
102
120.64
102
111.941
101
101
101
119.225
119.64
101
110.941
100
118.225
100
109.941
109.527
99
117.225
99
99
108.527
98
116.225
98
107.527
97
114.397
114.811
115.811
97
106.527
96
96
113.397
96
105.527
105.113
95
112.397
95
95
95
104.113
94
94
110.983
111.397
94
103.113
102.699
102.284
93
109.983
93
101.284
92
108.983
92
92
100.284
99.8701
91
91
107.569
107.983
91
98.8701
90
106.569
90
97.8701
97.4559
89
105.569
89
96.4559
88
88
88
104.154
104.569
88
88
95.4559
87
103.154
87
94.4559
94.0416
93.6274
86
86
101.326
101.74
102.74
86
92.6274
92.2132
85
100.326
85
85
85
91.2132
84
84
98.9117
99.326
84
90.2132
89.799
83
97.9117
83
83
88.799
88.3848
82
82
96.4975
96.9117
82
87.3848
81
81
81
95.4975
81
81
86.3848
85.9706
85.5564
80
94.4975
80
84.5564
79
93.0833
93.4975
79
83.5564
83.1421
78
78
92.0833
78
78
82.1421
81.7279
77
77
90.2549
90.6691
91.6691
77
80.7279
80.3137
76
89.2549
76
76
76
79.3137
78.8995
78.4853
75
75
75
87.8407
88.2549
75
77.4853
77.0711
74
74
86.8407
74
74
76.0711
75.6569
73
73
85.8407
73
74.6569
74.2426
73.8284
72
84.4264
85.4264
72
72.8284
71
71
82.598
83.0122
84.0122
71
71
71.8284
71.4142
71
70
81.598
70
70
70
69
69
69
80.1838
80.598
69
69
69
69
69
68
68
79.1838
68
68
68
68
67
67
77.7696
78.1838
67
67
67
67
67
67
67
66
66
66
76.3554
76.7696
66
66
66
65
65
75.3554
65
65
65
65
65
65
65
64
64
64
74.3554
64
64
64
64
63
72.5269
72.9412
73.9412
63
63
62
62
62
71.1127
71.5269
62
62
62
62
62
62
62
61
61
70.1127
61
61
61
61
61
61
60
60
68.6985
69.1127
60
60
60
60
60
60
60
60
60
59
59
59
59
67.6985
59
59
59
59
59
59
59
59
59
59
59
59
59
59
59
59
58
58
65.8701
66.2843
67.2843
58
58
57
57
64.4559
64.8701
57
57
57
56
56
56
56
63.4559
56
56
55
55
55
62.4559
55
55
55
54
61.0416
61.4559
54
54
53
53
53
60.0416
53
53
52
52
52
58.6274
59.0416
52
52
52
52
51
51
51
51
57.6274
51
72.7696
73.7696
74.7696
75.7696
76.7696
77.7696
78.7696
79.7696
80.7696
81.7696
82.7696
83.7696
83.1838
82.1838
81.1838
80.1838
79.1838
78.1838
77.1838
76.1838
75.1838
74.1838
73.1838
51
50
50
50
55.799
56.2132
57.2132
50
50
68.3554
69.3554
70.3554
71.3554
72.3554
72.7696
71.7696
70.7696
69.7696
68.7696
67.7696
50
49
49
49
49
54.3848
54.799
49
63.9411
64.9411
65.9411
66.9411
67.9411
67.3554
66.3554
65.3554
49
48
48
48
48
48
53.3848
48
48
61.5269
62.5269
63.5269
64.9411
63.9411
62.9411
61.9411
60.9411
48
47
47
47
52.3848
47
61.1127
60.5269
47
46
50.9706
51.3848
46
57.6985
58.6985
59.6985
60.6985
60.1127
59.1127
46
45
45
45
45
45
49.9706
45
45
45
56.2843
57.2843
58.6985
57.6985
56.6985
55.6985
45
44
44
44
44
44
48.5564
48.9706
44
53.8701
54.8701
55.8701
55.2843
54.2843
44
43
43
43
43
43
43
47.5564
43
43
51.4559
52.4559
53.4559
53.8701
52.8701
51.8701
50.8701
43
42
42
42
42
42
42
45.7279
46.1421
47.1421
42
50.0416
51.0416
50.4559
49.4559
42
41
41
41
41
41
41
41
41
44.7279
41
41
48.6274
49.6274
49.0416
48.0416
41
40
40
40
40
40
40
40
40
43.7279
40
45.799
46.2132
47.2132
48.2132
47.6274
46.6274
46.2132
40
39
39
39
39
39
39
39
39
39
39
39
39
39
39
42.3137
42.7279
39
44.799
45.2132
44.799
39
38
38
38
38
38
38
38
38
38
38
38
38
38
38
38
41.3137
38
38
43.799
43.799
38
40.3137
37
42.3848
43.3848
43.3848
42.3848
38.8995
39.3137
36
40.9706
41.9706
41.9706
40.9706
37.8995
35
39.1421
39.5564
40.5564
40.5564
39.5564
39.1421
36.0711
36.4853
37.4853
34
34
34
37.7279
38.1421
38.1421
35.0711
33
36.7279
37.1421
36.7279
34.0711
32
32
35.3137
35.7279
35.7279
35.3137
32.6569
33.0711
31
34.3137
34.3137
31.6569
30
33.3137
33.3137
30.6569
29
31.4853
31.8995
32.8995
32.3137
31.8995
29.6569
28
30.0711
30.4853
30.8995
28.6569
27
27
29.0711
30.4853
29.4853
29.0711
27.2426
27.6569
26
28.0711
28.0711
26.2426
25
26.6569
27.0711
27.0711
26.6569
25.2426
24
25.6569
25.6569
24.2426
23
23
24.2426
24.6569
24.6569
24.2426
22.8284
23.2426
22
23.2426
23.2426
21.8284
21
22.2426
22.2426
20.8284
20
21.2426
21.2426
19.8284
19
20.2426
20.8284
19.8284
19.4142
18.8284
18
18.4142
18.8284
19.8284
18.4142
17.8284
17
17
17
17.4142
17.4142
16.8284
16
16.4142
16.4142
15.8284
15
15.4142
15.4142
14
14.4142
15.4142
14
14.4142
14.4142
14
13
13
13.4142
13
12
12
12
12.4142
12
11
11
11
11
10
10
10
10
9
9
9
9
8
8
8
8
7
7
7
7
6
6
6
6
6
6
6
6
6
6
6
6
6
6
6
6
6
6
6
6
6
6
6
6
6
6
6
6
6
6
6
6
6
6
6
6
6
6
6
6
6
6
6
6
6
6
6
6
6
6
6
6
6
6
6
6
6
6
6
6
6
6
6
6
6
6
6
6
6
6
6
6
6
6
6
6
6
6
6
6
6
6
6
6
6
6
6
6
6
6
6
6
6
6
6
6
6
6
6
6
6
6
6
6
6
6
6
6
6
6
6
6
6
6
6
6
6
6
6
6
6
6
6
6
6
6
6
6
6
6
6
6
6
6
6
6
6
6
6
6
6
6
6
6
6
6
6
6
6
6
6
6
6
6
6
6
6
6
6
6
6
6
6
6
6
6
6
6
6
6
6
6
6
6
6
6
6
6
6
6
6
6
6
6
6
6
6
6
6
6
6
6
6
6
6
6
6
6
6
6
6
6
6
6
6
6
6
6
6
6
6
6
6
6
6
6
6
6
6
6
6
6
6
6
6
6
6
6
6
