188.297
188.711
189.125
189.539
189.953
190.368
190.782
191.196
191.61
192.024
192.439
192.853
193.267
193.681
194.096
194.51
194.924
195.338
195.752
196.752
197.752
198.752
199.752
200.752
201.752
202.752
203.752
204.752
205.752
206.752
207.752
208.752
209.752
210.752
211.752
212.752
213.752
214.752
215.752
216.752
217.752
218.752
219.752
220.752
221.752
222.752
223.752
224.752
225.752
226.752
227.752
228.752
229.752
230.752
231.752
232.752
233.752
234.752
235.752
236.752
237.752
238.752
239.752
240.752
241.752
242.752
243.752
244.752
245.752
246.752
247.752
248.752
235.664
234.664
233.664
232.664
231.664
230.664
229.664
228.664
227.664
226.664
225.664
224.664
223.664
222.664
221.664
221.25
220.836
220.421
220.007
219.593
219.179
218.765
218.35
217.936
217.522
217.108
216.694
216.279
215.865
215.451
215.037
214.622
214.208
213.794
213.38
212.966
212.551
152.882
151.882
150.882
149.882
148.882
147.882
146.882
145.882
144.882
143.882
142.882
141.882
140.882
139.882
139.468
139.054
138.64
138.225
137.811
137.397
136.983
136.569
136.154
135.74
135.326
134.912
134.497
134.083
133.669
133.255
132.841
132.426
132.012
131.598
131.184
130.77
130.355
129.941
129.527
129.113
128.698
128.284
127.87
127.456
127.042
126.627
126.213
125.799
125.385
124.971
134.083
134.498
134.912
135.326
135.74
136.154
136.569
136.983
137.397
137.811
138.225
138.64
139.054
139.468
139.882
140.297
140.711
141.125
141.539
141.953
142.368
142.782
143.196
143.61
144.024
144.439
144.853
145.267
145.681
146.096
146.51
146.924
147.338
147.752
148.752
149.752
150.752
151.752
152.752
187.297
248.338
249.338
235.25
211.551
152.468
123.971
133.083
152.338
186.297
248.924
234.836
210.551
152.054
122.971
132.083
151.924
185.297
248.51
234.421
209.551
151.64
121.971
131.083
151.51
184.297
248.096
235.007
234.007
208.551
151.225
150.225
120.971
129.669
130.083
151.096
183.297
247.681
248.681
234.593
207.551
149.811
119.971
119.556
128.669
150.681
182.297
248.267
234.179
206.551
149.397
118.556
127.669
150.267
181.297
247.853
233.765
205.551
148.983
147.983
117.556
126.669
149.853
150.853
180.297
247.439
248.439
233.35
204.551
147.569
116.556
125.669
150.439
179.297
248.024
234.936
233.936
232.936
203.551
147.154
146.154
145.154
115.556
124.255
124.669
150.024
151.024
178.297
247.61
248.61
249.61
234.522
202.551
144.74
143.74
114.556
114.142
123.255
150.61
151.61
152.61
177.297
249.196
250.196
235.108
234.108
201.551
143.326
142.326
113.142
121.841
122.255
152.196
176.297
249.782
250.782
251.782
234.694
200.551
141.912
140.912
139.912
138.912
112.142
111.728
120.841
151.782
152.782
175.297
251.368
252.368
253.368
235.279
234.279
199.551
138.497
110.728
119.012
119.426
119.841
152.368
153.368
174.297
252.953
234.865
198.551
138.083
137.083
109.728
118.012
152.953
173.297
252.539
253.539
254.539
255.539
256.539
235.451
234.451
197.551
197.137
136.669
135.669
134.669
133.669
108.728
108.314
107.899
116.598
117.012
152.539
153.539
172.297
256.125
257.125
258.125
259.125
237.037
236.037
235.037
196.137
133.255
132.255
131.255
106.899
115.598
153.125
154.125
155.125
156.125
171.297
258.711
259.711
260.711
261.711
262.711
263.711
264.711
265.711
266.711
267.711
268.711
269.711
270.711
271.711
272.711
273.711
274.711
275.711
276.711
277.711
278.711
279.711
280.711
281.711
282.711
283.711
284.711
285.711
286.711
287.711
288.711
289.711
290.711
291.711
292.711
293.711
294.711
295.711
296.711
297.711
298.711
299.711
300.711
301.711
302.711
303.711
304.711
305.622
304.622
303.622
302.622
236.622
195.137
130.841
129.841
128.841
127.841
126.841
105.899
105.485
114.184
114.598
155.711
156.711
157.711
158.711
170.297
302.208
301.208
300.208
299.208
298.208
297.208
296.208
295.208
238.208
237.208
236.208
194.137
126.426
125.426
124.426
123.426
122.426
104.485
104.071
112.355
112.77
113.184
158.297
159.297
160.297
169.882
294.794
293.794
292.794
291.794
290.794
289.794
288.794
239.794
238.794
237.794
193.137
192.723
192.309
122.012
121.012
120.012
119.012
118.012
103.071
102.657
102.243
110.941
111.355
159.882
160.882
161.882
162.882
163.882
164.882
165.882
166.882
167.882
168.882
288.38
287.38
286.38
285.38
284.38
283.38
240.38
239.38
191.309
117.598
116.598
115.598
114.598
113.598
101.243
100.828
109.113
109.527
109.941
169.054
170.054
171.054
172.054
173.054
174.054
175.054
176.054
177.054
178.054
179.054
180.054
181.054
182.054
183.054
184.054
185.054
186.054
187.054
188.054
189.054
190.054
191.054
192.054
193.054
194.054
195.054
196.054
197.054
198.054
199.054
200.054
201.054
202.054
203.054
282.966
281.966
280.966
279.966
278.966
241.966
240.966
239.966
190.309
113.184
112.184
111.184
99.8284
99.4142
107.284
107.699
108.113
168.054
203.468
278.551
277.551
276.551
275.551
274.551
274.137
244.551
243.551
242.551
241.551
189.309
188.895
110.77
98.4142
98
105.87
106.284
167.64
204.468
204.882
205.882
206.882
207.882
208.882
209.882
210.882
211.882
212.882
213.882
214.882
273.137
244.137
187.895
110.355
109.355
97
104.87
167.225
215.297
216.297
217.297
218.297
219.297
220.297
221.297
222.297
272.723
271.723
270.723
269.723
268.723
267.723
266.723
247.723
246.723
245.723
244.723
243.723
186.895
108.941
107.941
106.941
105.941
96
96
96
103.042
103.456
103.87
166.811
222.711
223.711
224.711
225.711
226.711
266.309
265.309
264.309
263.309
262.309
261.309
260.309
259.309
258.309
257.309
256.309
255.309
254.309
253.309
252.309
251.309
250.309
249.309
248.309
247.309
185.895
105.527
104.527
95
95
95
100.799
101.213
101.627
102.042
166.397
227.125
228.125
229.125
230.125
231.125
232.125
184.895
184.48
104.113
103.113
94
94
94
94
98.5564
98.9706
99.3848
99.799
165.983
232.539
233.539
234.539
235.539
183.48
183.066
102.698
101.698
101.284
93
93
93
93
93
95.4853
95.8995
96.3137
96.7279
97.1421
97.5564
165.569
235.953
236.953
237.953
238.953
239.953
182.066
100.284
99.8701
92
92
92
92
92
92
92
92
92
92
92.4142
92.8284
93.2426
93.6569
94.0711
94.4853
165.154
240.368
241.368
242.368
181.652
180.652
180.238
98.8701
91
91
91
91
91
91
91
91
91
164.74
242.782
179.238
178.823
97.8701
164.326
243.782
244.196
245.196
246.196
177.823
96.8701
96.4558
163.912
246.61
247.61
248.61
177.409
176.409
95.4558
163.498
249.024
250.024
251.024
252.024
175.995
174.995
95.0416
94.0416
93.6274
154.083
155.083
156.083
157.083
158.083
159.083
160.083
161.083
162.083
163.083
252.439
253.439
254.439
174.581
173.581
172.581
92.6274
128.669
129.669
130.669
131.669
132.669
133.669
134.669
135.669
136.669
137.669
138.669
139.669
140.669
141.669
142.669
143.669
144.669
145.669
146.669
147.669
148.669
149.669
150.669
151.669
152.669
153.669
254.853
255.853
256.853
257.853
172.167
171.167
170.167
91.6274
119.255
120.255
121.255
122.255
123.255
124.255
125.255
126.255
127.255
128.255
258.267
259.267
260.267
261.267
169.752
168.752
167.752
166.752
90.6274
111.841
112.841
113.841
114.841
115.841
116.841
117.841
118.841
261.681
262.681
263.681
166.338
165.338
164.338
89.6274
106.426
107.426
108.426
109.426
110.426
111.426
264.096
265.096
266.096
267.096
163.924
162.924
161.924
160.924
159.924
158.924
157.924
134.924
133.924
132.924
88.6274
102.012
103.012
104.012
105.012
106.012
267.51
157.51
156.51
155.51
154.51
153.51
152.51
151.51
150.51
149.51
148.51
147.51
146.51
145.51
144.51
143.51
142.51
141.51
140.51
139.51
138.51
137.51
136.51
135.51
134.51
132.51
131.51
130.51
129.51
128.51
127.51
126.51
125.51
124.51
123.51
122.51
121.51
121.096
87.6274
101.598
268.51
268.924
269.924
120.096
86.6274
99.1838
100.184
101.184
270.338
271.338
272.338
273.338
265.681
264.681
263.681
262.681
261.681
260.681
259.681
258.681
257.681
256.681
255.681
254.681
253.681
252.681
251.681
250.681
249.681
119.681
118.681
117.681
116.681
85.6274
95.7696
96.7696
97.7696
98.7696
273.752
274.752
275.752
271.096
270.096
269.096
268.096
267.096
266.096
249.267
248.267
247.267
246.267
116.267
115.267
114.267
113.267
112.267
84.6274
93.3554
94.3554
95.3554
276.167
277.167
278.167
279.167
280.167
275.51
274.51
273.51
272.51
271.51
245.853
244.853
111.853
110.853
109.853
108.853
107.853
83.6274
89.9412
90.9412
91.9412
92.9412
280.581
281.581
282.581
283.581
284.581
280.924
279.924
278.924
277.924
276.924
275.924
244.439
243.439
242.439
241.439
107.439
106.439
105.439
104.439
83.4558
83.0416
82.6274
86.5269
87.5269
88.5269
89.5269
284.995
285.995
286.995
287.995
288.995
285.338
284.338
283.338
282.338
281.338
241.024
104.024
103.024
102.024
82.4558
85.1127
86.1127
289.409
290.409
291.409
292.409
293.409
294.409
295.409
291.752
290.752
289.752
288.752
287.752
286.752
285.752
240.61
239.61
101.61
100.61
99.6102
98.6102
81.8701
81.4558
83.6985
84.6985
295.823
292.167
239.196
98.196
97.196
96.7818
81.2843
80.8701
83.2843
296.823
297.238
298.238
299.238
300.238
301.238
302.238
303.238
304.238
305.238
306.238
306.581
305.581
304.581
303.581
302.581
301.581
300.581
299.581
298.581
297.581
296.581
295.581
294.581
293.581
293.167
238.782
237.782
95.7818
80.2843
81.8701
82.8701
237.368
95.3676
94.3676
93.3676
92.9534
80.1127
79.6985
79.2843
78.4559
79.4559
80.4559
81.4559
236.953
91.9534
91.5392
91.1249
79.5269
79.1127
77.0416
78.0416
236.539
235.539
234.539
90.1249
89.7107
89.2965
88.8823
78.9411
78.5269
75.6274
76.6274
234.125
87.8823
87.4681
87.0539
86.6397
86.2254
79.1838
78.7696
78.3554
77.9411
73.799
74.2132
75.2132
233.711
85.2254
84.8112
84.397
83.9828
83.5686
83.1544
80.2549
79.8406
79.4264
79.0122
78.598
78.1838
72.799
233.297
82.1544
81.7402
81.3259
80.9117
80.4975
80.0833
79.6691
79.2549
71.3848
71.799
232.882
69.9706
70.3848
234.468
233.468
232.468
68.9706
234.054
67.1421
67.5564
68.5564
233.64
66.1421
61.4142
61
61
61
61
61
61
61
61
61
61
61
61
61
61
61
61
61
61
61
61
61
61
61
233.225
64.7279
65.1421
64.1421
63.7279
63.3137
62.8995
62.4853
62.0711
61.6569
61.2426
60.8284
60.4142
60
60
60
60
60
60
233.811
232.811
63.7279
66.8701
66.4558
66.0416
65.6274
65.2132
64.799
64.3848
63.9706
63.5563
63.1421
59
59
59
59
59
233.397
62.3137
62.7279
65.4559
65.8701
66.2843
66.6985
67.1127
67.5269
67.9411
67.5269
67.1127
66.6985
66.2843
65.8701
58
58
58
58
233.983
232.983
61.3137
57.4142
57.8284
58.2426
58.6569
59.0711
59.4853
59.8995
60.3137
60.7279
61.1422
61.5564
61.9706
62.3848
62.799
63.2132
63.6274
64.0417
64.4559
57
57
57
235.569
234.569
233.569
59.8995
60.3137
56.4142
56
56
56
236.154
235.154
58.8995
55.4142
55
55
237.74
236.74
235.74
57.8995
55
55
55
55
54
237.326
56.0711
56.4853
57.4853
54
53
53
53
239.912
238.912
237.912
236.912
55.0711
53
53
53
53
53
53
53
53
52
52
52
242.497
241.497
240.497
239.497
54.0711
52
52
52
52
52
51
51
244.083
243.083
242.083
52.6569
53.0711
51
51
51
51
50
50
247.669
246.669
245.669
244.669
243.669
51.6569
50
50
50
49
249.255
248.255
247.255
50.6569
49
49
49
49
48
48
252.841
251.841
250.841
249.841
248.841
49.2426
49.6569
48
48
47
47
47
255.426
254.426
253.426
252.426
48.2426
47
47
47
46
255.012
47.2426
46
45
45
255.598
254.598
181.598
180.598
179.598
178.598
177.598
176.598
175.598
174.598
173.598
172.598
171.598
170.598
169.598
168.598
167.598
166.598
165.598
164.598
163.598
162.598
161.598
160.598
159.598
158.598
157.598
156.598
155.598
154.598
46.2426
45
45
45
44
259.012
258.012
257.012
256.012
188.012
187.012
186.012
185.012
184.012
183.012
182.012
154.184
153.184
152.184
151.184
150.184
149.184
148.184
147.184
146.184
145.184
45.2426
44
44
43
43
260.426
259.426
192.426
191.426
190.426
189.426
188.426
144.77
143.77
142.77
141.77
140.77
139.77
138.77
137.77
44.2426
43
43
43
42
261.841
260.841
196.841
195.841
194.841
193.841
192.841
137.355
136.355
135.355
134.355
133.355
132.355
131.355
130.355
129.355
42.8284
43.2426
42
42
41
41
41
264.255
263.255
262.255
199.255
198.255
197.255
128.941
127.941
126.941
125.941
124.941
123.941
122.941
121.941
120.941
41.8284
41
40
264.669
202.669
201.669
200.669
199.669
120.527
119.527
118.527
117.527
116.527
115.527
114.527
113.527
112.527
111.527
110.527
109.527
108.527
40.8284
40
40
39
39
266.083
265.083
205.083
204.083
203.083
108.113
107.113
106.113
105.113
104.113
103.113
102.113
101.113
100.113
99.1127
98.1127
97.1127
96.1127
95.1127
94.1127
93.1127
92.1127
91.1127
90.1127
89.1127
88.1127
87.1127
86.1127
85.1127
84.1127
83.1127
82.1127
81.1127
80.1127
79.1127
78.1127
77.1127
76.1127
75.1127
74.1127
73.1127
72.1127
71.1127
70.1127
69.1127
68.1127
67.1127
66.1127
65.1127
64.1127
63.1127
62.1127
39.8284
39
39
38
266.497
205.497
61.6985
38.8284
38
38
38
37
266.912
208.912
207.912
206.912
206.497
61.2843
60.2843
59.2843
58.2843
57.2843
56.2843
55.2843
54.2843
37.8284
37
36.4142
37.4142
38.4142
39.4142
40.4142
41.4142
36
268.326
267.326
210.326
209.326
53.8701
52.8701
51.8701
50.8701
49.8701
36.8284
36
36
41.8284
42.8284
43.8284
44.8284
45.8284
46.8284
47.8284
48.8284
49.8284
50.8284
51.8284
35
35
268.74
213.74
212.74
211.74
210.74
49.4559
48.4559
47.4559
35.8284
35
35
35
52.2426
53.2426
53.4558
52.4558
51.4558
50.4558
34
269.154
215.154
214.154
47.0416
46.0416
45.0416
44.0416
34.8284
34
34
50.0416
49.0416
48.0416
47.0416
46.0416
33
269.569
218.569
217.569
216.569
215.569
43.6274
42.6274
41.6274
33.8284
33
33
33
45.6274
44.6274
43.6274
42.6274
32
269.983
219.983
218.983
41.2132
40.2132
39.2132
38.2132
32.8284
32
32
42.2132
41.2132
40.2132
39.2132
38.2132
31
31
270.397
223.397
222.397
221.397
220.397
37.799
36.799
31.8284
31
31
31
31
37.799
30
270.811
223.811
36.3848
30.8284
30
30
37.3848
36.3848
29
271.225
225.225
224.811
35.9706
34.9706
29
29.4142
30.4142
29
29
35.9706
34.9706
33.9706
28
271.64
226.64
226.225
34.5563
33.5563
32.5563
32.1421
28
28
28
28
33.5563
32.5563
31.5563
27
272.054
271.054
230.054
229.054
228.054
227.64
31.1421
30.7279
27
27
27
31.1421
30.1421
26
271.468
231.468
230.468
29.7279
26
26
26
29.7279
28.7279
25
271.882
270.882
233.882
232.882
231.882
29.3137
28.3137
25
25
25
25
28.3137
27.3137
26.8995
24
24
24
271.297
236.297
235.297
234.297
27.8995
26.8995
26.4853
24
24
24
25.8995
25.4853
23
271.711
270.711
269.711
238.711
237.711
236.711
25.4853
25.0711
23
23
23
24.4853
24.0711
22
270.125
269.125
242.125
241.125
240.125
239.125
24.0711
22
22
22
22
23.0711
21
269.539
242.539
23.0711
21
21
21
22.0711
21.6569
20
269.953
268.953
267.953
266.953
244.953
243.953
243.539
22.0711
21.6569
20
20
20
20.6569
19
267.368
266.368
265.368
249.368
248.368
247.368
246.368
245.368
19
19
19
19
19
20.6569
19
19
19
20.2426
19.2426
18.8284
18
265.782
264.782
263.782
262.782
261.782
254.782
253.782
252.782
251.782
250.782
249.782
18
18
18
18
18
18
18
18
18
18
20.2426
19.2426
18.8284
18
18
18
17.8284
17
262.196
261.196
260.196
259.196
258.196
257.196
256.196
255.196
17
17
17
17
17
17
17
17.8284
17
17
17
16.8284
16.4142
16
16
16
16
16
16.8284
16.4142
16
16
16
15.4142
15
15
15
15
15
15
15.4142
15
15
15
15
15
14.4142
14
14
14
14
14
14.4142
14
14
14
13.4142
13
13
13
13
13
13.4142
13
13
13
12.4142
12
12
12
12.4142
12
12
12
11.4142
11
11
11
11
11
11
11.4142
11
11
11
11
10
10
10
10
10
10
10
10
10
10
10
10
10
10
10
9
9
9
9
9
9
9
9
9
9
9
9
9
8
8
8
8
8
8
8
8
8
8
7
7
7
7
7
7
7
7
7
7
7
6
6
6
6
6
6
6
6
6
6
6
6
6
6
6
6
6
6
6
6
6
6
6
6
6
6
6
6
6
6
6
6
6
6
6
6
6
6
6
6
6
6
6
6
6
6
6
6
6
6
6
6
6
6
6
6
6
6
6
6
6
6
6
6
6
6
6
6
6
6
6
6
6
6
6
6
6
6
6
6
6
6
6
6
6
6
6
6
6
6
6
6
6
6
6
6
6
6
6
6
6
6
6
6
6
6
6
6
6
6
6
6
6
6
6
6
6
6
6
6
6
6
6
6
6
6
6
6
6
6
6
6
6
6
6
6
6
6
6
6
6
6
6
6
6
6
6
6
6
6
6
6
6
6
6
6
6
6
6
6
6
6
6
6
6
6
6
6
6
6
6
6
6
6
6
6
6
6
6
6
6
6
6
6
6
6
6
6
6
6
6
6
6
6
6
6
6
6
6
6
6
6
6
6
6
6
6
6
6
6
6
6
6
6
6
6
6
6
6
6
6
6
6
6
6
6
6
6
6
6
6
6
6
6
6
6
6
6
6
6
6
6
6
6
6
6
6
6
6
6
6
6
6
6
6
6
6
6
6
6
6
6
6
6
6
6
6
6
6
6
6
6
6
6
6
6
6
6
6
6
6
6
6
6
6
6
6
6
6
6
6
6
6
6
6
6
6
6
6
6
6
6
6
6
6
6
6
6
6
6
6
6
6
6
6
6
6
6
6
6
6
6
6
6
6
6
6
6
6
6
6
6
6
6
6
6
6
6
6
6
6
6
6
6
6
6
6
6
6
6
6
6
