93.2132
93.6274
94.0416
94.4558
94.8701
95.2843
95.6985
96.1127
96.5269
90.9706
91.3848
91.799
92.2132
92.6274
93.0416
93.4558
93.8701
94.2843
94.6985
95.1127
95.5269
95.9411
96.3554
89.5563
89.9706
90.3848
90.799
91.2132
91.6274
92.0416
92.4558
92.8701
93.2843
93.6985
94.1127
94.5269
94.9411
95.3554
95.7696
96.1838
96.598
88.1421
88.5563
88.9706
89.3848
89.799
90.2132
90.6274
91.0416
91.4558
91.8701
92.2843
92.6985
93.1127
93.5269
93.9411
94.3554
94.7696
95.1838
95.598
96.0122
86.3137
86.7279
87.1421
87.5563
87.9706
88.3848
88.799
89.2132
89.6274
90.0416
90.4558
90.8701
91.2843
91.6985
92.1127
92.5269
92.9411
93.3554
93.7696
94.1838
94.598
95.0122
95.4264
84.8995
85.3137
85.7279
86.1421
86.5563
86.9706
87.3848
87.799
88.2132
88.6274
89.0416
89.4558
89.8701
90.2843
90.6985
91.1127
91.5269
91.9411
92.3554
92.7696
93.1838
93.598
94.0122
94.4264
83.8995
84.3137
84.7279
85.1421
85.5563
85.9706
86.3848
86.799
87.2132
87.6274
88.0416
88.4558
88.8701
89.2843
89.6985
90.1127
90.5269
90.9411
91.3554
91.7696
92.1838
92.598
93.0122
93.4264
93.8406
94.2549
82.8995
83.3137
83.7279
84.1421
84.5563
84.9706
85.3848
85.799
86.2132
86.6274
87.0416
87.4558
87.8701
88.2843
88.6985
89.1127
89.5269
89.9411
90.3554
90.7696
91.1838
91.598
92.0122
92.4264
92.8406
93.2549
81.4853
81.8995
82.3137
82.7279
83.1421
83.5563
83.9706
84.3848
84.799
85.2132
85.6274
86.0416
86.4558
86.8701
87.2843
87.6985
88.1127
88.5269
88.9411
89.3554
89.7696
90.1838
90.598
91.0122
91.4264
91.8406
92.2549
80.4853
80.8995
81.3137
81.7279
82.1421
82.5563
82.9706
83.3848
83.799
84.2132
84.6274
85.0416
85.4558
85.8701
86.2843
86.6985
87.1127
87.5269
87.9411
88.3554
88.7696
89.1838
89.598
90.0122
90.4264
90.8406
91.2549
91.6691
79.4853
79.8995
80.3137
80.7279
81.1421
81.5563
81.9706
82.3848
82.799
83.2132
83.6274
84.0416
84.4558
84.8701
85.2843
85.6985
86.1127
86.5269
86.9411
87.3554
87.7696
88.1838
88.598
89.0122
89.4264
89.8406
90.2549
90.6691
78.0711
78.4853
78.8995
79.3137
79.7279
80.1421
80.5563
80.9706
81.3848
81.799
82.2132
82.6274
83.0416
83.4558
83.8701
84.2843
84.6985
85.1127
85.5269
85.9411
86.3554
86.7696
87.1838
87.598
88.0122
88.4264
88.8406
89.2549
89.6691
76
76
76
76
76.4142
76.8284
77.2426
77.6569
78.0711
78.4853
78.8995
79.3137
79.7279
77.0711
77.4853
77.8995
78.3137
78.7279
79.1421
79.5563
79.9706
80.3848
80.799
81.2132
81.6274
82.0416
82.4558
82.8701
83.2843
83.6985
84.1127
84.5269
84.9411
85.3554
85.7696
86.1838
86.598
87.0122
87.4264
87.8406
88.2549
88.6691
75
75
75
75
75
75
75
75
75
75.4142
75.8284
76.2426
76.6569
77.0711
77.4853
77.8995
78.3137
78.7279
79.1422
79.5564
79.9706
80.3848
80.799
81.2132
81.6274
82.0417
82.4559
76.0711
76.4853
76.8995
77.3137
77.7279
78.1421
78.5563
78.9706
79.3848
79.799
80.2132
80.6274
81.0416
81.4558
81.8701
82.2843
82.6985
83.1127
83.5269
83.9411
84.3554
84.7696
85.1838
85.598
86.0122
86.4264
86.8406
87.2549
87.6691
74.4142
74
74
74
74
74
74
74
74
74
74
74.4142
74.8284
75.2426
75.6569
76.0711
76.4853
76.8995
77.3137
77.7279
78.1422
78.5564
78.9706
79.3848
79.799
80.2132
80.6274
81.0417
81.4559
81.8701
82.2843
82.6985
83.1127
83.5269
83.9412
84.3554
84.7696
75.0711
75.4853
75.8995
76.3137
76.7279
77.1421
77.5563
77.9706
78.3848
78.799
79.2132
79.6274
80.0416
80.4558
80.8701
81.2843
81.6985
82.1127
82.5269
82.9411
83.3554
83.7696
84.1838
84.598
85.0122
85.4264
85.8406
86.2549
86.6691
87.0833
74.6569
74.2426
73.8284
73.4142
73
73
73
73
73
73
73
73
73
73
73.4142
73.8284
74.2426
74.6569
75.0711
75.4853
75.8995
76.3137
76.7279
77.1422
77.5564
77.9706
78.3848
78.799
79.2132
79.6274
80.0417
80.4559
80.8701
81.2843
81.6985
82.1127
82.5269
82.9412
83.3554
83.7696
84.1838
85.1838
86.1838
87.1838
88.1838
89.1838
90.1838
74.0711
74.4853
74.8995
75.3137
75.7279
76.1421
76.5563
76.9706
77.3848
77.799
78.2132
78.6274
79.0416
79.4558
79.8701
80.2843
80.6985
81.1127
81.5269
81.9411
82.3554
82.7696
83.1838
83.598
84.0122
84.4264
84.8406
85.2549
85.6691
86.0833
73.6569
73.2426
72.8284
72.4142
72
72
72
72
72
72
72
72
72
72
72.4142
72.8284
73.2426
73.6569
74.0711
74.4853
74.8995
75.3137
75.7279
76.1422
76.5564
76.9706
77.3848
77.799
78.2132
78.6274
79.0417
79.4559
79.8701
80.2843
80.6985
81.1127
81.5269
81.9412
82.3554
82.7696
83.7696
84.7696
85.7696
86.7696
87.7696
88.7696
89.7696
73.0711
73.4853
73.8995
74.3137
74.7279
75.1421
75.5563
75.9706
76.3848
76.799
77.2132
77.6274
78.0416
78.4558
78.8701
79.2843
79.6985
80.1127
80.5269
80.9411
81.3554
81.7696
82.1838
82.598
83.0122
83.4264
83.8406
84.2549
84.6691
85.0833
73.0711
72.6569
72.2426
71.8284
71.4142
71
71
71
71
71
71
71
71
71
71
71.4142
71.8284
72.2426
72.6569
73.0711
73.4853
73.8995
74.3137
74.7279
75.1422
75.5564
75.9706
76.3848
76.799
77.2132
77.6274
78.0417
78.4559
78.8701
79.2843
79.6985
80.1127
80.5269
80.9412
81.3554
82.3554
83.3554
84.3554
85.3554
86.3554
87.3554
88.3554
89.3554
90.3554
91.3554
92.3554
93.3554
94.3554
95.3554
72.0711
72.4853
72.8995
73.3137
73.7279
74.1421
74.5563
74.9706
75.3848
75.799
76.2132
76.6274
77.0416
77.4558
77.8701
78.2843
78.6985
79.1127
79.5269
79.9411
80.3554
80.7696
81.1838
81.598
82.0122
82.4264
82.8406
83.2549
83.6691
84.0833
72.4853
72.0711
71.6569
71.2426
70.8284
70.4142
70
70
70
70
70
70
70
70
70
70
70.4142
70.8284
71.2426
71.6569
72.0711
72.4853
72.8995
73.3137
73.7279
74.1422
74.5564
74.9706
75.3848
75.799
76.2132
76.6274
77.0417
77.4559
77.8701
78.2843
78.6985
79.1127
79.5269
79.9412
80.9412
81.9412
82.9412
83.9412
84.9412
85.9412
86.9412
87.9412
88.9412
89.9412
90.9412
91.9412
92.9412
93.9412
94.9412
95.9412
96.9412
97.9412
71.0711
71.4853
71.8995
72.3137
72.7279
73.1421
73.5563
73.9706
74.3848
74.799
75.2132
75.6274
76.0416
76.4558
76.8701
77.2843
77.6985
78.1127
78.5269
78.9411
79.3554
79.7696
80.1838
80.598
81.0122
81.4264
81.8406
82.2549
82.6691
72.3137
71.8995
71.4853
71.0711
70.6569
70.2426
69.8284
69.4142
69
69
69
69
69
69
69
69
69
69
69.4142
69.8284
70.2426
70.6569
71.0711
71.4853
71.8995
72.3137
72.7279
73.1422
73.5564
73.9706
74.3848
74.799
75.2132
75.6274
76.0417
76.4559
76.8701
77.2843
77.6985
78.1127
78.5269
79.5269
80.5269
81.5269
82.5269
83.5269
84.5269
85.5269
86.5269
87.5269
88.5269
89.5269
90.5269
91.5269
92.5269
93.5269
94.5269
95.5269
96.5269
97.5269
98.5269
99.5269
100.527
70.0711
70.4853
70.8995
71.3137
71.7279
72.1421
72.5563
72.9706
73.3848
73.799
74.2132
74.6274
75.0416
75.4558
75.8701
76.2843
76.6985
77.1127
77.5269
77.9411
78.3554
78.7696
79.1838
79.598
80.0122
80.4264
80.8406
81.2549
81.6691
71.7279
71.3137
70.8995
70.4853
70.0711
69.6569
69.2426
68.8284
68.4142
68
68
68
68
68
68
68
68
68
68
68.4142
68.8284
69.2426
69.6569
70.0711
70.4853
70.8995
71.3137
71.7279
72.1422
72.5564
72.9706
73.3848
73.799
74.2132
74.6274
75.0417
75.4559
75.8701
76.2843
76.6985
77.1127
78.1127
79.1127
80.1127
81.1127
82.1127
83.1127
84.1127
85.1127
86.1127
87.1127
88.1127
89.1127
90.1127
91.1127
92.1127
93.1127
94.1127
95.1127
96.1127
97.1127
98.1127
99.1127
100.113
101.113
69.0711
69.4853
69.8995
70.3137
70.7279
71.1421
71.5563
71.9706
72.3848
72.799
73.2132
73.6274
74.0416
74.4558
74.8701
75.2843
75.6985
76.1127
76.5269
76.9411
77.3554
77.7696
78.1838
78.598
79.0122
79.4264
79.8406
80.2549
80.6691
70.7279
70.3137
69.8995
69.4853
69.0711
68.6569
68.2426
67.8284
67.4142
67
67
67
67
67
67
67
67
67
67
67.4142
67.8284
68.2426
68.6569
69.0711
69.4853
69.8995
70.3137
70.7279
71.1422
71.5564
71.9706
72.3848
72.799
73.2132
73.6274
74.0417
74.4559
74.8701
75.2843
75.6985
76.6985
77.6985
78.6985
79.6985
80.6985
81.6985
82.6985
83.6985
84.6985
85.6985
86.6985
87.6985
88.6985
89.6985
90.6985
91.6985
92.6985
93.6985
94.6985
95.6985
96.6985
97.6985
98.6985
99.6985
100.699
101.699
102.699
103.699
68.0711
68.4853
68.8995
69.3137
69.7279
70.1421
70.5563
70.9706
71.3848
71.799
72.2132
72.6274
73.0416
73.4558
73.8701
74.2843
74.6985
75.1127
75.5269
75.9411
76.3554
76.7696
77.1838
77.598
78.0122
78.4264
78.8406
79.2549
79.6691
70.1421
69.7279
69.3137
68.8995
68.4853
68.0711
67.6569
67.2426
66.8284
66.4142
66
66
66
66
66
66
66
66
66
66
66.4142
66.8284
67.2426
67.6569
68.0711
68.4853
68.8995
69.3137
69.7279
70.1422
70.5564
70.9706
71.3848
71.799
72.2132
72.6274
73.0417
73.4559
73.8701
74.2843
75.2843
76.2843
77.2843
78.2843
79.2843
80.2843
81.2843
82.2843
83.2843
84.2843
85.2843
86.2843
87.2843
88.2843
89.2843
90.2843
91.2843
92.2843
93.2843
94.2843
95.2843
96.2843
97.2843
98.2843
99.2843
100.284
101.284
102.284
103.284
104.284
67.0711
67.4853
67.8995
68.3137
68.7279
69.1421
69.5563
69.9706
70.3848
70.799
71.2132
71.6274
72.0416
72.4558
72.8701
73.2843
73.6985
74.1127
74.5269
74.9411
75.3554
75.7696
76.1838
76.598
77.0122
77.4264
77.8406
78.2549
78.6691
69.1421
68.7279
68.3137
67.8995
67.4853
67.0711
66.6569
66.2426
65.8284
65.4142
65
65
65
65
65
65
65
65
65
65
65.4142
65.8284
66.2426
66.6569
67.0711
67.4853
67.8995
68.3137
68.7279
69.1422
69.5564
69.9706
70.3848
70.799
71.2132
71.6274
72.0417
72.4559
72.8701
73.8701
74.8701
75.8701
76.8701
77.8701
78.8701
79.8701
80.8701
81.8701
82.8701
83.8701
84.8701
85.8701
86.8701
87.8701
88.8701
89.8701
90.8701
91.8701
92.8701
93.8701
94.8701
95.8701
96.8701
97.8701
98.8701
99.8701
100.87
101.87
102.87
103.87
104.87
66.0711
66.4853
66.8995
67.3137
67.7279
68.1421
68.5563
68.9706
69.3848
69.799
70.2132
70.6274
71.0416
71.4558
71.8701
72.2843
72.6985
73.1127
73.5269
73.9411
74.3554
74.7696
75.1838
75.598
76.0122
76.4264
76.8406
77.2549
77.6691
68.5564
68.1421
67.7279
67.3137
66.8995
66.4853
66.0711
65.6569
65.2426
64.8284
64.4142
64
64
64
64
64
64
64
64
64
64
64.4142
64.8284
65.2426
65.6569
66.0711
66.4853
66.8995
67.3137
67.7279
68.1422
68.5564
68.9706
69.3848
69.799
70.2132
70.6274
71.0417
71.4559
72.4559
73.4559
74.4559
75.4559
76.4559
77.4559
78.4559
79.4559
80.4559
81.4559
82.4559
83.4559
84.4559
85.4559
86.4559
87.4559
88.4559
89.4559
90.4559
91.4559
92.4559
93.4559
94.4559
95.4559
96.4559
97.4559
98.4559
99.4559
100.456
101.456
102.456
103.456
104.456
65.0711
65.4853
65.8995
66.3137
66.7279
67.1421
67.5563
67.9706
68.3848
68.799
69.2132
69.6274
70.0416
70.4558
70.8701
71.2843
71.6985
72.1127
72.5269
72.9411
73.3554
73.7696
74.1838
74.598
75.0122
75.4264
75.8406
76.2549
76.6691
67.5564
67.1421
66.7279
66.3137
65.8995
65.4853
65.0711
64.6569
64.2426
63.8284
63.4142
63
63
63
63
63
63
63
63
63
63
63.4142
63.8284
64.2426
64.6569
65.0711
65.4853
65.8995
66.3137
66.7279
67.1422
67.5564
67.9706
68.3848
68.799
69.2132
69.6274
70.0417
71.0417
72.0417
73.0417
74.0417
75.0417
76.0417
77.0417
78.0417
79.0417
80.0417
81.0417
82.0417
83.0417
84.0417
85.0417
86.0417
87.0417
88.0417
89.0417
90.0417
91.0417
92.0417
93.0417
94.0417
95.0417
96.0417
97.0417
98.0417
99.0417
100.042
101.042
102.042
103.042
104.042
64.0711
64.4853
64.8995
65.3137
65.7279
66.1421
66.5563
66.9706
67.3848
67.799
68.2132
68.6274
69.0416
69.4558
69.8701
70.2843
70.6985
71.1127
71.5269
71.9411
72.3554
72.7696
73.1838
73.598
74.0122
74.4264
74.8406
75.2549
66.5564
66.1421
65.7279
65.3137
64.8995
64.4853
64.0711
63.6569
63.2426
62.8284
62.4142
62
62
62
62
62
62
62
62
62
62
62.4142
62.8284
63.2426
63.6569
64.0711
64.4853
64.8995
65.3137
65.7279
66.1422
66.5564
66.9706
67.3848
67.799
68.2132
68.6274
69.6274
70.6274
71.6274
72.6274
73.6274
74.6274
75.6274
76.6274
77.6274
78.6274
79.6274
80.6274
81.6274
82.6274
83.6274
84.6274
85.6274
86.6274
87.6274
88.6274
89.6274
90.6274
91.6274
92.6274
93.6274
94.6274
95.6274
96.6274
97.6274
98.6274
99.6274
100.627
101.627
102.627
103.627
104.627
105.627
63.0711
63.4853
63.8995
64.3137
64.7279
65.1421
65.5563
65.9706
66.3848
66.799
67.2132
67.6274
68.0416
68.4558
68.8701
69.2843
69.6985
70.1127
70.5269
70.9411
71.3554
71.7696
72.1838
72.598
73.0122
73.4264
73.8406
74.2549
65.5564
65.1421
64.7279
64.3137
63.8995
63.4853
63.0711
62.6569
62.2426
61.8284
61.4142
61
61
61
61
61
61
61
61
61
61
61.4142
61.8284
62.2426
62.6569
63.0711
63.4853
63.8995
64.3137
64.7279
65.1422
65.5564
65.9706
66.3848
66.799
67.2132
68.2132
69.2132
70.2132
71.2132
72.2132
73.2132
74.2132
75.2132
76.2132
77.2132
78.2132
79.2132
80.2132
81.2132
82.2132
83.2132
84.2132
85.2132
86.2132
87.2132
88.2132
89.2132
90.2132
91.2132
92.2132
93.2132
94.2132
95.2132
96.2132
97.2132
98.2132
99.2132
100.213
101.213
102.213
103.213
104.213
105.213
62.0711
62.4853
62.8995
63.3137
63.7279
64.1421
64.5563
64.9706
65.3848
65.799
66.2132
66.6274
67.0416
67.4558
67.8701
68.2843
68.6985
69.1127
69.5269
69.9411
70.3554
70.7696
71.1838
71.598
72.0122
72.4264
72.8406
73.8406
65.3848
64.9706
64.5564
64.1421
63.7279
63.3137
62.8995
62.4853
62.0711
61.6569
61.2426
60.8284
60.4142
60
60
60
60
60
60
60
60
60
60
60.4142
60.8284
61.2426
61.6569
62.0711
62.4853
62.8995
63.3137
63.7279
64.1422
64.5564
64.9706
65.3848
65.799
66.799
67.799
68.799
69.799
70.799
71.799
72.799
73.799
74.799
75.799
76.799
77.799
78.799
79.799
80.799
81.799
82.799
83.799
84.799
85.799
86.799
87.799
88.799
89.799
90.799
91.799
92.799
93.799
94.799
95.799
96.799
97.799
98.799
99.799
100.799
101.799
102.799
103.799
104.799
105.799
61.0711
61.4853
61.8995
62.3137
62.7279
63.1421
63.5563
63.9706
64.3848
64.799
65.2132
65.6274
66.0416
66.4558
66.8701
67.2843
67.6985
68.1127
68.5269
68.9411
69.3554
69.7696
70.1838
70.598
71.0122
71.4264
64.3848
63.9706
63.5564
63.1421
62.7279
62.3137
61.8995
61.4853
61.0711
60.6569
60.2426
59.8284
59.4142
59
59
59
59
59
59
59
59
59
59
59.4142
59.8284
60.2426
60.6569
61.0711
61.4853
61.8995
62.3137
62.7279
63.1422
63.5564
63.9706
64.3848
65.3848
66.3848
67.3848
68.3848
69.3848
70.3848
71.3848
72.3848
73.3848
74.3848
75.3848
76.3848
77.3848
78.3848
79.3848
80.3848
81.3848
82.3848
83.3848
84.3848
85.3848
86.3848
87.3848
88.3848
89.3848
90.3848
91.3848
92.3848
93.3848
94.3848
95.3848
96.3848
97.3848
98.3848
99.3848
100.385
101.385
102.385
103.385
104.385
105.385
63.5563
59.2426
59.6569
60.0711
60.4853
60.8995
61.3137
61.7279
62.1421
62.5563
62.9706
63.3848
63.799
64.2132
64.6274
65.0416
65.4558
65.8701
66.2843
66.6985
67.1127
67.5269
67.9411
68.3554
68.7696
69.1838
69.598
70.0122
70.4264
63.3848
62.9706
62.5564
62.1421
61.7279
61.3137
60.8995
60.4853
60.0711
59.6569
59.2426
58.8284
58.4142
58
58
58
58
58
58
58
58
58
58
58.4142
58.8284
59.2426
59.6569
60.0711
60.4853
60.8995
61.3137
61.7279
62.1422
62.5564
62.9706
63.9706
64.9706
65.9706
66.9706
67.9706
68.9706
69.9706
70.9706
71.9706
72.9706
73.9706
74.9706
75.9706
76.9706
77.9706
78.9706
79.9706
80.9706
81.9706
82.9706
83.9706
84.9706
85.9706
86.9706
87.9706
88.9706
89.9706
90.9706
91.9706
92.9706
93.9706
94.9706
95.9706
96.9706
97.9706
98.9706
99.9706
100.971
101.971
102.971
103.971
104.971
60.0711
60.4853
60.8995
61.3137
61.7279
62.1421
62.5563
62.9706
63.3848
63.799
64.2132
64.6274
65.0416
65.4558
65.8701
58.2426
58.6569
59.0711
59.4853
59.8995
60.3137
60.7279
61.1421
61.5563
61.9706
62.3848
62.799
63.2132
63.6274
64.0416
64.4558
64.8701
65.2843
65.6985
66.1127
66.5269
66.9411
67.3554
67.7696
68.1838
68.598
69.0122
69.4264
62.3848
61.9706
61.5564
61.1421
60.7279
60.3137
59.8995
59.4853
59.0711
58.6569
58.2426
57.8284
57.4142
57
57
57
57
57
57
57
57
57
57
57.4142
57.8284
58.2426
58.6569
59.0711
59.4853
59.8995
60.3137
60.7279
61.1422
61.5564
62.5564
63.5564
64.5564
65.5564
66.5564
67.5564
68.5564
69.5564
70.5564
71.5564
72.5564
73.5564
74.5564
75.5564
76.5564
77.5564
78.5564
79.5564
80.5564
81.5564
82.5564
83.5564
84.5564
85.5564
86.5564
87.5564
88.5564
89.5564
90.5564
91.5564
92.5564
93.5564
94.5564
95.5564
96.5564
97.5564
98.5564
99.5564
100.556
101.556
102.556
103.556
104.556
57.4142
57.8284
58.2426
58.6569
59.0711
59.4853
59.8995
60.3137
60.7279
61.1421
61.5563
61.9706
62.3848
62.799
63.2132
63.6274
64.0416
64.4558
64.8701
65.2843
65.6985
66.1127
66.5269
57.2426
57.6569
58.0711
58.4853
58.8995
59.3137
59.7279
60.1421
60.5563
60.9706
61.3848
61.799
62.2132
62.6274
63.0416
63.4559
63.8701
64.2843
64.6985
65.1127
65.5269
65.9411
66.3554
66.7696
67.1838
67.598
68.0122
61.3848
60.9706
60.5564
60.1421
59.7279
59.3137
58.8995
58.4853
58.0711
57.6569
57.2426
56.8284
56.4142
56
56
56
56
56
56
56
56
56
56
56.4142
56.8284
57.2426
57.6569
58.0711
58.4853
58.8995
59.3137
59.7279
60.1422
61.1422
62.1422
63.1422
64.1422
65.1422
66.1422
67.1422
68.1422
69.1422
70.1422
71.1422
72.1422
73.1422
74.1422
75.1422
76.1422
77.1422
78.1422
79.1422
80.1422
81.1422
82.1422
83.1422
84.1422
85.1422
86.1422
87.1422
88.1422
89.1422
90.1422
91.1422
92.1422
93.1422
94.1422
95.1422
96.1422
97.1422
98.1422
99.1422
100.142
101.142
102.142
103.142
104.142
56
56
56
56.4142
56.8284
57.2426
57.6569
58.0711
58.4853
58.8995
59.3137
59.7279
60.1421
60.5563
60.9706
61.3848
61.799
62.2132
62.6274
63.0416
63.4559
63.8701
64.2843
64.6985
65.1127
65.5269
65.9411
66.3554
56.2426
56.6569
57.0711
57.4853
57.8995
58.3137
58.7279
59.1421
59.5563
59.9706
60.3848
60.799
61.2132
61.6274
62.0416
62.4559
62.8701
63.2843
63.6985
64.1127
64.5269
64.9411
65.3554
65.7696
66.1838
66.598
67.0122
60.3848
59.9706
59.5564
59.1421
58.7279
58.3137
57.8995
57.4853
57.0711
56.6569
56.2426
55.8284
55.4142
55
55
55
55
55
55
55
55
55
55
55.4142
55.8284
56.2426
56.6569
57.0711
57.4853
57.8995
58.3137
58.7279
59.7279
60.7279
61.7279
62.7279
63.7279
64.7279
65.7279
66.7279
67.7279
68.7279
69.7279
70.7279
71.7279
72.7279
73.7279
74.7279
75.7279
76.7279
77.7279
78.7279
79.7279
80.7279
81.7279
82.7279
83.7279
84.7279
85.7279
86.7279
87.7279
88.7279
89.7279
90.7279
91.7279
92.7279
93.7279
94.7279
95.7279
96.7279
97.7279
98.7279
99.7279
100.728
101.728
102.728
103.728
55
55
55
55
55.4142
55.8284
56.2426
56.6569
57.0711
57.4853
57.8995
58.3137
58.7279
59.1421
59.5563
59.9706
60.3848
60.799
61.2132
61.6274
62.0416
62.4559
62.8701
63.2843
63.6985
64.1127
64.5269
64.9411
65.3554
65.7696
66.1838
55.2426
55.6569
56.0711
56.4853
56.8995
57.3137
57.7279
58.1421
58.5563
58.9706
59.3848
59.799
60.2132
60.6274
61.0416
61.4559
61.8701
62.2843
62.6985
63.1127
63.5269
63.9411
64.3554
64.7696
65.1838
65.598
66.0122
59.3848
58.9706
58.5564
58.1421
57.7279
57.3137
56.8995
56.4853
56.0711
55.6569
55.2426
54.8284
54.4142
54
54
54
54
54
54
54
54
54
54
54.4142
54.8284
55.2426
55.6569
56.0711
56.4853
56.8995
57.3137
58.3137
59.3137
60.3137
61.3137
62.3137
63.3137
64.3137
65.3137
66.3137
67.3137
68.3137
69.3137
70.3137
71.3137
72.3137
73.3137
74.3137
75.3137
76.3137
77.3137
78.3137
79.3137
80.3137
81.3137
82.3137
83.3137
84.3137
85.3137
86.3137
87.3137
88.3137
89.3137
90.3137
91.3137
92.3137
93.3137
94.3137
95.3137
96.3137
97.3137
98.3137
99.3137
100.314
101.314
102.314
103.314
54
54
54
54
54.4142
54.8284
55.2426
55.6569
56.0711
56.4853
56.8995
57.3137
57.7279
58.1421
58.5563
58.9706
59.3848
59.799
60.2132
60.6274
61.0416
61.4559
61.8701
62.2843
62.6985
63.1127
63.5269
63.9411
64.3554
64.7696
65.1838
59.6274
59.2132
58.799
58.3848
57.9706
57.5563
57.1421
53.8284
54.2426
54.6569
55.0711
55.4853
55.8995
56.3137
56.7279
57.1421
57.5563
57.9706
58.3848
58.799
59.2132
59.6274
60.0416
60.4559
60.8701
61.2843
61.6985
62.1127
62.5269
62.9411
63.3554
63.7696
64.1838
64.598
58.3848
57.9706
57.5564
57.1421
56.7279
56.3137
55.8995
55.4853
55.0711
54.6569
54.2426
53.8284
53.4142
53
53
53
53
53
53
53
53
53
53
53.4142
53.8284
54.2426
54.6569
55.0711
55.4853
55.8995
56.8995
57.8995
72.7279
73.7279
74.7279
75.7279
76.7279
77.7279
78.7279
79.7279
80.7279
81.7279
82.7279
83.7279
84.7279
85.7279
86.7279
87.7279
88.7279
89.7279
90.7279
91.7279
92.7279
93.7279
94.7279
95.7279
96.7279
97.7279
98.7279
99.7279
100.728
101.728
102.728
53
53
53
53
53
53.4142
53.8284
54.2426
54.6569
55.0711
55.4853
55.8995
56.3137
56.7279
57.1421
57.5563
57.9706
58.3848
58.799
59.2132
59.6274
60.0416
60.4559
60.8701
61.2843
61.6985
62.1127
62.5269
62.9411
63.3554
63.7696
64.1838
64.598
59.8701
59.4558
59.0416
58.6274
58.2132
57.799
57.3848
56.9706
56.5563
56.1421
55.7279
55.3137
54.8995
54.4853
52.8284
53.2426
53.6569
54.0711
54.4853
54.8995
55.3137
55.7279
56.1421
56.5563
56.9706
57.3848
57.799
58.2132
58.6274
59.0416
59.4559
59.8701
60.2843
60.6985
61.1127
61.5269
61.9411
62.3554
62.7696
63.1838
63.598
57.3848
56.9706
56.5564
56.1421
55.7279
55.3137
54.8995
54.4853
54.0711
53.6569
53.2426
52.8284
52.4142
52
52
52
52
52
52
52
52
52
52
52.4142
52.8284
53.2426
53.6569
54.0711
54.4853
55.4853
75.1422
76.1422
77.1422
78.1422
79.1422
80.1422
81.1422
82.1422
83.1422
84.1422
85.1422
86.1422
87.1422
88.1422
89.1422
90.1422
91.1422
92.1422
93.1422
94.1422
95.1422
96.1422
97.1422
98.1422
99.1422
100.142
101.142
102.142
103.142
52
52
52
52
52
52
52
52.4142
52.8284
53.2426
53.6569
54.0711
54.4853
54.8995
55.3137
55.7279
56.1421
56.5563
56.9706
57.3848
57.799
58.2132
58.6274
59.0416
59.4559
59.8701
60.2843
60.6985
61.1127
61.5269
61.9411
62.3554
62.7696
63.1838
63.598
64.0122
59.6985
59.2843
58.8701
58.4558
58.0416
57.6274
57.2132
56.799
56.3848
55.9706
55.5563
55.1421
54.7279
54.3137
53.8995
53.4853
53.0711
51.4142
51.8284
52.2426
52.6569
53.0711
53.4853
53.8995
54.3137
54.7279
55.1421
55.5563
55.9706
56.3848
56.799
57.2132
57.6274
58.0416
58.4559
58.8701
59.2843
59.6985
60.1127
60.5269
60.9411
61.3554
61.7696
62.1838
56.9706
55.9706
55.5564
55.1421
54.7279
54.3137
53.8995
53.4853
53.0711
52.6569
52.2426
51.8284
51.4142
51
51
51
51
51
51
51
51
51
51
51.4142
51.8284
52.2426
52.6569
53.0711
78.5564
79.5564
80.5564
81.5564
82.5564
83.5564
84.5564
85.5564
86.5564
87.5564
88.5564
89.5564
90.5564
91.5564
92.5564
93.5564
94.5564
95.5564
96.5564
97.5564
98.5564
99.5564
100.556
101.556
51
51
51
51
51
51
51
51
51.4142
51.8284
52.2426
52.6569
53.0711
53.4853
53.8995
54.3137
54.7279
55.1421
55.5563
55.9706
56.3848
56.799
57.2132
57.6274
58.0416
58.4559
58.8701
59.2843
59.6985
60.1127
60.5269
60.9411
61.3554
61.7696
62.1838
62.598
63.0122
59.5269
59.1127
58.6985
58.2843
57.8701
57.4558
57.0416
56.6274
56.2132
55.799
55.3848
54.9706
54.5563
54.1421
53.7279
53.3137
52.8995
52.4853
52.0711
51.6569
50.4142
50.8284
51.2426
51.6569
52.0711
52.4853
52.8995
53.3137
53.7279
54.1421
54.5563
54.9706
55.3848
55.799
56.2132
56.6274
57.0416
57.4559
57.8701
58.2843
58.6985
59.1127
59.5269
59.9411
60.3554
60.7696
61.7696
54.5564
54.1421
53.7279
53.3137
52.8995
52.4853
52.0711
51.6569
51.2426
50.8284
50.4142
50
50
50
50
50
50
50
50
50
50
50.4142
50.8284
51.2426
51.6569
81.9706
82.9706
83.9706
84.9706
85.9706
86.9706
87.9706
88.9706
89.9706
90.9706
91.9706
92.9706
93.9706
94.9706
95.9706
96.9706
97.9706
98.9706
99.9706
100.971
101.971
50
50
50
50
50
50
50
50
50
50.4142
50.8284
51.2426
51.6569
52.0711
52.4853
52.8995
53.3137
53.7279
54.1421
54.5563
54.9706
55.3848
55.799
56.2132
56.6274
57.0416
57.4559
57.8701
58.2843
58.6985
59.1127
59.5269
59.9411
60.3554
60.7696
61.1838
61.598
62.0122
62.4264
62.8406
59.3554
58.9411
58.5269
58.1127
57.6985
57.2843
56.8701
56.4558
56.0416
55.6274
55.2132
54.799
54.3848
53.9706
53.5563
53.1421
52.7279
52.3137
51.8995
51.4853
51.0711
50.6569
50.2426
49
49
49.4142
49.8284
50.2426
50.6569
51.0711
51.4853
51.8995
52.3137
52.7279
53.1421
53.5563
53.9706
54.3848
54.799
55.2132
55.6274
56.0416
56.4559
56.8701
57.2843
57.6985
58.1127
58.5269
58.9411
59.3554
53.5564
53.1421
52.7279
52.3137
51.8995
51.4853
51.0711
50.6569
50.2426
49.8284
49.4142
49
49
49
49
49
49
49
49
49
49
49.4142
49.8284
50.2426
84.3848
85.3848
86.3848
87.3848
88.3848
89.3848
90.3848
91.3848
92.3848
93.3848
94.3848
95.3848
96.3848
97.3848
98.3848
99.3848
100.385
49
49
49
49
49
49
49
49
49
49.4142
49.8284
50.2426
50.6569
51.0711
51.4853
51.8995
52.3137
52.7279
53.1421
53.5563
53.9706
54.3848
54.799
55.2132
55.6274
56.0416
56.4559
56.8701
57.2843
57.6985
58.1127
58.5269
58.9411
59.3554
59.7696
60.1838
60.598
61.0122
61.4264
61.8406
58.3554
58.3554
57.9411
57.5269
57.1127
56.6985
56.2843
55.8701
55.4558
55.0416
54.6274
54.2132
53.799
53.3848
52.9706
52.5563
52.1421
51.7279
51.3137
50.8995
50.4853
50.0711
49.6569
49.2426
48.8284
48.4142
48
48
48.4142
48.8284
49.2426
49.6569
50.0711
50.4853
50.8995
51.3137
51.7279
52.1421
52.5563
52.9706
53.3848
53.799
54.2132
54.6274
55.0416
55.4559
55.8701
56.2843
56.6985
57.1127
57.5269
57.9411
57.1127
56.6985
56.2843
55.8701
55.4558
55.0416
54.6274
54.2132
53.799
53.3848
52.5564
52.1421
51.7279
51.3137
50.8995
50.4853
50.0711
49.6569
49.2426
48.8284
48.4142
48
48
48
48
48
48
48
48
48
48
48.4142
48.8284
49.2426
87.799
88.799
89.799
90.799
91.799
92.799
93.799
94.799
95.799
96.799
97.799
98.799
48
48
48
48
48
48
48
48
48
48
48.4142
48.8284
49.2426
49.6569
50.0711
50.4853
50.8995
51.3137
51.7279
52.1421
52.5563
52.9706
53.3848
53.799
54.2132
54.6274
55.0416
55.4559
55.8701
56.2843
56.6985
57.1127
57.5269
57.9411
58.3554
58.7696
59.1838
59.598
60.0122
60.4264
60.8406
61.8406
56.9411
57.3554
57.3554
56.9411
56.5269
56.1127
55.6985
55.2843
54.8701
54.4558
54.0416
53.6274
53.2132
52.799
52.3848
51.9706
51.5563
51.1421
50.7279
50.3137
49.8995
49.4853
49.0711
48.6569
48.2426
47.8284
47.4142
47
47
47
47.4142
47.8284
48.2426
48.6569
49.0711
49.4853
49.8995
50.3137
50.7279
51.1421
51.5563
51.9706
52.3848
52.799
53.2132
53.6274
54.0416
54.4559
54.8701
55.2843
55.6985
56.1127
56.5269
56.9411
57.7696
57.3554
56.9411
56.5269
56.1127
55.6985
55.2843
54.8701
54.4558
54.0416
53.6274
53.2132
52.799
52.3848
51.9706
51.5563
51.1421
50.7279
50.3137
51.5564
51.1421
50.7279
50.3137
49.8995
49.4853
49.0711
48.6569
48.2426
47.8284
47.4142
47
47
47
47
47
47
47
47
47
47
47.4142
47.8284
47
47
47
47
47
47
47
47
47
47
47
47
47.4142
47.8284
48.2426
48.6569
49.0711
49.4853
49.8995
50.3137
50.7279
51.1421
51.5563
51.9706
52.3848
52.799
53.2132
53.6274
54.0416
54.4559
54.8701
55.2843
55.6985
56.1127
56.5269
56.9411
57.3554
57.7696
58.1838
58.598
59.0122
59.4264
60.4264
61.4264
55.9411
56.3554
56.3554
55.9411
55.5269
55.1127
54.6985
54.2843
53.8701
53.4558
53.0416
52.6274
52.2132
51.799
51.3848
50.9706
50.5563
50.1421
49.7279
49.3137
48.8995
48.4853
48.0711
47.6569
47.2426
46.8284
46.4142
46
46
46
46.4142
46.8284
47.2426
47.6569
48.0711
48.4853
48.8995
49.3137
49.7279
50.1421
50.5563
50.9706
51.3848
51.799
52.2132
52.6274
53.0416
53.4559
53.8701
54.2843
54.6985
55.1127
55.5269
56.5269
56.7696
56.3554
55.9411
55.5269
55.1127
54.6985
54.2843
53.8701
53.4558
53.0416
52.6274
52.2132
51.799
51.3848
50.9706
50.5563
50.1421
49.7279
49.3137
50.5564
50.1421
49.7279
49.3137
48.8995
48.4853
48.0711
47.6569
47.2426
46.8284
46.4142
46
46
46
46
46
46
46
46
46
46
46.4142
46.8284
46
46
46
46
46
46
46
46
46
46
46
46
46.4142
46.8284
47.2426
47.6569
48.0711
48.4853
48.8995
49.3137
49.7279
50.1421
50.5563
50.9706
51.3848
51.799
52.2132
52.6274
53.0416
53.4559
53.8701
54.2843
54.6985
55.1127
55.5269
55.9411
56.3554
56.7696
57.1838
57.598
58.0122
59.0122
60.0122
61.0122
54.5269
54.9411
55.3554
55.3554
54.9411
54.5269
54.1127
53.6985
53.2843
52.8701
52.4558
52.0416
51.6274
51.2132
50.799
50.3848
49.9706
49.5563
49.1421
48.7279
48.3137
47.8995
47.4853
47.0711
46.6569
46.2426
45.8284
45.4142
45
45
45
45
45
45.4142
45.8284
46.2426
46.6569
47.0711
47.4853
47.8995
48.3137
48.7279
49.1421
49.5563
49.9706
50.3848
50.799
51.2132
51.6274
52.0416
52.4559
52.8701
53.2843
53.6985
54.1127
55.1127
56.598
56.1838
55.7696
55.3554
54.9411
54.5269
54.1127
53.6985
53.2843
52.8701
52.4558
52.0416
51.6274
51.2132
50.799
50.3848
49.9706
49.5563
49.1421
48.7279
48.3137
47.8995
47.4853
47.0711
49.5564
49.1421
48.7279
48.3137
47.8995
47.4853
47.0711
46.6569
46.2426
45.8284
45.4142
45
45
45
45
45
45
45
45
45
45
45.4142
46.4142
45
45
45
45
45
45
45
45
45
45
45
45
45.4142
45.8284
46.2426
46.6569
47.0711
47.4853
47.8995
48.3137
48.7279
49.1421
49.5563
49.9706
50.3848
50.799
51.2132
51.6274
52.0416
52.4559
52.8701
53.2843
53.6985
54.1127
54.5269
54.9411
55.3554
55.7696
56.1838
56.598
57.598
58.598
59.598
60.598
52.6985
53.1127
53.5269
53.9411
54.3554
54.3554
53.9411
53.5269
53.1127
52.6985
52.2843
51.8701
51.4558
51.0416
50.6274
50.2132
49.799
49.3848
48.9706
48.5563
48.1421
47.7279
47.3137
46.8995
46.4853
46.0711
45.6569
45.2426
44.8284
44.4142
44
44
44
44
44
44
44.4142
44.8284
45.2426
45.6569
46.0711
46.4853
46.8995
47.3137
47.7279
48.1421
48.5563
48.9706
49.3848
49.799
50.2132
50.6274
51.0416
51.4559
51.8701
52.2843
52.6985
56.4264
56.0122
55.598
55.1838
54.7696
54.3554
53.9411
53.5269
53.1127
52.6985
52.2843
51.8701
51.4558
51.0416
50.6274
50.2132
49.799
49.3848
48.9706
48.5563
48.1421
47.7279
47.3137
46.8995
46.4853
46.0711
45.6569
45.2426
48.1421
47.7279
47.3137
46.8995
46.4853
46.0711
45.6569
45.2426
44.8284
44.4142
44
44
44
44
44
44
44
44
44
44
44
44
44
44
44
44
44
44
44
44
44
44
44.4142
44.8284
45.2426
45.6569
46.0711
46.4853
46.8995
47.3137
47.7279
48.1421
48.5563
48.9706
49.3848
49.799
50.2132
50.6274
51.0416
51.4559
51.8701
52.2843
52.6985
53.1127
53.5269
53.9411
54.3554
54.7696
55.1838
56.1838
57.1838
58.1838
59.1838
60.1838
51.2843
51.6985
52.1127
52.5269
52.9411
53.3554
53.3554
52.9411
52.5269
52.1127
51.6985
51.2843
50.8701
50.4558
50.0416
49.6274
49.2132
48.799
48.3848
47.9706
47.5563
47.1421
46.7279
46.3137
45.8995
45.4853
45.0711
44.6569
44.2426
43.8284
43.4142
43
43
43
43
43
43
43
43
43
43.4142
43.8284
44.2426
44.6569
45.0711
45.4853
45.8995
46.3137
46.7279
47.1421
47.5563
47.9706
48.3848
48.799
49.2132
49.6274
50.0416
50.4559
50.8701
51.2843
51.6985
55.8406
55.4264
55.0122
54.598
54.1838
53.7696
53.3554
52.9411
52.5269
52.1127
51.6985
51.2843
50.8701
50.4558
50.0416
49.6274
49.2132
48.799
48.3848
47.9706
47.5563
47.1421
46.7279
46.3137
45.8995
45.4853
45.0711
44.6569
44.2426
43.8284
43.4142
47.1421
46.7279
46.3137
45.8995
45.4853
45.0711
44.6569
44.2426
43.8284
43.4142
43
43
43
43
43
43
43
43
43
43
43
43
43
43
43
43
43
43
43
43
43
43
43
43.4142
43.8284
44.2426
44.6569
45.0711
45.4853
45.8995
46.3137
46.7279
47.1421
47.5563
47.9706
48.3848
48.799
49.2132
49.6274
50.0416
50.4559
50.8701
51.2843
51.6985
52.1127
52.5269
52.9411
53.3554
53.7696
54.7696
55.7696
56.7696
57.7696
58.7696
59.7696
49.8701
50.2843
50.6985
51.1127
51.5269
51.9411
52.3554
52.3554
51.9411
51.5269
51.1127
50.6985
50.2843
49.8701
49.4558
49.0416
48.6274
48.2132
47.799
47.3848
46.9706
46.5563
46.1421
45.7279
45.3137
44.8995
44.4853
44.0711
43.6569
43.2426
42.8284
42.4142
42
42
42
42
42
42
42
42
42
42.4142
42.8284
43.2426
43.6569
44.0711
44.4853
44.8995
45.3137
45.7279
46.1421
46.5563
46.9706
47.3848
47.799
48.2132
48.6274
49.0416
49.4559
49.8701
50.2843
42
42
42
42
42
42
42
42
56.4264
55.4264
54.4264
54.0122
53.598
53.1838
52.7696
52.3554
51.9411
51.5269
51.1127
50.6985
50.2843
49.8701
49.4558
49.0416
48.6274
48.2132
47.799
47.3848
46.9706
46.5563
46.1421
45.7279
45.3137
44.8995
44.4853
44.0711
43.6569
43.2426
42.8284
42.4142
42
42
46.1421
45.7279
45.3137
44.8995
44.4853
44.0711
43.6569
43.2426
42.8284
42.4142
42
42
42
42
42
42
42
42
42
42
42
42
42
42
42
42
42
42
42
42
42
42
42
42.4142
42.8284
43.2426
43.6569
44.0711
44.4853
44.8995
45.3137
45.7279
46.1421
46.5563
46.9706
47.3848
47.799
48.2132
48.6274
49.0416
49.4559
49.8701
50.2843
50.6985
51.1127
51.5269
51.9411
52.3554
53.3554
54.3554
55.3554
56.3554
57.3554
58.3554
59.3554
48.0416
48.4558
48.8701
49.2843
49.6985
50.1127
50.5269
50.9411
51.3554
51.3554
50.9411
50.5269
50.1127
49.6985
49.2843
48.8701
48.4558
48.0416
47.6274
47.2132
46.799
46.3848
45.9706
45.5563
45.1421
44.7279
44.3137
43.8995
43.4853
43.0711
42.6569
42.2426
41.8284
41.4142
41
41
41
41
41
41
41
41
41
41
41.4142
41.8284
42.2426
42.6569
43.0711
43.4853
43.8995
44.3137
44.7279
45.1421
45.5563
45.9706
46.3848
46.799
47.2132
47.6274
48.0416
48.4559
48.8701
41
41
41
41
41
41
41
41
41
41
41
41
58.0122
57.0122
56.0122
55.0122
54.0122
53.0122
52.598
52.1838
51.7696
51.3554
50.9411
50.5269
50.1127
49.6985
49.2843
48.8701
48.4558
48.0416
47.6274
47.2132
46.799
46.3848
45.9706
45.5563
45.1421
44.7279
44.3137
43.8995
43.4853
43.0711
42.6569
42.2426
41.8284
41.4142
41
41
41
44.7279
44.3137
43.8995
43.4853
43.0711
42.6569
42.2426
41.8284
41.4142
41
41
41
41
41
41
41
41
41
41
41
41
41
41
41
41
41
41
41
41
41
41
41
41.4142
41.8284
42.2426
42.6569
43.0711
43.4853
43.8995
44.3137
44.7279
45.1421
45.5563
45.9706
46.3848
46.799
47.2132
47.6274
48.0416
48.4559
48.8701
49.2843
49.6985
50.1127
50.5269
50.9411
51.9411
52.9411
53.9411
54.9411
55.9411
56.9411
57.9411
58.9411
46.2132
46.6274
47.0416
47.4558
47.8701
48.2843
48.6985
49.1127
49.5269
49.9411
50.3554
50.3554
49.9411
49.5269
49.1127
48.6985
48.2843
47.8701
47.4558
47.0416
46.6274
46.2132
45.799
45.3848
44.9706
44.5563
44.1421
43.7279
43.3137
42.8995
42.4853
42.0711
41.6569
41.2426
40.8284
40.4142
40
40
40
40
40
40
40
40
40
40
40
40
40.4142
40.8284
41.2426
41.6569
42.0711
42.4853
42.8995
43.3137
43.7279
44.1421
44.5563
44.9706
45.3848
45.799
46.2132
46.6274
47.0416
47.4559
48.4559
40
40
40
40
40
40
40
40
40
40
40
40
40
40
40
40
40
57.598
56.598
55.598
54.598
53.598
52.598
51.598
51.1838
50.7696
50.3554
49.9411
49.5269
49.1127
48.6985
48.2843
47.8701
47.4558
47.0416
46.6274
46.2132
45.799
45.3848
44.9706
44.5563
44.1421
43.7279
43.3137
42.8995
42.4853
42.0711
41.6569
41.2426
40.8284
40.4142
40
40
40
40
40
43.7279
43.3137
42.8995
42.4853
42.0711
41.6569
41.2426
40.8284
40.4142
40
40
40
40
40
40
40
40
40
40
40
40
40
40
40
40
40
40
40
40
40
40
40
40
40.4142
40.8284
41.2426
41.6569
42.0711
42.4853
42.8995
43.3137
43.7279
44.1421
44.5563
44.9706
45.3848
45.799
46.2132
46.6274
47.0416
47.4559
47.8701
48.2843
48.6985
49.1127
49.5269
50.5269
51.5269
52.5269
53.5269
54.5269
55.5269
56.5269
57.5269
58.5269
44.799
45.2132
45.6274
46.0416
46.4558
46.8701
47.2843
47.6985
48.1127
48.5269
48.9411
49.3554
49.3554
48.9411
48.5269
48.1127
47.6985
47.2843
46.8701
46.4558
46.0416
45.6274
45.2132
44.799
44.3848
43.9706
43.5563
43.1421
42.7279
42.3137
41.8995
41.4853
41.0711
40.6569
40.2426
39.8284
39.4142
39
39
39
39
39
39
39
39
39
39
39
39
39
39.4142
39.8284
40.2426
40.6569
41.0711
41.4853
41.8995
42.3137
42.7279
43.1421
43.5563
43.9706
44.3848
44.799
45.2132
45.6274
46.0416
47.0416
39
39
39
39
39
39
39
39
39
39
39
39
39
39
39
39
39
39
39
57.1838
56.1838
55.1838
54.1838
53.1838
52.1838
51.1838
50.1838
49.7696
49.3554
48.9411
48.5269
48.1127
47.6985
47.2843
46.8701
46.4558
46.0416
45.6274
45.2132
44.799
44.3848
43.9706
43.5563
43.1421
42.7279
42.3137
41.8995
41.4853
41.0711
40.6569
40.2426
39.8284
39.4142
39
39
39
39
39
39
42.7279
42.3137
41.8995
41.4853
41.0711
40.6569
40.2426
39.8284
39.4142
39
39
39
39
39
39
39
39
39
39
39
39
39
39
39
39
39
39
39
39
39
39
39
39
39.4142
39.8284
40.2426
40.6569
41.0711
41.4853
41.8995
42.3137
42.7279
43.1421
43.5563
43.9706
44.3848
44.799
45.2132
45.6274
46.0416
46.4559
46.8701
47.2843
47.6985
48.1127
49.1127
50.1127
51.1127
52.1127
53.1127
54.1127
55.1127
56.1127
57.1127
42.5563
42.9706
43.3848
43.799
44.2132
44.6274
45.0416
45.4558
45.8701
46.2843
46.6985
47.1127
47.5269
47.9411
48.3554
48.3554
47.9411
47.5269
47.1127
46.6985
46.2843
45.8701
45.4558
45.0416
44.6274
44.2132
43.799
43.3848
42.9706
42.5563
42.1421
41.7279
41.3137
40.8995
40.4853
40.0711
39.6569
39.2426
38.8284
38.4142
38
38
38
38
38
38
38
38
38
38
38
38
38
38
38
38.4142
38.8284
39.2426
39.6569
40.0711
40.4853
40.8995
41.3137
41.7279
42.1421
42.5563
42.9706
43.3848
43.799
44.2132
44.6274
38
38
38
38
38
38
38
38
38
38
38
38
38
38
38
38
38
38
38
38
38
38
57.7696
56.7696
55.7696
54.7696
53.7696
52.7696
51.7696
50.7696
49.7696
48.7696
48.3554
47.9411
47.5269
47.1127
46.6985
46.2843
45.8701
45.4558
45.0416
44.6274
44.2132
43.799
43.3848
42.9706
42.5563
42.1421
41.7279
41.3137
40.8995
40.4853
40.0711
39.6569
39.2426
38.8284
38.4142
38
38
38
38
38
38
38
41.3137
40.8995
40.4853
40.0711
39.6569
39.2426
38.8284
38.4142
38
38
38
38
38
38
38
38
38
38
38
38
38
38
38
38
38
38
38
38
38
38
38
38
38.4142
38.8284
39.2426
39.6569
40.0711
40.4853
40.8995
41.3137
41.7279
42.1421
42.5563
42.9706
43.3848
43.799
44.2132
44.6274
45.0416
45.4559
45.8701
46.2843
46.6985
47.6985
48.6985
49.6985
50.6985
51.6985
52.6985
53.6985
54.6985
55.6985
56.6985
41.5563
41.9706
42.3848
42.799
43.2132
43.6274
44.0416
44.4558
44.8701
45.2843
45.6985
46.1127
46.5269
46.9411
47.9411
47.9411
46.9411
46.5269
46.1127
45.6985
45.2843
44.8701
44.4558
44.0416
43.6274
43.2132
42.799
42.3848
41.9706
41.5563
41.1421
40.7279
40.3137
39.8995
39.4853
39.0711
38.6569
38.2426
37.8284
37.4142
37
37
37
37
37
37
37
37
37
37
37
37
37
37
37
37.4142
37.8284
38.2426
38.6569
39.0711
39.4853
39.8995
40.3137
40.7279
41.1421
41.5563
41.9706
42.3848
42.799
43.2132
43.6274
37
37
37
37
37
37
37
37
37
37
37
37
37
37
37
37
37
37
37
37
37
37
57.3554
56.3554
55.3554
54.3554
53.3554
52.3554
51.3554
50.3554
49.3554
48.3554
47.3554
46.9411
46.5269
46.1127
45.6985
45.2843
44.8701
44.4558
44.0416
43.6274
43.2132
42.799
42.3848
41.9706
41.5563
41.1421
40.7279
40.3137
39.8995
39.4853
39.0711
38.6569
38.2426
37.8284
37.4142
37
37
37
37
37
37
37
40.3137
39.8995
39.4853
39.0711
38.6569
38.2426
37.8284
37.4142
37
37
37
37
37
37
37
37
37
37
37
37
37
37
37
37
37
37
37
37
37
37
37
37
37.4142
37.8284
38.2426
38.6569
39.0711
39.4853
39.8995
40.3137
40.7279
41.1421
41.5563
41.9706
42.3848
42.799
43.2132
43.6274
44.0416
44.4559
44.8701
45.2843
46.2843
47.2843
48.2843
49.2843
50.2843
51.2843
52.2843
53.2843
54.2843
55.2843
56.2843
40.1421
40.5563
40.9706
41.3848
41.799
42.2132
42.6274
43.0416
43.4558
43.8701
44.2843
44.6985
45.1127
45.5269
46.5269
47.5269
47.5269
46.5269
45.5269
45.1127
44.6985
44.2843
43.8701
43.4558
43.0416
42.6274
42.2132
41.799
41.3848
40.9706
40.5563
40.1421
39.7279
39.3137
38.8995
38.4853
38.0711
37.6569
37.2426
36.8284
36.4142
36
36
36
36
36
36
36
36
36
36
36
36
36
36
36
36
36
36.4142
36.8284
37.2426
37.6569
38.0711
38.4853
38.8995
39.3137
39.7279
40.1421
40.5563
40.9706
41.3848
41.799
42.2132
36
36
36
36
36
36
36
36
36
36
36
36
36
36
36
36
36
36
36
36
36
36
36
56.9411
55.9411
54.9411
53.9411
52.9411
51.9411
50.9411
49.9411
48.9411
47.9411
46.9411
45.9411
45.5269
45.1127
44.6985
44.2843
43.8701
43.4558
43.0416
42.6274
42.2132
41.799
41.3848
40.9706
40.5563
40.1421
39.7279
39.3137
38.8995
38.4853
38.0711
37.6569
37.2426
36.8284
36.4142
36
36
36
36
36
36
36
36
36
39.3137
38.8995
38.4853
38.0711
37.6569
37.2426
36.8284
36.4142
36
36
36
36
36
36
36
36
36
36
36
36
36
36
36
36
36
36
36
36
36
36
36
36
36.4142
36.8284
37.2426
37.6569
38.0711
38.4853
38.8995
39.3137
39.7279
40.1421
40.5563
40.9706
41.3848
41.799
42.2132
42.6274
43.0416
43.4559
43.8701
44.8701
45.8701
46.8701
47.8701
48.8701
49.8701
50.8701
51.8701
52.8701
53.8701
37.8995
38.3137
38.7279
39.1421
39.5563
39.9706
40.3848
40.799
41.2132
41.6274
42.0416
42.4558
42.8701
43.2843
43.6985
44.1127
45.1127
46.1127
47.1127
47.1127
46.1127
45.1127
44.1127
43.6985
43.2843
42.8701
42.4558
42.0416
41.6274
41.2132
40.799
40.3848
39.9706
39.5563
39.1421
38.7279
38.3137
37.8995
37.4853
37.0711
36.6569
36.2426
35.8284
35.4142
35
35
35
35
35
35
35
35
35
35
35
35
35
35
35
35
35
35
35.4142
35.8284
36.2426
36.6569
37.0711
37.4853
37.8995
38.3137
38.7279
39.1421
39.5563
39.9706
40.3848
40.799
41.2132
35
35
35
35
35
35
35
35
35
35
35
35
35
35
35
35
35
35
35
35
35
35
35
35
56.5269
55.5269
54.5269
53.5269
52.5269
51.5269
50.5269
49.5269
48.5269
47.5269
46.5269
45.5269
44.5269
44.1127
43.6985
43.2843
42.8701
42.4558
42.0416
41.6274
41.2132
40.799
40.3848
39.9706
39.5563
39.1421
38.7279
38.3137
37.8995
37.4853
37.0711
36.6569
36.2426
35.8284
35.4142
35
35
35
35
35
35
35
35
35
35
38.8995
37.8995
37.4853
37.0711
36.6569
36.2426
35.8284
35.4142
35
35
35
35
35
35
35
35
35
35
35
35
35
35
35
35
35
35
35
35
35
35
35
35
35.4142
35.8284
36.2426
36.6569
37.0711
37.4853
37.8995
38.3137
38.7279
39.1421
39.5563
39.9706
40.3848
40.799
41.2132
41.6274
42.0416
42.4559
43.4559
44.4559
45.4559
46.4559
47.4559
48.4559
49.4559
50.4559
51.4559
52.4559
36.0711
36.4853
36.8995
37.3137
37.7279
38.1421
38.5563
38.9706
39.3848
39.799
40.2132
40.6274
41.0416
41.4558
41.8701
42.2843
42.6985
43.6985
44.6985
45.6985
46.6985
46.6985
45.6985
44.6985
43.6985
42.6985
42.2843
41.8701
41.4558
41.0416
40.6274
40.2132
39.799
39.3848
38.9706
38.5563
38.1421
37.7279
37.3137
36.8995
36.4853
36.0711
35.6569
35.2426
34.8284
34.4142
34
34
34
34
34
34
34
34
34
34
34
34
34
34
34
34
34
34
34
34
34.4142
34.8284
35.2426
35.6569
36.0711
36.4853
36.8995
37.3137
37.7279
38.1421
38.5563
38.9706
39.3848
39.799
34
34
34
34
34
34
34
34
34
34
34
34
34
34
34
34
34
34
34
34
34
34
34
34
34
56.1127
55.1127
54.1127
53.1127
52.1127
51.1127
50.1127
49.1127
48.1127
47.1127
46.1127
45.1127
44.1127
43.1127
42.6985
42.2843
41.8701
41.4558
41.0416
40.6274
40.2132
39.799
39.3848
38.9706
38.5563
38.1421
37.7279
37.3137
36.8995
36.4853
36.0711
35.6569
35.2426
34.8284
34.4142
34
34
34
34
34
34
34
34
34
34
34
34
34
34
34
34
34
34
34
36.4853
36.0711
35.6569
35.2426
34.8284
34.4142
34
34
34
34
34
34
34
34
34
34
34
34
34
34
34
34
34
34
34
34
34
34
34
34
34
34.4142
34.8284
35.2426
35.6569
36.0711
36.4853
36.8995
37.3137
37.7279
38.1421
38.5563
38.9706
39.3848
39.799
40.2132
40.6274
41.0416
42.0416
43.0416
44.0416
45.0416
46.0416
47.0416
48.0416
49.0416
50.0416
51.0416
33.4142
33.8284
34.2426
34.6569
35.0711
35.4853
35.8995
36.3137
36.7279
37.1421
37.5563
37.9706
38.3848
38.799
39.2132
39.6274
40.0416
40.4558
40.8701
41.2843
42.2843
43.2843
44.2843
45.2843
46.2843
46.2843
45.2843
44.2843
43.2843
42.2843
41.2843
40.8701
40.4558
40.0416
39.6274
39.2132
38.799
38.3848
37.9706
37.5563
37.1421
36.7279
36.3137
35.8995
35.4853
35.0711
34.6569
34.2426
33.8284
33.4142
33
33
33
33
33
33
33
33
33
33
33
33
33
33
33
33
33
33
33
33
33.4142
33.8284
34.2426
34.6569
35.0711
35.4853
35.8995
36.3137
36.7279
37.1421
37.5563
37.9706
38.3848
33
33
33
33
33
33
33
33
33
33
33
33
33
33
33
33
33
33
33
33
33
33
33
33
33
33.4142
33.8284
55.6985
54.6985
53.6985
52.6985
51.6985
50.6985
49.6985
48.6985
47.6985
46.6985
45.6985
44.6985
43.6985
42.6985
41.6985
41.2843
40.8701
40.4558
40.0416
39.6274
39.2132
38.799
38.3848
37.9706
37.5563
37.1421
36.7279
36.3137
35.8995
35.4853
35.0711
34.6569
34.2426
33.8284
33.4142
33
33
33
33
33
33
33
33
33
33
33
33
33
33
33
33
33
33
33
33
33
33
35.4853
35.0711
34.6569
34.2426
33.8284
33.4142
33
33
33
33
33
33
33
33
33
33
33
33
33
33
33
33
33
33
33
33
33
33
33
33
33
33
33
33.4142
33.8284
34.2426
34.6569
35.0711
35.4853
35.8995
36.3137
36.7279
37.1421
37.5563
37.9706
38.3848
38.799
39.2132
39.6274
40.6274
41.6274
42.6274
43.6274
44.6274
45.6274
46.6274
47.6274
48.6274
32
32
32
32.4142
32.8284
33.2426
33.6569
34.0711
34.4853
34.8995
35.3137
35.7279
36.1421
36.5563
36.9706
37.3848
37.799
38.2132
38.6274
39.0416
39.4558
39.8701
40.8701
41.8701
42.8701
43.8701
44.8701
45.8701
45.8701
44.8701
43.8701
42.8701
41.8701
40.8701
39.8701
39.4558
39.0416
38.6274
38.2132
37.799
37.3848
36.9706
36.5563
36.1421
35.7279
35.3137
34.8995
34.4853
34.0711
33.6569
33.2426
32.8284
32.4142
32
32
32
32
32
32
32
32
32
32
32
32
32
32
32
32
32
32
32
32
32
32
32
32.4142
32.8284
33.2426
33.6569
34.0711
34.4853
34.8995
35.3137
35.7279
36.1421
36.5563
36.9706
37.9706
32
32
32
32
32
32
32
32
32
32
32
32
32
32
32
32
32
32
32
32
32
32
32
32
32
32
32.4142
32.8284
55.2843
54.2843
53.2843
52.2843
51.2843
50.2843
49.2843
48.2843
47.2843
46.2843
45.2843
44.2843
43.2843
42.2843
41.2843
40.2843
39.8701
39.4558
39.0416
38.6274
38.2132
37.799
37.3848
36.9706
36.5563
36.1421
35.7279
35.3137
34.8995
34.4853
34.0711
33.6569
33.2426
32.8284
32.4142
32
32
32
32
32
32
32
32
32
32
32
32
32
32
32
32
32
32
32
32
32
32
32
32
32
34.0711
33.6569
33.2426
32.8284
32.4142
32
32
32
32
32
32
32
32
32
32
32
32
32
32
32
32
32
32
32
32
32
32
32
32
32
32
32
32.4142
32.8284
33.2426
33.6569
34.0711
34.4853
34.8995
35.3137
35.7279
36.1421
36.5563
36.9706
37.3848
37.799
38.2132
39.2132
40.2132
41.2132
42.2132
43.2132
44.2132
45.2132
46.2132
31
31
31
31
31
31
31
31.4142
31.8284
32.2426
32.6569
33.0711
33.4853
33.8995
34.3137
34.7279
35.1421
35.5563
35.9706
36.3848
36.799
37.2132
37.6274
38.0416
38.4558
39.4558
40.4558
41.4558
42.4558
43.4558
44.4558
45.4558
45.4558
44.4558
43.4558
42.4558
41.4558
40.4558
39.4558
38.4558
38.0416
37.6274
37.2132
36.799
36.3848
35.9706
35.5563
35.1421
34.7279
34.3137
33.8995
33.4853
33.0711
32.6569
32.2426
31.8284
31.4142
31
31
31
31
31
31
31
31
31
31
31
31
31
31
31
31
31
31
31
31
31
31
31
31
31
31.4142
31.8284
32.2426
32.6569
33.0711
33.4853
33.8995
34.3137
34.7279
35.1421
35.5563
31
31
31
31
31
31
31
31
31
31
31
31
31
31
31
31
31
31
31
31
31
31
31
31
31
31
31
31
31.4142
31.8284
53.8701
52.8701
51.8701
50.8701
49.8701
48.8701
47.8701
46.8701
45.8701
44.8701
43.8701
42.8701
41.8701
40.8701
39.8701
38.8701
38.4558
38.0416
37.6274
37.2132
36.799
36.3848
35.9706
35.5563
35.1421
34.7279
34.3137
33.8995
33.4853
33.0711
32.6569
32.2426
31.8284
31.4142
31
31
31
31
31
31
31
31
31
31
31
31
31.4142
31
31
31
31
31
31
31
31
31
31
31
31
31
31
31
31
33.0711
32.6569
32.2426
31.8284
31.4142
31
31
31
31
31
31
31
31
31
31
31
31
31
31
31
31
31
31
31
31
31
31
31
31
31
31
31
31
31
31
31
31
31
31
31
31
31.4142
31.8284
32.2426
32.6569
33.0711
33.4853
33.8995
34.3137
34.7279
35.1421
35.5563
35.9706
36.3848
36.799
37.799
38.799
39.799
40.799
41.799
42.799
30
30
30
30
30
30
30
30
30
30.4142
30.8284
31.2426
31.6569
32.0711
32.4853
32.8995
33.3137
33.7279
34.1421
34.5563
34.9706
35.3848
35.799
36.2132
36.6274
37.0416
38.0416
39.0416
40.0416
41.0416
42.0416
43.0416
44.0416
45.0416
45.0416
44.0416
43.0416
42.0416
41.0416
40.0416
39.0416
38.0416
37.0416
36.6274
36.2132
35.799
35.3848
34.9706
34.5563
34.1421
33.7279
33.3137
32.8995
32.4853
32.0711
31.6569
31.2426
30.8284
30.4142
30
30
30
30
30
30
30
30
30
30
30
30
30
30
30
30
30
30
30
30
30
30
30
30
30
30
30.4142
30.8284
31.2426
31.6569
32.0711
32.4853
32.8995
33.3137
33.7279
34.1421
30
30
30
30
30
30
30
30
30
30
30
30
30
30
30
30
30
30
30
30
30
30
30
30
30
30
30
30
30.4142
30.8284
53.4558
52.4558
51.4558
50.4558
49.4558
48.4558
47.4558
46.4558
45.4558
44.4558
43.4558
42.4558
41.4558
40.4558
39.4558
38.4558
37.4558
37.0416
36.6274
36.2132
35.799
35.3848
34.9706
34.5563
34.1421
33.7279
33.3137
32.8995
32.4853
32.0711
31.6569
31.2426
30.8284
30.4142
30
30
30
30
30
30
30
30
30
30
30
30
30.4142
30
30
30
30
30
30
30
30
30
30
30
30
30
30
30
30
32.0711
31.6569
31.2426
30.8284
30.4142
30
30
30
30
30
30
30
30
30
30
30
30
30
30
30
30
30
30
30
30
30
30
30
30
30
30
30
30
30
30
30
30
30
30
30
30
30
30
30
30
30.4142
30.8284
31.2426
31.6569
32.0711
32.4853
32.8995
33.3137
33.7279
34.1421
34.5563
34.9706
35.3848
36.3848
37.3848
38.3848
39.3848
40.3848
29
29
29
29
29
29
29
29
29
29.4142
29.8284
30.2426
30.6569
31.0711
31.4853
31.8995
32.3137
32.7279
33.1421
33.5563
33.9706
34.3848
34.799
35.2132
35.6274
36.6274
37.6274
38.6274
39.6274
40.6274
41.6274
42.6274
43.6274
44.6274
44.6274
43.6274
42.6274
41.6274
40.6274
39.6274
38.6274
37.6274
36.6274
35.6274
35.2132
34.799
34.3848
33.9706
33.5563
33.1421
32.7279
32.3137
31.8995
31.4853
31.0711
30.6569
30.2426
29.8284
29.4142
29
29
29
29
29
29
29
29
29
29
29
29
29
29
29
29
29
29
29
29
29
29
29
29
29
29
29.4142
29.8284
30.2426
30.6569
31.0711
31.4853
31.8995
32.3137
32.7279
33.1421
29
29
29
29
29
29
29
29
29
29
29
29
29
29
29
29
29
29
29
29
29
29
29
29
29
29
29
29
29.4142
29.8284
53.0416
52.0416
51.0416
50.0416
49.0416
48.0416
47.0416
46.0416
45.0416
44.0416
43.0416
42.0416
41.0416
40.0416
39.0416
38.0416
37.0416
36.0416
35.6274
35.2132
34.799
34.3848
33.9706
33.5563
33.1421
32.7279
32.3137
31.8995
31.4853
31.0711
30.6569
30.2426
29.8284
29.4142
29
29
29
29
29
29
29
29
29
29
29
29
29.4142
29
29
29
29
29
29
29
29
29
29
29
29
29
29
29
29
31.0711
30.6569
30.2426
29.8284
29.4142
29
29
29
29
29
29
29
29
29
29
29
29
29
29
29
29
29
29
29
29
29
29
29
29
29
29
29
29
29
29
29
29
29
29
29
29
29
29
29
29
29.4142
29.8284
30.2426
30.6569
31.0711
31.4853
31.8995
32.3137
32.7279
33.1421
33.5563
33.9706
34.9706
35.9706
36.9706
37.9706
38.9706
39.9706
28
28
28
28
28
28
28
28
28
28
28
28
28
28.4142
28.8284
29.2426
29.6569
30.0711
30.4853
30.8995
31.3137
31.7279
32.1421
32.5563
32.9706
33.3848
33.799
34.2132
35.2132
36.2132
37.2132
38.2132
39.2132
40.2132
41.2132
42.2132
43.2132
44.2132
44.2132
43.2132
42.2132
41.2132
40.2132
39.2132
38.2132
37.2132
36.2132
35.2132
34.2132
33.799
33.3848
32.9706
32.5563
32.1421
31.7279
31.3137
30.8995
30.4853
30.0711
29.6569
29.2426
28.8284
28.4142
28
28
28
28
28
28
28
28
28
28
28
28
28
28
28
28
28
28
28
28
28
28
28
28
28
28
28
28.4142
28.8284
29.2426
29.6569
30.0711
30.4853
30.8995
31.3137
31.7279
28
28
28
28
28
28
28
28
28
28
28
28
28
28
28
28
28
28
28
28
28
28
28
28
28
28
28
28
28.4142
28.8284
50.6274
49.6274
48.6274
47.6274
46.6274
45.6274
44.6274
43.6274
42.6274
41.6274
40.6274
39.6274
38.6274
37.6274
36.6274
35.6274
34.6274
34.2132
33.799
33.3848
32.9706
32.5563
32.1421
31.7279
31.3137
30.8995
30.4853
30.0711
29.6569
29.2426
28.8284
28.4142
28
28
28
28
28
28
28
28
28
28
28
28
28.8284
28.4142
28
28
28
28
28
28
28
28
28
28
28
28
28
28
28
28
28.4142
29.6569
29.2426
28.8284
28.4142
28
28
28
28
28
28
28
28
28
28
28
28
28
28
28
28
28
28
28
28
28
28
28
28
28
28
28
28
28
28
28
28
28
28
28
28
28
28
28
28
28
28
28
28.4142
28.8284
29.2426
29.6569
30.0711
30.4853
30.8995
31.3137
31.7279
32.1421
32.5563
33.5563
34.5563
35.5563
36.5563
27
27
27
27
27
27
27
27
27
27
27
27
27
27
27
27.4142
27.8284
28.2426
28.6569
29.0711
29.4853
29.8995
30.3137
30.7279
31.1421
31.5563
31.9706
32.3848
32.799
33.799
34.799
35.799
36.799
37.799
38.799
39.799
40.799
41.799
42.799
43.799
43.799
42.799
41.799
40.799
39.799
38.799
37.799
36.799
35.799
34.799
33.799
32.799
32.3848
31.9706
31.5563
31.1421
30.7279
30.3137
29.8995
29.4853
29.0711
28.6569
28.2426
27.8284
27.4142
27
27
27
27
27
27
27
27
27
27
27
27
27
27
27
27
27
27
27
27
27
27
27
27
27
27
27
27
27.4142
27.8284
28.2426
28.6569
29.0711
29.4853
29.8995
30.3137
31.3137
27
27
27
27
27
27
27
27
27
27
27
27
27
27
27
27
27
27
27
27
27
27
27
27
27
27
27
27
27
27.4142
27.8284
49.2132
48.2132
47.2132
46.2132
45.2132
44.2132
43.2132
42.2132
41.2132
40.2132
39.2132
38.2132
37.2132
36.2132
35.2132
34.2132
33.2132
32.799
32.3848
31.9706
31.5563
31.1421
30.7279
30.3137
29.8995
29.4853
29.0711
28.6569
28.2426
27.8284
27.4142
27
27
27
27
27
27
27
27
27
27
27
27
27
27
27.8284
27.4142
27
27
27
27
27
27
27
27
27
27
27
27
27
27
27
27
27.4142
28.6569
28.2426
27.8284
27.4142
27
27
27
27
27
27
27
27
27
27
27
27
27
27
27
27
27
27
27
27
27
27
27
27
27
27
27
27
27
27
27
27
27
27
27
27
27
27
27
27
27
27
27
27
27
27
27.4142
27.8284
28.2426
28.6569
29.0711
29.4853
29.8995
30.3137
30.7279
31.1421
32.1421
33.1421
34.1421
26
26
26
26
26
26
26
26
26
26
26
26
26
26
26
26
26
26.4142
26.8284
27.2426
27.6569
28.0711
28.4853
28.8995
29.3137
29.7279
30.1421
30.5563
30.9706
31.3848
32.3848
33.3848
34.3848
35.3848
36.3848
37.3848
38.3848
39.3848
40.3848
41.3848
42.3848
43.3848
43.3848
42.3848
41.3848
40.3848
39.3848
38.3848
37.3848
36.3848
35.3848
34.3848
33.3848
32.3848
31.3848
30.9706
30.5563
30.1421
29.7279
29.3137
28.8995
28.4853
28.0711
27.6569
27.2426
26.8284
26.4142
26
26
26
26
26
26
26
26
26
26
26
26
26
26
26
26
26
26
26
26
26
26
26
26
26
26
26
26
26
26
26.4142
26.8284
27.2426
27.6569
28.0711
28.4853
28.8995
26
26
26
26
26
26
26
26
26
26
26
26
26
26
26
26
26
26
26
26
26
26
26
26
26
26
26
26
26
26.4142
26.8284
47.799
46.799
45.799
44.799
43.799
42.799
41.799
40.799
39.799
38.799
37.799
36.799
35.799
34.799
33.799
32.799
31.799
31.3848
30.9706
30.5563
30.1421
29.7279
29.3137
28.8995
28.4853
28.0711
27.6569
27.2426
26.8284
26.4142
26
26
26
26
26
26
26
26
26
26
26
26
26
26
26.8284
26.4142
26
26
26
26
26
26
26
26
26
26
26
26
26
26
26
26
26.4142
27.6569
27.2426
26.8284
26.4142
26
26
26
26
26
26
26
26
26
26
26
26
26
26
26
26
26
26
26
26
26
26
26
26
26
26
26
26
26
26
26
26
26
26
26
26
26
26
26
26
26
26
26
26
26
26
26
26
26.4142
26.8284
27.2426
27.6569
28.0711
28.4853
28.8995
29.3137
29.7279
30.7279
25
25
25
25
25
25
25
25
25
25
25
25
25
25
25
25
25
25
25
25.4142
25.8284
26.2426
26.6569
27.0711
27.4853
27.8995
28.3137
28.7279
29.1421
29.5563
29.9706
30.9706
31.9706
32.9706
33.9706
34.9706
35.9706
36.9706
37.9706
38.9706
39.9706
40.9706
41.9706
42.9706
42.9706
41.9706
40.9706
39.9706
38.9706
37.9706
36.9706
35.9706
34.9706
33.9706
32.9706
31.9706
30.9706
29.9706
29.5563
29.1421
28.7279
28.3137
27.8995
27.4853
27.0711
26.6569
26.2426
25.8284
25.4142
25
25
25
25
25
25
25
25
25
25
25
25
25
25
25
25
25
25
25
25
25
25
25
25
25
25
25
25
25
25
25
25
25.4142
25.8284
26.2426
26.6569
27.0711
27.4853
27.8995
25
25
25
25
25
25
25
25
25
25
25
25
25
25
25
25
25
25
25
25
25
25
25
25
25
25
25
25
25
25
25.4142
25.8284
45.3848
44.3848
43.3848
42.3848
41.3848
40.3848
39.3848
38.3848
37.3848
36.3848
35.3848
34.3848
33.3848
32.3848
31.3848
30.3848
29.9706
29.5563
29.1421
28.7279
28.3137
27.8995
27.4853
27.0711
26.6569
26.2426
25.8284
25.4142
25
25
25
25
25
25
25
25
25
25
25
25
25
25
25.8284
25.4142
25
25
25
25
25
25
25
25
25
25
25
25
25
25
25
25
25.4142
26.6569
26.2426
25.8284
25.4142
25
25
25
25
25
25
25
25
25
25
25
25
25
25
25
25
25
25
25
25
25
25
25
25
25
25
25
25
25
25
25
25
25
25
25
25
25
25
25
25
25
25
25
25
25
25
25
25
25
25
25.4142
25.8284
26.2426
26.6569
27.0711
27.4853
27.8995
28.3137
29.3137
24
24
24
24
24
24
24
24
24
24
24
24
24
24
24
24
24
24
24
24
24
24.4142
24.8284
25.2426
25.6569
26.0711
26.4853
26.8995
27.3137
27.7279
28.1421
28.5563
29.5563
30.5563
31.5563
32.5563
33.5563
34.5563
35.5563
33.5563
32.5563
31.5563
30.5563
29.5563
28.5563
28.1421
27.7279
27.3137
26.8995
26.4853
26.0711
25.6569
25.2426
24.8284
24.4142
24
24
24
24
24
24
24
24
24
24
24
24
24
24
24
24
24
24
24
24
24
24
24
24
24
24
24
24
24
24
24
24
24
24.4142
24.8284
25.2426
25.6569
26.0711
26.4853
24
24
24
24
24
24
24
24
24
24
24
24
24
24
24
24
24
24
24
24
24
24
24
24
24
24
24
24
24
24
24.4142
24.8284
42.9706
41.9706
40.9706
39.9706
38.9706
37.9706
36.9706
35.9706
34.9706
33.9706
32.9706
31.9706
30.9706
29.9706
28.9706
28.5563
28.1421
27.7279
27.3137
26.8995
26.4853
26.0711
25.6569
25.2426
24.8284
24.4142
24
24
24
24
24
24
24
24
24
24
24
24
24
24
24.8284
24.4142
24
24
24
24
24
24
24
24
24
24
24
24
24
24
24
24
24.4142
25.2426
24.8284
24.4142
24
24
24
24
24
24
24
24
24
24
24
24
24
24
24
24
24
24
24
24
24
24
24
24
24
24
24
24
24
24
24
24
24
24
24
24
24
24
24
24
24
24
24
24
24
24
24
24
24
24
24
24
24
24
24.4142
24.8284
25.2426
25.6569
26.0711
26.4853
26.8995
27.8995
23
23
23
23
23
23
23
23
23
23
23
23
23
23
23
23
23
23
23
23
23
23
23
23.4142
23.8284
24.2426
24.6569
25.0711
25.4853
25.8995
26.3137
26.7279
27.1421
28.1421
29.1421
30.1421
31.1421
29.1421
28.1421
27.1421
26.7279
26.3137
25.8995
25.4853
25.0711
24.6569
24.2426
23.8284
23.4142
23
23
23
23
23
23
23
23
23
23
23
23
23
23
23
23
23
23
23
23
23
23
23
23
23
23
23
23
23
23
23
23
23
23.4142
23.8284
24.2426
24.6569
25.0711
23
23
23
23
23
23
23
23
23
23
23
23
23
23
23
23
23
23
23
23
23
23
23
23
23
23
23
23
23
23
23.4142
23.8284
39.5563
38.5563
37.5563
36.5563
35.5563
34.5563
33.5563
32.5563
31.5563
30.5563
29.5563
28.5563
27.5563
27.1421
26.7279
26.3137
25.8995
25.4853
25.0711
24.6569
24.2426
23.8284
23.4142
23
23
23
23
23
23
23
23
23
23
23
23
23
23
23.8284
23.4142
23
23
23
23
23
23
23
23
23
23
23
23
23
23
23
23
23.4142
24.2426
23.8284
23.4142
23
23
23
23
23
23
23
23
23
23
23
23
23
23
23
23
23
23
23
23
23
23
23
23
23
23
23
23
23
23
23
23
23
23
23
23
23
23
23
23
23
23
23
23
23
23
23
23
23
23
23
23
23
23
23.4142
23.8284
24.2426
24.6569
25.0711
25.4853
22
22
22
22
22
22
22
22
22
22
22
22
22
22
22
22
22
22
22
22
22
22
22
22
22.4142
22.8284
23.2426
23.6569
24.0711
24.4853
24.8995
25.3137
25.7279
26.7279
27.7279
25.7279
25.3137
24.8995
24.4853
24.0711
23.6569
23.2426
22.8284
22.4142
22
22
22
22
22
22
22
22
22
22
22
22
22
22
22
22
22
22
22
22
22
22
22
22
22
22
22
22
22
22
22
22
22
22
22
22.4142
22.8284
23.2426
23.6569
24.0711
22
22
22
22
22
22
22
22
22
22
22
22
22
22
22
22
22
22
22
22
22
22
22
22
22
22
22
22
22
22
22
22.4142
22.8284
36.1421
35.1421
34.1421
33.1421
32.1421
31.1421
30.1421
29.1421
28.1421
27.1421
26.1421
25.7279
25.3137
24.8995
24.4853
24.0711
23.6569
23.2426
22.8284
22.4142
22
22
22
22
22
22
22
22
22
22
22
22
22
22
22.4142
22.8284
22.4142
22
22
22
22
22
22
22
22
22
22
22
22
22
22
22
22
22.4142
23.2426
22.8284
22.4142
22
22
22
22
22
22
22
22
22
22
22
22
22
22
22
22
22
22
22
22
22
22
22
22
22
22
22
22
22
22
22
22
22
22
22
22
22
22
22
22
22
22
22
22
22
22
22
22
22
22
22
22
22
22
22
22
22
22.4142
22.8284
23.2426
23.6569
24.0711
21
21
21
21
21
21
21
21
21
21
21
21
21
21
21
21
21
21
21
21
21
21
21
21
21
21
21.4142
21.8284
22.2426
22.6569
23.0711
23.4853
23.8995
24.3137
25.3137
24.3137
23.8995
23.4853
23.0711
22.6569
22.2426
21.8284
21.4142
21
21
21
21
21
21
21
21
21
21
21
21
21
21
21
21
21
21
21
21
21
21
21
21
21
21
21
21
21
21
21
21
21
21
21
21
21
21.4142
21.8284
22.2426
22.6569
21
21
21
21
21
21
21
21
21
21
21
21
21
21
21
21
21
21
21
21
21
21
21
21
21
21
21
21
21
21
21
21.4142
21.8284
31.7279
30.7279
29.7279
28.7279
27.7279
26.7279
25.7279
24.7279
24.3137
23.8995
23.4853
23.0711
22.6569
22.2426
21.8284
21.4142
21
21
21
21
21
21
21
21
21
21
21
21
21
21
21.4142
21.4142
21
21
21
21
21
21
21
21
21
21
21
21
21
21
21
21
21.4142
22.2426
21.8284
21.4142
21
21
21
21
21
21
21
21
21
21
21
21
21
21
21
21
21
21
21
21
21
21
21
21
21
21
21
21
21
21
21
21
21
21
21
21
21
21
21
21
21
21
21
21
21
21
21
21
21
21
21
21
21
21
21
21
21
21.4142
21.8284
22.2426
22.6569
23.0711
21
21
21
21
21
21
21
21
21
21
21
21
21
21
20
20
20
20
20
20
20
20
20
20
20
20
20
20
20
20
20
20
20
20
20
20
20
20
20
20
20.4142
20.8284
21.2426
21.6569
22.0711
22.4853
22.8995
23.8995
24.8995
23.8995
22.8995
22.4853
22.0711
21.6569
21.2426
20.8284
20.4142
20
20
20
20
20
20
20
20
20
20
20
20
20
20
20
20
20
20
20
20
20
20
20
20
20
20
20
20
20
20
20
20
20
20
20
20
20
20.4142
20.8284
21.2426
21.6569
20
20
20
20
20
20
20
20
20
20
20
20
20
20
20
20
20
20
20
20
20
20
20
20
20
20
20
20
20
20
20
20.4142
20.8284
31.3137
30.3137
29.3137
28.3137
27.3137
26.3137
25.3137
24.3137
23.3137
22.8995
22.4853
22.0711
21.6569
21.2426
20.8284
20.4142
20
20
20
20
20
20
20
20
20
20
20
20
20
20
20.4142
20.4142
20
20
20
20
20
20
20
20
20
20
20
20
20
20
20
20
20.4142
21.8284
20.8284
20.4142
20
20
20
20
20
20
20
20
20
20
20
20
20
20
20
20
20
20
20
20
20
20
20
20
20
20
20
20
20
20
20
20
20
20
20
20
20
20
20
20
20
20
20
20
20
20
20
20
20
20
20
20
20
20
20
20
20
20.4142
20.8284
21.2426
21.6569
22.6569
20
20
20
20
20
20
20
20
20
20
20
20
20
20
19
19
19
19
19
19
19
19
19
19
19
19
19
19
19
19
19
19
19
19
19
19
19
19
19
19
19.4142
19.8284
20.2426
20.6569
21.0711
21.4853
22.4853
23.4853
22.4853
21.4853
21.0711
20.6569
20.2426
19.8284
19.4142
19
19
19
19
19
19
19
19
19
19
19
19
19
19
19
19
19
19
19
19
19
19
19
19
19
19
19
19
19
19
19
19
19
19
19
19
19
19
19.4142
19.8284
20.2426
21.2426
19
19
19
19
19
19
19
19
19
19
19
19
19
19
19
19
19
19
19
19
19
19
19
19
19
19
19
19
19
19
19
19.4142
19.8284
26.8995
25.8995
24.8995
23.8995
22.8995
21.8995
21.4853
21.0711
20.6569
20.2426
19.8284
19.4142
19
19
19
19
19
19
19
19
19
19
19
19
19
19
19.4142
19.4142
19
19
19
19
19
19
19
19
19
19
19
19
19
19
19
19
19.4142
19.4142
19
19
19
19
19
19
19
19
19
19
19
19
19
19
19
19
19
19
19
19
19
19
19
19
19
19
19
19
19
19
19
19
19
19
19
19
19
19
19
19
19
19
19
19
19
19
19
19
19
19
19
19
19
19
19
19
19
19
19.4142
19.8284
20.2426
21.2426
19
19
19
19
19
19
19
19
19
19
19
19
19
19
19
19
19
19
19
19
19
19
18
18
18
18
18
18
18
18
18
18
18
18
18
18
18
18
18
18
18
18
18
18
18
18
18
18
18
18.4142
18.8284
19.2426
19.6569
20.0711
20.0711
19.6569
19.2426
18.8284
18.4142
18
18
18
18
18
18
18
18
18
18
18
18
18
18
18
18
18
18
18
18
18
18
18
18
18
18
18
18
18
18
18
18
18
18
18
18
18
18
18
18.4142
18.8284
18
18
18
18
18
18
18
18
18
18
18
18
18
18
18
18
18
18
18
18
18
18
18
18
18
18
18
18
18
18
18
18
18
18.4142
18.8284
22.4853
21.4853
20.4853
20.0711
19.6569
19.2426
18.8284
18.4142
18
18
18
18
18
18
18
18
18
18
18
18
18
18
18.4142
18.4142
18
18
18
18
18
18
18
18
18
18
18
18
18
18
18
18
18.4142
18.4142
18
18
18
18
18
18
18
18
18
18
18
18
18
18
18
18
18
18
18
18
18
18
18
18
18
18
18
18
18
18
18
18
18
18
18
18
18
18
18
18
18
18
18
18
18
18
18
18
18
18
18
18
18
18
18
18
18
18
18.4142
18.8284
18
18
18
18
18
18
18
18
18
18
18
18
18
18
18
18
18
18
18
18
18
18
18
18
17
17
17
17
17
17
17
17
17
17
17
17
17
17
17
17
17
17
17
17
17
17
17
17
17
17
17
17
17.4142
17.8284
18.2426
18.6569
18.6569
18.2426
17.8284
17.4142
17
17
17
17
17
17
17
17
17
17
17
17
17
17
17
17
17
17
17
17
17
17
17
17
17
17
17
17
17
17
17
17
17
17
17
17
17
17
17
17.4142
17.8284
17
17
17
17
17
17
17
17
17
17
17
17
17
17
17
17
17
17
17
17
17
17
17
17
17
17
17
17
17
17
17
17
17
17.4142
17.8284
21.0711
20.0711
19.0711
18.6569
18.2426
17.8284
17.4142
17
17
17
17
17
17
17
17
17
17
17
17
17
17
17.4142
17.4142
17
17
17
17
17
17
17
17
17
17
17
17
17
17
17
17
17.4142
17.4142
17
17
17
17
17
17
17
17
17
17
17
17
17
17
17
17
17
17
17
17
17
17
17
17
17
17
17
17
17
17
17
17
17
17
17
17
17
17
17
17
17
17
17
17
17
17
17
17
17
17
17
17
17
17
17
17
17
17
17
17
17
17.4142
17.8284
17
17
17
17
17
17
17
17
17
17
17
17
17
17
17
17
17
17
17
17
17
17
17
17
17
17
17
16
16
16
16
16
16
16
16
16
16
16
16
16
16
16
16
16
16
16
16
16
16
16
16
16
16
16
16
16.4142
16.8284
17.2426
18.2426
17.2426
16.8284
16.4142
16
16
16
16
16
16
16
16
16
16
16
16
16
16
16
16
16
16
16
16
16
16
16
16
16
16
16
16
16
16
16
16
16
16
16
16
16
16
16
16
16.4142
16.8284
16
16
16
16
16
16
16
16
16
16
16
16
16
16
16
16
16
16
16
16
16
16
16
16
16
16
16
16
16
16
16
16
16
16.4142
16.8284
17.6569
17.2426
16.8284
16.4142
16
16
16
16
16
16
16
16
16
16
16
16
16
16
16.4142
16.4142
16
16
16
16
16
16
16
16
16
16
16
16
16
16
16
16
16.4142
16.4142
16
16
16
16
16
16
16
16
16
16
16
16
16
16
16
16
16
16
16
16
16
16
16
16
16
16
16
16
16
16
16
16
16
16
16
16
16
16
16
16
16
16
16
16
16
16
16
16
16
16
16
16
16
16
16
16
16
16
16
16
16
16.4142
16.8284
16
16
16
16
16
16
16
16
16
16
16
16
16
16
16
16
16
16
16
16
16
16
16
16
16
16
16
16
15
15
15
15
15
15
15
15
15
15
15
15
15
15
15
15
15
15
15
15
15
15
15
15
15
15
15
15
15
15
15.4142
15.8284
16.2426
15.8284
15.4142
15
15
15
15
15
15
15
15
15
15
15
15
15
15
15
15
15
15
15
15
15
15
15
15
15
15
15
15
15
15
15
15
15
15
15
15
15
15
15
15
15.4142
15
15
15
15
15
15
15
15
15
15
15
15
15
15
15
15
15
15
15
15
15
15
15
15
15
15
15
15
15
15
15
15
15
15.4142
15.8284
16.2426
15.8284
15.4142
15
15
15
15
15
15
15
15
15
15
15
15
15
15
15.4142
15
15
15
15
15
15
15
15
15
15
15
15
15
15
15
15
15.4142
15.4142
15
15
15
15
15
15
15
15
15
15
15
15
15
15
15
15
15
15
15
15
15
15
15
15
15
15
15
15
15
15
15
15
15
15
15
15
15
15
15
15
15
15
15
15
15
15
15
15
15
15
15
15
15
15
15
15
15
15
15
15
15
15.4142
15
15
15
15
15
15
15
15
15
15
15
15
15
15
15
15
15
15
15
15
15
15
15
15
15
15
15
15
15
14
14
14
14
14
14
14
14
14
14
14
14
14
14
14
14
14
14
14
14
14
14
14
14
14
14
14
14
14
14
14.4142
14.8284
14.4142
14
14
14
14
14
14
14
14
14
14
14
14
14
14
14
14
14
14
14
14
14
14
14
14
14
14
14
14
14
14
14
14
14
14
14
14
14
14
14
14
14
14
14.4142
14
14
14
14
14
14
14
14
14
14
14
14
14
14
14
14
14
14
14
14
14
14
14
14
14
14
14
14
14
14
14
14
14
14
14.4142
15.4142
15.2426
14.8284
14.4142
14
14
14
14
14
14
14
14
14
14
14
14
14
14
14.4142
14
14
14
14
14
14
14
14
14
14
14
14
14
14
14
14
14.4142
14.4142
14
14
14
14
14
14
14
14
14
14
14
14
14
14
14
14
14
14
14
14
14
14
14
14
14
14
14
14
14
14
14
14
14
14
14
14
14
14
14
14
14
14
14
14
14
14
14
14
14
14
14
14
14
14
14
14
14
14
14
14
14
14.4142
14
14
14
14
14
14
14
14
14
14
14
14
14
14
14
14
14
14
14
14
14
14
14
14
14
14
14
14
14
14
14
13
13
13
13
13
13
13
13
13
13
13
13
13
13
13
13
13
13
13
13
13
13
13
13
13
13
13
13
13
13
13
13.4142
13.8284
13.4142
13
13
13
13
13
13
13
13
13
13
13
13
13
13
13
13
13
13
13
13
13
13
13
13
13
13
13
13
13
13
13
13
13
13
13
13
13
13
13
13
13
13
13.4142
13
13
13
13
13
13
13
13
13
13
13
13
13
13
13
13
13
13
13
13
13
13
13
13
13
13
13
13
13
13
13
13
13
13
13.8284
13.4142
13
13
13
13
13
13
13
13
13
13
13
13
13
13
13.4142
13
13
13
13
13
13
13
13
13
13
13
13
13
13
13
13
13.4142
13.4142
13
13
13
13
13
13
13
13
13
13
13
13
13
13
13
13
13
13
13
13
13
13
13
13
13
13
13
13
13
13
13
13
13
13
13
13
13
13
13
13
13
13
13
13
13
13
13
13
13
13
13
13
13
13
13
13
13
13
13
13
13
13.4142
13
13
13
13
13
13
13
13
13
13
13
13
13
13
13
13
13
13
13
13
13
13
13
13
13
13
13
13
13
13
13
13
12
12
12
12
12
12
12
12
12
12
12
12
12
12
12
12
12
12
12
12
12
12
12
12
12
12
12
12
12
12
12
12.4142
13.4142
12.4142
12
12
12
12
12
12
12
12
12
12
12
12
12
12
12
12
12
12
12
12
12
12
12
12
12
12
12
12
12
12
12
12
12
12
12
12
12
12
12
12
12
12
12.4142
12
12
12
12
12
12
12
12
12
12
12
12
12
12
12
12
12
12
12
12
12
12
12
12
12
12
12
12
12
12
12
12
12
12
13.4142
12.4142
12
12
12
12
12
12
12
12
12
12
12
12
12
12
12.4142
12
12
12
12
12
12
12
12
12
12
12
12
12
12
12
12
12.4142
12.4142
12
12
12
12
12
12
12
12
12
12
12
12
12
12
12
12
12
12
12
12
12
12
12
12
12
12
12
12
12
12
12
12
12
12
12
12
12
12
12
12
12
12
12
12
12
12
12
12
12
12
12
12
12
12
12
12
12
12
12
12
12
12.4142
12
12
12
12
12
12
12
12
12
12
12
12
12
12
12
12
12
12
12
12
12
12
12
12
12
12
12
12
12
12
12
12
11
11
11
11
11
11
11
11
11
11
11
11
11
11
11
11
11
11
11
11
11
11
11
11
11
11
11
11
11
11
11
11.4142
11
11
11
11
11
11
11
11
11
11
11
11
11
11
11
11
11
11
11
11
11
11
11
11
11
11
11
11
11
11
11
11
11
11
11
11
11
11
11
11
11
11
11.4142
11
11
11
11
11
11
11
11
11
11
11
11
11
11
11
11
11
11
11
11
11
11
11
11
11
11
11
11
11
11
11
11
11
11
11
11
11
11
11
11
11
11
11
11
11
11
11
11
11.4142
11
11
11
11
11
11
11
11
11
11
11
11
11
11
11
11
11.4142
11.4142
11
11
11
11
11
11
11
11
11
11
11
11
11
11
11
11
11
11
11
11
11
11
11
11
11
11
11
11
11
11
11
11
11
11
11
11
11
11
11
11
11
11
11
11
11
11
11
11
11
11
11
11
11
11
11
11
11
11
11
11
11
11.4142
11
11
11
11
11
11
11
11
11
11
11
11
11
11
11
11
11
11
11
11
11
11
11
11
11
11
11
11
11
11
11
11
10
10
10
10
10
10
10
10
10
10
10
10
10
10
10
10
10
10
10
10
10
10
10
10
10
10
10
10
10
10
10
10
10
10
10
10
10
10
10
10
10
10
10
10
10
10
10
10
10
10
10
10
10
10
10
10
10
10
10
10
10
10
10
10
10
10
10
10
10
10
10
10
10
10
10
10
10
10
10
10
10
10
10
10
10
10
10
10
10
10
10
10
10
10
10
10
10
10
10
10
10
10
10
10
10
10
10
10
10
10
10
10
10
10
10
10
10
10
10
10
10
10
10.4142
10
10
10
10
10
10
10
10
10
10
10
10
10
10
10
10
10.4142
10
10
10
10
10
10
10
10
10
10
10
10
10
10
10
10
10
10
10
10
10
10
10
10
10
10
10
10
10
10
10
10
10
10
10
10
10
10
10
10
10
10
10
10
10
10
10
10
10
10
10
10
10
10
10
10
10
10
10
10
10
10
10.4142
10
10
10
10
10
10
10
10
10
10
10
10
10
10
10
10
10
10
10
10
10
10
10
10
10
10
10
10
10
10
10
10
9
9
9
9
9
9
9
9
9
9
9
9
9
9
9
9
9
9
9
9
9
9
9
9
9
9
9
9
9
9
9
9
9
9
9
9
9
9
9
9
9
9
9
9
9
9
9
9
9
9
9
9
9
9
9
9
9
9
9
9
9
9
9
9
9
9
9
9
9
9
9
9
9
9
9
9
9
9
9
9
9
9
9
9
9
9
9
9
9
9
9
9
9
9
9
9
9
9
9
9
9
9
9
9
9
9
9
9
9
9
9
9
9
9
9
9
9
9
9
9
9
9
9
9
9
9
9
9
9
9
9
9
9
9
9
9
9
9
9.41421
9
9
9
9
9
9
9
9
9
9
9
9
9
9
9
9
9
9
9
9
9
9
9
9
9
9
9
9
9
9
9
9
9
9
9
9
9
9
9
9
9
9
9
9
9
9
9
9
9
9
9
9
9
9
9
9
9
9
9
9
9
9
9
9
9
9
9
9
9
9
9
9
9
9
9
9
9
9
9
9
9
9
9
9
9
9
9
9
9
9
9
9
9
9
9
8
8
8
8
8
8
8
8
8
8
8
8
8
8
8
8
8
8
8
8
8
8
8
8
8
8
8
8
8
8
8
8
8
8
8
8
8
8
8
8
8
8
8
8
8
8
8
8
8
8
8
8
8
8
8
8
8
8
8
8
8
8
8
8
8
8
8
8
8
8
8
8
8
8
8
8
8
8
8
8
8
8
8
8
8
8
8
8
8
8
8
8
8
8
8
8
8
8
8
8
8
8
8
8
8
8
8
8
8
8
8
8
8
8
8
8
8
8
8
8
8
8
8
8
8
8
8
8
8
8
8
8
8
8
8
8
8
8
8.41421
8
8
8
8
8
8
8
8
8
8
8
8
8
8
8
8
8
8
8
8
8
8
8
8
8
8
8
8
8
8
8
8
8
8
8
8
8
8
8
8
8
8
8
8
8
8
8
8
8
8
8
8
8
8
8
8
8
8
8
8
8
8
8
8
8
8
8
8
8
8
8
8
8
8
8
8
8
8
8
8
8
8
8
8
8
8
8
8
8
8
8
8
8
8
8
7
7
7
7
7
7
7
7
7
7
7
7
7
7
7
7
7
7
7
7
7
7
7
7
7
7
7
7
7
7
7
7
7
7
7
7
7
7
7
7
7
7
7
7
7
7
7
7
7
7
7
7
7
7
7
7
7
7
7
7
7
7
7
7
7
7
7
7
7
7
7
7
7
7
7
7
7
7
7
7
7
7
7
7
7
7
7
7
7
7
7
7
7
7
7
7
7
7
7
7
7
7
7
7
7
7
7
7
7
7
7
7
7
7
7
7
7
7
7
7
7
7
7
7
7
7
7
7
7
7
7
7
7
7
7
7
7
7
7
7
7
7
7
7
7
7
7
7
7
7
7
7
7
7
7
7
7
7
7
7
7
7
7
7
7
7
7
7
7
7
7
7
7
7
7
7
7
7
7
7
7
7
7
7
7
7
7
7
7
7
7
7
7
7
7
7
7
7
7
7
7
7
7
7
7
7
7
7
7
7
7
7
7
7
7
7
7
7
7
7
7
7
7
7
7
7
7
7
7
7
7
7
7
6
6
6
6
6
6
6
6
6
6
6
6
6
6
6
6
6
6
6
6
6
6
6
6
6
6
6
6
6
6
6
6
6
6
6
6
6
6
6
6
6
6
6
6
6
6
6
6
6
6
6
6
6
6
6
6
6
6
6
6
6
6
6
6
6
6
6
6
6
6
6
6
6
6
6
6
6
6
6
6
6
6
6
6
6
6
6
6
6
6
6
6
6
6
6
6
6
6
6
6
6
6
6
6
6
6
6
6
6
6
6
6
6
6
6
6
6
6
6
6
6
6
6
6
6
6
6
6
6
6
6
6
6
6
6
6
6
6
6
6
6
6
6
6
6
6
6
6
6
6
6
6
6
6
6
6
6
6
6
6
6
6
6
6
6
6
6
6
6
6
6
6
6
6
6
6
6
6
6
6
6
6
6
6
6
6
6
6
6
6
6
6
6
6
6
6
6
6
6
6
6
6
6
6
6
6
6
6
6
6
6
6
6
6
6
6
6
6
6
6
6
6
6
6
6
6
6
6
6
6
6
6
6
6
6
6
6
6
6
6
6
6
6
6
6
6
6
6
6
6
6
6
6
6
6
6
6
6
6
6
6
6
6
6
6
6
6
6
6
6
6
6
6
6
6
6
6
6
6
6
6
6
6
6
6
6
6
6
6
6
6
6
6
6
6
6
6
6
6
6
6
6
6
6
6
6
6
6
6
6
6
6
6
6
6
6
6
6
6
6
6
6
6
6
6
6
6
6
6
6
6
6
6
6
6
6
6
6
6
6
6
6
6
6
6
6
6
6
6
6
6
6
6
6
6
6
6
6
6
6
6
6
6
6
6
6
6
6
6
6
6
6
6
6
6
6
6
6
6
6
6
6
6
6
6
6
6
6
6
6
6
6
6
6
6
6
6
6
6
6
6
6
6
6
6
6
6
6
6
6
6
6
6
6
6
6
6
6
6
6
6
6
6
6
6
6
6
6
6
6
6
6
6
6
6
6
6
6
6
6
6
6
6
6
6
6
6
6
6
6
6
6
6
6
6
6
6
6
6
6
6
6
6
6
6
6
6
6
6
6
6
6
6
6
6
6
6
6
6
6
6
6
6
6
6
6
6
6
6
6
6
6
6
6
6
6
6
6
6
6
6
6
6
6
6
6
6
6
6
6
6
6
5
5
5
5
5
5
5
5
5
5
5
5
5
5
5
5
5
5
5
5
5
5
5
5
5
5
5
5
5
5
5
5
5
5
5
5
5
5
5
5
5
5
5
5
5
5
5
5
5
5
5
5
5
5
5
5
5
5
5
5
5
5
5
5
5
5
5
5
5
5
5
5
5
5
5
5
5
5
5
5
5
5
5
5
5
5
5
5
5
5
5
5
5
5
5
5
5
5
5
5
5
5
5
5
5
5
5
5
5
5
5
5
5
5
5
5
5
5
5
5
5
5
5
5
5
5
5
5
5
5
5
5
5
5
5
5
5
5
5
5
5
5
5
5
5
5
5
5
5
5
5
5
5
5
5
5
5
5
5
5
5
5
5
5
5
5
5
5
5
5
5
5
5
5
5
5
5
5
5
5
5
5
5
5
5
5
5
5
5
5
5
5
5
5
5
5
5
5
5
5
5
5
5
5
5
5
5
5
5
5
5
5
5
5
5
5
5
5
5
5
5
5
5
5
5
5
5
5
5
5
5
5
5
5
5
5
5
5
5
5
5
5
5
5
5
5
5
5
5
5
5
5
5
5
5
5
5
5
5
5
5
5
5
5
5
5
5
5
5
5
5
5
5
5
5
5
5
5
5
5
5
5
5
5
5
5
5
5
5
5
5
5
5
5
5
5
5
5
5
5
5
5
5
5
5
5
5
5
5
5
5
5
5
5
5
5
5
5
5
5
5
5
5
5
5
5
5
5
5
5
5
5
5
5
5
5
5
5
5
5
5
5
5
5
5
5
5
5
5
5
5
5
5
5
5
5
5
5
5
5
5
5
5
5
5
5
5
5
5
5
5
5
5
5
5
5
5
5
5
5
5
5
5
5
5
5
5
5
5
5
5
5
5
5
5
5
5
5
5
5
5
5
5
5
5
5
5
5
5
5
5
5
5
5
5
5
5
5
5
5
5
5
5
5
5
5
5
5
5
5
5
5
5
5
5
5
5
5
5
5
5
5
5
5
5
5
5
5
5
5
5
5
5
5
5
5
5
5
5
5
5
5
5
5
5
5
5
5
5
5
5
5
5
5
5
5
5
5
5
5
5
5
5
5
5
5
5
5
5
5
5
5
5
5
5
5
5
5
5
5
5
5
5
5
5
5
5
5
5
5
5
5
4
4
4
4
4
4
4
4
4
4
4
4
4
4
4
4
4
4
4
4
4
4
4
4
4
4
4
4
4
4
4
4
4
4
4
4
4
4
4
4
4
4
4
4
4
4
4
4
4
4
4
4
4
4
4
4
4
4
4
4
4
4
4
4
4
4
4
4
4
4
4
4
4
4
4
4
4
4
4
4
4
4
4
4
4
4
4
4
4
4
4
4
4
4
4
4
4
4
4
4
4
4
4
4
4
4
4
4
4
4
4
4
4
4
4
4
4
4
4
4
4
4
4
4
4
4
4
4
4
4
4
4
4
4
4
4
4
4
4
4
4
4
4
4
4
4
4
4
4
4
4
4
4
4
4
4
4
4
4
4
4
4
4
4
4
4
4
4
4
4
4
4
4
4
4
4
4
4
4
4
4
4
4
4
4
4
4
4
4
4
4
4
4
4
4
4
4
4
4
4
4
4
4
4
4
4
4
4
4
4
4
4
4
4
4
4
4
4
4
4
4
4
4
4
4
4
4
4
4
4
4
4
4
4
4
4
4
4
4
4
4
4
4
4
4
4
4
4
4
4
4
4
4
4
4
4
4
4
4
4
4
4
4
4
4
4
4
4
4
4
4
4
4
4
4
4
4
4
4
4
4
4
4
4
4
4
4
4
4
4
4
4
4
4
4
4
4
4
4
4
4
4
4
4
4
4
4
4
4
4
4
4
4
4
4
4
4
4
4
4
4
4
4
4
4
4
4
4
4
4
4
4
4
4
4
4
4
4
4
4
4
4
4
4
4
4
4
4
4
4
4
4
4
4
4
4
4
4
4
4
4
4
4
4
4
4
4
4
4
4
4
4
4
4
4
4
4
4
4
4
4
4
4
4
4
4
4
4
4
4
4
4
4
4
4
4
4
4
4
4
4
4
4
4
4
4
4
4
4
4
4
4
4
4
4
4
4
4
4
4
4
4
4
4
4
4
4
4
4
4
4
4
4
4
4
4
4
4
4
4
4
4
4
4
4
4
4
4
4
4
4
4
4
4
4
4
4
4
4
4
4
4
4
4
4
4
4
4
4
4
4
4
4
4
4
4
4
4
4
4
4
4
4
4
4
4
4
4
4
4
4
4
4
4
4
4
4
4
4
4
4
4
4
4
4
4
4
4
4
4
4
4
3
3
3
3
3
3
3
3
3
3
3
3
3
3
3
3
3
3
3
3
3
3
3
3
3
3
3
3
3
3
3
3
3
3
3
3
3
3
3
3
3
3
3
3
3
3
3
3
3
3
3
3
3
3
3
3
3
3
3
3
3
3
3
3
3
3
3
3
3
3
3
3
3
3
3
3
3
3
3
3
3
3
3
3
3
3
3
3
3
3
3
3
3
3
3
3
3
3
3
3
3
3
3
3
3
3
3
3
3
3
3
3
3
3
3
3
3
3
3
3
3
3
3
3
3
3
3
3
3
3
3
3
3
3
3
3
3
3
3
3
3
3
3
3
3
3
3
3
3
3
3
3
3
3
3
3
3
3
3
3
3
3
3
3
3
3
3
3
3
3
3
3
3
3
3
3
3
3
3
3
3
3
3
3
3
3
3
3
3
3
3
3
3
3
3
3
3
3
3
3
3
3
3
3
3
3
3
3
3
3
3
3
3
3
3
3
3
3
3
3
3
3
3
3
3
3
3
3
3
3
3
3
3
3
3
3
3
3
3
3
3
3
3
3
3
3
3
3
3
3
3
3
3
3
3
3
3
3
3
3
3
3
3
3
3
3
3
3
3
3
3
3
3
3
3
3
3
3
3
3
3
3
3
3
3
3
3
3
3
3
3
3
3
3
3
3
3
3
3
3
3
3
3
3
3
3
3
3
3
3
3
3
3
3
3
3
3
3
3
3
3
3
3
3
3
3
3
3
3
3
3
3
3
3
3
3
3
3
3
3
3
3
3
3
3
3
3
3
3
3
3
3
3
3
3
3
3
3
3
3
3
3
3
3
3
3
3
3
3
3
3
3
3
3
3
3
3
3
3
3
3
3
3
3
3
3
3
3
3
3
3
3
3
3
3
3
3
3
3
3
3
3
3
3
3
3
3
3
3
3
3
3
3
3
3
3
3
3
3
3
3
3
3
3
3
3
3
3
3
3
3
3
3
3
3
3
3
3
3
3
3
3
3
3
3
3
3
3
3
3
3
3
3
3
3
3
3
3
3
3
3
3
3
3
3
3
3
3
3
3
3
3
3
3
3
3
3
3
3
3
3
3
3
3
3
3
3
3
3
3
3
3
3
3
3
3
3
3
3
3
3
3
3
3
3
3
3
3
3
3
3
3
2
2
2
2
2
2
2
2
2
2
2
2
2
2
2
2
2
2
2
2
2
2
2
2
2
2
2
2
2
2
2
2
2
2
2
2
2
2
2
2
2
2
2
2
2
2
2
2
2
2
2
2
2
2
2
2
2
2
2
2
2
2
2
2
2
2
2
2
2
2
2
2
2
2
2
2
2
2
2
2
2
2
2
2
2
2
2
2
2
2
2
2
2
2
2
2
2
2
2
2
2
2
2
2
2
2
2
2
2
2
2
2
2
2
2
2
2
2
2
2
2
2
2
2
2
2
2
2
2
2
2
2
2
2
2
2
2
2
2
2
2
2
2
2
2
2
2
2
2
2
2
2
2
2
2
2
2
2
2
2
2
2
2
2
2
2
2
2
2
2
2
2
2
2
2
2
2
2
2
2
2
2
2
2
2
2
2
2
2
2
2
2
2
2
2
2
2
2
2
2
2
2
2
2
2
2
2
2
2
2
2
2
2
2
2
2
2
2
2
2
2
2
2
2
2
2
2
2
2
2
2
2
2
2
2
2
2
2
2
2
2
2
2
2
2
2
2
2
2
2
2
2
2
2
2
2
2
2
2
2
2
2
2
2
2
2
2
2
2
2
2
2
2
2
2
2
2
2
2
2
2
2
2
2
2
2
2
2
2
2
2
2
2
2
2
2
2
2
2
2
2
2
2
2
2
2
2
2
2
2
2
2
2
2
2
2
2
2
2
2
2
2
2
2
2
2
2
2
2
2
2
2
2
2
2
2
2
2
2
2
2
2
2
2
2
2
2
2
2
2
2
2
2
2
2
2
2
2
2
2
2
2
2
2
2
2
2
2
2
2
2
2
2
2
2
2
2
2
2
2
2
2
2
2
2
2
2
2
2
2
2
2
2
2
2
2
2
2
2
2
2
2
2
2
2
2
2
2
2
2
2
2
2
2
2
2
2
2
2
2
2
2
2
2
2
2
2
2
2
2
2
2
2
2
2
2
2
2
2
2
2
2
2
2
2
2
2
2
2
2
2
2
2
2
2
2
2
2
2
2
2
2
2
2
2
2
2
2
2
2
2
2
2
2
2
2
2
2
2
2
2
2
2
2
2
2
2
2
2
2
2
2
2
2
2
2
2
2
2
2
2
2
2
2
2
2
2
2
2
2
2
2
1
1
1
1
1
1
1
1
1
1
1
1
1
1
1
1
1
1
1
1
1
1
1
1
1
1
1
1
1
1
1
1
1
1
1
1
1
1
1
1
1
1
1
1
1
1
1
1
1
1
1
1
1
1
1
1
1
1
1
1
1
1
1
1
1
1
1
1
1
1
1
1
1
1
1
1
1
1
1
1
1
1
1
1
1
1
1
1
1
1
1
1
1
1
1
1
1
1
1
1
1
1
1
1
1
1
1
1
1
1
1
1
1
1
1
1
1
1
1
1
1
1
1
1
1
1
1
1
1
1
1
1
1
1
1
1
1
1
1
1
1
1
1
1
1
1
1
1
1
1
1
1
1
1
1
1
1
1
1
1
1
1
1
1
1
1
1
1
1
1
1
1
1
1
1
1
1
1
1
1
1
1
1
1
1
1
1
1
1
1
1
1
1
1
1
1
1
1
1
1
1
1
1
1
1
1
1
1
1
1
1
1
1
1
1
1
1
1
1
1
1
1
1
1
1
1
1
1
1
1
1
1
1
1
1
1
1
1
1
1
1
1
1
1
1
1
1
1
1
1
1
1
1
1
1
1
1
1
1
1
1
1
1
1
1
1
1
1
1
1
1
1
1
1
1
1
1
1
1
1
1
1
1
1
1
1
1
1
1
1
1
1
1
1
1
1
1
1
1
1
1
1
1
1
1
1
1
1
1
1
1
1
1
1
1
1
1
1
1
1
1
1
1
1
1
1
1
1
1
1
1
1
1
1
1
1
1
1
1
1
1
1
1
1
1
1
1
1
1
1
1
1
1
1
1
1
1
1
1
1
1
1
1
1
1
1
1
1
1
1
1
1
1
1
1
1
1
1
1
1
1
1
1
1
1
1
1
1
1
1
1
1
1
1
1
1
1
1
1
1
1
1
1
1
1
1
1
1
1
1
1
1
1
1
1
1
1
1
1
1
1
1
1
1
1
1
1
1
1
1
1
1
1
1
1
1
1
1
1
1
1
1
1
1
1
1
1
1
1
1
1
1
1
1
1
1
1
1
1
1
1
1
1
1
1
1
1
1
1
1
1
1
1
1
1
1
1
1
1
1
1
1
1
1
1
1
1
1
1
1
1
1
1
1
1
1
1
1
1
1
1
1
1
1
1
1
1
1
1
1
1
1
0
0
0
0
0
0
0
0
0
0
0
0
0
0
0
0
0
0
0
0
0
0
0
0
0
0
0
0
0
0
0
0
0
0
0
0
0
0
0
0
0
0
0
0
0
0
0
0
0
0
0
0
0
0
0
0
0
0
0
0
0
0
0
0
0
0
0
0
0
0
0
0
0
0
0
0
0
0
0
0
0
0
0
0
0
0
0
0
0
0
0
0
0
0
0
0
0
0
0
0
0
0
0
0
0
0
0
0
0
0
0
0
0
0
0
0
0
0
0
0
0
0
0
0
0
0
0
0
0
0
0
0
0
0
0
0
0
0
0
0
0
0
0
0
0
0
0
0
0
0
0
0
0
0
0
0
0
0
0
0
0
0
0
0
0
0
0
0
0
0
0
0
0
0
0
0
0
0
0
0
0
0
0
0
0
0
0
0
0
0
0
0
0
0
0
0
0
0
0
0
0
0
0
0
0
0
0
0
0
0
0
0
0
0
0
0
0
0
0
0
0
0
0
0
0
0
0
0
0
0
0
0
0
0
0
0
0
0
0
0
0
0
0
0
0
0
0
0
0
0
0
0
0
0
0
0
0
0
0
0
0
0
0
0
0
0
0
0
0
0
0
0
0
0
0
0
0
0
0
0
0
0
0
0
0
0
0
0
0
0
0
0
0
0
0
0
0
0
0
0
0
0
0
0
0
0
0
0
0
0
0
0
0
0
0
0
0
0
0
0
0
0
0
0
0
0
0
0
0
0
0
0
0
0
0
0
0
0
0
0
0
0
0
0
0
0
0
0
0
0
0
0
0
0
0
0
0
0
0
0
0
0
0
0
0
0
0
0
0
0
0
0
0
0
0
0
0
0
0
0
0
0
0
0
0
0
0
0
0
0
0
0
0
0
0
0
0
0
0
0
0
0
0
0
0
0
0
0
0
0
0
0
0
0
0
0
0
0
0
0
0
0
0
0
0
0
0
0
0
0
0
0
0
0
0
0
0
0
0
0
0
0
0
0
0
0
0
0
0
0
0
0
0
0
0
0
0
0
0
0
0
0
0
0
0
0
0
0
0
0
0
0
0
0
0
0
0
0
0
0
0
0
0
0
0
0
0
0
0
0
0
0
0
0
0
0
0
0
0
0
0
0
0
0
0
0
0
0
0
0
0
0
