70.8406
70.4264
70.0122
69.598
69.1838
70.6691
70.2549
69.8406
68.1838
67.7696
67.3553
70.0833
69.6691
66.3553
66.7696
69.0833
65.7696
68.0833
64.7696
67.9117
67.4975
67.0833
63.7696
66.9117
62.7696
63.1838
65.9117
62.1838
65.4975
64.4975
64.0833
61.1838
63.0833
60.1838
62.6691
61.6691
58.7696
59.1838
61.2549
57.7696
60.8406
59.8406
56.7696
59.4264
58.4264
57.4264
57.0122
55.7696
56.0122
55.598
54.3554
54.7696
54.598
54.1838
53.3554
53.1838
52.7696
52.3554
51.9411
51.7696
50.9411
50.5269
82.598
81.598
80.598
79.598
78.598
77.598
76.598
75.598
74.598
73.598
51.1838
50.7696
49.5269
49.1127
48.6985
83.1838
82.1838
73.1838
72.1838
71.1838
70.1838
69.1838
50.7696
47.6985
47.2843
46.8701
82.7696
68.7696
67.7696
66.7696
65.7696
65.3553
50.3554
45.8701
45.4558
82.3553
64.3553
49.9411
44.4558
82.9411
81.9411
63.9411
62.9411
61.9411
60.9411
49.5269
43.4558
43.0416
42.6274
82.5269
81.5269
60.5269
59.5269
58.5269
50.1127
49.1127
41.6274
41.2132
81.1127
58.1127
57.1127
49.6985
48.6985
40.2132
39.799
80.6985
79.6985
56.6985
55.6985
54.6985
33
33.4142
33.8284
34.2426
34.6569
35.0711
35.4853
35.8995
48.2843
38.799
38.3848
79.2843
78.2843
54.2843
53.2843
32
32
32
32
32
34.8995
35.3137
35.7279
36.1421
36.5563
46.799
47.799
48.799
47.8701
37.3848
36.9706
36.5563
36.1421
77.8701
76.8701
75.8701
74.8701
73.8701
52.8701
51.8701
50.8701
45.8701
44.8701
43.8701
42.8701
41.8701
40.8701
39.8701
38.8701
38.4558
38.0416
31.8284
31.4142
31
35.5563
35.9706
36.3848
37.3848
38.3848
41.3848
42.3848
43.3848
44.3848
45.3848
46.3848
48.3848
49.3848
50.3848
51.3848
52.3848
47.4558
46.4558
35.1421
34.7279
73.4558
50.4558
49.4558
48.4558
47.4558
46.4558
45.4558
37.0416
36.6274
36.2132
35.799
30.8284
37.9706
38.9706
39.9706
40.9706
51.9706
52.9706
46.0416
33.7279
33.3137
32.8995
73.0416
72.0416
71.0416
70.0416
34.799
29.8284
52.5563
45.6274
44.6274
43.6274
31.8995
69.6274
68.6274
67.6274
66.6274
65.6274
33.799
33.3848
32.9706
32.5563
28.8284
52.1421
43.2132
42.2132
30.8995
30.4853
30.0711
65.2132
64.2132
63.2132
62.2132
61.2132
60.2132
59.2132
57.2132
56.2132
55.2132
54.2132
53.2132
52.2132
51.2132
50.2132
49.2132
31.5563
31.1421
27.8284
51.7279
52.7279
41.799
40.799
29.0711
28.6569
59.6274
58.6274
57.6274
48.799
47.799
30.1421
29.7279
26.8284
32.3137
33.3137
34.3137
35.3137
36.3137
37.3137
38.3137
52.3137
40.3848
39.3848
38.3848
37.3848
36.3848
27.6569
27.2426
26.8284
26.4142
47.3848
46.3848
45.3848
28.7279
28.3137
27.8995
27.4853
27.0711
25.8284
25.4142
28.8995
29.8995
30.8995
31.8995
38.7279
39.7279
52.7279
53.7279
35.9706
34.9706
33.9706
32.9706
25.4142
25
29.1421
29.5563
29.1421
28.7279
28.3137
27.8995
27.4853
44.9706
43.9706
26.0711
25.6569
25.2426
24.8284
24.4142
24
24
24
24
24.4142
26.4853
27.4853
28.4853
40.1421
41.1421
54.1421
32.9706
31.9706
30.9706
29.9706
28.9706
28.5563
28.1421
27.7279
32.5563
31.5563
30.5563
24
24
24
27.3137
27.7279
28.1421
26.4853
26.0711
25.6569
25.2426
43.5563
42.5563
23
23
23
23.4142
23
23
23
23
23
23
23.4142
23.8284
25.8995
25.4853
25.0711
24.6569
24.2426
23.8284
23.4142
23
23
23.4142
24.6569
25.0711
26.0711
41.5564
42.5564
43.5564
54.5564
34.5563
33.5563
32.5563
26.7279
26.3137
25.8995
25.4853
30.1421
29.1421
28.1421
27.1421
23
23
25.4853
25.8995
26.3137
24.2426
23.8284
42.1421
41.1421
40.1421
39.1421
22
22
23.6569
23.2426
22.8284
22.4142
22.8284
23.2426
23.6569
24.0711
24.4853
24.8995
25.3137
25.7279
26.1421
26.5563
26.9706
27.3848
26.1421
25.7279
25.3137
24.8995
22
22
22
22
22.4142
22
23.2426
23.6569
43.9706
44.9706
54.9706
37.1421
36.1421
35.1421
34.1421
24.4853
24.0711
26.7279
25.7279
25.3137
22
22
22
23.6569
24.0711
24.4853
22.8284
38.7279
21
21.4142
21.8284
23.0711
22.6569
26.3848
27.3848
28.3848
29.3848
25.1421
21
21
21
22.2426
45.3848
55.3848
38.7279
37.7279
36.7279
23.0711
24.3137
21
21
21
21.4142
21.8284
22.2426
22.6569
21.8284
21.4142
38.3137
37.3137
36.3137
33.3137
32.3137
31.3137
30.3137
29.3137
28.3137
27.3137
26.3137
25.3137
24.3137
23.3137
20.8284
22.0711
28.9706
24.1421
20
20
20.8284
21.8284
46.3848
46.799
55.799
38.3137
22.0711
23.8995
22.8995
22.4853
20.4142
36.7279
35.7279
34.7279
33.7279
22.8995
21.8995
19.8284
21.0711
28.5563
29.5563
23.1421
19
19.4142
19.8284
19
19
19.4142
20.4142
47.799
55.2132
56.2132
39.8995
38.8995
37.8995
21.0711
20.6569
21.4853
21.0711
19.4142
21.4853
20.4853
20.0711
18.8284
19.2426
20.0711
29.1421
22.7279
18.8284
19.2426
18
18
48.799
49.2132
54.6274
55.6274
40.4853
39.4853
19.6569
20.0711
19.6569
18.4142
19.0711
18.6569
18.2426
19.0711
27.7279
28.7279
22.3137
21.3137
18.2426
17
17
17
50.2132
50.6274
51.0416
54.0416
55.0416
41.0711
40.0711
18.6569
18.6569
18.2426
19.6569
20.6569
21.6569
17.4142
17.6569
17.2426
18.0711
25.3137
26.3137
27.3137
20.8995
19.8995
17.2426
16
16
52.0416
52.4559
53.4559
54.4559
40.6569
17.6569
17.2426
17.2426
16.8284
17.2426
18.2426
19.2426
22.0711
23.0711
24.0711
25.0711
25.2426
24.2426
16.4142
16
16
16.6569
16.2426
16.2426
15
15
15
15
15
17.0711
16.6569
22.8995
23.8995
24.8995
19.4853
18.4853
16.2426
15
15
15
15
15
40.2426
22.2426
21.2426
20.2426
19.2426
18.2426
17.2426
16.2426
16.8284
15.8284
15.4142
15.4142
15.8284
23.8284
22.8284
21.8284
20.8284
19.8284
18.8284
17.8284
16.8284
15.8284
15
15.2426
14.8284
15.2426
14
14
14
14
14
14
14
14
14
14
14
15.6569
18.4853
19.4853
20.4853
21.4853
22.4853
14
14
14
14
18.0711
17.0711
16.0711
15.2426
14
14
14
40.6569
39.6569
27.6569
26.6569
25.6569
24.6569
23.6569
22.6569
14.8284
14.4142
14
14
14
14
14
14
14
14
14
14
14.4142
14.4142
15.4142
14.4142
14
14
14
14
14
14
14
13
13
13
13
13
13
13
13
13
13
13
13
13
13
13
13
13
13
13
14.2426
13.8284
13
13
13
13
13
13
13
13
13
14.6569
18.0711
13
13
13
13
13
13
13
13
13
13
13
15.6569
14.2426
13
13
13
13
13
13
13
13
40.0711
28.0711
13.8284
13
13
13.4142
13.4142
13
13
13
13
13
13
13
13
13
13
13
13
13
13
13
13
13
12
12
12
12
13.8284
12.8284
12.4142
12.8284
12
12
12
12
14.2426
13.2426
13.6569
14.6569
15.6569
16.6569
17.6569
12
12
12
12
15.2426
14.2426
12.8284
13.2426
12
12
12
12
40.4853
39.4853
32.4853
31.4853
30.4853
29.4853
29.0711
12.8284
12
12.4142
12
12.4142
12
12
12
12
11
11
11
11
11
11
11
11
11
11
11
11
11
11
11
11
11
11
11
11
11
11
11
11
11
11
11.4142
11.8284
11
11
11
11
11
11
11
11
12.8284
11.8284
11.4142
12.2426
13.2426
11
11
11
11
11
11
11
11
11
11
11
11
11
11
13.8284
12.8284
11.8284
11.4142
11.8284
11
11
11
11
11
11
11
11
11
39.8995
38.8995
37.8995
36.8995
35.8995
34.8995
33.8995
32.8995
11.8284
11
11
11.4142
11
11
11
11
11
11
11
11
11
11
11
11
10
10
10
10
10
10
10
10
10
10
10
10
10
10
10
10
10.4142
10
10
10.4142
11.4142
10
10
10
10
10
10
10.4142
10.8284
11.8284
10
10
10
10
10
10
10
10
10
10.4142
10
10
10.4142
11.4142
10
10
10
10
10
10
10
10
11.4142
10.4142
10
10
10
10
10
10
10
10
10
10
10
10
10
10
10
10
10
10
10
10
10
10
10
10
10
10
10
10
10
10
10
10
10
10
9
9
9
9
9
9
9
9
9
9
9
9
9
9.41421
9
9
9.41421
10.4142
9
9
9
9
9
9
9
9
9
9
9
9
9
9
9
9
9
9
9
9
9
9
9
9
9
9
9
9
9
9
9
8
8
8
8
8
8
8
8
8
8
8
8
8
8
8
8
8
8
8
8
8
8
8
8
8
8
8
8
8
8
8
8
8
8
8
7
7
7
7
7
7
7
7
7
7
7
7
7
7
7
7
7
7
7
7
7
7
7
7
7
7
7
7
7
7
7
7
7
7
7
7
7
7
6
6
6
6
6
6
6
6
6
6
6
6
6
6
6
6
6
6
6
6
6
6
6
6
6
6
6
6
6
6
6
6
6
6
6
6
6
6
6
6
6
6
6
6
6
6
6
6
6
6
6
6
6
6
6
6
6
6
6
6
6
6
6
6
6
6
6
6
6
6
6
6
6
6
6
6
6
6
6
6
6
6
6
6
6
6
6
6
6
6
6
6
6
6
6
6
6
6
6
6
6
6
6
6
6
6
6
6
6
6
6
6
6
6
6
6
6
6
6
6
6
6
6
6
6
6
6
6
6
6
6
6
6
6
6
6
6
6
6
6
6
6
6
6
6
6
6
6
6
6
6
6
6
6
6
6
6
6
6
6
6
6
6
6
6
6
6
6
6
6
6
6
6
6
6
6
6
6
6
6
6
6
6
6
6
6
6
6
6
6
6
6
6
6
6
6
6
6
6
6
6
6
6
6
6
6
6
6
6
6
6
6
6
6
6
6
6
6
6
6
6
6
6
6
6
6
6
6
6
6
6
6
6
6
6
6
6
6
6
6
6
6
6
6
6
6
6
6
6
6
6
6
6
6
6
6
6
6
6
6
6
6
6
6
6
6
6
6
6
6
6
6
6
6
6
6
6
6
6
6
6
6
6
6
6
6
6
6
6
