120
120
120
120
120
120
120
120
120
120
120
120
120
120
120
120
120
120
120
120
120
120
120
120
120
120
120
120
120
120
120
120
120
120
120
120
120
120
120
120
120
120
120
120
120
120
120
120
120
120
120
120
120
120
120
120.414
120.828
121.243
121.657
122.071
122.485
122.899
123.314
123.728
124.142
124.556
124.971
125.385
125.799
126.213
126.627
127.042
127.456
127.87
128.284
128.699
129.113
129.527
129.941
130.355
130.77
131.184
131.598
132.012
132.426
132.841
133.255
133.669
134.083
134.498
134.912
135.326
135.74
136.154
136.569
136.154
135.74
135.326
134.912
134.498
134.083
133.669
133.255
132.841
132.426
132.012
119
131.012
118
130.012
117
129.012
116
128.012
127.598
115
126.598
114
125.598
113
124.598
112
112
123.598
111
122.598
110
121.598
109
120.598
108
119.598
107
118.598
106
117.598
105
116.598
116.184
104
115.184
103
114.184
102
102
102
113.184
101
112.184
100
111.184
110.77
110.355
99
109.355
98
108.355
97
107.355
96
96
106.355
105.941
95
104.941
94
103.941
93
102.941
102.527
92
92
101.527
91
100.527
90
99.5269
99.1127
89
98.1127
88
97.1127
87
87
87
96.1127
95.6985
95.2843
86
94.2843
85
93.2843
84
92.2843
91.8701
83
83
90.8701
90.4559
82
89.4559
81
88.4559
88.0416
87.6274
80
86.6274
79
79
85.6274
78
78
78
78
78
78
78
78
78
78
78
78
78
78
78
78
78
78
78
78
78
78
78
78
78
78
78
78
78
78
78
78
78
78
78
78
78
78
78
78
78
78
78
78
78
78
78
78
78
78
78
78
78
78
78
78
84.6274
84.2132
77
77
77
77
77
77
77
77
77
77
77
77
77
77
77
77
77
77
77
77
77
83.2132
76
76
76
76
76
76
76
76
76
76
76
76
76
76
82.2132
81.799
75
75
75
75
75
75
75
75
75
75
75
80.799
80.3848
74
74
74
74
74
74
74
74
74
79.3848
78.9706
78.5564
73
73
73
73
73
73
73
73
73
73
77.5564
72
72
72
76.5564
71
71
71
71
71
71
71
75.5564
75.1421
70
70
70
70
70
70
70
70
74.1421
73.7279
69
69
69
69
69
69
69
72.7279
72.3137
71.8995
68
68
68
68
68
70.8995
70.4853
67
67
67
67
67
67
67
69.4853
69.0711
66
66
66
66
66
68.0711
67.6569
65
65
65
65
65
65
66.6569
66.2426
65.8284
64
64
64
64
64
64
64.8284
64.4142
63
63
63
63.4142
62
62
62
62
62
62
62.4142
62
61
61
61
61
61
61
60
60
60
60
60
60
60
60
60
60
60
60
59
59
59
59
59
59
58
58
58
58
58
58
58
58
58
57
57
57
57
57
57
57
57
56
56
56
56
56
56
56
56
55
55
55
55
55
55
55
55
54
54
54
54
53
53
53
53
53
53
53
53
53
52
52
52
52
52
52
52
51
51
51
51
51
51
51
51
51
51
51
50
50
50
50
50
50
50
50
50
50
49
49
49
49
49
49
49
49
49
49
48
48
48
48
48
48
48
48
48
48
48
48
48
48
47
47
47
47
47
47
47
47
47
47
47
47
47
47
46
46
45
45
45
44
44
44
44
44
43
43
43
64.1127
65.1127
66.1127
67.1127
68.1127
69.1127
70.1127
69.1127
68.1127
67.1127
66.1127
65.1127
42
42
58.6985
59.6985
60.6985
61.6985
62.6985
63.6985
64.6985
63.6985
62.6985
61.6985
60.6985
59.6985
58.6985
57.6985
41
41
41
41
54.2843
55.2843
56.2843
57.2843
58.2843
57.2843
56.2843
55.2843
54.2843
53.2843
40
40
51.8701
52.8701
53.8701
52.8701
51.8701
50.8701
39
39
39
48.4559
49.4559
50.4559
51.4559
50.4559
49.4559
48.4559
47.4559
38
38
38
38
48.0416
47.0416
37
37
45.6274
46.6274
47.6274
46.6274
45.6274
36
36
36
36
43.2132
44.2132
45.2132
45.2132
44.2132
43.2132
42.2132
35
35
35
41.799
42.799
41.799
40.799
34
34
39.3848
40.3848
41.3848
40.3848
39.3848
33
33
33
37.5564
37.9706
38.9706
38.9706
37.9706
32
32
32
36.1421
36.5564
37.5564
36.5564
36.1421
31
31
35.1421
35.1421
34.7279
30
30
30
30
34.1421
33.7279
29
29
32.7279
33.7279
33.3137
32.3137
28
28
30.8995
31.3137
32.3137
31.8995
30.8995
30.4853
27
27
29.4853
29.8995
29.4853
26
26
26
26
28.4853
28.4853
28.0711
25
25
27.0711
27.4853
27.0711
26.6569
24
24
26.0711
25.6569
23
23
23
24.6569
25.0711
24.6569
24.2426
22
22
23.6569
23.2426
21
21
22.6569
22.2426
20
20
20.8284
21.2426
22.2426
21.2426
19
19
19
19
19.8284
20.8284
19.8284
19.4142
18
18
18.8284
18.4142
17
17
17
17.8284
17.4142
16
16
16.4142
16.8284
16.4142
16
15
15
15.4142
15
14
14
14.4142
14
13
13
13.4142
13
12
12
12.4142
12
11
11
11.4142
11
10
10
10.4142
10
9
9
9.41421
9
8
8
8
8.41421
8
7
7
7
7
6
6
6
6
6
6
6
6
6
6
6
6
6
6
6
6
6
6
6
6
6
6
6
6
6
6
6
6
6
6
6
6
6
6
6
6
6
6
6
6
6
6
6
6
6
6
6
6
6
6
6
6
6
6
6
6
6
6
6
6
6
6
6
6
6
6
6
6
6
6
6
6
6
6
6
6
6
6
6
6
6
6
6
6
6
6
6
6
6
6
6
6
6
6
6
6
6
6
6
6
6
6
6
6
6
6
6
6
6
6
6
6
6
6
6
6
6
6
6
6
6
6
6
6
6
6
6
6
6
6
6
6
6
6
6
6
6
6
6
6
6
6
6
6
6
6
6
6
6
6
6
6
6
6
6
6
6
6
6
6
6
6
6
6
6
6
6
6
6
6
6
6
6
6
6
6
6
6
6
6
6
6
6
6
6
6
6
6
6
6
6
6
6
6
6
6
6
6
6
6
6
6
6
6
6
6
6
6
6
6
6
6
6
6
6
6
6
