182.439
181.439
180.439
179.439
178.439
177.439
176.439
183.024
182.024
176.024
175.024
174.024
173.024
172.024
183.61
182.61
171.61
170.61
169.61
147.953
146.953
145.953
144.953
143.953
142.953
141.953
140.953
139.953
138.953
137.953
136.953
135.953
134.953
133.953
132.953
131.953
183.196
169.196
168.196
167.196
166.196
149.539
148.539
147.539
131.539
130.539
129.539
128.539
127.539
127.125
183.782
182.782
165.782
164.782
163.782
162.782
162.368
149.125
126.125
183.368
182.368
161.368
151.711
150.711
149.711
148.711
125.711
124.711
123.711
181.953
160.953
159.953
158.953
157.953
154.297
153.297
152.297
151.297
123.297
122.297
121.297
120.297
181.539
180.539
157.539
156.539
155.539
154.539
153.539
154.853
153.882
119.882
118.882
117.882
180.125
179.125
153.125
152.125
151.125
150.125
149.125
148.125
153.439
153.853
117.468
116.468
115.468
114.468
178.711
177.711
176.711
147.711
146.711
145.711
144.711
143.711
142.711
141.711
140.711
92.9828
92.5686
92.1544
91.7402
91.3259
90.9117
152.024
152.439
114.054
113.054
112.054
111.054
176.297
175.297
174.297
173.297
172.297
171.297
140.297
139.297
138.297
137.297
136.297
135.297
134.297
133.297
132.297
131.297
94.4681
94.0539
93.6397
93.2254
92.8112
92.397
91.9828
89.9117
89.4975
89.0833
88.6691
88.2549
87.8406
87.4264
150.196
150.61
151.024
110.64
109.64
108.64
107.64
170.882
169.882
168.882
167.882
166.882
165.882
164.882
163.882
130.882
129.882
128.882
127.882
126.882
125.882
124.882
123.882
122.882
121.882
120.882
119.882
118.882
97.8823
96.8823
95.8823
94.8823
93.8823
93.4681
86.4264
86.0122
149.196
107.225
106.225
105.225
104.811
163.468
118.468
117.468
116.468
115.468
114.468
113.468
112.468
111.468
110.468
109.468
108.468
107.468
106.468
105.468
104.468
103.468
102.468
101.468
100.468
99.4681
98.4681
97.4681
85.0122
84.598
84.1838
148.196
103.811
163.054
162.054
161.054
160.054
159.054
158.054
157.054
83.1838
146.782
147.196
103.397
102.397
101.397
156.64
155.64
154.64
153.64
152.64
151.64
82.1838
81.7696
81.3554
145.368
145.782
100.983
99.9828
98.9828
97.9828
96.9828
151.225
150.225
149.225
148.225
80.3554
79.9411
144.368
96.5686
95.5686
94.5686
93.5686
147.811
146.811
145.811
144.811
143.811
142.811
141.811
78.9411
78.5269
142.539
142.953
143.368
137.154
136.154
135.154
134.154
133.154
132.154
131.154
130.154
129.154
128.154
127.154
126.154
125.154
124.154
123.154
122.154
121.154
93.1544
92.1544
91.1544
90.1544
89.1544
141.397
140.397
139.397
138.397
137.397
136.397
77.5269
141.539
139.569
138.569
137.569
120.74
119.74
118.74
117.74
116.74
115.74
88.7402
87.7402
86.7402
135.983
134.983
133.983
132.983
131.983
130.983
129.983
76.5269
76.1127
140.125
140.539
142.983
141.983
140.983
139.983
115.326
114.326
113.326
112.326
86.3259
85.3259
84.3259
83.3259
129.569
128.569
127.569
126.569
125.569
124.569
123.569
75.1127
139.125
144.397
143.397
111.912
110.912
109.912
108.912
82.9117
81.9117
80.9117
79.9117
79.4975
123.154
122.154
121.154
120.154
119.154
118.154
117.154
116.154
74.1127
73.6985
73.2843
137.711
138.125
144.811
108.498
78.4975
78.0833
77.6691
115.74
72.2843
136.711
146.225
145.811
108.083
107.083
106.083
105.083
76.6691
115.326
114.326
113.326
112.326
111.326
110.326
71.2843
135.711
147.64
147.225
104.669
103.669
102.669
75.6691
75.2549
109.912
108.912
107.912
106.912
105.912
70.2843
134.297
135.297
148.64
102.255
101.255
74.2549
73.8407
73.4264
73.0122
105.498
104.498
103.498
102.498
101.498
100.498
99.4975
87.4975
86.4975
85.4975
84.4975
83.4975
82.4975
81.4975
80.4975
79.4975
78.4975
77.4975
69.2843
68.8701
132.468
132.882
133.882
148.882
149.882
149.64
100.841
99.8407
98.8407
97.8407
72.0122
71.598
71.1838
70.7696
99.9117
98.9117
97.9117
96.9117
95.9117
94.9117
93.9117
92.9117
91.9117
90.9117
89.9117
88.9117
87.9117
77.0833
76.0833
75.0833
67.8701
131.468
148.468
97.4264
96.4264
69.7696
69.3554
68.9411
74.6691
73.6691
72.6691
72.2549
66.8701
130.054
131.054
147.054
148.054
96.0122
95.0122
67.9411
67.5269
67.1127
66.6985
66.2843
71.2549
70.8406
65.8701
65.4558
128.64
129.64
145.64
146.64
94.598
93.598
92.598
65.2843
64.8701
64.4559
64.0416
69.8406
64.4558
127.225
128.225
145.225
92.1838
91.1838
63.0416
62.6274
62.2132
61.799
69.4264
68.4264
68.0122
63.4558
92.2254
93.2254
94.2254
95.2254
96.2254
97.2254
98.2254
99.2254
100.225
125.397
125.811
126.811
144.811
59.5564
59.1422
58.7279
58.3137
57.8995
57.4853
57.0711
56.6569
90.7696
60.799
60.3848
59.9706
59.5564
67.0122
62.4558
62.0416
61.6274
90.397
90.8112
91.8112
99.8112
124.397
142.397
143.397
144.397
58.5564
55.6569
90.3554
89.3554
58.5564
66.0122
60.6274
89.397
99.397
121.983
122.983
123.983
141.983
57.9706
57.5564
54.6569
54.2426
53.8284
88.9411
87.9411
86.9411
57.5564
57.1421
56.7279
56.3137
55.8995
65.0122
64.598
59.6274
85.9828
86.9828
87.9828
88.9828
98.9828
118.569
119.569
120.569
121.569
140.569
141.569
57.799
57.3848
56.9706
52.8284
52.4142
86.5269
85.5269
84.5269
54.8995
54.4853
63.598
58.6274
82.5686
83.5686
84.5686
85.5686
98.5686
113.154
114.154
115.154
116.154
117.154
118.154
140.154
56.799
51.4142
51
51
84.1127
83.1127
53.4853
53.0711
52.6569
52.2426
62.598
57.6274
57.2132
81.1544
82.1544
98.1544
98.7401
99.7401
100.74
101.74
102.74
103.74
104.74
105.74
106.74
107.74
108.74
109.74
110.74
111.74
112.74
138.74
139.74
55.799
50
50
82.6985
81.6985
80.6985
79.6985
51.2426
50.8284
61.598
56.2132
79.3259
79.7401
80.7401
97.7401
137.326
138.326
55.2132
54.799
49
79.2843
78.2843
77.2843
76.2843
49.8284
49.4142
60.598
55.2132
54.799
77.4975
77.9117
78.3259
136.912
53.799
48
48
75.8701
74.8701
73.8701
72.8701
71.8701
70.8701
69.8701
68.8701
67.8701
66.8701
65.8701
64.8701
63.8701
62.8701
61.8701
60.8701
59.8701
58.8701
48.4142
48
59.598
53.799
76.0833
76.4975
136.497
52.799
47
47.4142
47.8284
58.4559
47
47
47
58.598
52.799
52.3848
74.6691
75.0833
134.083
135.083
136.083
52.3848
46.8284
58.0416
57.0416
56.0416
55.0416
54.0416
46
57.598
57.1838
51.3848
73.6691
132.669
133.669
51.9706
50.9706
49.9706
45.8284
53.6274
52.6274
51.6274
45
56.1838
50.3848
72.6691
131.255
132.255
49.5564
44.8284
45.2426
51.2132
50.2132
49.799
44
44
55.1838
49.3848
48.9706
48.5563
70.2549
71.2549
72.2549
95.8406
127.841
128.841
129.841
130.841
49.1422
48.1422
44.2426
48.799
48.3848
43
54.1838
47.5563
47.1421
68.8406
69.8406
88.8406
89.8406
90.8406
91.8406
92.8406
93.8406
94.8406
96.2549
127.255
128.255
47.7279
46.7279
43.2426
43.6569
47.3848
42
42
53.1838
46.1421
67.4264
68.4264
85.4264
86.4264
87.4264
88.4264
97.2549
124.669
125.669
126.669
127.669
46.3137
45.3137
44.3137
43.8995
42.6569
46.9706
45.9706
45.5564
41
80.0122
79.0122
52.1838
51.7696
45.1421
44.7279
66.0122
67.0122
84.0122
85.0122
98.2549
122.083
123.083
124.083
125.083
40.4142
40.8284
41.2426
41.6569
42.0711
42.4853
42.8995
42.4853
41.6569
42.0711
44.5564
44.1421
40
40
84.598
83.598
82.598
81.598
80.598
79.598
78.598
77.598
76.598
75.598
74.598
73.598
50.7696
43.7279
43.3137
64.1838
64.598
65.598
82.598
83.598
99.2549
99.6691
100.083
100.497
101.497
102.497
103.497
104.497
105.497
116.497
117.497
118.497
119.497
120.497
121.497
122.497
39
39
39
39.4142
41.4853
41.8995
42.3137
42.7279
41.4853
41.0711
41.0711
43.1421
39
86.1838
85.1838
84.1838
73.1838
72.1838
71.1838
70.1838
50.3554
49.3554
48.9411
42.3137
62.7696
63.1838
80.1838
81.1838
82.1838
105.912
116.912
38
38
41.7279
42.1421
40.0711
40.0711
40.4853
40.8995
42.1421
38
38
38
86.7696
85.7696
69.7696
68.7696
67.7696
67.3553
47.9411
41.3137
40.8995
40.4853
61.3554
61.7696
79.7696
106.912
107.326
108.326
109.326
110.326
111.326
112.326
113.326
114.326
115.326
116.326
117.326
37
41.1421
39.6569
38.6569
38.2426
39.8995
41.1421
40.7279
37
86.3553
66.3553
47.5269
39.4853
60.3554
78.3553
79.3553
36
36
40.1421
37.2426
36.8284
38.8995
39.3137
39.7279
36
85.9411
65.9411
64.9411
63.9411
47.1127
46.1127
38.4853
38.0711
58.9411
59.9411
76.9411
77.9411
35
35
35
39.1421
39.5563
35.8284
38.3137
38.7279
38.7279
35
35
86.5269
85.5269
63.5269
62.5269
61.5269
60.5269
45.6985
44.6985
37.0711
36.6569
55.5269
56.5269
57.5269
58.5269
74.5269
75.5269
76.5269
34
38.5563
34.8284
34.4142
37.7279
38.1421
37.7279
37.3137
34
86.1127
60.1127
59.1127
58.1127
44.2843
43.2843
35.6569
52.1127
53.1127
54.1127
55.1127
73.1127
74.1127
33
33
37.5563
33.4142
37.1421
37.5563
37.9706
36.3137
33
85.6985
57.6985
56.6985
55.6985
54.6985
53.6985
52.6985
42.8701
34.6569
34.2426
33.8284
49.6985
50.6985
51.6985
71.6985
72.6985
32
32
36.5563
32.4142
32
36.9706
37.3848
35.3137
32
32
85.2843
84.2843
52.2843
51.2843
50.2843
49.2843
48.2843
42.4558
41.4558
40.4558
32.8284
32.4142
42.2843
43.2843
44.2843
45.2843
46.2843
47.2843
48.2843
49.2843
71.2843
31
35.5563
31
36.3848
36.799
37.2132
37.6274
34.8995
33.8995
33.4853
31
83.8701
47.8701
46.8701
45.8701
44.8701
43.8701
42.8701
41.8701
40.0416
39.0416
31.4142
31
35.5563
35.9706
36.3848
36.799
37.2132
37.6274
38.0416
38.4558
38.8701
39.8701
40.8701
41.8701
69.8701
70.8701
30
34.5563
30
36.6274
37.0416
37.4558
37.8701
38.2843
39.2843
40.2843
41.2843
42.2843
43.2843
44.2843
45.2843
46.2843
47.2843
48.2843
49.2843
50.2843
51.2843
32.4853
30
83.4558
41.4558
40.4558
39.4558
38.4558
37.4558
37.0416
36.6274
31.6569
32.0711
32.4853
32.8995
33.3137
33.7279
34.1421
34.1421
38.6274
30
30
32.4853
32.8995
33.3137
33.7279
34.1421
34.5563
69.4558
29
33.1421
33.5563
29
50.8701
31.4853
29
83.0416
82.0416
35.6274
30.6569
33.1421
38.2132
37.2132
36.2132
35.2132
29
31.4853
67.0416
68.0416
69.0416
28
28
32.1421
28
50.4558
51.4558
52.4558
53.4558
30.4853
28
81.6274
80.6274
79.6274
34.6274
34.2132
33.799
33.3848
32.9706
32.5563
28
28.4142
28.8284
29.2426
29.6569
32.1421
31.7279
31.3137
30.8995
30.4853
34.799
33.799
28
28.8284
29.2426
29.6569
30.0711
30.4853
65.6274
66.6274
27
30.7279
31.1421
27
53.0416
54.0416
29.4853
29.0711
27
27
27
79.2132
78.2132
77.2132
31.5563
31.1421
30.7279
30.3137
29.8995
29.4853
27
27
27
29.4853
29.0711
28.6569
33.3848
32.3848
27
27
27
27
27
27.4142
27.8284
64.2132
65.2132
26
29.7279
26
53.6274
28.0711
26
76.799
75.799
74.799
73.799
28.4853
28.0711
27.6569
27.2426
26.8284
26
26
26
27.6569
27.2426
26.8284
26.4142
31.9706
30.9706
26
26
26
26
61.799
62.799
63.799
25
25
25
27.8995
28.3137
29.3137
25
53.2132
54.2132
55.2132
27.0711
25
73.3848
72.3848
71.3848
70.3848
69.3848
68.3848
25.8284
25.4142
25
25
25
25
25.4142
25
25
30.5563
29.5563
29.1421
25
25
25
25
25
60.3848
61.3848
24
26.8995
24
54.799
26.0711
25.6569
24
67.9706
66.9706
65.9706
64.9706
63.9706
62.9706
61.9706
60.9706
59.9706
58.9706
24
24
24
24
24
24
24
24
28.1421
27.7279
24
24
24
24
24
24
57.9706
58.9706
59.9706
23
25.4853
25.8995
23
23
52.3848
53.3848
54.3848
24.6569
23
23
23
23
23
23
23
58.5563
57.5563
56.5563
55.5563
54.5563
53.5563
52.5563
51.5563
50.5563
49.5563
48.5563
23
23
23
23
23
23
23
23
23
23
23
23
23
23
23
23
26.7279
26.3137
23
23
23
55.5563
56.5563
57.5563
23
23
23
23
22
22
22
22
22
22
22
22
24.0711
24.4853
22
51.9706
23.6569
22
22
22
22
22
22
22
22
22
48.1421
47.1421
46.1421
45.1421
44.1421
43.1421
42.1421
41.1421
40.1421
39.1421
38.1421
22
22
22
22
22
22
22
22
22
22
22
22
25.3137
24.8995
22
22
22
22
53.1421
54.1421
55.1421
22
22
22
22
22
22
21
21
21
21
21
21
23.0711
21
21
51.5563
22.6569
21
21
21
21
21
37.7279
21
21
21
21
21
21
21
21
21
23.8995
21
21
21
21
21
52.7279
21
21
21
20
20
20
22.0711
20
50.1421
51.1421
22.2426
21.2426
20.8284
20
20
20
37.3137
36.3137
35.3137
34.3137
33.3137
32.3137
31.3137
30.3137
29.3137
20
20
20
20
20
23.4853
22.4853
22.0711
20
20
48.3137
49.3137
50.3137
51.3137
52.3137
20
20
19
19
19
19
19
19
20.6569
21.6569
19
19
48.7279
49.7279
19.8284
19
19
19
19
19
28.8995
27.8995
26.8995
25.8995
24.8995
19
19
19
19
19
19
19
19
19
19
19
19
19
21.0711
20.6569
19
19
19
19
27.8995
28.8995
29.8995
30.8995
31.8995
32.8995
33.8995
34.8995
35.8995
36.8995
37.8995
38.8995
39.8995
40.8995
41.8995
42.8995
43.8995
44.8995
45.8995
46.8995
47.8995
19
19
19
18
18
18
18
18.8284
19.2426
20.2426
18
18
18
46.3137
47.3137
48.3137
18.8284
18
18
18
18
24.4853
23.4853
22.4853
21.4853
20.4853
18
18
18
18
18
18
18
18
19.6569
18
18
18
18
21.4853
22.4853
23.4853
24.4853
25.4853
26.4853
27.4853
18
18
18
17
17
17
17
17
17
17.8284
17
17
20.8995
21.8995
22.8995
23.8995
24.8995
25.8995
26.8995
27.8995
28.8995
29.8995
30.8995
31.8995
43.8995
44.8995
45.8995
17.8284
17.4142
17
17
17
17
17
20.0711
19.0711
17
17
22.4853
23.4853
22.8995
21.8995
17
17
17
17
17
17
18.6569
18.2426
17
17
17
17
19.0711
20.0711
21.0711
17
17
17
17
16
16
16
16
16.4142
16.8284
16
18.0711
18.4853
19.4853
20.4853
32.3137
33.3137
34.3137
35.3137
36.3137
37.3137
38.3137
39.3137
40.3137
41.3137
42.3137
43.3137
44.3137
16.4142
16
16
16
16
16
18.6569
17.6569
16
16
16
19.0711
20.0711
21.0711
22.0711
21.4853
20.4853
19.4853
18.4853
18.0711
16
16
16
17.2426
16
16
16
16
16
17.6569
18.6569
16
16
16
15
15
15
15
15
15.4142
15
15
16.6569
17.0711
15.4142
15
15
15
15
17.2426
16.2426
15
15
16.2426
16.6569
17.6569
18.6569
17.0711
16.6569
15
15
15
15
15
15
16.8284
15.8284
15.4142
15
15
15
15.8284
16.2426
17.2426
15
15
14
14
14
14
14
14.4142
14
14
15.2426
15.6569
14
14
14
14
14
14
14.4142
14
14
14
14
14
14
14
14
14
14
14
14
14
15.8284
14.8284
14.4142
14
14
14
14
14.8284
15.2426
15.6569
15.2426
14
14
14
14.4142
14
14
14.4142
14.8284
14
14
14
13
13
13
13
13
13
13
13.4142
13
13
13
14.2426
13
13
13
13
13
13.4142
13
13
13
13
13
13
13
13
13
13
13.4142
13
13
13.8284
14.2426
13
13
13
13
13.4142
13
13
13
13
13.4142
13
13
12
12
12
12.4142
12
12.8284
13.2426
12
12
12.4142
12
12
12
12
12
12
12.4142
12
12
12.8284
13.2426
12.8284
12
12
12
12.4142
12
12
12
12.4142
12
11
11
11
11
11.8284
11
11
11
11
11
11
11
11
11
11
11
11
11
11
11.4142
11
11
11
11
11.4142
12.4142
11.8284
11
11
11
11
11
11
11
11
11.4142
11
10
10
10
10
10
10.8284
10
10
10
10
10
10
10
10
10
10
10
10
10
10
10
10
10
11.4142
10.4142
10
10
10
10
10
10
10
10
10
10
10
10
10
10
10
10
9
9
9
9
9
9.41421
10.4142
9
9
9
9
9
9
9
9
9
9
9
9
9
9
9
9
9
9
9
9
9
9
9
9
9
9
9
9
8
8
8
8
8
8
8
8
8
8
8
8
8
8
8
8
8
8
8
8
8
8
8
8
8
8
8
8
8
8
8
8
8
8
7
7
7
7
7
7
7
7
7
7
7
7
7
7
7
7
7
7
7
7
7
7
7
7
7
7
7
7
7
6
6
6
6
6
6
6
6
6
6
6
6
6
6
6
6
6
6
6
6
6
6
6
6
6
6
6
6
6
6
6
6
6
6
6
6
6
6
6
6
6
6
6
6
6
6
6
6
6
6
6
6
6
6
6
6
6
6
6
6
6
6
6
6
6
6
6
6
6
6
6
6
6
6
6
6
6
6
6
6
6
6
6
6
6
6
6
6
6
6
6
6
6
6
6
6
6
6
6
6
6
6
6
6
6
6
6
6
6
6
6
6
6
6
6
6
6
6
6
6
6
6
6
6
6
6
6
6
6
6
6
6
6
6
6
6
6
6
6
6
6
6
6
6
6
6
6
6
6
6
6
6
6
6
6
6
6
6
6
6
6
6
6
6
6
6
6
6
6
6
6
6
6
6
6
6
6
6
6
6
6
6
6
6
6
6
6
6
6
6
6
6
6
6
6
6
6
6
6
6
6
6
6
6
6
6
6
6
6
6
6
6
6
6
6
6
6
6
6
6
6
6
6
6
6
6
6
6
6
6
6
6
6
6
6
6
6
6
6
6
6
6
6
6
6
6
6
6
6
6
6
6
6
6
6
6
6
6
6
6
6
6
6
6
6
6
6
6
6
6
6
6
6
6
6
6
6
6
6
6
6
6
6
6
6
6
6
6
6
6
