125.426
125.841
126.255
126.669
127.083
127.498
127.912
128.326
124.426
124.841
125.255
125.669
126.083
126.498
126.912
127.326
127.74
128.154
128.569
123.426
123.841
124.255
124.669
125.083
125.498
125.912
126.326
126.74
127.154
127.569
127.983
128.397
128.811
122.426
122.841
123.255
123.669
124.083
124.498
124.912
125.326
125.74
126.154
126.569
126.983
127.397
127.811
128.225
121.426
121.841
122.255
122.669
123.083
123.498
123.912
124.326
124.74
125.154
125.569
125.983
126.397
126.811
127.225
127.64
128.054
120.426
120.841
121.255
121.669
122.083
122.498
122.912
123.326
123.74
124.154
124.569
124.983
125.397
125.811
126.225
126.64
127.054
127.468
119.426
119.841
120.255
120.669
121.083
121.498
121.912
122.326
122.74
123.154
123.569
123.983
124.397
124.811
125.225
125.64
126.054
126.468
126.882
118.426
118.841
119.255
119.669
120.083
120.498
120.912
121.326
121.74
122.154
122.569
122.983
123.397
123.811
124.225
124.64
125.054
125.468
125.882
117.426
117.841
118.255
118.669
119.083
119.498
119.912
120.326
120.74
121.154
121.569
121.983
122.397
122.811
123.225
123.64
124.054
124.468
124.882
125.297
116.426
116.841
117.255
117.669
118.083
118.498
118.912
119.326
119.74
120.154
120.569
120.983
121.397
121.811
122.225
122.64
123.054
123.468
123.882
124.297
115.426
115.841
116.255
116.669
117.083
117.498
117.912
118.326
118.74
119.154
119.569
119.983
120.397
120.811
121.225
121.64
122.054
122.468
122.882
123.297
114.426
114.841
115.255
115.669
116.083
116.498
116.912
117.326
117.74
118.154
118.569
118.983
119.397
119.811
120.225
120.64
121.054
121.468
121.882
122.297
122.711
123.711
113.426
113.841
114.255
114.669
115.083
115.498
115.912
116.326
116.74
117.154
117.569
117.983
118.397
118.811
119.225
119.64
120.054
120.468
120.882
121.297
122.297
123.297
112.426
112.841
113.255
113.669
114.083
114.498
114.912
115.326
115.74
116.154
116.569
116.983
117.397
117.811
118.225
118.64
119.054
119.468
119.882
120.882
121.882
122.882
111.426
111.841
112.255
112.669
113.083
113.498
113.912
114.326
114.74
115.154
115.569
115.983
116.397
116.811
117.225
117.64
118.054
118.468
119.468
120.468
121.468
122.468
110.426
110.841
111.255
111.669
112.083
112.498
112.912
113.326
113.74
114.154
114.569
114.983
115.397
115.811
116.225
116.64
117.054
118.054
119.054
120.054
121.054
122.054
109.426
109.841
110.255
110.669
111.083
111.498
111.912
112.326
112.74
113.154
113.569
113.983
114.397
114.811
115.225
115.64
116.64
117.64
118.64
119.64
120.64
121.64
108.426
108.841
109.255
109.669
110.083
110.498
110.912
111.326
111.74
112.154
112.569
112.983
113.397
113.811
114.225
115.225
116.225
117.225
118.225
119.225
120.225
121.225
107.426
107.841
108.255
108.669
109.083
109.498
109.912
110.326
110.74
111.154
111.569
111.983
112.397
112.811
113.811
114.811
115.811
116.811
117.811
118.811
119.811
120.811
106.426
106.841
107.255
107.669
108.083
108.498
108.912
109.326
109.74
110.154
110.569
110.983
111.397
112.397
113.397
114.397
115.397
116.397
117.397
118.397
107.669
107.255
106.841
106.426
106.012
105.426
105.841
106.255
106.669
107.083
107.498
107.912
108.326
108.74
109.154
109.569
109.983
110.983
111.983
112.983
113.983
114.983
115.983
116.983
117.983
108.326
107.912
107.498
107.083
106.669
106.255
105.841
105.426
105.012
104.426
104.841
105.255
105.669
106.083
106.498
106.912
107.326
107.74
108.154
108.569
109.569
110.569
111.569
112.569
113.569
114.569
115.569
116.569
107.74
107.326
106.912
106.498
106.083
105.669
105.255
104.841
104.426
104.012
103.426
103.841
104.255
104.669
105.083
105.498
105.912
106.326
106.74
107.154
108.154
109.154
110.154
111.154
112.154
113.154
114.154
115.154
116.154
107.154
106.74
106.326
105.912
105.498
105.083
104.669
104.255
103.841
103.426
103.012
102.426
102.841
103.255
103.669
104.083
104.498
104.912
105.326
105.74
106.74
107.74
108.74
109.74
110.74
111.74
112.74
113.74
114.74
106.983
106.569
106.154
105.74
105.326
104.912
104.498
104.083
103.669
103.255
102.841
102.426
102.012
101.426
101.841
102.255
102.669
103.083
103.498
103.912
104.326
105.326
106.326
107.326
108.326
109.326
110.326
111.326
112.326
113.326
114.326
105.983
105.569
105.154
104.74
104.326
103.912
103.498
103.083
102.669
102.255
101.841
101.426
101.012
100.426
100.841
101.255
101.669
102.083
102.498
102.912
103.912
104.912
105.912
106.912
107.912
108.912
109.912
110.912
111.912
112.912
113.912
105.397
104.983
104.569
104.154
103.74
103.326
102.912
102.498
102.083
101.669
101.255
100.841
100.426
100.012
99.4264
99.8406
100.255
100.669
101.083
101.498
102.498
103.498
104.498
105.498
106.498
107.498
108.498
109.498
110.498
111.498
112.498
104.811
104.397
103.983
103.569
103.154
102.74
102.326
101.912
101.498
101.083
100.669
100.255
99.8406
99.4264
99.0122
98.4264
98.8406
99.2549
99.6691
100.083
101.083
102.083
103.083
104.083
105.083
106.083
107.083
108.083
109.083
110.083
103.811
103.397
102.983
102.569
102.154
101.74
101.326
100.912
100.498
100.083
99.6691
99.2549
98.8406
98.4264
98.0122
97.4264
97.8406
98.2549
98.6691
99.6691
100.669
101.669
102.669
103.669
104.669
105.669
106.669
107.669
108.669
102.811
102.397
101.983
101.569
101.154
100.74
100.326
99.9117
99.4975
99.0833
98.6691
98.2549
97.8406
97.4264
97.0122
96.4264
96.8406
97.2549
98.2549
99.2549
100.255
101.255
102.255
103.255
104.255
105.255
102.64
102.225
101.811
101.397
100.983
100.569
100.154
99.7402
99.3259
98.9117
98.4975
98.0833
97.6691
97.2549
96.8406
96.4264
96.0122
95.4264
95.8406
96.8406
97.8406
98.8406
99.8406
100.841
101.841
102.841
103.841
102.225
101.225
100.811
100.397
99.9828
99.5686
99.1544
98.7402
98.3259
97.9117
97.4975
97.0833
96.6691
96.2549
95.8406
95.4264
95.0122
94.4264
95.4264
96.4264
97.4264
98.4264
99.4264
100.426
101.426
101.811
100.811
99.8112
99.397
98.9828
98.5686
98.1544
97.7402
97.3259
96.9117
96.4975
96.0833
95.6691
95.2549
94.8406
94.4264
94.0122
101.397
100.397
99.397
98.397
97.9828
97.5686
97.1544
96.7402
96.3259
95.9117
95.4975
95.0833
94.6691
94.2549
93.8406
93.4264
93.0122
100.983
99.9828
98.9828
97.9828
96.9828
96.5686
96.1544
95.7402
95.3259
94.9117
94.4975
94.0833
93.6691
93.2549
92.8406
92.4264
92.0122
100.569
99.5686
98.5686
97.5686
96.5686
95.5686
95.1544
94.7402
94.3259
93.9117
93.4975
93.0833
92.6691
92.2549
91.8406
91.4264
91.0122
100.154
99.1544
98.1544
97.1544
96.1544
95.1544
94.1544
93.7402
93.3259
92.9117
92.4975
92.0833
91.6691
91.2549
90.8406
90.4264
90.0122
97.7402
96.7402
95.7402
94.7402
93.7402
92.7402
92.3259
91.9117
91.4975
91.0833
90.6691
90.2549
89.8406
89.4264
89.0122
97.3259
96.3259
95.3259
94.3259
93.3259
92.3259
91.3259
90.9117
90.4975
90.0833
89.6691
89.2549
88.8406
88.4264
88.0122
96.9117
95.9117
94.9117
93.9117
92.9117
91.9117
90.9117
89.9117
89.4975
89.0833
88.6691
88.2549
87.8406
87.4264
87.0122
95.4975
94.4975
93.4975
92.4975
91.4975
90.4975
89.4975
88.4975
88.0833
87.6691
87.2549
86.8406
86.4264
86.0122
94.0833
93.0833
92.0833
91.0833
90.0833
89.0833
88.0833
87.0833
86.6691
86.2549
85.8406
85.4264
85.0122
93.6691
92.6691
91.6691
90.6691
89.6691
88.6691
87.6691
86.6691
85.6691
85.2549
84.8406
84.4264
84.0122
91.2549
90.2549
89.2549
88.2549
87.2549
86.2549
85.2549
84.2549
83.8406
83.4264
83.0122
89.8406
88.8406
87.8406
86.8406
85.8406
84.8406
83.8406
82.8406
82.4264
82.0122
87.4264
86.4264
85.4264
84.4264
83.4264
82.4264
81.4264
81.0122
79.598
80.0122
80.4264
80.8406
81.2549
81.6691
83.0122
82.0122
81.0122
80.0122
78.598
79.0122
79.4264
79.8406
80.2549
80.6691
81.0833
81.4975
81.9117
82.3259
77.598
78.0122
78.4264
78.8406
79.2549
79.6691
80.0833
80.4975
80.9117
81.3259
81.7402
76.598
77.0122
77.4264
77.8406
78.2549
78.6691
79.0833
79.4975
79.9117
80.3259
80.7402
81.1544
81.5686
81.9828
75.598
76.0122
76.4264
76.8406
77.2549
77.6691
78.0833
78.4975
78.9117
79.3259
79.7402
80.1544
80.5686
80.9828
81.397
74.598
75.0122
75.4264
75.8406
76.2549
76.6691
77.0833
77.4975
77.9117
78.3259
78.7402
79.1544
79.5686
79.9828
80.397
73.598
74.0122
74.4264
74.8406
75.2549
75.6691
76.0833
76.4975
76.9117
77.3259
77.7402
78.1544
78.5686
78.9828
79.397
79.8112
80.2254
72.598
73.0122
73.4264
73.8406
74.2549
74.6691
75.0833
75.4975
75.9117
76.3259
76.7402
77.1544
77.5686
77.9828
78.397
78.8112
79.2254
71.598
72.0122
72.4264
72.8406
73.2549
73.6691
74.0833
74.4975
74.9117
75.3259
75.7402
76.1544
76.5686
76.9828
77.397
77.8112
78.2254
78.6397
70.598
71.0122
71.4264
71.8406
72.2549
72.6691
73.0833
73.4975
73.9117
74.3259
74.7402
75.1544
75.5686
75.9828
76.397
76.8112
77.2254
77.6397
78.6397
69.598
70.0122
70.4264
70.8406
71.2549
71.6691
72.0833
72.4975
72.9117
73.3259
73.7402
74.1544
74.5686
74.9828
75.397
75.8112
76.2254
77.2254
78.2254
68.598
69.0122
69.4264
69.8406
70.2549
70.6691
71.0833
71.4975
71.9117
72.3259
72.7402
73.1544
73.5686
73.9828
74.397
74.8112
75.8112
76.8112
77.8112
67.598
68.0122
68.4264
68.8406
69.2549
69.6691
70.0833
70.4975
70.9117
71.3259
71.7402
72.1544
72.5686
72.9828
73.397
74.397
75.397
76.397
77.397
78.397
66.598
67.0122
67.4264
67.8406
68.2549
68.6691
69.0833
69.4975
69.9117
70.3259
70.7402
71.1544
71.5686
71.9828
72.9828
73.9828
74.9828
75.9828
76.9828
77.9828
65.598
66.0122
66.4264
66.8406
67.2549
67.6691
68.0833
68.4975
68.9117
69.3259
69.7402
70.1544
70.5686
71.5686
72.5686
73.5686
74.5686
75.5686
76.5686
77.5686
64.598
65.0122
65.4264
65.8406
66.2549
66.6691
67.0833
67.4975
67.9117
68.3259
68.7402
69.1544
70.1544
71.1544
72.1544
73.1544
74.1544
75.1544
76.1544
77.1544
63.598
64.0122
64.4264
64.8406
65.2549
65.6691
66.0833
66.4975
66.9117
67.3259
67.7402
68.7402
69.7402
70.7402
71.7402
72.7402
73.7402
74.7402
75.7402
76.7402
62.598
63.0122
63.4264
63.8406
64.2549
64.6691
65.0833
65.4975
65.9117
66.3259
67.3259
68.3259
69.3259
70.3259
71.3259
72.3259
73.3259
74.3259
75.3259
76.3259
61.598
62.0122
62.4264
62.8406
63.2549
63.6691
64.0833
64.4975
64.9117
65.9117
66.9117
67.9117
68.9117
69.9117
70.9117
71.9117
72.9117
73.9117
74.9117
75.9117
60.598
61.0122
61.4264
61.8406
62.2549
62.6691
63.0833
63.4975
64.4975
65.4975
66.4975
67.4975
68.4975
69.4975
70.4975
71.4975
72.4975
73.4975
74.4975
75.4975
49
49
49
54.3848
54.799
55.2132
55.6274
56.0416
56.4558
56.8701
57.2843
57.6985
58.1127
58.5269
58.9411
59.3554
59.7696
60.1838
59.598
60.0122
60.4264
60.8406
61.2549
61.6691
62.0833
63.0833
64.0833
65.0833
66.0833
67.0833
68.0833
69.0833
70.0833
71.0833
72.0833
73.0833
74.0833
48.4142
48
48
48
48
48
48
48
48
48
48
48
48
51.3137
51.7279
52.1421
52.5563
52.9706
53.3848
53.799
54.2132
54.6274
55.0416
55.4558
55.8701
56.2843
56.6985
57.1127
57.5269
57.9411
58.3554
58.7696
59.1838
58.598
59.0122
59.4264
59.8406
60.2549
60.6691
61.6691
62.6691
63.6691
64.6691
65.6691
66.6691
67.6691
68.6691
69.6691
70.6691
71.6691
72.6691
73.6691
48.2426
47.8284
47.4142
47
47
47
47
47
47
47
47
47
47
47
47
47
47
47
47
47
47
47
47
47
47
47
48.6569
49.0711
49.4853
49.8995
50.3137
50.7279
51.1421
51.5563
51.9706
52.3848
52.799
53.2132
53.6274
54.0416
54.4558
54.8701
55.2843
55.6985
56.1127
56.5269
56.9411
57.3554
57.7696
58.1838
57.598
58.0122
58.4264
58.8406
59.2549
60.2549
61.2549
62.2549
63.2549
64.2549
65.2549
66.2549
67.2549
68.2549
69.2549
70.2549
71.2549
72.2549
73.2549
47.2426
46.8284
46.4142
46
46
46
46
46
46
46
46
46
46
46
46
46
46
46
46
46
46
46
46
46
46
46
47.6569
48.0711
48.4853
48.8995
49.3137
49.7279
50.1421
50.5563
50.9706
51.3848
51.799
52.2132
52.6274
53.0416
53.4558
53.8701
54.2843
54.6985
55.1127
55.5269
55.9411
56.3554
56.7696
57.1838
56.598
57.0122
57.4264
57.8406
58.8406
59.8406
60.8406
61.8406
62.8406
63.8406
64.8406
65.8406
66.8406
67.8406
68.8406
69.8406
70.8406
71.8406
72.8406
47.0711
46.6569
46.2426
45.8284
45.4142
45
45
45
45
45
45
45
45
45
45
45
45
45
45
45
45
45
45
45
45
45
45
45
45
45
45
45
45
45
45
45
45.4142
45.8284
46.2426
46.6569
47.0711
47.4853
47.8995
48.3137
48.7279
49.1421
49.5563
49.9706
50.3848
50.799
51.2132
51.6274
52.0416
52.4558
52.8701
53.2843
53.6985
54.1127
54.5269
54.9411
55.3554
55.7696
56.1838
55.598
56.0122
56.4264
57.4264
58.4264
59.4264
60.4264
61.4264
62.4264
63.4264
64.4264
65.4264
66.4264
67.4264
68.4264
69.4264
70.4264
71.4264
46.4853
46.0711
45.6569
45.2426
44.8284
44.4142
44
44
44
44
44
44
44
44
44
44
44
44
44
44
44
44
44
44
44
44
44
44
44
44
44
44
44
44
44
44
44
44
44
44
44
44
44
44
44.4142
44.8284
45.2426
45.6569
46.0711
46.4853
46.8995
47.3137
47.7279
48.1421
48.5563
48.9706
49.3848
49.799
50.2132
50.6274
51.0416
51.4558
51.8701
52.2843
52.6985
53.1127
53.5269
53.9411
54.3554
54.7696
55.1838
54.598
55.0122
56.0122
57.0122
58.0122
59.0122
60.0122
61.0122
62.0122
63.0122
64.0122
65.0122
66.0122
67.0122
68.0122
69.0122
70.0122
45.4853
45.0711
44.6569
44.2426
43.8284
43.4142
43
43
43
43
43
43
43
43
43
43
43
43
43
43
43
43
43
43
43
43
43
43
43
43
43
43
43
43
43
43
43
43
43
43
43
43
43
43
43
43
43
43
43
43
43
43.4142
43.8284
44.2426
44.6569
45.0711
45.4853
45.8995
46.3137
46.7279
47.1421
47.5563
47.9706
48.3848
48.799
49.2132
49.6274
50.0416
50.4558
50.8701
51.2843
51.6985
52.1127
52.5269
52.9411
53.3554
53.7696
54.1838
53.598
54.598
55.598
56.598
57.598
58.598
59.598
60.598
61.598
62.598
63.598
64.598
65.598
66.598
67.598
68.598
69.598
44.8995
44.4853
44.0711
43.6569
43.2426
42.8284
42.4142
42
42
42
42
42
42
42
42
42
42
42
42
42
42
42
42
42
42
42
42
42
42.8284
42.4142
42
42
42
42
42
42
42
42
42
42
42
42
42
42
42
42
42
42
42
42
42
42
42
42
42
42
42
42.4142
42.8284
43.2426
43.6569
44.0711
44.4853
44.8995
45.3137
45.7279
46.1421
46.5563
46.9706
47.3848
47.799
48.2132
48.6274
49.0416
49.4558
49.8701
50.2843
50.6985
51.1127
51.5269
51.9411
52.3554
52.7696
53.1838
53.1838
54.1838
55.1838
56.1838
57.1838
58.1838
59.1838
60.1838
61.1838
62.1838
63.1838
64.1838
65.1838
66.1838
43.8995
43.4853
43.0711
42.6569
42.2426
41.8284
41.4142
41
41
41
41
41
41
41
41
41
41
41
41
41
41
41
41
41
41
41
41
41
42.2426
41.8284
41.4142
41
41
41
41
41
41
41
41
41
41
41
41
41
41
41
41
41
41
41
41
41
41
41
41
41
41
41
41
41
41.4142
41.8284
42.2426
42.6569
43.0711
43.4853
43.8995
44.3137
44.7279
45.1421
45.5563
45.9706
46.3848
46.799
47.2132
47.6274
48.0416
48.4558
48.8701
49.2843
49.6985
50.1127
50.5269
50.9411
51.3554
51.7696
52.1838
52.7696
53.7696
54.7696
55.7696
56.7696
57.7696
58.7696
59.7696
60.7696
61.7696
62.7696
63.7696
64.7696
43.3137
42.8995
42.4853
42.0711
41.6569
41.2426
40.8284
40.4142
40
40
40
40
40
40
40
40
40
40
40
40
40
40
40
40
40
40
40
40
40
40
41.2426
40.8284
40.4142
40
40
40
40
40
40
40
40
40
40
40
40
40
40
40
40
40
40
40
40
40
40
40
40
40
40
40
40
40
40
40
40
40
40.4142
40.8284
41.2426
41.6569
42.0711
42.4853
42.8995
43.3137
43.7279
44.1421
44.5563
44.9706
45.3848
45.799
46.2132
46.6274
47.0416
47.4558
47.8701
48.2843
48.6985
49.1127
49.5269
49.9411
50.3554
50.7696
51.7696
52.3554
53.3554
54.3554
55.3554
56.3554
57.3554
58.3554
59.3554
60.3554
61.3554
42.3137
41.8995
41.4853
41.0711
40.6569
40.2426
39.8284
39.4142
39
39
39
39
39
39
39
39
39
39
39
39
39
39
39
39
39
39
39
39
39
39
39
40.6569
40.2426
39.8284
39.4142
39
39
39
39
39
39
39
39
39
39
39
39
39
39
39
39
39
39
39
39
39
39
39
39
39
39
39
39
39
39
39
39
39
39
39.4142
39.8284
40.2426
40.6569
41.0711
41.4853
41.8995
42.3137
42.7279
43.1421
43.5563
43.9706
44.3848
44.799
45.2132
45.6274
46.0416
46.4558
46.8701
47.2843
47.6985
48.1127
48.5269
48.9411
49.3554
50.3554
51.3554
51.9411
52.9411
53.9411
54.9411
55.9411
41.3137
40.8995
40.4853
40.0711
39.6569
39.2426
38.8284
38.4142
38
38
38
38
38
38
38
38
38
38
38
38
38
38
38
38
38
38
38
38
38
38
38
39.6569
39.2426
38.8284
38.4142
38
38
38
38
38
38
38
38
38
38
38
38
38
38
38
38
38
38
38
38
38
38
38
38
38.4142
38
38
38
38
38
38
38
38
38
38
38
38.4142
38.8284
39.2426
39.6569
40.0711
40.4853
40.8995
41.3137
41.7279
42.1421
42.5563
42.9706
43.3848
43.799
44.2132
44.6274
45.0416
45.4558
45.8701
46.2843
46.6985
47.1127
47.5269
47.9411
48.9411
49.9411
50.9411
51.5269
52.5269
53.5269
54.5269
55.5269
40.3137
39.8995
39.4853
39.0711
38.6569
38.2426
37.8284
37.4142
37
37
37
37
37
37
37
37
37
37
37
37
37
37
37
37
37
37
37
37
37
37
37
38.6569
38.2426
37.8284
37.4142
37
37
37
37
37
37
37
37
37
37
37
37
37
37
37
37
37
37
37
37
37
37
37
37
37.4142
37
37
37
37
37
37
37
37
37
37
37
37.4142
37.8284
38.2426
38.6569
39.0711
39.4853
39.8995
40.3137
40.7279
41.1421
41.5563
41.9706
42.3848
42.799
43.2132
43.6274
44.0416
44.4558
44.8701
45.2843
45.6985
46.1127
46.5269
47.5269
48.5269
49.5269
50.5269
39.3137
38.8995
38.4853
38.0711
37.6569
37.2426
36.8284
36.4142
36
36
36
36
36
36
36
36
36
36
36
36
36
36
36
36
36
36
36
36
36
36
36
36
36
36.8284
36.4142
36
37.6569
37.2426
36.8284
36.4142
36
36
36
36
36
36
36
36
36
36
36
36
36
36
36
36
36
36
36
36
36
36
36
36
36.4142
36
36
36
36
36
36
36
36
36
36
36
36.4142
36.8284
37.2426
37.6569
38.0711
38.4853
38.8995
39.3137
39.7279
40.1421
40.5563
40.9706
41.3848
41.799
42.2132
42.6274
43.0416
43.4558
43.8701
44.2843
44.6985
45.1127
46.1127
47.1127
48.1127
49.1127
50.1127
35
35
35
35
35
35
35
35
35
38.3137
37.8995
37.4853
37.0711
36.6569
36.2426
35.8284
35.4142
35
35
35
35
35
35
35
35
35
35
35
35
35
35
35
35
35
35
35
35
35
35
35
35
35
37.0711
36.6569
36.2426
35.8284
35.4142
35
35
35
35
35
37.4853
37.0711
36.6569
36.2426
35.8284
35.4142
35
35
35
35
35
35
35
35
35
35
35
35
35
35
35
35
35
35
35
35
35
35
35
35
35.4142
35
35
35
35
35
35
35
35
35
35
35
35
35
35.4142
35.8284
36.2426
36.6569
37.0711
37.4853
37.8995
38.3137
38.7279
39.1421
39.5563
39.9706
40.3848
40.799
41.2132
41.6274
42.0416
42.4558
42.8701
43.2843
43.6985
44.6985
45.6985
46.6985
47.6985
48.6985
49.6985
34
34
34
34
34
34
34
34
34
34
34
34
34
34
34
34
34
34
34
34
34
37.3137
36.8995
36.4853
36.0711
35.6569
35.2426
34.8284
34.4142
34
34
34
34
34
34
34
34
34
34
34
34
34
34
34
34
34
34
34
34
34
34
34
34
34
34
36.8995
36.4853
36.0711
35.6569
35.2426
34.8284
34.4142
34
34
34
34
34
34
36.4853
36.0711
35.6569
35.2426
34.8284
34.4142
34
34
34
34
34
34
34
34
34
34
34
34
34
34
34
34
34
34
34
34
34
34
34
34
34.4142
34
34
34
34
34
34
34
34
34
34
34
34
34
34
34.4142
34.8284
35.2426
35.6569
36.0711
36.4853
36.8995
37.3137
37.7279
38.1421
38.5563
38.9706
39.3848
39.799
40.2132
40.6274
41.0416
41.4558
41.8701
42.2843
43.2843
44.2843
45.2843
46.2843
47.2843
48.2843
49.2843
33
33
33
33
33
33
33
33
33
33
33
33
33
33
33
33
33
33
33
33
33
33
33
33
33
33
33
33
33
33
33
36.3137
35.8995
35.4853
35.0711
34.6569
34.2426
33.8284
33.4142
33
33
33
33
33
33
33
33
33
33
33
33
33
33
33
33
33
33
33
33
33
33
33
33
33
33
36.3137
35.8995
35.4853
35.0711
34.6569
34.2426
33.8284
33.4142
33
33
33
33
33
33
33
33
33
35.4853
35.0711
34.6569
34.2426
33.8284
33.4142
33
33
33
33
33
33
33
33
33
33
33
33
33
33
33
33
33
33
33
33
33
33
33
33
33.4142
33.8284
33
33
33
33
33
33
33
33
33
33
33
33
33
33
33.4142
33.8284
34.2426
34.6569
35.0711
35.4853
35.8995
36.3137
36.7279
37.1421
37.5563
37.9706
38.3848
38.799
39.2132
39.6274
40.0416
40.4558
40.8701
41.8701
42.8701
43.8701
44.8701
45.8701
46.8701
47.8701
48.8701
32
32
32
32
32
32
32
32
32
32
32
32
32
32
32
32
32
32
32
32
32
32
32
32
32
32
32
32
32
32
32
32
32
32
32
32
32
35.3137
34.8995
34.4853
34.0711
33.6569
33.2426
32.8284
32.4142
32
32
32
32
32
32
32
32
32
32
32
32
32
32
32
32
32
32
32
32
32
32
32
32
32
32
32
35.7279
35.3137
34.8995
34.4853
34.0711
33.6569
33.2426
32.8284
32.4142
32
32
32
32
32
32
32
32
32
32
34.4853
34.0711
33.6569
33.2426
32.8284
32.4142
32
32
32
32
32
32
32
32
32
32
32
32
32
32
32
32
32
32
32
32
32
32
32
32
32.4142
32.8284
32
32
32
32
32
32
32
32
32
32
32
32
32
32
32
32.4142
32.8284
33.2426
33.6569
34.0711
34.4853
34.8995
35.3137
35.7279
36.1421
36.5563
36.9706
37.3848
37.799
38.2132
38.6274
39.0416
39.4558
40.4558
41.4558
42.4558
43.4558
44.4558
45.4558
46.4558
47.4558
48.4558
31
31
31
31
31
31
31
31
31
31
31
31
31
31
31
31
31
31
31
31
31
31
31
31
31
31
31
31
31
31
31
31
31
31
31
31
31
31
31
31
34.3137
33.8995
33.4853
33.0711
32.6569
32.2426
31.8284
31.4142
31
31
31
31
31
31
31
31
31
31
31
31
31
31
31
31
31
31
31
31
31
31
31
31
31
31
31
34.7279
34.3137
33.8995
33.4853
33.0711
32.6569
32.2426
31.8284
31.4142
31
31
31
31
31
31
31
31
31
31
31
33.4853
33.0711
32.6569
32.2426
31.8284
31.4142
31
31
31
31
31
31
31
31
31
31
31
31
31
31
31
31
31
31
31
31
31
31
31
31
31.4142
31.8284
31
31
31
31
31
31
31
31
31
31
31
31
31
31
31
31.4142
31.8284
32.2426
32.6569
33.0711
33.4853
33.8995
34.3137
34.7279
35.1421
35.5563
35.9706
36.3848
36.799
37.2132
37.6274
38.0416
39.0416
40.0416
41.0416
42.0416
43.0416
44.0416
45.0416
46.0416
47.0416
48.0416
30
30
30
30
30
30
30
30
30
30
30
30
30
30
30
30
30
30
30
30
30
30
30
30
30
30
30
30
30
30
30
30
30
30
30
30
30
30
30
30
30
30
30
30
32.8995
32.4853
32.0711
31.6569
31.2426
30.8284
30.4142
30
30
30
30
30
30
30
30
30
30
30
30
30
30
30
30
30
30
30
30
30
30
30
30
30
30
30
33.7279
33.3137
32.8995
32.4853
32.0711
31.6569
31.2426
30.8284
30.4142
30
30
30
30
30
30
30
30
30
30
30
32.4853
32.0711
31.6569
31.2426
30.8284
30.4142
30
30
30
30
30
30
30
30
30
30
30
30
30
30
30
30
30
30
30
30
30
30
30
30
30.4142
30.8284
30
30
30
30
30
30
30
30
30
30
30
30
30
30
30
30.4142
30.8284
31.2426
31.6569
32.0711
32.4853
32.8995
33.3137
33.7279
34.1421
34.5563
34.9706
35.3848
35.799
36.2132
36.6274
37.6274
38.6274
39.6274
40.6274
41.6274
42.6274
43.6274
44.6274
45.6274
46.6274
47.6274
29
29
29
29
29
29
29
29
29
29
29
29
29
29
29
29
29
29
29
29
29
29
29
29
29
29
29
29
29
29
29
29
29
29
29
29
29
29
29
29
29
29
29
29
31.8995
31.4853
31.0711
30.6569
30.2426
29.8284
29.4142
29
29
29
29
29
29
29
29
29
29
29
29
29
29
29
29
29
29
29
29
29
29
29
29
29
29
29
32.7279
32.3137
31.8995
31.4853
31.0711
30.6569
30.2426
29.8284
29.4142
29
29
29
29
29
29
29
29
29
29
29
31.4853
31.0711
30.6569
30.2426
29.8284
29.4142
29
29
29
29
29
29
29
29
29
29
29
29
29
29
29
29
29
29
29
29
29
29
29
29
29.4142
29.8284
29
29
29
29
29
29
29
29
29
29
29
29
29
29
29
29.4142
29.8284
30.2426
30.6569
31.0711
31.4853
31.8995
32.3137
32.7279
33.1421
33.5563
33.9706
34.3848
34.799
35.2132
36.2132
37.2132
38.2132
39.2132
40.2132
41.2132
42.2132
43.2132
44.2132
45.2132
46.2132
47.2132
28
28
28
28
28
28
28
28
28
28
28
28
28
28
28
28
28
28
28
28
28
28
28
28
28
28
28
28
28
28
28
28
28
28
28
28
28
28
28
28
28
28
28
28
28
28
28
28
28
30.8995
30.4853
30.0711
29.6569
29.2426
28.8284
28.4142
28
28
28
28
28
28
28
28
28
28
28
28
28
28
28
28
28
28
28
28
28
28
28
28
28
28
28
31.7279
31.3137
30.8995
30.4853
30.0711
29.6569
29.2426
28.8284
28.4142
28
28
28
28
28
28
28
28
28
28
28
28
28
31.0711
30.0711
29.6569
29.2426
28.8284
28.4142
28
28
28
28
28
28
28
28
28
28
28
28
28
28
28
28
28
28
28
28
28
28
28
28
28.4142
28.8284
28
28
28
28
28
28
28
28
28
28
28
28
28
28
28
28
28.4142
28.8284
29.2426
29.6569
30.0711
30.4853
30.8995
31.3137
31.7279
32.1421
32.5563
32.9706
33.3848
33.799
34.799
35.799
36.799
37.799
38.799
39.799
40.799
41.799
42.799
43.799
44.799
45.799
46.799
27
27
27
27
27
27
27
27
27
27
27
27
27
27
27
27
27
27
27
27
27
27
27
27
27
27
27
27
27
27
27
27
27
27
27
27
27
27
27
27
27
27
27
27
27
27
27
27
27
27
27
29.8995
29.4853
29.0711
28.6569
28.2426
27.8284
27.4142
27
27
27
27
27
27
27
27
27
27
27
27
27
27
27
27
27
27
27
27
27
27
27
27
27
27
27
27
27
30.7279
30.3137
29.8995
29.4853
29.0711
28.6569
28.2426
27.8284
27.4142
27
27
27
27
27
27
27
27
27
27
27
27
27
27
28.6569
28.2426
27.8284
27.4142
27
27
27
27
27
27
27
27
27
27
27
27
27
27
27
27
27
27
27
27
27
27
27
27
27.4142
27.8284
27
27
27
27
27
27
27
27
27
27
27
27
27
27
27
27
27.4142
27.8284
28.2426
28.6569
29.0711
29.4853
29.8995
30.3137
30.7279
31.1421
31.5563
31.9706
32.3848
33.3848
34.3848
35.3848
36.3848
37.3848
38.3848
39.3848
40.3848
26
26
26
26
26
26
26
26
26
26
26
26
26
26
26
26
26
26
26
26
26
26
26
26
26
26
26
26
26
26
26
26
26
26
26
26
26
26
26
26
26
26
26
26
26
26
26
26
26
26
26
26
26.4142
26.8284
28.4853
28.0711
27.6569
27.2426
26.8284
26.4142
26
26
26
26
26
26
26
26
26
26
26
26
26
26
26
26
26
26
26
26
26
26
26
26
26
26
26
26
26
29.7279
29.3137
28.8995
28.4853
28.0711
27.6569
27.2426
26.8284
26.4142
26
26
26
26
26
26
26
26
26
26
26
26
26
26
26
27.6569
27.2426
26.8284
26.4142
26
26
26
26
26
26
26
26
26
26
26
26
26
26
26
26
26
26
26
26
26
26
26
26
26.4142
26.8284
26
26
26
26
26
26
26
26
26
26
26
26
26
26
26
26
26.4142
26.8284
27.2426
27.6569
28.0711
28.4853
28.8995
29.3137
29.7279
30.1421
30.5563
30.9706
31.9706
32.9706
33.9706
34.9706
35.9706
25
25
25
25
25
25
25
25
25
25
25
25
25
25
25
25
25
25
25
25
25
25
25
25
25
25
25
25
25
25
25
25
25
25
25
25
25
25
25
25
25
25
25
25
25
25
25
25
25
25
25
25
25
25
25
25
25.4142
25.8284
27.4853
27.0711
26.6569
26.2426
25.8284
25.4142
25
25
25
25
25
25
25
25
25
25
25
25
25
25
25
25
25
25
25
25
25
25
25
25
25
25
25
25
25
28.7279
28.3137
27.8995
27.4853
27.0711
26.6569
26.2426
25.8284
25.4142
25
25
25
25
25
25
25
25
25
25
25
25
25
25
25
26.6569
26.2426
25.8284
25.4142
25
25
25
25
25
25
25
25
25
25
25
25
25
25
25
25
25
25
25
25
25
25
25
25
25.4142
25.8284
25
25
25
25
25
25
25
25
25
25
25
25
25
25
25
25
25.4142
25.8284
26.2426
26.6569
27.0711
27.4853
27.8995
28.3137
28.7279
29.1421
29.5563
30.5563
31.5563
32.5563
24
24
24
24
24
24
24
24
24
24
24
24
24
24
24
24
24
24
24
24
24
24
24
24
24
24
24
24
24
24
24
24
24
24
24
24
24
24
24
24
24
24
24
24
24
24
24
24
24
24
24
24
24
24
24
24
24.4142
24.8284
26.0711
25.6569
25.2426
24.8284
24.4142
24
24
24
24
24
24
24
24
24
24
24
24
24
24
24
24
24
24
24
24
24
24
24
24
24
24
24
24
24
27.3137
26.8995
26.4853
26.0711
25.6569
25.2426
24.8284
24.4142
24
24
24
24
24
24
24
24
24
24
24
24
24
24
24
24
25.6569
25.2426
24.8284
24.4142
24
24
24
24
24
24
24
24
24
24
24
24
24
24
24
24
24
24
24
24
24
24
24
24
24.4142
24
24
24
24
24
24
24
24
24
24
24
24
24
24
24
24
24.4142
24.8284
25.2426
25.6569
26.0711
26.4853
26.8995
27.3137
27.7279
28.1421
29.1421
30.1421
23
23
23
23
23
23
23
23
23
23
23
23
23
23
23
23
23
23
23
23
23
23
23
23
23
23
23
23
23
23
23
23
23
23
23
23
23
23
23
23
23
23
23
23
23
23
23
23
23
23
23
23
23
23
23
23
23
23
23
23
23.4142
23.8284
25.0711
24.6569
24.2426
23.8284
23.4142
23
23
23
23
23
23
23
23
23
23
23
23
23
23
23
23
23
23
23
23
23
23
23
23
23
23
23
23
23
26.3137
25.8995
25.4853
25.0711
24.6569
24.2426
23.8284
23.4142
23
23
23
23
23
23
23
23
23
23
23
23
23
23
23
23
23
23
24.2426
23.8284
23.4142
23
23
23
23
23
23
23
23
23
23
23
23
23
23
23
23
23
23
23
23
23
23
23
23
23.4142
23
23
23
23
23
23
23
23
23
23
23
23
23
23
23
23
23
23
23.4142
23.8284
24.2426
24.6569
25.0711
25.4853
25.8995
26.3137
26.7279
27.7279
22
22
22
22
22
22
22
22
22
22
22
22
22
22
22
22
22
22
22
22
22
22
22
22
22
22
22
22
22
22
22
22
22
22
22
22
22
22
22
22
22
22
22
22
22
22
22
22
22
22
22
22
22
22
22
22
22
22
22
22
22.4142
22.8284
24.6569
23.6569
23.2426
22.8284
22.4142
22
22
22
22
22
22
22
22
22
22
22
22
22
22
22
22
22
22
22
22
22
22
22
22
22
22
22
22
22
24.8995
24.4853
24.0711
23.6569
23.2426
22.8284
22.4142
22
22
22
22
22
22
22
22
22
22
22
22
22
22
22
22
22
22
23.2426
22.8284
22.4142
22
22
22
22
22
22
22
22
22
22
22
22
22
22
22
22
22
22
22
22
22
22
22
22
22.4142
22
22
22
22
22
22
22
22
22
22
22
22
22
22
22
22
22
22
22.4142
22.8284
23.2426
23.6569
24.0711
24.4853
24.8995
25.3137
21
21
21
21
21
21
21
21
21
21
21
21
21
21
21
21
21
21
21
21
21
21
21
21
21
21
21
21
21
21
21
21
21
21
21
21
21
21
21
21
21
21
21
21
21
21
21
21
21
21
21
21
21
21
21
21
21
21
21
21
21
21.4142
21.8284
22.2426
21.8284
21.4142
21
21
21
21
21
21
21
21
21
21
21
21
21
21
21
21
21
21
21
21
21
21
21
21
21
21
21
21
21
23.8995
23.4853
23.0711
22.6569
22.2426
21.8284
21.4142
21
21
21
21
21
21
21
21
21
21
21
21
21
21
21
21
21
21
21
22.2426
21.8284
21.4142
21
21
21
21
21
21
21
21
21
21
21
21
21
21
21
21
21
21
21
21
21
21
21
21
21.4142
21
21
21
21
21
21
21
21
21
21
21
21
21
21
21
21
21
21
21.4142
21.8284
22.2426
22.6569
23.0711
23.4853
23.8995
20
20
20
20
20
20
20
20
20
20
20
20
20
20
20
20
20
20
20
20
20
20
20
20
20
20
20
20
20
20
20
20
20
20
20
20
20
20
20
20
20
20
20
20
20
20
20
20
20
20
20
20
20
20
20
20
20
20
20
20
20
20.4142
20.8284
21.2426
20.8284
20.4142
20
20
20
20
20
20
20
20
20
20
20
20
20
20
20
20
20
20
20
20
20
20
20
20
20
20
20
20
20
23.4853
22.4853
22.0711
21.6569
21.2426
20.8284
20.4142
20
20
20
20
20
20
20
20
20
20
20
20
20
20
20
20
20
20
20
21.2426
20.8284
20.4142
20
20
20
20
20
20
20
20
20
20
20
20
20
20
20
20
20
20
20
20
20
20
20
20
20.4142
20
20
20
20
20
20
20
20
20
20
20
20
20
20
20
20
20
20
20.4142
20.8284
21.2426
21.6569
22.0711
22.4853
23.4853
19
19
19
19
19
19
19
19
19
19
19
19
19
19
19
19
19
19
19
19
19
19
19
19
19
19
19
19
19
19
19
19
19
19
19
19
19
19
19
19
19
19
19
19
19
19
19
19
19
19
19
19
19
19
19
19
19
19
19
19
19
19
19
19
19
19
19
19
19
19
19
19
19
19
19
19
19
19
19
19.4142
19.8284
20.2426
19.8284
19.4142
19
19
19
19
19
19
19
19
19
19
19
19
19
19
19
19
19
19
19
19
19
19
19
19
19
19
19
19
19
21.0711
20.6569
20.2426
19.8284
19.4142
19
19
19
19
19
19
19
19
19
19
19
19
19
19
19
19
19
19
19
20.2426
19.8284
19.4142
19
19
19
19
19
19
19
19
19
19
19
19
19
19
19
19
19
19
19
19
19
19
19
19
19.4142
19
19
19
19
19
19
19
19
19
19
19
19
19
19
19
19
19
19
19.4142
19.8284
20.2426
20.6569
21.0711
18
18
18
18
18
18
18
18
18
18
18
18
18
18
18
18
18
18
18
18
18
18
18
18
18
18
18
18
18
18
18
18
18
18
18
18
18
18
18
18
18
18
18
18
18
18
18
18
18
18
18
18
18
18
18
18
18
18
18
18
18
18
18
18
18
18
18
18
18
18
18
18
18
18
18
18
18
18
18
18
18
18
18
18
18
18
18
18
18.4142
18.8284
18.8284
18.4142
18
18
18
18
18
18
18
18
18
18
18
18
18
18
18
18
18
18
18
18
18
18
18
18
18
18
18
18
18
20.0711
19.6569
19.2426
18.8284
18.4142
18
18
18
18
18
18
18
18
18
18
18
18
18
18
18
18
18
18
18
18
18.8284
18.4142
18
18
18
18
18
18
18
18
18
18
18
18
18
18
18
18
18
18
18
18
18
18
18
18
18.4142
18
18
18
18
18
18
18
18
18
18
18
18
18
18
18
18
18
18
18.4142
18.8284
19.2426
19.6569
20.0711
17
17
17
17
17
17
17
17
17
17
17
17
17
17
17
17
17
17
17
17
17
17
17
17
17
17
17
17
17
17
17
17
17
17
17
17
17
17
17
17
17
17
17
17
17
17
17
17
17
17
17
17
17
17
17
17
17
17
17
17
17
17
17
17
17
17
17
17
17
17
17
17
17
17
17
17
17
17
17
17
17
17
17
17
17
17
17
17
17
17
17
17
17
17
17
17
17
17.4142
17.8284
17.8284
17.4142
17
17
17
17
17
17
17
17
17
17
17
17
17
17
17
17
17
17
17
17
17
17
17
17
17
17
17
17
17
18.6569
18.2426
17.8284
17.4142
17
17
17
17
17
17
17
17
17
17
17
17
17
17
17
17
17
17
17
17
17
17.8284
17.4142
17
17
17
17
17
17
17
17
17
17
17
17
17
17
17
17
17
17
17
17
17
17
17
17
17.4142
17
17
17
17
17
17
17
17
17
17
17
17
17
17
17
17
17
17
17.4142
17.8284
18.2426
18.6569
16
16
16
16
16
16
16
16
16
16
16
16
16
16
16
16
16
16
16
16
16
16
16
16
16
16
16
16
16
16
16
16
16
16
16
16
16
16
16
16
16
16
16
16
16
16
16
16
16
16
16
16
16
16
16
16
16
16
16
16
16
16
16
16
16
16
16
16
16
16
16
16
16
16
16
16
16
16
16
16
16
16
16
16
16
16
16
16
16
16
16
16
16
16
16
16
16
16
16
16
16
16
16
16
16
16
16
16.4142
16.8284
16.8284
16.4142
16
16
16
16
16
16
16
16
16
16
16
16
16
16
16
16
16
16
16
16
16
16
16
16
16
16
16
16
16
17.6569
17.2426
16.8284
16.4142
16
16
16
16
16
16
16
16
16
16
16
16
16
16
16
16
16
16
16
16
16
16.8284
16.4142
16
16
16
16
16
16
16
16
16
16
16
16
16
16
16
16
16
16
16
16
16
16
16
16
16.4142
16
16
16
16
16
16
16
16
16
16
16
16
16
16
16
16
16
16
16.4142
16.8284
17.2426
17.6569
15
15
15
15
15
15
15
15
15
15
15
15
15
15
15
15
15
15
15
15
15
15
15
15
15
15
15
15
15
15
15
15
15
15
15
15
15
15
15
15
15
15
15
15
15
15
15
15
15
15
15
15
15
15
15
15
15
15
15
15
15
15
15
15
15
15
15
15
15
15
15
15
15
15
15
15
15
15
15
15
15
15
15
15
15
15
15
15
15
15
15
15
15
15
15
15
15
15
15
15
15
15
15
15
15
15
15
15
15
15
15
15
15
15
15
15.4142
15.8284
15.4142
15
15
15
15
15
15
15
15
15
15
15
15
15
15
15
15
15
15
15
15
15
15
15
15
15
15
15
15
15
16.2426
15.8284
15.4142
15
15
15
15
15
15
15
15
15
15
15
15
15
15
15
15
15
15
15
15
15
16.4142
15.4142
15
15
15
15
15
15
15
15
15
15
15
15
15
15
15
15
15
15
15
15
15
15
15
15
15.4142
15
15
15
15
15
15
15
15
15
15
15
15
15
15
15
15
15
15
15.4142
15.8284
16.2426
14
14
14
14
14
14
14
14
14
14
14
14
14
14
14
14
14
14
14
14
14
14
14
14
14
14
14
14
14
14
14
14
14
14
14
14
14
14
14
14
14
14
14
14
14
14
14
14
14
14
14
14
14
14
14
14
14
14
14
14
14
14
14
14
14
14
14
14
14
14
14
14
14
14
14
14
14
14
14
14
14
14
14
14
14
14
14
14
14
14
14
14
14
14
14
14
14
14
14
14
14
14
14
14
14
14
14
14
14
14
14
14
14
14
14
14
14.4142
15.4142
14.4142
14
14
14
14
14
14
14
14
14
14
14
14
14
14
14
14
14
14
14
14
14
14
14
14
14
14
14
14
14
15.2426
14.8284
14.4142
14
14
14
14
14
14
14
14
14
14
14
14
14
14
14
14
14
14
14
14
14
14
14
14
14
14
14
14
14
14
14
14
14
14
14
14
14
14
14
14
14
14
14
14
14
14
14
14
14
14
14
14
14
14
14
14
14
14
14
14
14
14
14
14
14
14.4142
14.8284
15.8284
13
13
13
13
13
13
13
13
13
13
13
13
13
13
13
13
13
13
13
13
13
13
13
13
13
13
13
13
13
13
13
13
13
13
13
13
13
13
13
13
13
13
13
13
13
13
13
13
13
13
13
13
13
13
13
13
13
13
13
13
13
13
13
13
13
13
13
13
13
13
13
13
13
13
13
13
13
13
13
13
13
13
13
13
13
13
13
13
13
13
13
13
13
13
13
13
13
13
13
13
13
13
13
13
13
13
13
13
13
13
13
13
13
13
13
13
13
13
13.4142
13
13
13
13
13
13
13
13
13
13
13
13
13
13
13
13
13
13
13
13
13
13
13
13
13
13
13
13
13
13.8284
13.4142
13
13
13
13
13
13
13
13
13
13
13
13
13
13
13
13
13
13
13
13
13
13
13
13
13
13
13
13
13
13
13
13
13
13
13
13
13
13
13
13
13
13
13
13
13
13
13
13
13
13
13
13
13
13
13
13
13
13
13
13
13
13
13
13
13
13.4142
12
12
12
12
12
12
12
12
12
12
12
12
12
12
12
12
12
12
12
12
12
12
12
12
12
12
12
12
12
12
12
12
12
12
12
12
12
12
12
12
12
12
12
12
12
12
12
12
12
12
12
12
12
12
12
12
12
12
12
12
12
12
12
12
12
12
12
12
12
12
12
12
12
12
12
12
12
12
12
12
12
12
12
12
12
12
12
12
12
12
12
12
12
12
12
12
12
12
12
12
12
12
12
12
12
12
12
12
12
12
12
12
12
12
12
12
12
12
12.4142
12
12
12
12
12
12
12
12
12
12
12
12
12
12
12
12
12
12
12
12
12
12
12
12
12
12
12
12
12
12.8284
12.4142
12
12
12
12
12
12
12
12
12
12
12
12
12
12
12
12
12
12
12
12
12
12
12
12
12
12
12
12
12
12
12
12
12
12
12
12
12
12
12
12
12
12
12
12
12
12
12
12
12
12
12
12
12
12
12
12
12
12
12
12
12
12
12
12
12
12.4142
11
11
11
11
11
11
11
11
11
11
11
11
11
11
11
11
11
11
11
11
11
11
11
11
11
11
11
11
11
11
11
11
11
11
11
11
11
11
11
11
11
11
11
11
11
11
11
11
11
11
11
11
11
11
11
11
11
11
11
11
11
11
11
11
11
11
11
11
11
11
11
11
11
11
11
11
11
11
11
11
11
11
11
11
11
11
11
11
11
11
11
11
11
11
11
11
11
11
11
11
11
11
11
11
11
11
11
11
11
11
11
11
11
11
11
11
11
11
11.4142
11
11
11
11
11
11
11
11
11
11
11
11
11
11
11
11
11
11
11
11
11
11
11
11
11
11
11
11
11
11.8284
11.4142
11
11
11
11
11
11
11
11
11
11
11
11
11
11
11
11
11
11
11
11
11
11
11
11
11
11
11
11
11
11
11
11
11
11
11
11
11
11
11
11
11
11
11
11
11
11
11
11
11
11
11
11
11
11
11
11
11
11
11
11
11
11
11
11
11
11.4142
10
10
10
10
10
10
10
10
10
10
10
10
10
10
10
10
10
10
10
10
10
10
10
10
10
10
10
10
10
10
10
10
10
10
10
10
10
10
10
10
10
10
10
10
10
10
10
10
10
10
10
10
10
10
10
10
10
10
10
10
10
10
10
10
10
10
10
10
10
10
10
10
10
10
10
10
10
10
10
10
10
10
10
10
10
10
10
10
10
10
10
10
10
10
10
10
10
10
10
10
10
10
10
10
10
10
10
10
10
10
10
10
10
10
10
10
10
10
10
10
10
10
10
10
10
10
10
10
10
10
10
10
10
10
10
10
10
10
10
10
10
10
10
10
10
10
10
10
10
10
10.8284
10.4142
10
10
10
10
10
10
10
10
10
10
10
10
10
10
10
10
10
10
10
10
10
10
10
10
10
10
10
10
10
10
10
10
10
10
10
10
10
10
10
10
10
10
10
10
10
10
10
10
10
10
10
10
10
10
10
10
10
10
10
10
10
10
10
10
10
10.4142
9
9
9
9
9
9
9
9
9
9
9
9
9
9
9
9
9
9
9
9
9
9
9
9
9
9
9
9
9
9
9
9
9
9
9
9
9
9
9
9
9
9
9
9
9
9
9
9
9
9
9
9
9
9
9
9
9
9
9
9
9
9
9
9
9
9
9
9
9
9
9
9
9
9
9
9
9
9
9
9
9
9
9
9
9
9
9
9
9
9
9
9
9
9
9
9
9
9
9
9
9
9
9
9
9
9
9
9
9
9
9
9
9
9
9
9
9
9
9
9
9
9
9
9
9
9
9
9
9
9
9
9
9
9
9
9
9
9
9
9
9
9
9
9
9
9
9
9
9
9
9.82843
9.41421
9
9
9
9
9
9
9
9
9
9
9
9
9
9
9
9
9
9
9
9
9
9
9
9
9
9
9
9
9
9
9
9
9
9
9
9
9
9
9
9
9
9
9
9
9
9
9
9
9
9
9
9
9
9
9
9
9
9
9
9
9
9
9
9
9
9
9.41421
8
8
8
8
8
8
8
8
8
8
8
8
8
8
8
8
8
8
8
8
8
8
8
8
8
8
8
8
8
8
8
8
8
8
8
8
8
8
8
8
8
8
8
8
8
8
8
8
8
8
8
8
8
8
8
8
8
8
8
8
8
8
8
8
8
8
8
8
8
8
8
8
8
8
8
8
8
8
8
8
8
8
8
8
8
8
8
8
8
8
8
8
8
8
8
8
8
8
8
8
8
8
8
8
8
8
8
8
8
8
8
8
8
8
8
8
8
8
8
8
8
8
8
8
8
8
8
8
8
8
8
8
8
8
8
8
8
8
8
8
8
8
8
8
8
8
8
8
8
8
9.41421
8.41421
8
8
8
8
8
8
8
8
8
8
8
8
8
8
8
8
8
8
8
8
8
8
8
8
8
8
8
8
8
8
8
8
8
8
8
8
8
8
8
8
8
8
8
8
8
8
8
8
8
8
8
8
8
8
8
8
8
8
8
8
8
8
8
8
8
8
8.41421
7
7
7
7
7
7
7
7
7
7
7
7
7
7
7
7
7
7
7
7
7
7
7
7
7
7
7
7
7
7
7
7
7
7
7
7
7
7
7
7
7
7
7
7
7
7
7
7
7
7
7
7
7
7
7
7
7
7
7
7
7
7
7
7
7
7
7
7
7
7
7
7
7
7
7
7
7
7
7
7
7
7
7
7
7
7
7
7
7
7
7
7
7
7
7
7
7
7
7
7
7
7
7
7
7
7
7
7
7
7
7
7
7
7
7
7
7
7
7
7
7
7
7
7
7
7
7
7
7
7
7
7
7
7
7
7
7
7
7
7
7
7
7
7
7
7
7
7
7
7
7
7
7
7
7
7
7
7
7
7
7
7
7
7
7
7
7
7
7
7
7
7
7
7
7
7
7
7
7
7
7
7
7
7
7
7
7
7
7
7
7
7
7
7
7
7
7
7
7
7
7
7
7
7
7
7
7
7
7
7
7
7
7
7
7
7
6
6
6
6
6
6
6
6
6
6
6
6
6
6
6
6
6
6
6
6
6
6
6
6
6
6
6
6
6
6
6
6
6
6
6
6
6
6
6
6
6
6
6
6
6
6
6
6
6
6
6
6
6
6
6
6
6
6
6
6
6
6
6
6
6
6
6
6
6
6
6
6
6
6
6
6
6
6
6
6
6
6
6
6
6
6
6
6
6
6
6
6
6
6
6
6
6
6
6
6
6
6
6
6
6
6
6
6
6
6
6
6
6
6
6
6
6
6
6
6
6
6
6
6
6
6
6
6
6
6
6
6
6
6
6
6
6
6
6
6
6
6
6
6
6
6
6
6
6
6
6
6
6
6
6
6
6
6
6
6
6
6
6
6
6
6
6
6
6
6
6
6
6
6
6
6
6
6
6
6
6
6
6
6
6
6
6
6
6
6
6
6
6
6
6
6
6
6
6
6
6
6
6
6
6
6
6
6
6
6
6
6
6
6
6
6
6
6
6
6
6
6
6
6
6
6
6
6
6
6
6
6
6
6
6
6
6
6
6
6
6
6
6
6
6
6
6
6
6
6
6
6
6
6
6
6
6
6
6
6
6
6
6
6
6
6
6
6
6
6
6
6
6
6
6
6
6
6
6
6
6
6
6
6
6
6
6
6
6
6
6
6
6
6
6
6
6
6
6
6
6
6
6
6
6
6
6
6
6
6
6
6
6
6
6
6
6
6
6
6
6
6
6
6
6
6
6
6
6
6
6
6
6
6
6
6
6
6
6
6
6
6
6
6
6
6
6
6
6
6
6
6
6
6
6
6
6
6
6
6
6
6
6
6
6
6
6
6
6
6
6
6
6
6
6
6
6
6
6
6
6
6
6
6
6
6
6
6
6
6
6
6
6
6
6
6
6
6
6
6
6
6
6
6
6
6
6
6
6
6
6
6
6
6
6
6
6
6
6
6
6
6
6
6
6
6
6
6
6
6
6
6
6
6
6
6
6
6
6
6
6
6
6
6
6
6
6
6
6
6
6
6
6
6
6
6
6
6
6
6
6
6
6
6
6
6
6
6
6
6
6
6
6
6
6
6
6
6
6
6
6
6
6
6
6
6
6
6
6
6
6
6
6
6
6
6
6
6
6
6
6
6
6
6
6
6
6
6
6
6
6
6
5
5
5
5
5
5
5
5
5
5
5
5
5
5
5
5
5
5
5
5
5
5
5
5
5
5
5
5
5
5
5
5
5
5
5
5
5
5
5
5
5
5
5
5
5
5
5
5
5
5
5
5
5
5
5
5
5
5
5
5
5
5
5
5
5
5
5
5
5
5
5
5
5
5
5
5
5
5
5
5
5
5
5
5
5
5
5
5
5
5
5
5
5
5
5
5
5
5
5
5
5
5
5
5
5
5
5
5
5
5
5
5
5
5
5
5
5
5
5
5
5
5
5
5
5
5
5
5
5
5
5
5
5
5
5
5
5
5
5
5
5
5
5
5
5
5
5
5
5
5
5
5
5
5
5
5
5
5
5
5
5
5
5
5
5
5
5
5
5
5
5
5
5
5
5
5
5
5
5
5
5
5
5
5
5
5
5
5
5
5
5
5
5
5
5
5
5
5
5
5
5
5
5
5
5
5
5
5
5
5
5
5
5
5
5
5
5
5
5
5
5
5
5
5
5
5
5
5
5
5
5
5
5
5
5
5
5
5
5
5
5
5
5
5
5
5
5
5
5
5
5
5
5
5
5
5
5
5
5
5
5
5
5
5
5
5
5
5
5
5
5
5
5
5
5
5
5
5
5
5
5
5
5
5
5
5
5
5
5
5
5
5
5
5
5
5
5
5
5
5
5
5
5
5
5
5
5
5
5
5
5
5
5
5
5
5
5
5
5
5
5
5
5
5
5
5
5
5
5
5
5
5
5
5
5
5
5
5
5
5
5
5
5
5
5
5
5
5
5
5
5
5
5
5
5
5
5
5
5
5
5
5
5
5
5
5
5
5
5
5
5
5
5
5
5
5
5
5
5
5
5
5
5
5
5
5
5
5
5
5
5
5
5
5
5
5
5
5
5
5
5
5
5
5
5
5
5
5
5
5
5
5
5
5
5
5
5
5
5
5
5
5
5
5
5
5
5
5
5
5
5
5
5
5
5
5
5
5
5
5
5
5
5
5
5
5
5
5
5
5
5
5
5
5
5
5
5
5
5
5
5
5
5
5
5
5
5
5
5
5
5
5
5
5
5
5
5
5
5
5
5
5
5
5
5
5
5
5
5
5
5
5
5
5
5
5
5
5
5
5
5
5
5
5
5
5
5
5
5
5
5
5
4
4
4
4
4
4
4
4
4
4
4
4
4
4
4
4
4
4
4
4
4
4
4
4
4
4
4
4
4
4
4
4
4
4
4
4
4
4
4
4
4
4
4
4
4
4
4
4
4
4
4
4
4
4
4
4
4
4
4
4
4
4
4
4
4
4
4
4
4
4
4
4
4
4
4
4
4
4
4
4
4
4
4
4
4
4
4
4
4
4
4
4
4
4
4
4
4
4
4
4
4
4
4
4
4
4
4
4
4
4
4
4
4
4
4
4
4
4
4
4
4
4
4
4
4
4
4
4
4
4
4
4
4
4
4
4
4
4
4
4
4
4
4
4
4
4
4
4
4
4
4
4
4
4
4
4
4
4
4
4
4
4
4
4
4
4
4
4
4
4
4
4
4
4
4
4
4
4
4
4
4
4
4
4
4
4
4
4
4
4
4
4
4
4
4
4
4
4
4
4
4
4
4
4
4
4
4
4
4
4
4
4
4
4
4
4
4
4
4
4
4
4
4
4
4
4
4
4
4
4
4
4
4
4
4
4
4
4
4
4
4
4
4
4
4
4
4
4
4
4
4
4
4
4
4
4
4
4
4
4
4
4
4
4
4
4
4
4
4
4
4
4
4
4
4
4
4
4
4
4
4
4
4
4
4
4
4
4
4
4
4
4
4
4
4
4
4
4
4
4
4
4
4
4
4
4
4
4
4
4
4
4
4
4
4
4
4
4
4
4
4
4
4
4
4
4
4
4
4
4
4
4
4
4
4
4
4
4
4
4
4
4
4
4
4
4
4
4
4
4
4
4
4
4
4
4
4
4
4
4
4
4
4
4
4
4
4
4
4
4
4
4
4
4
4
4
4
4
4
4
4
4
4
4
4
4
4
4
4
4
4
4
4
4
4
4
4
4
4
4
4
4
4
4
4
4
4
4
4
4
4
4
4
4
4
4
4
4
4
4
4
4
4
4
4
4
4
4
4
4
4
4
4
4
4
4
4
4
4
4
4
4
4
4
4
4
4
4
4
4
4
4
4
4
4
4
4
4
4
4
4
4
4
4
4
4
4
4
4
4
4
4
4
4
4
4
4
4
4
4
4
4
4
4
4
4
4
4
4
4
4
4
4
4
4
4
4
4
4
4
4
4
4
4
4
4
4
4
4
4
4
4
3
3
3
3
3
3
3
3
3
3
3
3
3
3
3
3
3
3
3
3
3
3
3
3
3
3
3
3
3
3
3
3
3
3
3
3
3
3
3
3
3
3
3
3
3
3
3
3
3
3
3
3
3
3
3
3
3
3
3
3
3
3
3
3
3
3
3
3
3
3
3
3
3
3
3
3
3
3
3
3
3
3
3
3
3
3
3
3
3
3
3
3
3
3
3
3
3
3
3
3
3
3
3
3
3
3
3
3
3
3
3
3
3
3
3
3
3
3
3
3
3
3
3
3
3
3
3
3
3
3
3
3
3
3
3
3
3
3
3
3
3
3
3
3
3
3
3
3
3
3
3
3
3
3
3
3
3
3
3
3
3
3
3
3
3
3
3
3
3
3
3
3
3
3
3
3
3
3
3
3
3
3
3
3
3
3
3
3
3
3
3
3
3
3
3
3
3
3
3
3
3
3
3
3
3
3
3
3
3
3
3
3
3
3
3
3
3
3
3
3
3
3
3
3
3
3
3
3
3
3
3
3
3
3
3
3
3
3
3
3
3
3
3
3
3
3
3
3
3
3
3
3
3
3
3
3
3
3
3
3
3
3
3
3
3
3
3
3
3
3
3
3
3
3
3
3
3
3
3
3
3
3
3
3
3
3
3
3
3
3
3
3
3
3
3
3
3
3
3
3
3
3
3
3
3
3
3
3
3
3
3
3
3
3
3
3
3
3
3
3
3
3
3
3
3
3
3
3
3
3
3
3
3
3
3
3
3
3
3
3
3
3
3
3
3
3
3
3
3
3
3
3
3
3
3
3
3
3
3
3
3
3
3
3
3
3
3
3
3
3
3
3
3
3
3
3
3
3
3
3
3
3
3
3
3
3
3
3
3
3
3
3
3
3
3
3
3
3
3
3
3
3
3
3
3
3
3
3
3
3
3
3
3
3
3
3
3
3
3
3
3
3
3
3
3
3
3
3
3
3
3
3
3
3
3
3
3
3
3
3
3
3
3
3
3
3
3
3
3
3
3
3
3
3
3
3
3
3
3
3
3
3
3
3
3
3
3
3
3
3
3
3
3
3
3
3
3
3
3
3
3
3
3
3
3
3
3
3
3
3
3
3
3
3
3
3
3
3
3
3
3
3
3
3
3
3
3
3
3
3
3
3
2
2
2
2
2
2
2
2
2
2
2
2
2
2
2
2
2
2
2
2
2
2
2
2
2
2
2
2
2
2
2
2
2
2
2
2
2
2
2
2
2
2
2
2
2
2
2
2
2
2
2
2
2
2
2
2
2
2
2
2
2
2
2
2
2
2
2
2
2
2
2
2
2
2
2
2
2
2
2
2
2
2
2
2
2
2
2
2
2
2
2
2
2
2
2
2
2
2
2
2
2
2
2
2
2
2
2
2
2
2
2
2
2
2
2
2
2
2
2
2
2
2
2
2
2
2
2
2
2
2
2
2
2
2
2
2
2
2
2
2
2
2
2
2
2
2
2
2
2
2
2
2
2
2
2
2
2
2
2
2
2
2
2
2
2
2
2
2
2
2
2
2
2
2
2
2
2
2
2
2
2
2
2
2
2
2
2
2
2
2
2
2
2
2
2
2
2
2
2
2
2
2
2
2
2
2
2
2
2
2
2
2
2
2
2
2
2
2
2
2
2
2
2
2
2
2
2
2
2
2
2
2
2
2
2
2
2
2
2
2
2
2
2
2
2
2
2
2
2
2
2
2
2
2
2
2
2
2
2
2
2
2
2
2
2
2
2
2
2
2
2
2
2
2
2
2
2
2
2
2
2
2
2
2
2
2
2
2
2
2
2
2
2
2
2
2
2
2
2
2
2
2
2
2
2
2
2
2
2
2
2
2
2
2
2
2
2
2
2
2
2
2
2
2
2
2
2
2
2
2
2
2
2
2
2
2
2
2
2
2
2
2
2
2
2
2
2
2
2
2
2
2
2
2
2
2
2
2
2
2
2
2
2
2
2
2
2
2
2
2
2
2
2
2
2
2
2
2
2
2
2
2
2
2
2
2
2
2
2
2
2
2
2
2
2
2
2
2
2
2
2
2
2
2
2
2
2
2
2
2
2
2
2
2
2
2
2
2
2
2
2
2
2
2
2
2
2
2
2
2
2
2
2
2
2
2
2
2
2
2
2
2
2
2
2
2
2
2
2
2
2
2
2
2
2
2
2
2
2
2
2
2
2
2
2
2
2
2
2
2
2
2
2
2
2
2
2
2
2
2
2
2
2
2
2
2
2
2
2
2
2
2
2
2
2
2
2
2
2
2
2
2
2
2
2
2
2
2
2
2
2
2
1
1
1
1
1
1
1
1
1
1
1
1
1
1
1
1
1
1
1
1
1
1
1
1
1
1
1
1
1
1
1
1
1
1
1
1
1
1
1
1
1
1
1
1
1
1
1
1
1
1
1
1
1
1
1
1
1
1
1
1
1
1
1
1
1
1
1
1
1
1
1
1
1
1
1
1
1
1
1
1
1
1
1
1
1
1
1
1
1
1
1
1
1
1
1
1
1
1
1
1
1
1
1
1
1
1
1
1
1
1
1
1
1
1
1
1
1
1
1
1
1
1
1
1
1
1
1
1
1
1
1
1
1
1
1
1
1
1
1
1
1
1
1
1
1
1
1
1
1
1
1
1
1
1
1
1
1
1
1
1
1
1
1
1
1
1
1
1
1
1
1
1
1
1
1
1
1
1
1
1
1
1
1
1
1
1
1
1
1
1
1
1
1
1
1
1
1
1
1
1
1
1
1
1
1
1
1
1
1
1
1
1
1
1
1
1
1
1
1
1
1
1
1
1
1
1
1
1
1
1
1
1
1
1
1
1
1
1
1
1
1
1
1
1
1
1
1
1
1
1
1
1
1
1
1
1
1
1
1
1
1
1
1
1
1
1
1
1
1
1
1
1
1
1
1
1
1
1
1
1
1
1
1
1
1
1
1
1
1
1
1
1
1
1
1
1
1
1
1
1
1
1
1
1
1
1
1
1
1
1
1
1
1
1
1
1
1
1
1
1
1
1
1
1
1
1
1
1
1
1
1
1
1
1
1
1
1
1
1
1
1
1
1
1
1
1
1
1
1
1
1
1
1
1
1
1
1
1
1
1
1
1
1
1
1
1
1
1
1
1
1
1
1
1
1
1
1
1
1
1
1
1
1
1
1
1
1
1
1
1
1
1
1
1
1
1
1
1
1
1
1
1
1
1
1
1
1
1
1
1
1
1
1
1
1
1
1
1
1
1
1
1
1
1
1
1
1
1
1
1
1
1
1
1
1
1
1
1
1
1
1
1
1
1
1
1
1
1
1
1
1
1
1
1
1
1
1
1
1
1
1
1
1
1
1
1
1
1
1
1
1
1
1
1
1
1
1
1
1
1
1
1
1
1
1
1
1
1
1
1
1
1
1
1
1
1
1
1
1
1
1
1
1
1
1
1
1
1
1
1
1
1
0
0
0
0
0
0
0
0
0
0
0
0
0
0
0
0
0
0
0
0
0
0
0
0
0
0
0
0
0
0
0
0
0
0
0
0
0
0
0
0
0
0
0
0
0
0
0
0
0
0
0
0
0
0
0
0
0
0
0
0
0
0
0
0
0
0
0
0
0
0
0
0
0
0
0
0
0
0
0
0
0
0
0
0
0
0
0
0
0
0
0
0
0
0
0
0
0
0
0
0
0
0
0
0
0
0
0
0
0
0
0
0
0
0
0
0
0
0
0
0
0
0
0
0
0
0
0
0
0
0
0
0
0
0
0
0
0
0
0
0
0
0
0
0
0
0
0
0
0
0
0
0
0
0
0
0
0
0
0
0
0
0
0
0
0
0
0
0
0
0
0
0
0
0
0
0
0
0
0
0
0
0
0
0
0
0
0
0
0
0
0
0
0
0
0
0
0
0
0
0
0
0
0
0
0
0
0
0
0
0
0
0
0
0
0
0
0
0
0
0
0
0
0
0
0
0
0
0
0
0
0
0
0
0
0
0
0
0
0
0
0
0
0
0
0
0
0
0
0
0
0
0
0
0
0
0
0
0
0
0
0
0
0
0
0
0
0
0
0
0
0
0
0
0
0
0
0
0
0
0
0
0
0
0
0
0
0
0
0
0
0
0
0
0
0
0
0
0
0
0
0
0
0
0
0
0
0
0
0
0
0
0
0
0
0
0
0
0
0
0
0
0
0
0
0
0
0
0
0
0
0
0
0
0
0
0
0
0
0
0
0
0
0
0
0
0
0
0
0
0
0
0
0
0
0
0
0
0
0
0
0
0
0
0
0
0
0
0
0
0
0
0
0
0
0
0
0
0
0
0
0
0
0
0
0
0
0
0
0
0
0
0
0
0
0
0
0
0
0
0
0
0
0
0
0
0
0
0
0
0
0
0
0
0
0
0
0
0
0
0
0
0
0
0
0
0
0
0
0
0
0
0
0
0
0
0
0
0
0
0
0
0
0
0
0
0
0
0
0
0
0
0
0
0
0
0
0
0
0
0
0
0
0
0
0
0
0
0
0
0
0
0
0
0
0
0
0
0
0
0
0
0
0
0
0
0
0
0
0
0
0
0
0
0
0
0
0
0
0
0
0
0
0
0
0
0
0
0
0
0
0
0
