6
6
6
6
6
6
6
6
6
6
6
6
6
6
6
6
6
6
6
6
6
6
6
6
6
6
6
6
6
6
6
6
6
6
6
6
6
6
6
6
6
6
6
6
6
6
6
6
6
6
6
6
6
6
6
6
6
6
6
6
6
6
6
6
6
6
6
6
6
6
6
6
6
6
6
6
6
6
6
6
6
6
6
6
6
6
6
6
6
6
6
6
6
6
6
6
6
6
6
6
6
6
6
6
6
6
6
6
6
6
6
6
6
6
6
6
6
6
6
6
6
6
6
6
6
6
6
6
6
6
6
6
6
6
6
6
6
6
6
6
6
6
6
6
6
6
6
6
6
6
6
6
6
6
6
6
6
6
6
6
6
6
6
6
6
6
6
6
6
6
6
6
6
6
6
6
6
6
6
6
6
6
6
6
6
6
6
6
6
6
6
6
6
6
6
6
6
6
6
6
6
6
6
6
6
6
6
6
6
6
6
6
6
6
6
6
6
6
6
6
6
6
6
6
6
6
6
6
6
6
6
6
6
6
6
6
6
6
6
6
6
6
6
6
6
6
6
6
6
6
6
6
6
6
6
6
6
6
6
6
6
6
6
6
6
6
6
7
7
7
7
7
7
7
7
7
7
7
7
7
7
7
7
7
7
7
7
8
8
8
8
8
8
8
8
8
8
8
8
8
8
8
8
8
8
8
8
8
9
9
9.41421
9
9
9.41421
9
9
9
9
9
9
9
9
9
9.41421
9
9
9.41421
9
9
9
9
9
9
10
10
10.4142
10
10.4142
10
10
10
10
10
10
10
10
10.4142
10
10
10.4142
11.4142
10.4142
10
10.4142
10
10
10
10
10
10.4142
11
11
11
11.4142
11
11
11.4142
11.8284
11
11
11
11
11
11
11
11
11
11.4142
11
11
11.8284
12.8284
13.8284
14.8284
13.8284
12.8284
11.8284
11.4142
11.4142
11
11
11
11.4142
12
12.4142
12.8284
12
12.8284
13.2426
14.2426
34.3137
34.7279
35.7279
36.7279
37.7279
38.7279
39.7279
40.7279
41.7279
42.7279
43.7279
44.7279
45.7279
46.7279
47.7279
48.7279
49.7279
50.7279
51.7279
12
12
12
12
12
12
12
12.4142
12
12.4142
12
12
12
12.4142
12.8284
13
13
13
13
13.8284
13
14.6569
33.3137
51.3137
13
13
13
13
13
13
13
13
13.4142
13
13
13
13
13
13
13
13
13
13
13
13
13
13.4142
13
13
13
13.8284
14
14
14
14
14
14
14
14.8284
15.2426
16.2426
14
14
14
15.6569
16.0711
17.0711
18.0711
19.0711
20.0711
23.8995
24.8995
25.8995
26.8995
27.8995
28.8995
29.8995
30.8995
31.8995
32.8995
50.8995
51.8995
52.8995
53.8995
54.8995
55.8995
56.8995
57.8995
58.8995
59.8995
14
14
14
14
14
14
14
14
14
14
14
14.4142
14.8284
14
14
14
14
14
14
14
14
14
14
14
14
14
14
14
14
14
14
14
14
14
14
14
14
14
14
14
14
14
14
14
14
14
14
14
14
14.4142
14
14
14
14
14.8284
15.2426
25.4853
26.4853
27.4853
28.4853
29.4853
30.4853
15
15
15
15
15
15
16.6569
17.6569
15
15
20.4853
21.4853
22.4853
23.4853
59.4853
60.4853
61.4853
62.4853
62.3848
61.3848
60.3848
59.3848
58.3848
15
15
15
15
15.4142
15
15
15.4142
16.4142
15
15.8284
15
15
15
15
15
15
15
15
15
15
15
15
15
15
15
15.4142
15.8284
15
15
15
15
15
16.2426
16.6569
17.6569
18.6569
25.0711
30.0711
31.0711
32.0711
33.0711
16
16
16
16
18.0711
19.0711
16
16
57.9706
56.9706
55.9706
54.9706
53.9706
52.9706
16
16
16
16
16
16
16.4142
16
16
16.8284
16
16
16
16.8284
17.2426
18.2426
16
16
16
16
16
16
16
16
16
16
16
16
16
16
16
16.8284
16
16
16
16
19.0711
20.0711
21.0711
22.0711
23.0711
24.0711
33.4853
34.4853
17
17
17
17
19.4853
20.4853
17
17
17
52.5564
51.5564
50.5564
49.5564
17
17
17
17.4142
17
17.8284
17
17
17
18.6569
19.6569
17
17.4142
17
17
17
17
17
17
17.8284
17
17
17
17
34.8995
35.8995
18
18
20.8995
21.8995
22.8995
18
18
49.1421
48.1421
47.1421
18
18
18
18.4142
18
18.8284
19.2426
18
18
20.0711
21.0711
18
18.8284
18.4142
18
18
18.8284
19.2426
20.2426
18
18
18
18
36.3137
37.3137
38.3137
19
19
19
23.3137
24.3137
19
19
19
46.7279
45.7279
44.7279
43.7279
19.4142
19
19
19
19.4142
19
19
19
20.2426
19
19
21.4853
22.4853
19
20.2426
19.8284
19
20.6569
19
19
19.4142
20.4142
19
19
19
19
38.7279
20
24.7279
25.7279
26.7279
20
43.3137
42.3137
41.8995
20.4142
20
20
20.4142
20.8284
20
21.2426
21.6569
20
22.8995
23.8995
24.8995
20.4142
20
21.2426
20
21.6569
22.0711
20
20.8284
20
39.1421
21
21
27.1421
21
21
21
40.8995
21.4142
21
21
21.8284
21
22.6569
21
21
21
21
25.3137
21.4142
22.6569
22.2426
21
23.0711
21
21.8284
21
21
39.5563
40.5563
22
22
27.5563
28.5563
29.5563
22
22
22
40.4853
39.4853
38.4853
37.4853
23.8284
22.8284
22.4142
22
22
22.8284
22
23.6569
22
22
25.7279
26.7279
22.4142
23.6569
22
22
24.0711
22
22.8284
22
22
22
22
40.9706
23
23
29.9706
30.9706
23
23
23
23.4142
37.0711
36.0711
35.0711
25.2426
24.2426
23
23
23.8284
23
23
24.6569
25.0711
23
23
27.1421
28.1421
29.1421
24.8284
23.8284
23.4142
24.6569
25.0711
24.6569
23
25.0711
23
23
23.8284
23
23
23
23
41.3848
42.3848
24
31.3848
24.4142
24.8284
25.2426
25.6569
26.0711
34.6569
33.6569
32.6569
31.6569
30.6569
29.6569
28.6569
27.6569
26.6569
25.6569
24
24
24.8284
25.2426
26.2426
24
26.0711
24
29.5563
30.5563
31.5563
32.5563
26.2426
25.2426
25.6569
24
26.0711
26.4853
24
24.8284
25.2426
24
24
24
24
24
29.9706
42.799
43.799
44.799
25
25
25.4142
31.799
32.799
27.0711
27.4853
27.8995
28.3137
25
25
26.6569
25
25
27.0711
27.4853
28.4853
25
25
32.9706
33.9706
34.9706
35.9706
36.9706
28.6569
27.6569
26.6569
26.6569
25
27.4853
25
26.2426
25
25
25.4142
25.8284
26.2426
26.6569
27.0711
27.4853
27.8995
28.3137
28.7279
29.1421
29.5563
30.9706
45.2132
26.4142
33.2132
34.2132
35.2132
29.3137
29.7279
30.1421
30.5563
30.9706
31.3848
31.799
32.2132
32.6274
33.0416
34.0416
35.0416
36.0416
37.0416
38.0416
39.0416
40.0416
41.0416
42.0416
43.0416
44.0416
45.0416
46.0416
47.0416
48.0416
49.0416
50.0416
51.0416
52.0416
53.0416
54.0416
55.0416
56.0416
57.0416
58.0416
59.0416
26
26
27.6569
26
26
28.8995
29.8995
26
37.3848
37.0711
36.0711
35.0711
34.0711
33.0711
32.0711
31.0711
30.0711
29.0711
27.6569
26
26
26
28.4853
26
27.2426
27.6569
31.9706
45.6274
46.6274
27.4142
35.6274
36.6274
59.4558
60.4558
61.4558
62.4558
63.4558
63.8995
62.8995
27
27.4142
28.4142
28.4142
27.4142
27
28.6569
29.0711
27
30.3137
31.3137
27
28.6569
27
29.4853
27
27
28.6569
29.0711
30.0711
32.9706
47.0416
48.0416
28.4142
37.0416
38.0416
63.3137
62.3137
61.3137
60.3137
59.3137
58.3137
28.8284
29.8284
28.8284
30.0711
28
28
28
31.7279
28
29.6569
84.1127
85.1127
86.1127
87.1127
88.1127
89.1127
90.1127
91.1127
92.1127
28
30.4853
28
30.4853
31.4853
33.9706
48.4558
49.4558
29.4142
38.4558
58.7279
30.2426
31.2426
30.2426
29.8284
31.0711
31.4853
29
32.7279
33.1421
34.1421
29
30.6569
79.2843
79.6985
80.6985
81.6985
82.6985
83.6985
91.6985
92.6985
93.6985
94.6985
95.6985
96.6985
29
31.4853
29
31.8995
32.8995
34.9706
49.8701
30.4142
38.8701
59.1421
58.1421
57.1421
56.1421
55.1421
54.1421
31.6569
31.2426
32.4853
30
30
34.5563
30
31.6569
78.2843
96.2843
30
30
32.4853
30
33.3137
35.9706
50.2843
51.2843
52.2843
31.4142
39.2843
40.2843
54.5564
53.5564
52.5564
51.5564
50.5564
49.5564
48.5564
32.6569
33.0711
32.6569
32.2426
33.4853
33.8995
31
31
35.5563
35.9706
31.4142
31
32.6569
73.8701
74.8701
75.8701
76.8701
77.8701
95.8701
96.8701
97.8701
98.8701
31
33.0711
33.4853
31
34.3137
34.7279
36.9706
37.3848
37.799
38.2132
52.6985
53.6985
32.4142
40.6985
41.6985
42.6985
48.9706
47.9706
46.9706
45.9706
44.9706
43.9706
42.9706
34.0711
34.4853
35.4853
36.4853
34.0711
33.6569
34.8995
32
36.9706
37.3848
32.4142
33.6569
70.4559
71.4559
72.4559
73.4559
98.4559
99.4559
100.456
101.456
32
32
34.0711
32
32
32
35.7279
36.1421
37.1421
38.1421
39.2132
39.6274
40.0416
40.4558
54.1127
55.1127
34.8284
33.8284
33.4142
43.1127
44.1127
43.3848
42.3848
41.3848
40.3848
39.3848
38.3848
37.9706
36.8995
37.8995
38.8995
39.8995
39.4853
38.4853
37.4853
36.4853
35.4853
35.0711
35.8995
36.3137
37.3137
33
33
33
38.3848
38.799
39.799
40.799
33.8284
33.4142
34.6569
35.0711
36.0711
67.0416
68.0416
69.0416
70.0416
101.042
102.042
33
33
33
34.6569
35.0711
33
38.5564
39.5564
40.5564
41.5564
42.5564
41.4558
41.8701
42.2843
55.5269
56.5269
55.7279
54.7279
36.2426
35.2426
44.5269
45.5269
38.9706
38.5564
38.1421
37.7279
37.3137
36.8995
37.7279
38.7279
34
34
34
41.2132
42.2132
43.2132
37.2426
36.2426
35.2426
34.8284
36.4853
37.4853
64.6274
65.6274
66.6274
101.627
102.627
34
34
34.8284
35.2426
35.6569
34
42.9706
43.9706
44.9706
45.9706
46.9706
43.2843
43.6985
44.1127
54.3137
53.3137
37.6569
36.6569
45.9411
46.9411
47.9411
48.9411
37.8995
37.4853
37.0711
36.6569
36.2426
35.8284
35.4142
39.1421
40.1421
35
35.4142
43.6274
42.6569
41.6569
40.6569
39.6569
38.6569
37.6569
37.8995
38.8995
61.2132
62.2132
63.2132
64.2132
102.213
103.213
35
35
35
35.4142
35.8284
35
47.3848
48.3848
49.3848
45.1127
45.5269
52.8995
51.8995
50.8995
49.8995
48.8995
39.0711
38.0711
49.3554
50.3554
36.4142
36
36
36
40.5564
41.5564
36.4142
36.8284
37.2426
39.3137
40.3137
57.799
58.799
59.799
60.799
102.799
103.799
104.799
36
36
36
36
36
36
36
36.4142
36
49.799
50.799
51.799
52.799
53.799
46.5269
48.4853
47.4853
46.4853
45.4853
44.4853
43.4853
42.4853
41.4853
40.4853
39.4853
50.7696
51.7696
52.7696
53.7696
37
41.9706
42.9706
43.9706
38.2426
40.7279
41.7279
42.7279
43.7279
44.7279
52.9706
53.3848
54.3848
55.3848
56.3848
57.3848
104.385
105.385
37
54.2132
55.2132
56.2132
57.2132
47.5269
47.9411
48.3554
54.1838
38
38
38
38
41.3137
40.8995
40.4853
40.0711
39.6569
39.2426
38.8284
38.4142
38
44.3848
39.2426
39.6569
40.0711
42.1421
41.7279
41.3137
40.8995
40.4853
40.0711
39.6569
39.2426
38.8284
38.4142
38
45.1421
51.9706
104.971
38
57.6274
49.3554
49.7696
54.598
55.598
56.598
57.598
39
39
39
39
39
43.1421
42.7279
42.3137
39
39
39
39
39
44.799
45.799
41.0711
41.4853
41.8995
42.3137
44.799
44.3848
43.9706
43.5564
43.1421
39
39
39
45.5564
46.5564
47.5564
48.5564
49.5564
50.5564
51.5564
104.556
105.556
39
58.0416
59.0416
60.0416
61.0416
62.0416
63.0416
64.0416
50.7696
51.1838
58.0122
59.0122
60.0122
61.0122
62.0122
40
40
40
43.7279
44.1421
44.5564
44.1421
40
40
40
46.2132
47.2132
43.3137
43.7279
44.1421
46.6274
46.2132
45.799
40
40
40
105.971
106.598
40
64.4559
65.4559
66.4559
67.4559
68.4559
69.4559
70.4559
71.4559
72.4559
73.4559
74.4559
75.4559
76.4559
77.4559
78.4559
52.1838
52.598
53.0122
62.4264
63.4264
64.4264
65.4264
66.4264
67.4264
68.4264
69.4264
70.4264
94.2549
95.2549
96.2549
97.2549
98.2549
99.2549
100.255
101.255
102.255
103.255
104.255
105.255
106.255
107.255
108.255
109.255
110.255
111.255
112.255
113.255
114.255
41
41
41
41
41
43.0711
43.4853
43.8995
44.3137
44.7279
41
41
41
41
47.6274
48.6274
49.6274
45.1421
45.5563
45.9706
46.3848
47.6274
48.0416
47.6274
41
41
106.184
105.184
104.77
41
78.8701
54.0122
54.4264
54.8406
70.8406
71.8406
72.8406
73.8406
74.8406
75.8406
76.8406
77.8406
78.8406
79.8406
80.8406
81.8406
82.8406
83.8406
84.8406
85.8406
86.8406
87.8406
88.8406
89.8406
90.8406
91.8406
92.8406
93.8406
113.841
114.841
115.841
116.841
117.841
118.841
119.841
120.841
42
42
42
42
42
42.4142
42.8284
43.2426
43.6569
44.0711
42
42
50.0416
51.0416
47.3848
47.799
48.2132
48.5564
47.5564
46.9706
47.3848
47.799
48.2132
48.6274
42
103.77
103.355
42
79.2843
55.8406
56.2549
121.255
122.255
123.255
124.255
125.255
43
43
43
51.4559
52.4559
47.9706
47.5564
47.1422
46.7279
46.3137
45.8995
47.1421
47.5563
47.9706
43
43
102.355
101.941
43
49.6274
50.0416
50.4559
50.8701
51.2843
51.6985
52.6985
53.6985
54.6985
79.6985
57.2549
57.6691
58.6691
48.1421
48.5563
48.9706
49.3848
49.799
50.2132
50.6274
51.0416
51.4558
51.8701
52.2843
125.669
126.669
127.669
44
44
44.4142
52.8701
53.8701
54.8701
55.8701
46.8995
46.4853
46.0711
45.6569
45.2426
44.8284
44.4142
46.0711
46.4853
46.8995
47.3137
47.7279
48.1421
44
100.941
44
48.9706
49.3848
49.799
50.2132
50.6274
55.1127
56.1127
57.1127
58.1127
80.1127
59.0833
59.799
47.4853
47.8995
48.3137
48.7279
49.1421
53.2843
53.6985
54.1127
54.5269
54.9411
55.3554
128.083
129.083
130.083
131.083
45.4142
45.8284
56.2843
57.2843
45.4142
45
45
45.4142
45.8284
46.2426
46.6569
47.0711
45
100.527
99.5269
99.1127
46.4142
45.4142
45
48.7279
49.1421
49.5564
49.9706
58.5269
59.5269
80.5269
60.2132
48.4853
56.3554
131.497
132.497
133.497
46.8284
57.6985
58.6985
59.6985
60.6985
46
98.1127
97.6985
46.8284
49.7279
59.9411
80.9411
60.6274
59.6274
48.6569
49.0711
49.4853
57.3554
57.7696
58.1838
58.598
59.0122
133.912
47.8284
48.2426
48.6569
49.0711
61.1127
47
96.6985
47.8284
50.3137
50.7279
60.9411
81.3554
60.0417
48.8284
49.2426
49.6569
60.0122
60.4264
60.8406
134.326
135.326
136.326
137.326
50.0711
50.4853
61.5269
62.5269
63.5269
48
96.2843
95.2843
48.8284
50.4853
50.8995
51.3137
61.9411
62.3554
62.7696
81.7696
83.1838
60.4559
59.4559
58.4559
49.8284
49.4142
49.8284
61.8406
62.2549
62.6691
63.0833
137.74
138.74
139.74
51.4853
51.8995
63.9412
64.9411
65.9411
66.9411
49
57.2843
57.6985
58.6985
59.6985
60.6985
94.8701
93.8701
50.2426
49.8284
50.6569
51.0711
51.4853
63.7696
82.1838
83.598
84.598
85.598
86.598
87.598
58.8701
51.6569
51.2426
50.8284
64.0833
64.4975
64.9117
140.154
141.154
142.154
143.154
52.8995
53.3137
53.7279
54.1421
67.3554
68.3554
69.3554
50.4142
50
55.3848
55.799
56.2132
56.6274
57.0416
57.4559
57.8701
58.2843
61.1127
62.1127
63.1127
64.1127
65.1127
66.1127
67.1127
68.1127
69.1127
70.1127
93.4559
92.4559
91.4559
51.6569
51.2426
51.2426
51.6569
64.7696
88.0122
88.6691
59.2843
53.0711
52.6569
65.9117
66.3259
66.7401
67.1544
67.5686
143.569
144.569
55.1421
55.5564
69.7696
70.7696
71.7696
72.7696
51.4142
55.5564
55.9706
56.3848
70.5269
71.5269
72.5269
73.5269
74.5269
75.5269
76.5269
77.5269
78.5269
91.0417
90.0417
89.0417
53.0711
52.6569
52.2426
65.7696
88.2549
87.2549
86.8407
60.2843
54.0711
68.5686
68.9828
69.9828
70.9828
117.983
118.983
119.983
120.983
121.983
122.983
123.983
124.983
125.983
144.983
145.983
146.983
147.983
56.5564
56.9706
57.3848
73.1838
74.1838
75.1838
76.1838
77.1838
52.4142
55.7279
56.1421
56.5564
78.9412
79.9412
80.9412
81.9412
82.9412
83.9412
84.9412
85.9412
86.9412
87.9412
88.9412
89.9412
90.9412
91.9412
88.6274
87.6274
86.6274
55.4853
54.4853
54.0711
52.8284
53.2426
66.7696
85.8407
85.4265
61.2843
55.4853
55.0711
71.397
72.397
73.397
116.397
117.397
118.397
126.397
127.397
128.397
148.397
149.397
150.397
58.3848
58.799
59.2132
59.6274
77.598
78.598
79.598
53.8284
53.4142
56.3137
56.7279
92.3554
93.3554
94.3554
95.3554
96.3554
97.3554
98.3554
86.2132
85.2132
84.2132
57.8995
56.8995
55.8995
53.8284
67.7696
84.4265
84.0122
63.6985
62.6985
62.2843
56.4853
73.8112
116.811
128.811
150.811
151.811
152.811
153.811
154.811
60.6274
80.0122
81.0122
82.0122
83.0122
84.0122
85.0122
56.2426
55.2426
54.8284
57.3137
98.7696
83.799
82.799
81.799
81.3848
61.3137
60.3137
59.3137
58.3137
54.8284
68.7696
83.0122
64.1127
57.8995
57.4853
74.8112
75.2254
76.2254
77.2254
114.225
115.225
116.225
117.225
129.811
130.225
131.225
132.225
155.225
61.6274
62.0416
62.4559
62.8701
85.4264
56.6569
57.8995
58.3137
99.7696
100.184
101.184
102.184
103.184
80.3848
61.7279
55.8284
69.7696
82.598
81.598
65.1127
59.7279
59.3137
58.8995
77.6396
78.6396
79.6396
113.64
114.64
132.64
133.64
155.64
156.64
157.64
158.64
159.64
63.8701
64.2843
64.6985
65.1127
85.8407
86.8407
87.8407
88.8407
89.8407
58.0711
57.6569
58.4853
58.8995
103.598
104.598
105.598
106.598
79.9706
78.9706
77.9706
76.9706
75.9706
74.9706
66.1422
65.1422
64.1422
63.1422
62.1422
56
56.4142
56.8284
70.7696
81.1838
80.1838
79.1838
66.5269
66.1127
60.7279
80.0539
81.0539
82.0539
83.0539
84.0539
114.054
134.054
135.054
160.054
161.054
162.054
163.054
164.054
165.054
166.054
167.054
168.054
169.054
170.054
171.054
172.054
173.054
174.054
175.054
176.054
177.054
178.054
179.054
180.054
181.054
182.054
183.054
184.054
185.054
186.054
187.054
188.054
189.054
190.054
191.054
192.054
193.054
194.054
195.054
196.054
197.054
66.1127
66.5269
66.9411
67.3554
90.2549
91.2549
92.2549
93.2549
94.2549
95.2549
59.4853
59.0711
59.4853
106.556
105.556
74.5564
73.5564
72.5564
71.5564
70.5564
69.5564
68.5564
67.5564
66.5564
57
71.7696
78.7696
77.7696
76.7696
67.9412
67.5269
62.1422
61.7279
84.4681
85.4681
86.4681
87.4681
113.468
114.468
135.468
136.468
137.468
197.468
198.468
199.468
200.468
201.468
202.468
68.3554
68.7696
69.1838
69.598
95.6691
96.6691
97.3848
96.3848
95.3848
94.3848
62.8995
61.8995
60.8995
60.4853
59.6569
60.0711
60.4853
105.971
104.971
103.971
58
72.7696
76.3554
75.3554
74.3554
73.3554
72.3554
71.3554
70.3554
69.3554
68.9412
63.5564
63.1422
87.8823
88.8823
89.8823
111.882
112.882
113.882
137.882
202.882
203.882
204.882
205.882
206.882
70.598
71.0122
71.4264
71.8407
93.9706
92.9706
91.9706
90.9706
89.9706
88.9706
65.3137
64.3137
63.3137
60.6569
104.385
103.385
102.385
59
73.7696
64.5564
90.2965
91.2965
92.2965
111.297
112.297
138.882
139.297
207.297
208.297
209.297
72.8407
73.2549
73.6691
74.0833
88.5564
87.5564
86.5564
85.5564
84.5564
83.5564
82.5564
81.5564
80.5564
70.7279
69.7279
68.7279
67.7279
66.7279
65.7279
61.6569
102.799
101.799
100.799
60
60.4142
61.4142
74.7696
75.1838
66.3848
65.9706
65.5564
92.7107
93.7107
94.7107
110.711
111.711
140.297
209.711
210.711
211.711
212.711
75.0833
75.4975
75.9117
80.1422
79.1422
78.1422
77.1422
76.1422
75.1422
74.1422
73.1422
72.1422
71.1422
62.2426
62.6569
101.213
100.213
61.8284
76.1838
67.799
67.3848
193.125
194.125
195.125
196.125
197.125
198.125
199.125
200.125
201.125
202.125
203.125
204.125
205.125
95.1249
96.1249
97.1249
98.1249
110.125
111.125
141.297
213.125
214.125
215.125
216.125
76.9117
77.3259
78.3259
79.3259
80.3259
63.2426
100.627
99.6274
98.6274
62.8284
63.2426
77.1838
77.598
68.799
189.297
189.711
190.711
191.711
192.711
204.711
205.711
206.711
207.711
208.711
98.5392
110.539
142.297
216.539
217.539
218.539
80.7402
64.2426
99.0417
64.2426
78.598
70.2132
69.799
188.297
208.297
99.5392
99.9534
100.953
101.953
102.953
107.953
108.953
109.953
110.953
143.297
218.953
81.7402
82.1544
83.1544
84.1544
65.2426
99.4559
98.4559
65.2426
79.598
80.0122
89.8112
71.6274
71.2132
185.882
186.882
187.882
207.882
208.882
209.882
103.368
104.368
105.368
106.368
107.368
108.368
144.297
219.368
220.368
84.5686
85.5686
86.5686
87.5686
88.5686
66.2426
98.8701
97.8701
66.2426
66.6569
81.0122
81.4264
81.8407
82.2549
82.6691
83.0833
83.4975
85.1544
85.5686
85.9828
86.397
86.8112
87.8112
88.8112
90.2254
73.4559
73.0417
72.6274
184.468
185.468
209.468
210.468
211.468
212.468
145.297
220.782
221.782
222.782
223.782
88.9828
89.9828
90.9828
67.2426
98.2843
97.2843
96.2843
67.6569
68.0711
69.0711
84.4975
84.9117
85.3259
85.7402
86.1544
91.2254
74.8701
74.4559
182.64
183.054
184.054
212.054
213.054
146.297
168.196
169.196
170.196
171.196
172.196
173.196
201.196
202.196
203.196
224.196
225.196
226.196
91.397
92.397
93.397
94.397
95.397
96.397
68.2426
96.6985
95.6985
74.4559
74.0417
73.6274
73.2132
72.799
72.3848
71.9706
71.5564
71.1422
70.7279
70.3137
69.4853
70.4853
71.4853
92.2254
76.2843
75.8701
181.225
181.64
212.64
213.64
214.64
215.64
147.297
164.61
165.61
166.61
167.61
168.61
173.61
174.61
175.61
196.61
197.61
198.61
199.61
200.61
201.61
203.61
204.61
205.61
206.61
207.61
208.61
209.61
210.61
226.61
227.61
228.61
96.8112
97.8112
98.8112
99.8112
100.042
99.0417
69.2426
96.1127
95.1127
76.2843
75.8701
75.4559
71.3137
70.8995
70.4853
70.0711
69.6569
69.2426
71.8995
72.8995
73.8995
74.8995
93.2254
78.5269
78.1127
77.6985
77.2843
179.811
180.225
215.225
216.225
148.297
162.024
163.024
164.024
165.024
176.024
177.024
178.024
179.024
194.024
195.024
196.024
197.024
211.024
212.024
213.024
214.024
229.024
230.024
231.024
99.4559
98.4559
97.4559
96.4559
95.4559
94.4559
93.4559
92.4559
91.4559
90.4559
89.4559
88.4559
70.2426
141.024
95.5269
94.5269
78.5269
78.1127
77.6985
77.2843
70.2426
69.8284
69.4142
69
75.3137
76.3137
77.3137
78.3137
79.3137
94.2254
80.3554
79.9412
79.5269
178.397
178.811
215.811
216.811
149.711
149.297
161.439
162.439
179.439
180.439
193.439
194.439
214.439
215.439
216.439
231.439
232.439
233.439
234.439
235.439
88.8701
87.8701
86.8701
85.8701
84.8701
83.8701
82.8701
81.8701
71.2426
144.61
143.61
142.61
141.61
140.61
139.61
138.61
138.196
137.782
94.9412
93.9412
92.9412
79.9412
79.5269
70
70
70
79.7279
80.7279
81.7279
82.7279
95.2254
83.0122
82.598
82.1838
81.7696
81.3554
176.569
176.983
177.397
216.397
217.397
218.397
152.125
151.125
150.711
160.853
161.853
180.853
193.853
216.853
217.853
235.853
236.853
237.853
238.853
82.2843
81.2843
80.2843
79.2843
78.8701
72.2426
145.196
144.196
136.782
136.368
135.953
135.539
93.3554
80.9412
71
71
71
71
83.1422
84.1422
85.1422
86.1422
95.7402
84.0122
175.154
175.569
217.983
218.983
153.539
152.539
161.267
181.853
194.267
218.267
239.267
240.267
241.267
242.267
243.267
79.8701
73.2426
145.782
144.782
134.539
134.125
93.7696
81.9412
72
86.5564
87.5564
88.5564
96.1544
95.1544
94.1544
93.1544
92.1544
91.1544
90.1544
89.1544
88.7402
88.326
87.9117
87.4975
87.0833
86.6691
86.2549
85.8407
85.4265
85.0122
174.154
218.569
153.953
160.681
161.681
182.853
193.681
194.681
219.267
219.681
243.681
80.8701
80.4559
80.0417
79.6274
74.2426
145.368
133.125
94.1838
93.1838
83.7696
83.3554
82.9412
73
73
73
88.9706
173.154
218.154
217.823
155.368
154.953
159.096
160.096
161.096
183.853
184.267
194.096
220.681
221.096
222.096
244.096
245.096
246.096
80.6274
80.2132
79.799
75.2426
146.953
145.953
144.953
132.125
131.711
93.598
92.598
84.7696
74
74
74
74
89.3848
90.3848
91.3848
92.3848
171.74
172.74
217.409
216.409
158.782
157.782
156.782
156.368
159.681
160.096
185.267
194.51
222.51
246.51
247.51
248.51
249.51
250.51
80.799
80.3848
79.9706
79.5564
76.2426
76.6569
146.539
130.711
93.0122
85.7696
75
75
92.799
93.799
169.326
170.326
171.326
215.995
214.995
213.995
212.995
161.196
160.196
159.196
160.681
186.267
194.924
223.51
250.924
251.924
252.924
253.924
254.924
80.5564
80.1422
77.6569
146.125
129.711
129.297
128.882
93.4265
92.4265
91.4265
86.7696
76
76.4142
76.8284
77.2426
94.2132
95.2132
96.2132
97.2132
167.912
168.912
212.581
211.581
166.61
165.61
164.61
163.61
162.61
161.61
161.267
161.681
187.681
187.267
195.338
224.51
255.338
256.338
257.338
258.338
259.338
81.1422
80.7279
78.6569
146.711
145.711
127.882
127.468
91.8407
87.7696
78.2426
78.6569
79.0711
97.6274
98.6274
166.498
167.498
211.167
210.167
209.167
172.024
171.024
170.024
169.024
168.024
167.024
161.439
161.853
162.267
188.681
195.752
196.752
225.51
259.752
260.752
261.752
262.752
263.752
264.752
265.752
266.752
267.752
268.752
269.752
270.752
271.752
272.752
273.752
274.752
275.752
276.752
277.752
278.752
279.752
81.7279
81.3137
80.8995
79.6569
146.297
145.297
126.468
92.2549
88.7696
80.0711
80.4853
80.8995
81.3137
99.0417
100.042
165.083
166.083
190.083
191.083
192.083
193.083
194.083
195.083
196.083
197.083
198.083
208.752
207.752
206.752
178.439
177.439
176.439
175.439
174.439
173.439
172.439
162.439
189.681
197.167
226.51
280.167
281.167
282.167
283.167
284.167
81.8995
81.4853
80.6569
81.0711
82.0711
144.882
125.468
125.054
92.6691
89.7696
90.1838
91.1838
82.3137
82.7279
100.456
101.456
102.456
103.456
163.255
163.669
164.669
189.669
198.498
206.338
205.338
204.338
203.924
181.853
180.853
179.853
178.853
163.439
191.096
190.681
197.581
198.581
227.895
227.924
227.51
284.581
285.581
286.581
82.4853
82.4853
144.468
124.054
93.6691
91.598
83.7279
103.87
104.87
105.87
106.87
162.255
187.255
188.255
189.255
199.498
199.912
200.912
202.924
182.267
164.024
164.439
192.096
198.995
226.895
286.995
83.4853
83.4853
144.054
123.054
94.6691
92.598
84.7279
85.1422
85.5564
85.9706
107.284
160.841
161.841
185.841
186.841
201.326
202.326
203.326
202.51
201.51
200.51
188.681
187.681
186.681
185.681
184.681
183.681
182.681
165.024
194.51
193.51
193.096
199.409
200.409
201.409
202.409
225.895
287.409
288.409
289.409
290.409
84.4853
84.0711
84.4853
143.64
142.64
141.64
122.64
121.64
95.6691
93.598
94.0122
86.9706
87.3848
87.799
107.699
108.699
109.699
110.699
159.426
160.426
183.426
184.426
185.426
203.74
204.74
200.096
199.096
198.096
197.096
196.096
195.096
194.096
193.096
192.096
191.096
190.096
189.096
165.61
166.024
195.924
194.924
202.823
203.823
224.48
225.48
290.823
291.823
292.823
85.0711
84.6569
85.4853
85.8995
141.225
121.225
120.225
119.225
98.0833
97.0833
96.6691
95.0122
95.4265
96.4265
97.4265
88.799
89.2132
89.6274
111.113
112.113
113.113
114.113
115.113
116.113
117.113
118.113
119.113
156.012
157.012
158.012
159.012
182.012
183.012
205.154
206.154
166.196
166.61
197.338
196.338
204.238
205.238
206.238
207.238
208.238
221.066
222.066
223.066
224.066
262.238
263.238
264.238
265.238
266.238
267.238
268.238
269.238
270.238
293.238
294.238
295.238
85.6569
86.8995
140.811
139.811
118.811
117.811
98.4975
97.8407
98.8407
90.6274
91.0417
91.4559
119.527
153.598
154.598
155.598
180.598
181.598
206.569
207.569
166.368
166.782
167.196
198.752
197.752
208.652
209.652
210.652
211.652
212.652
213.652
214.652
215.652
216.652
217.652
218.652
219.652
220.652
260.652
261.652
262.652
270.652
271.652
272.652
273.652
295.652
296.652
86.6569
87.8995
139.397
138.397
117.397
116.397
99.9117
99.4975
99.2549
100.255
101.255
92.4559
92.8701
93.2843
93.6985
119.941
148.184
149.184
150.184
151.184
152.184
153.184
178.184
179.184
180.184
207.983
208.983
209.983
166.953
167.368
201.167
200.167
199.167
260.066
261.066
274.066
275.066
276.066
297.066
298.066
87.6569
87.2426
86.8284
88.8995
89.3137
137.983
136.983
115.983
114.983
101.326
100.912
101.669
102.669
103.669
104.669
94.6985
95.1127
120.355
121.77
122.77
123.77
124.77
125.77
126.77
127.77
128.77
129.77
130.77
131.77
132.77
133.77
134.77
135.77
136.77
137.77
138.77
139.77
140.77
141.77
142.77
143.77
144.77
145.77
146.77
147.77
176.77
177.77
210.397
211.397
167.539
167.953
203.581
202.581
201.581
260.48
276.48
277.48
278.48
298.48
299.48
300.48
87.8284
90.3137
136.569
114.569
113.569
112.569
111.569
104.74
103.74
102.74
102.326
105.083
106.083
153.882
153.468
153.054
152.64
152.225
152.64
153.054
153.468
96.1127
96.5269
96.9412
120.77
176.184
177.184
211.811
212.811
167.297
167.711
168.125
168.539
205.995
204.995
203.995
260.895
278.895
279.895
280.895
300.895
301.895
88.8284
88.4142
91.3137
136.154
135.154
134.154
111.154
110.154
109.154
108.154
107.154
106.154
105.154
106.498
107.498
153.711
153.297
152.882
152.468
152.882
153.297
97.9412
98.3554
98.7696
176.598
213.225
168.297
207.409
206.409
261.309
281.309
302.309
303.309
89.4142
92.3137
92.7279
134.569
107.912
152.711
152.297
152.711
153.125
153.539
99.7696
177.012
214.225
214.64
215.64
175.51
175.096
174.681
174.267
173.853
173.439
173.024
172.61
172.196
171.782
171.368
170.953
170.539
170.125
169.711
169.297
207.823
261.723
282.309
282.723
303.723
90.4142
93.7279
134.983
133.983
108.326
151.711
152.539
100.77
101.184
176.426
177.426
216.054
217.054
177.752
177.338
176.924
176.51
209.238
208.238
262.137
283.723
284.137
285.137
304.137
305.137
91.4142
94.7279
134.397
133.397
107.74
108.74
150.711
150.297
151.539
151.953
102.184
102.598
173.841
174.841
175.841
176.841
217.468
218.468
179.581
179.167
178.752
210.652
209.652
208.48
208.895
209.309
209.723
210.137
210.551
211.551
212.551
213.551
214.551
215.551
216.551
217.551
218.551
219.551
220.551
221.551
262.551
285.551
286.551
287.551
305.551
92.4142
92
95.7279
133.811
132.811
131.811
130.811
107.74
108.154
149.297
148.882
150.953
151.368
152.368
153.368
103.598
104.012
104.426
104.841
173.255
174.255
218.882
219.882
220.238
219.238
180.581
213.066
212.066
211.066
206.581
206.995
207.409
207.823
208.238
208.652
209.066
209.48
221.966
222.966
223.966
224.966
225.966
226.966
227.966
228.966
229.966
230.966
231.966
232.966
233.966
234.966
235.966
236.966
237.966
262.966
287.966
288.966
289.966
305.966
306.966
307.966
93
96.7279
97.1421
98.1421
131.225
130.225
108.326
108.74
147.882
152.953
153.953
105.841
106.255
170.669
171.669
172.669
173.669
219.652
218.652
217.652
216.652
181.995
181.581
214.48
213.48
206.752
207.167
207.581
238.38
239.38
240.38
241.38
242.38
243.38
244.38
245.38
263.38
264.38
290.38
291.38
308.38
94
98.5564
130.64
129.64
109.326
147.468
146.468
153.539
154.539
107.255
107.669
169.083
170.083
171.083
217.066
216.066
215.066
214.066
213.066
182.995
215.895
214.895
206.51
206.924
207.338
207.752
245.794
246.794
247.794
248.794
249.794
250.794
264.794
265.794
266.794
291.794
292.794
308.794
309.794
95
99.5564
130.054
129.054
128.054
127.054
109.498
109.912
110.326
146.054
145.054
144.64
154.125
155.125
156.125
108.669
166.498
167.498
168.498
169.498
213.48
212.48
211.48
210.48
209.48
183.995
217.309
216.309
207.096
207.51
251.208
252.208
253.208
254.208
267.208
268.208
293.208
294.208
295.208
296.208
310.208
96
96
96
100.556
100.971
127.468
126.468
125.468
124.468
110.498
143.64
155.711
156.711
157.711
109.669
110.083
110.498
166.912
209.895
184.995
219.723
218.723
217.723
208.096
254.622
268.622
269.622
270.622
296.622
310.622
311.622
97
101.971
124.882
111.498
142.64
157.297
158.297
111.498
162.326
163.326
164.326
165.326
166.326
167.326
210.309
209.309
208.309
207.309
206.309
185.995
220.137
208.681
209.096
255.622
256.037
257.037
271.037
297.622
298.037
312.037
98
102.971
125.297
124.297
123.297
112.498
141.64
157.882
112.498
112.912
154.74
155.74
156.74
157.74
158.74
159.74
160.74
161.74
162.74
206.723
205.723
204.723
203.723
186.995
221.551
220.551
209.681
209.267
209.681
257.451
258.451
259.451
260.451
271.451
272.451
273.451
274.451
299.037
312.451
99
103.971
123.711
122.711
121.711
120.711
113.498
140.64
140.225
157.468
158.468
159.468
113.912
114.326
143.154
144.154
145.154
146.154
147.154
148.154
149.154
150.154
151.154
152.154
153.154
154.154
155.154
204.137
203.137
187.995
221.966
211.096
210.681
260.865
261.865
274.865
275.865
276.865
277.865
300.037
300.451
312.865
100
104.971
105.385
121.125
120.711
120.297
114.498
139.225
159.054
160.054
115.326
127.569
128.569
129.569
130.569
131.569
132.569
133.569
134.569
135.569
136.569
137.569
138.569
139.569
140.569
141.569
142.569
143.569
203.551
202.551
201.551
188.995
189.409
223.38
222.38
212.51
212.096
262.279
263.279
278.279
279.279
280.279
301.451
301.865
313.279
314.279
315.279
101
106.385
121.297
120.882
120.468
120.054
115.498
137.811
138.225
159.64
160.64
116.326
116.74
117.154
126.569
201.966
200.966
199.966
190.409
223.794
214.338
213.924
213.51
263.694
264.694
280.694
281.694
282.694
283.694
302.865
315.694
102
102
107.385
121.054
120.64
116.498
116.912
117.912
136.811
160.225
161.225
162.225
118.154
126.983
202.681
203.681
204.681
205.681
206.681
207.681
208.681
209.681
210.681
211.681
212.681
213.681
214.681
200.38
199.38
191.409
191.823
226.208
225.208
224.208
215.752
215.338
265.108
266.108
267.108
284.108
285.108
303.865
304.279
304.694
316.108
103
108.385
108.799
121.64
121.225
120.811
120.397
118.326
135.811
161.811
162.811
119.154
119.569
127.397
198.267
199.267
200.267
201.267
202.267
214.267
215.267
216.267
217.267
218.267
219.267
199.794
198.794
192.823
193.238
226.622
216.752
267.522
268.522
285.522
286.522
305.694
316.522
317.522
104
109.799
121.397
120.983
120.569
119.326
119.74
133.397
134.397
135.397
162.397
163.397
120.569
127.811
193.853
194.853
195.853
196.853
197.853
218.853
219.853
220.853
199.208
194.238
194.652
195.652
228.037
227.037
218.167
217.752
268.936
286.936
287.936
306.694
307.108
317.936
105
110.799
121.569
121.154
120.74
120.326
120.74
121.154
122.154
130.983
131.983
132.983
162.983
163.983
121.569
128.225
192.024
192.439
193.439
220.439
221.439
222.439
223.439
224.439
200.208
196.066
197.066
228.451
219.167
269.936
288.35
308.108
318.35
106
111.799
121.326
122.569
123.569
124.569
125.569
126.569
127.569
128.569
129.569
130.569
163.569
164.569
165.569
122.569
128.64
191.024
224.024
201.208
200.794
197.48
228.865
220.581
220.167
270.936
271.35
288.765
309.108
318.765
107
112.799
122.326
121.912
121.498
121.083
120.669
165.983
123.569
123.983
129.054
187.61
188.61
189.61
190.61
223.61
224.61
225.61
226.61
201.794
198.48
198.895
230.279
229.865
221.581
272.35
272.765
273.179
289.179
290.179
291.179
310.108
319.179
108
113.799
114.213
115.213
121.669
121.255
120.841
166.397
124.983
129.468
185.196
186.196
187.196
226.196
227.196
202.794
202.38
201.966
199.895
200.309
231.279
223.409
222.995
222.581
274.179
291.593
292.593
311.108
311.522
319.593
320.593
109
115.627
121.841
121.426
121.012
120.598
166.811
167.811
125.983
129.882
181.782
182.782
183.782
184.782
226.782
227.782
228.782
202.966
201.309
201.723
202.723
232.279
224.409
275.179
275.593
293.007
312.522
321.007
110
116.627
121.598
121.184
120.77
121.184
168.225
169.225
126.983
127.397
130.297
178.368
179.368
180.368
181.368
228.368
229.368
230.368
203.966
203.137
233.694
233.279
225.823
225.409
276.593
293.421
294.421
313.522
321.421
111
117.627
122.184
122.598
123.012
123.426
140.64
141.64
142.64
143.64
144.64
145.64
146.64
169.64
128.397
131.297
174.953
175.953
176.953
177.953
229.953
230.953
204.966
204.551
204.137
204.551
234.694
226.823
277.593
278.007
294.836
314.522
321.836
112
118.627
124.426
124.841
125.255
125.669
126.083
136.054
137.054
138.054
139.054
140.054
141.054
147.054
148.054
149.054
150.054
151.054
170.054
171.054
129.397
132.297
133.711
134.711
135.711
136.711
137.711
138.711
139.711
140.711
168.539
169.539
170.539
171.539
172.539
173.539
174.539
199.539
200.539
201.539
202.539
203.539
204.539
205.539
206.539
207.539
208.539
230.539
231.539
205.551
205.551
235.694
227.823
279.007
295.25
315.522
322.25
113
119.627
120.042
127.083
127.498
127.912
128.326
128.74
129.154
132.054
132.468
133.468
134.468
135.468
136.468
151.468
152.468
171.468
130.397
133.297
141.125
142.125
143.125
144.125
145.125
146.125
147.125
148.125
149.125
150.125
151.125
152.125
153.125
154.125
155.125
156.125
157.125
158.125
159.125
160.125
161.125
162.125
163.125
164.125
165.125
166.125
167.125
168.125
199.125
208.953
231.953
206.551
206.551
206.966
236.694
228.823
280.007
295.664
316.522
322.664
114
121.042
130.154
133.054
152.882
171.882
172.882
173.882
131.397
198.539
199.539
209.953
210.368
232.368
207.551
207.966
237.694
230.238
229.823
281.007
281.421
296.078
317.522
323.078
115
122.042
131.154
131.569
131.983
132.397
132.811
133.225
133.64
134.054
153.882
154.297
174.297
132.397
197.953
198.953
211.368
211.782
212.782
232.782
233.782
234.782
208.551
208.966
238.694
231.238
282.421
296.493
297.493
298.493
318.522
323.493
324.493
116
123.042
155.297
155.711
156.711
174.711
133.397
197.368
198.368
213.196
235.196
209.551
209.966
239.694
232.238
283.421
298.907
319.522
324.907
117
124.042
157.125
175.125
134.397
197.782
214.196
214.61
235.61
210.551
210.966
242.108
241.108
240.694
233.238
284.421
299.321
320.522
325.907
118
125.042
158.125
158.539
175.539
135.397
198.196
215.61
236.024
237.024
211.551
211.966
242.522
234.238
285.421
299.735
321.522
326.907
119
126.042
159.539
175.953
136.397
140.711
141.125
141.539
141.953
142.368
142.782
143.196
143.61
144.61
145.61
146.61
147.61
148.61
149.61
150.61
151.61
152.61
153.61
154.61
155.61
156.61
157.61
158.61
159.61
160.61
161.61
162.61
163.61
164.61
165.61
166.61
167.61
168.61
169.61
170.61
171.61
172.61
173.61
174.61
175.61
176.61
177.61
178.61
179.61
180.61
181.61
182.61
183.61
184.61
185.61
186.61
187.61
188.61
189.61
190.61
191.61
192.61
193.61
194.61
195.61
196.61
197.61
198.61
216.61
217.024
217.439
218.439
219.439
220.439
221.439
222.439
223.439
224.439
225.439
226.439
227.439
228.439
229.439
230.439
231.439
232.439
233.439
234.439
235.439
236.439
237.439
212.551
212.137
211.723
211.309
210.895
210.48
210.066
209.652
209.238
208.823
208.409
207.995
208.409
208.823
209.238
209.652
210.066
210.48
210.895
211.309
211.723
212.137
212.551
212.966
213.38
214.38
243.522
243.108
242.694
242.279
241.865
241.451
241.037
240.622
240.208
239.794
239.38
238.966
238.551
238.137
237.723
237.309
236.895
236.48
236.066
235.652
235.238
286.421
286.836
287.25
287.664
288.078
288.493
288.907
289.321
289.735
290.149
291.149
292.149
293.149
294.149
295.149
296.149
297.149
298.149
299.149
300.149
322.522
322.936
323.35
323.765
324.179
324.593
325.007
325.421
325.836
326.25
326.664
327.078
327.493
327.907
120
120
120.414
120.828
121.243
121.657
122.071
122.485
122.899
123.314
123.728
124.142
124.556
124.971
125.385
125.799
126.213
126.627
127.042
160.539
160.953
161.368
162.368
163.368
164.368
165.368
166.368
167.368
168.368
169.368
170.368
171.368
172.368
173.368
174.368
175.368
176.368
137.397
137.811
138.225
138.64
139.054
139.468
139.882
140.297
