156.38
157.38
158.38
159.38
160.38
161.38
162.38
163.38
164.38
165.38
166.38
167.38
168.38
169.38
170.38
171.38
172.38
173.38
174.38
120
120
120
120
120
120
120
120
120
120
120
120
120
120
120
120
120
120
120
120
120
120
120
120
120
120
120
120
120
120
120
120
120
120
120
120
120
120
120
120
120
120
120
120
120
120
120
120
120
120
120
120
120
120
120
120
120
120
120
120
120
120
120
120
120
120
120
120
120
120
120
120
120
120
120
120
120
120
120
120.414
120.828
121.243
121.657
122.071
122.485
122.899
123.314
123.728
124.142
124.556
124.971
125.385
125.799
126.213
126.627
127.042
127.456
127.87
128.284
128.699
129.113
129.527
129.941
130.355
130.77
131.184
131.598
132.012
132.426
132.841
133.255
133.669
134.083
134.498
134.912
135.326
135.74
136.154
136.569
136.983
137.397
137.811
138.225
138.64
139.054
139.468
139.882
140.297
140.711
141.125
141.539
141.953
142.368
142.782
143.196
143.61
144.024
144.439
144.853
145.267
145.681
146.096
146.51
146.924
147.338
147.752
148.167
148.581
148.995
149.409
149.823
150.238
150.652
151.066
151.48
151.895
152.309
152.723
153.137
153.551
153.966
154.38
155.38
173.966
119
173.551
118
173.137
117
171.723
172.723
116
171.309
115
170.895
114
169.48
170.48
113
169.066
112
166.652
167.652
168.652
111
165.238
166.238
110
163.823
164.823
109
161.409
162.409
163.409
108
160.995
107
158.581
159.581
160.581
106
155.167
156.167
157.167
158.167
105
105
105
149.752
150.752
151.752
152.752
153.752
154.752
104
148.752
103
148.338
102
147.924
101
147.51
100
147.096
99
146.681
98
146.267
97
145.853
96
145.439
95
145.024
94
144.61
93
144.196
92
143.782
91
143.368
90
142.953
89
142.539
88
142.125
87
141.711
86
141.297
85
140.882
84
126.468
127.468
128.468
129.468
130.468
131.468
132.468
133.468
134.468
135.468
136.468
137.468
138.468
139.468
140.468
83
83
120.054
121.054
122.054
123.054
124.054
125.054
126.054
82
115.64
116.64
117.64
118.64
119.64
81
115.225
80
110.811
111.811
112.811
113.811
114.811
79
106.397
107.397
108.397
109.397
110.397
78
103.983
104.983
105.983
77
100.569
101.569
102.569
103.569
76
97.1544
98.1544
99.1544
100.154
75
94.7402
95.7402
96.7402
74
93.326
94.326
73
92.9117
72
89.4975
90.4975
91.4975
92.4975
71
88.0833
89.0833
70
84.6691
85.6691
86.6691
87.6691
69
83.2549
84.2549
68
68
81.8407
82.8407
67
79.4264
80.4264
81.4264
66
78.0122
79.0122
65
76.1838
76.598
77.598
64
75.1838
63
73.3554
73.7696
74.7696
62
71.9412
72.3554
61
70.9412
60
60
60
60
60
60
60
60
60
69.5269
70.5269
59
59
59
59
59
59
59
59
59
59
59
59
59
59
59
59
59
59
59
67.6985
68.1127
69.1127
58
58
58
58
58
58
58
58
58
58
58
66.2843
66.6985
57
57
57
57
57
57
57
57
57
57
57
64.8701
65.2843
56
56
56
56
56
56
56
56
56
63.4559
63.8701
55
55
55
55
55
55
55
55
62.4559
54
54
54
61.4559
53
53
53
53
53
53
53
53
53
59.6274
60.0416
61.0416
52
52
52
52
52
52
52
58.2132
58.6274
51
51
51
51
51
51
57.2132
50
50
50
50
50
50
55.799
56.799
49
49
49
49
49
49
53.9706
54.3848
55.3848
48
48
48
48
48
48
48
52.9706
47
47
47
47
47
51.9706
46
46
46
50.5564
50.9706
45
45
45
45
49.5564
44
44
44
44
44
48.1421
48.5564
43
43
43
43
43
43
43
47.1421
42
42
42
42
45.7279
46.1421
41
41
41
41
41
44.7279
40
40
40
40
40
40
42.8995
43.3137
44.3137
39
39
39
41.8995
38
38
38
38
38
38
38
40.8995
37
37
37
39.4853
39.8995
36
36
36
36
38.4853
35
35
35
35
37.4853
34
34
34
34
36.0711
36.4853
33
33
33
33
33
33
35.0711
32
32
32
32
34.0711
31
31
31
31
32.6569
33.0711
30
30
30
30
30
31.6569
29
29
29
30.6569
28
28
28
28
28
29.6569
27
27
27
27
27.8284
28.2426
29.2426
26
26
26
26
26
26
26.8284
25
25
25
25
25.8284
24
24
24
24
24.8284
23
23
23
23
23
23
23
23
23.8284
22
22
22
22
22
22
22
22
22
22.4142
22.8284
21
21
21
21.4142
20
20
20
20.4142
19
19
19
19.4142
18
18
18
18
18.4142
17
17
17
17.4142
16
16
16
16.4142
15
15
15
15.4142
14
14
14
14.4142
13
13
13
13
13.4142
12
12
12
12
12.4142
11
11
11
11
10
10
10
10
9
9
9
9
8
8
8
8
7
7
7
7
6
6
6
6
6
6
6
6
6
6
6
6
6
6
6
6
6
6
6
6
6
6
6
6
6
6
6
6
6
6
6
6
6
6
6
6
6
6
6
6
6
6
6
6
6
6
6
6
6
6
6
6
6
6
6
6
6
6
6
6
6
6
6
6
6
6
6
6
6
6
6
6
6
6
6
6
6
6
6
6
6
6
6
6
6
6
6
6
6
6
6
6
6
6
6
6
6
6
6
6
6
6
6
6
6
6
6
6
6
6
6
6
6
6
6
6
6
6
6
6
6
6
6
6
6
6
6
6
6
6
6
6
6
6
6
6
6
6
6
6
6
6
6
6
6
6
6
6
6
6
6
6
6
6
6
6
6
6
6
6
6
6
6
6
6
6
6
6
6
6
6
6
6
6
6
6
6
6
6
6
6
6
6
6
6
6
6
6
6
6
6
6
6
6
6
6
6
6
6
6
6
6
6
6
6
6
6
6
6
6
6
6
6
6
6
6
6
6
6
6
6
6
6
6
6
6
6
6
6
6
6
6
6
6
6
6
6
6
6
6
6
6
6
6
6
6
6
6
6
6
6
6
6
6
6
6
6
6
6
6
6
6
6
6
6
6
6
6
6
6
6
6
6
6
6
6
6
6
6
6
6
6
6
6
6
6
6
6
6
6
6
6
6
6
6
6
6
6
6
6
6
6
6
6
6
6
6
6
6
