6
6
6
6
6
6
6
6
6
6
6
6
6
6
6
6
6
6
6
6
6
6
6
6
6
6
6
6
6
6
6
6
6
6
6
6
6
6
6
6
6
6
6
6
6
6
6
6
6
6
6
6
6
6
6
6
6
6
6
6
6
6
6
6
6
6
6
6
6
6
6
6
6
6
6
6
6
6
6
6
6
6
6
6
6
6
6
6
6
6
6
6
6
6
6
6
6
6
6
6
6
6
6
6
6
6
6
6
6
6
6
6
6
6
6
6
6
6
6
6
6
6
6
6
6
6
6
6
6
6
6
6
6
6
6
6
6
6
6
6
6
6
6
6
6
6
6
6
6
6
6
6
6
6
6
6
6
6
6
6
6
6
6
6
6
6
6
6
6
6
6
6
6
6
6
6
6
6
6
6
6
6
6
6
6
6
6
6
6
6
6
6
6
6
6
6
6
6
6
6
6
6
6
6
6
6
6
6
6
6
6
6
6
6
6
6
6
6
6
6
6
6
6
6
6
6
6
6
6
6
6
6
6
6
6
6
6
6
6
6
6
6
6
6
6
6
6
6
6
6
6
6
6
6
6
6
6
6
6
6
6
6
6
6
6
6
6
6
6
6
6
6
6
6
6
6
6
6
6
6
6
6
6
6
6
6
6
6
6
6
6
6
6
6
6
6
6
6
6
6
7
7
7
7
7
7
7
7
7
7
7
7
8.41421
8
8
8
8
8
8
8
8
8
8
8
8
9.41421
9
9.41421
9
9
9
9
9
9
9
9
9
9
10.4142
10.4142
10.4142
10
10
10
10
10
10
10
10
10
10
11.4142
11.4142
11.4142
11
11.4142
11.4142
11
11
11
11
11
11
11
11
12.4142
12.4142
12.4142
12.4142
12.4142
12
12
12
12
12
12
12
13.4142
13.4142
13.4142
13.4142
13.4142
13
13
13
13
13
13
13
13
13
14.4142
14.4142
14.8284
15.8284
15.8284
14.8284
14.4142
14.4142
14.4142
14
14.4142
14
14
14
14
14
14
15.8284
15.4142
16.2426
16.2426
15.4142
15.8284
15.8284
15.4142
15.4142
15
15
15
15
15
15
16.8284
17.2426
17.6569
17.6569
17.2426
16.8284
17.2426
17.2426
16.8284
16.4142
17.4142
16.4142
16
16
16
16
16
16
18.2426
17.8284
18.6569
18.6569
18.2426
18.2426
17.4142
17.8284
17.8284
17
17
17
17
17
19.2426
19.6569
20.0711
20.0711
19.6569
19.2426
19.6569
20.6569
20.6569
19.6569
19.2426
18.8284
18.8284
18
18
18
18
18
18
21.6569
20.6569
20.2426
21.0711
21.4853
22.4853
21.4853
21.0711
21.0711
22.0711
22.0711
21.0711
19.8284
19.8284
19
19
19
19
19
22.0711
22.4853
22.8995
23.8995
23.8995
22.8995
22.4853
23.4853
24.4853
25.4853
25.4853
24.4853
23.4853
22.4853
20.8284
21.2426
22.2426
21.2426
20.8284
20
20
20
20
20
23.0711
24.3137
24.3137
25.8995
25.8995
22.6569
22.2426
21
21
21
21
21
24.4853
24.0711
25.3137
25.7279
26.7279
26.7279
25.7279
25.3137
26.3137
27.3137
28.3137
28.3137
27.3137
26.3137
23.6569
23.2426
22
23.4142
22.4142
22
22
22
22
25.8995
25.4853
27.1421
28.1421
29.1421
30.1421
30.1421
29.1421
28.1421
27.1421
28.7279
29.7279
30.7279
31.7279
32.7279
33.7279
34.7279
35.7279
34.7279
33.7279
32.7279
31.7279
30.7279
29.7279
28.7279
24.6569
25.0711
24.2426
23
23.8284
23
23
23
28.3137
27.3137
26.8995
30.5563
31.5563
32.5563
33.5563
34.5563
34.5563
33.5563
32.5563
31.5563
30.5563
26.0711
25.6569
25.2426
24
24.8284
24
24
24
24
24
29.7279
28.7279
34.9706
35.9706
36.9706
37.9706
38.9706
37.9706
36.9706
35.9706
34.9706
27.0711
27.4853
26.6569
25
25.8284
25
25
25
31.1421
30.1421
28.4853
28.8995
28.0711
27.6569
26
26.8284
26
26
26
32.5563
31.5563
27
27
27
27
27
27
27
27
27
27
27
27
29.8995
29.0711
27
27.8284
27
27
27
27
35.9706
34.9706
33.9706
32.9706
28
28
28
28
28
28
28
28
28
28
28
28
30.8995
31.3137
32.3137
31.4853
30.4853
30.0711
28
28.8284
28
28
28
39.3848
38.3848
37.3848
36.3848
29
29
32.7279
33.7279
32.8995
31.8995
29
29.4142
30.4142
30.2426
29.8284
29
29
29
39.799
30
30
30
30
30
30
30
30
34.1421
33.3137
30.8284
31.2426
30
30
30
30
38.8284
39.8284
40.8284
41.8284
41.2132
40.2132
31
31
31
31
31
31
31
35.1421
35.5564
34.7279
34.3137
31.8284
32.2426
31
31
31
32.4142
33.4142
34.4142
35.4142
36.4142
37.4142
38.4142
32
32
32
32
36.5564
36.9706
37.9706
35.7279
32.8284
33.2426
32
32
32
33
33
33
33
33
33
38.3848
39.3848
38.1421
37.1421
36.7279
33.8284
34.2426
33
33
34
34
34
34
34
34
39.799
40.799
41.799
39.5564
38.5564
34.8284
35.2426
34
34
34
35
35
35
35
42.2132
43.2132
44.2132
40.9706
39.9706
35.8284
36.6569
36.2426
35
35
36
36
36
36
44.6274
45.6274
46.6274
44.3848
43.3848
42.3848
41.3848
36.8284
37.6569
36
36
37
37
47.0416
48.0416
45.799
44.799
37.8284
38.2426
38.6569
37
37
38
38
38
48.4559
46.2132
39.2426
39.6569
38
38
38
39
39
39
39
48.8701
49.8701
50.8701
51.8701
49.6274
48.6274
47.6274
46.6274
40.2426
42.0711
41.0711
40.6569
39
39
40
40
40
52.2843
53.2843
54.2843
55.2843
56.2843
52.0416
51.0416
50.0416
41.2426
42.4853
40
40
41
41
41
41
56.6985
57.6985
58.6985
59.6985
60.6985
56.4559
55.4559
54.4559
53.4559
52.4559
42.2426
42.6569
43.8995
43.4853
41
41
42.4142
42
42
42
61.1127
62.1127
63.1127
64.1127
65.1127
66.1127
67.1127
68.1127
69.1127
68.8701
67.8701
66.8701
65.8701
64.8701
63.8701
62.8701
61.8701
60.8701
59.8701
58.8701
57.8701
56.8701
43.6569
44.8995
42
42
42
42
43.4142
43
43.4142
50.0416
50.4558
50.0416
49.6274
49.2132
48.799
48.3848
47.9706
47.5563
47.1421
46.7279
46.3137
45.8995
45.4853
45.0711
44.6569
44.2426
43.8284
44.6569
46.3137
45.8995
43
43
44.8284
44.4142
44.4142
49.799
50.2132
50.6274
51.0416
44.8284
44.4142
44
44
44
45.6569
46.0711
47.3137
44
44
45.8284
45.4142
49.5563
49.9706
50.3848
50.799
45
45
45
47.0711
48.7279
48.3137
45
45
45
46.8284
46.4142
50.5563
46
48.0711
48.4853
49.4853
51.1421
50.1421
49.7279
46
46
47.8284
47.4142
50.7279
51.1421
51.5563
47
47
47
47
49.8995
51.5564
47
47
49.2426
48.8284
48.4142
48.8284
50.8995
51.3137
51.7279
48
48
50.8995
51.3137
52.5564
48
48
50.2426
49.8284
51.4853
51.8995
49
49
49
49
52.3137
53.9706
53.5564
49
49
49
51.2426
50.8284
52.0711
52.4853
50
50
53.3137
53.7279
55.3848
54.9706
50
50
52.2426
51.8284
52.2426
52.6569
53.0711
51
51
54.7279
55.1421
56.1421
56.799
56.3848
51
51
53.2426
52.8284
52.8284
53.2426
52
52
56.5564
57.5564
59.2132
58.2132
57.799
52
52
54.2426
53.8284
53.4142
53.8284
53
57.9706
58.9706
59.9706
61.6274
60.6274
59.6274
53
53
53
55.2426
54.8284
54.4142
54
60.3848
61.3848
62.3848
64.0416
63.0416
62.0416
54
54
56.2426
55.8284
55
55.4142
55
55
55
62.799
64.4559
55
55
57.2426
56.8284
56
56
56
63.2132
64.2132
65.2132
66.8701
65.8701
64.8701
56
56
58.2426
57.8284
57
57
57
57
65.6274
66.6274
67.6274
68.6274
69.6274
71.2843
70.2843
69.2843
68.2843
67.2843
57
57
59.2426
59.2426
58.8284
58
58
58
70.0416
71.0416
72.0416
73.0416
74.0416
75.0416
76.0416
77.0416
78.0416
77.6985
76.6985
75.6985
74.6985
73.6985
72.6985
71.6985
58
58
60.2426
60.6569
60.2426
59
59
59
59
59
59
59
61.6569
61.2426
60
60
60
60
60
60
62.6569
62.2426
61
61
61
61
61
63.6569
63.6569
63.2426
62
62
62
62
62
64.6569
65.0711
64.6569
63
63
63
63.4142
63
66.0711
65.6569
64
64
64.4142
64
67.0711
68.0711
67.0711
66.6569
65
65
65.4142
65
68.0711
68.4853
69.4853
68.4853
66
66
66
66.4142
66
69.8995
69.8995
69.4853
67
67
67
67.4142
67
67
70.8995
71.3137
70.8995
68
68
68.4142
68
72.3137
72.7279
72.3137
71.8995
69
69
69.4142
69
73.7279
74.1421
73.7279
73.3137
70
70
70.4142
70
75.1421
75.5564
76.5564
76.1421
75.1421
74.7279
71
71
71.4142
71.8284
72.8284
71
76.9706
77.9706
77.5564
76.5564
72
72
73.2426
72
78.3848
77.9706
73
73
74.2426
73
79.3848
79.799
79.3848
78.9706
74
74
75.2426
74.4142
74
80.799
81.2132
82.2132
82.799
81.799
80.799
80.3848
75
75
76.2426
75.4142
82.6274
83.6274
84.6274
85.2132
84.2132
83.2132
76
76
77.2426
77.6569
76.4142
85.0416
86.0416
87.0416
88.0416
88.6274
87.6274
86.6274
85.6274
77
77.4142
77
78.6569
77.4142
88.4559
89.4559
90.4559
91.4559
92.4559
93.0416
92.0416
91.0416
90.0416
89.0416
78.4142
78
79.6569
78.4142
92.8701
93.8701
94.8701
95.8701
96.8701
97.8701
98.8701
99.4559
98.4559
97.4559
96.4559
95.4559
94.4559
93.4559
79.4142
79.4142
79
80.6569
81.0711
79.4142
80.4142
80.4142
82.0711
81.8284
80.8284
80.4142
81.4142
81.4142
83.0711
82.2426
82.4142
82.8284
82.4142
84.0711
84.4853
83.2426
83.8284
83.8284
83.4142
85.4853
84.2426
84.8284
85.2426
84.8284
86.4853
86.8995
87.8995
85.6569
85.2426
86.2426
85.8284
88.3137
86.6569
87.2426
87.6569
88.6569
88.2426
87.2426
86.8284
89.3137
89.7279
88.0711
87.6569
89.0711
88.6569
90.7279
91.1422
89.0711
90.0711
90.4853
90.0711
89.6569
91.7279
91.3137
90.8995
90.4853
90.0711
89.6569
89.2426
88.8284
88.4142
88
88
88
88
92.1422
92.5564
90.4853
90.0711
91.4853
91.8995
91.4853
91.0711
92.7279
89
93.5564
92.8995
91.8995
91.4853
92.8995
92.4853
97.0416
96.6274
96.2132
95.799
95.3848
94.9706
94.5564
94.1421
93.7279
90
90
90
90
90
90
90
102.012
101.598
101.184
100.77
100.355
99.9412
99.5269
99.1127
98.6985
98.2843
97.8701
97.4559
97.0416
96.6274
96.2132
95.799
95.3848
94.9706
94.5564
93.3137
93.8995
94.3137
94.8995
93.8995
93.4853
100.113
99.6985
99.2843
98.8701
98.4559
98.0416
91
91
91
91
102.598
103.012
103.426
103.841
103.841
103.426
103.012
95.9706
95.5564
95.1421
94.7279
94.3137
93.8995
93.4853
95.5564
95.9706
96.9706
94.7279
94.3137
92.4142
92.8284
93.2426
93.6569
94.0711
94.4853
94.8995
95.3137
95.7279
93.6569
93.2426
92.8284
93.2426
93.6569
94.0711
94.4853
94.8995
95.3137
95.7279
96.1421
96.5563
96.9706
97.3848
97.799
98.2132
98.6274
99.0416
99.4558
99.8701
95.3137
95.7279
96.7279
95.3137
103.598
103.184
102.77
102.355
101.941
101.527
101.113
92
92
92
92
102.355
102.77
103.184
103.598
94.4853
94.0711
93.6569
93.2426
92.8284
97.3848
98.3848
95.7279
92
96.7279
97.1422
97.5564
97.9706
96.3137
95.8995
95.4853
95.0711
94.6569
100.87
101.284
101.698
97.1422
98.1422
96.7279
96.3137
107.498
107.083
106.669
106.255
105.841
105.426
105.012
104.598
93
93
93
102.113
102.527
102.941
103.355
93.8284
93.4142
93
93
98.799
99.799
100.799
101.799
98.1422
97.1422
96.7279
93
98.9706
99.3848
99.799
100.213
99.799
98.1421
97.7279
97.3137
102.698
102.284
101.87
101.456
101.042
98.5564
99.5564
98.1422
97.7279
109.326
109.74
110.154
110.154
109.74
109.326
108.912
108.498
94
94
94
101.87
102.284
102.699
103.113
94
94
94
102.213
103.213
100.556
99.5564
98.5564
94
100.799
100.385
99.9706
99.5563
99.9706
99.5564
99.1421
102.042
101.627
101.213
99.9706
100.971
101.971
101.556
100.556
99.5564
99.1422
105.355
105.77
106.184
106.598
107.012
107.426
107.841
108.255
108.669
109.083
109.498
109.912
110.326
95
95
102.042
102.456
102.87
95
95
95
95
103.627
104.627
105.627
101.971
100.971
95
100.556
100.142
101.799
101.385
100.971
102.213
101.799
101.385
102.385
103.385
104.385
102.971
101.971
102.627
103.042
103.456
103.87
104.284
104.699
105.113
105.527
105.941
106.355
96
96
102.627
103.042
96
96
106.042
107.042
108.042
109.042
105.385
104.385
103.385
102.385
96
101.142
102.799
102.385
104.799
105.799
106.799
107.799
106.385
105.385
104.385
103.385
103.627
97
103.627
97
109.456
110.456
111.456
112.456
108.799
107.799
106.799
105.799
97
102.142
101.728
101.314
100.899
104.213
103.799
103.385
102.971
108.213
106.799
102.556
102.971
103.385
103.799
104.213
104.627
98
98
98
103.799
104.213
104.627
98
98
98
98
112.87
109.213
98
101.899
101.485
106.042
105.627
105.213
103.971
103.556
103.142
108.627
109.627
110.627
109.213
108.213
107.213
101.899
102.314
102.728
103.142
103.556
99
99
104.385
104.799
99
99
113.284
114.284
115.284
116.284
117.284
118.284
118.627
117.627
116.627
115.627
114.627
113.627
112.627
111.627
110.627
109.627
99
102.485
102.071
107.456
107.042
104.142
103.728
111.042
112.042
113.042
114.042
115.042
113.627
112.627
111.627
110.627
109.627
101.657
102.071
102.485
102.899
100
100
104.971
105.385
100
100
100
103.071
102.657
102.243
108.87
108.456
104.728
104.314
115.456
116.456
117.456
118.456
119.456
120.456
121.456
122.042
121.042
120.042
119.042
118.042
117.042
116.042
115.042
114.042
101.828
102.243
102.657
101
105.556
105.971
101
101
101
101
103.243
103.657
110.699
110.284
109.87
105.314
104.899
102
102.414
102.828
102
102
105.728
106.142
106.556
102
102
102
104.657
111.699
105.899
103
103
103
103
103
103
106.314
106.728
103
103
103
105.657
106.071
113.113
112.699
106.899
106.485
106.071
104
104
104
107.314
104
104
107.071
107.485
114.527
114.113
107.071
105
105
105
105
107.899
108.314
105
105
105
105
105
105
105
105
108.485
115.527
108.071
106
106
108.899
106
106
109.485
116.527
109.071
108.657
107
107
107
109.899
107
107
107
107
107
107
107
110.485
110.899
111.314
117.527
109.657
108
108
108
108
110.071
110.485
110.899
108
108
108
108
112.314
118.941
118.527
110.657
110.243
109.414
109
109
109
111.071
109
109
109
109
113.314
113.728
119.941
111.243
110.414
110
111.657
112.071
110
110
110
110
114.728
121.77
121.355
120.941
112.243
111.828
111.414
111.828
111.414
111
112.657
111
111
111
111
115.728
122.77
112.414
112.828
112
112
112
113.657
112
112
116.728
117.142
123.77
113.414
114.243
113.828
113
114.657
113
113
113
118.142
124.77
114.414
115.243
114
115.657
114
114
119.142
125.77
115.414
116.243
115
116.243
116.657
115
115
120.142
126.77
116.414
117.243
116
117.243
116
116
116
116
121.142
127.77
117.414
118.243
117
118.243
117
117
117
117
122.142
129.184
128.77
118.414
118
119.243
118
119.243
118
118
123.142
130.184
119
120.243
119
120.243
119
119
124.142
124.556
124.971
125.385
125.799
126.213
126.627
127.042
127.456
127.87
128.284
128.699
129.113
129.527
129.941
130.355
130.77
131.184
131.598
132.012
132.426
132.841
132.841
132.426
132.012
131.598
131.184
120
120
120
120
120
120
120
120
120.414
120.828
121.243
121.657
122.071
122.485
122.9
123.314
123.728
124.142
124.556
124.971
125.385
125.799
126.213
126.627
127.042
127.456
127.87
128.284
128.699
129.113
129.527
129.941
130.355
130.77
131.184
131.598
132.012
132.426
132.841
132.841
132.426
132.012
131.598
131.184
130.77
130.355
129.941
129.527
129.113
128.699
128.284
127.87
127.456
127.042
126.627
126.213
125.799
125.385
124.971
124.556
124.142
123.728
123.314
122.9
122.485
122.071
121.657
121.243
120
120
120
120
120
120
120
120
120
120
120
120
120.414
120.828
121.243
120
120
120
120
120
120
120
120
120
120
120
120
120
120
120
120
120
120
120
120
120.414
120.828
121.243
121.657
122.071
122.485
122.9
123.314
123.728
124.142
124.556
124.971
125.385
125.799
126.213
126.627
127.042
127.456
127.87
128.284
128.699
129.113
129.527
129.941
130.355
130.77
131.184
131.598
132.012
132.426
132.426
132.012
131.598
131.184
130.77
130.355
129.941
129.527
129.113
128.699
128.284
127.87
127.456
127.042
126.627
126.213
125.799
125.385
124.971
124.556
124.142
123.728
123.314
122.9
122.485
122.071
121.657
121.243
120.828
120.414
120
120
120
120
120
120
