6
6
6
6
6
6
6
6
6
6
6
6
6
6
6
6
6
6
6
6
6
6
6
6
6
6
6
6
6
6
6
6
6
6
6
6
6
6
6
6
6
6
6
6
6
6
6
6
6
6
6
6
6
6
6
6
6
6
6
6
6
6
6
6
6
6
6
6
6
6
6
6
6
6
6
6
6
6
6
6
6
6
6
6
6
6
6
6
6
6
6
6
6
6
6
6
6
6
6
6
6
6
6
6
6
6
6
6
6
6
6
6
6
6
6
6
6
6
6
6
6
6
6
6
6
6
6
6
6
6
6
6
6
6
6
6
6
6
6
6
6
6
6
6
6
6
6
6
6
6
6
6
6
6
6
6
6
6
6
6
6
6
6
6
6
6
6
6
6
6
6
6
6
6
6
6
6
6
6
6
6
6
6
6
6
6
6
6
6
6
6
6
6
6
6
6
6
6
6
6
6
6
6
6
6
6
6
6
6
6
6
6
6
6
6
6
6
6
6
6
6
6
6
6
6
6
6
6
6
6
6
6
6
6
6
6
6
6
6
6
6
6
6
6
6
6
6
6
6
6
6
6
6
6
6
6
6
6
6
6
6
6
6
6
6
6
6
6
6
6
6
6
6
6
6
6
6
6
6
6
6
6
6
6
6
6
6
6
6
6
6
6
6
6
6
6
6
6
6
6
6
6
6
6
6
6
6
6
6
6
6
6
6
6
6
6
6
6
6
6
6
6
6
6
6
6
6
6
6
6
6
6
6
6
6
6
6
6
6
6
6
6
6
6
6
6
6
6
6
6
6
6
6
6
6
6
6
6
6
6
6
6
6
6
6
6
7
7
7
7
8
8
8
8
9
9
9
9
10
10
10
10
11.4142
11
11
11
11
12.4142
12
12
12
13.4142
13
13
13
14.4142
14
14
14
15.4142
15
15
15
16.4142
16
16
16
17.4142
17
17
17
18.8284
18.4142
18
18
18
19.8284
19
19
19
20.8284
20
20
20
21.8284
21
21
21
22.8284
22
22
22
25.2426
24.2426
23.8284
23
23
23
25.6569
24
24.4142
24
24
27.0711
26.6569
25.4142
25.4142
25
25
28.0711
26.4142
26.4142
26
29.0711
27.4142
27.4142
27
30.4853
30.0711
28.4142
28.4142
28
31.4853
29.4142
29.4142
29
32.4853
30.4142
30.4142
30
34.8995
33.8995
33.4853
31.4142
31.4142
31
36.3137
35.3137
32.4142
32.4142
32
36.7279
33.4142
33.4142
33
38.1421
37.7279
34.4142
34.4142
34
39.5564
39.1421
35.4142
35.4142
35
41.9706
40.9706
40.5564
36.4142
36.4142
36
42.3848
37.4142
37.4142
37
43.3848
38.4142
38.4142
38
44.799
44.3848
39.4142
39.4142
39
46.2132
45.799
40.4142
40.4142
40
48.6274
47.6274
47.2132
41.4142
41.4142
41
50.0416
49.0416
42.4142
42.4142
42
52.4559
51.4559
50.4559
43.4142
43.8284
43.4142
43
54.8701
53.8701
52.8701
44.4142
44.8284
44
56.2843
55.2843
45.4142
45.8284
45
159.498
158.498
157.498
156.498
155.498
154.498
153.498
152.498
151.498
150.498
149.498
148.498
148.083
58.6985
57.6985
56.6985
46.4142
46.8284
46
159.083
147.083
59.1127
47.4142
47.8284
47
167.669
166.669
165.669
164.669
163.669
162.669
161.669
160.669
159.669
158.669
146.669
145.669
144.669
143.669
142.669
141.669
140.669
139.669
138.669
137.669
136.669
62.5269
61.5269
60.5269
59.5269
48.4142
48.8284
48
171.012
172.012
171.255
170.255
169.255
168.255
167.255
136.255
135.255
134.255
133.255
132.255
131.255
130.255
129.255
128.255
65.9411
64.9411
63.9412
62.9412
49.4142
49.8284
49
166.598
167.598
168.598
169.598
170.598
127.841
126.841
125.841
124.841
123.841
122.841
121.841
68.3554
67.3554
66.3554
50.4142
50.8284
50
162.184
163.184
164.184
165.184
166.184
121.426
120.426
119.426
118.426
117.426
116.426
115.426
72.7696
71.7696
70.7696
69.7696
68.7696
51.4142
51.8284
51
157.77
158.77
159.77
160.77
161.77
115.012
114.012
113.012
112.012
111.012
110.012
109.012
108.012
107.012
79.1838
78.1838
77.1838
76.1838
75.1838
74.1838
73.1838
52.4142
52.8284
52
155.355
156.355
157.355
106.598
105.598
104.598
103.598
102.598
101.598
100.598
99.598
98.598
97.598
96.598
95.598
94.598
93.598
92.598
91.598
90.598
89.598
88.598
87.598
86.598
85.598
84.598
83.598
82.598
81.598
80.598
79.598
53.4142
53.8284
53
152.527
152.941
153.941
154.941
54.4142
54.8284
54
151.527
55.4142
55.8284
55
149.113
150.113
151.113
56.4142
56.8284
56
145.699
146.699
147.699
148.699
57.4142
57.8284
58.2426
57.8284
57
142.284
143.284
144.284
145.284
58.8284
59.2426
58
139.87
140.87
141.87
59.8284
60.2426
59
136.456
137.456
138.456
139.456
60.8284
61.2426
60
135.042
136.042
61.8284
62.2426
61
132.627
133.627
134.627
62.8284
63.2426
62
129.799
130.213
131.213
132.213
63.8284
64.2426
63
128.799
64.8284
65.2426
64
125.385
126.385
127.385
128.385
65.8284
66.2426
65
122.971
123.971
124.971
66.8284
67.2426
66
119.556
120.556
121.556
122.556
67.8284
68.2426
67
117.142
118.142
119.142
68.8284
69.2426
68
113.728
114.728
115.728
116.728
69.8284
71.6569
70.6569
70.2426
69
111.314
112.314
113.314
70.8284
72.0711
70
107.9
108.9
109.9
110.9
71.8284
73.0711
71
104.071
104.485
105.485
106.485
107.485
72.8284
74.0711
72
103.071
73.8284
75.0711
73
98.6569
99.6569
100.657
101.657
102.657
74.8284
76.0711
74
93.2426
94.2426
95.2426
96.2426
97.2426
98.2426
75.8284
77.0711
75
83.8284
84.8284
85.8284
86.8284
87.8284
88.8284
89.8284
90.8284
91.8284
92.8284
76.8284
78.0711
76
77.4142
78.4142
79.4142
80.4142
81.4142
82.4142
83.4142
77.8284
79.0711
77
78.8284
80.0711
79.8284
81.0711
80.8284
82.0711
81.8284
83.0711
82.8284
84.4853
84.0711
83.8284
84.2426
85.2426
85.4853
85.6569
86.4853
86.6569
87.4853
87.6569
88.4853
88.6569
89.4853
89.6569
90.4853
90.6569
91.4853
91.6569
92.4853
92.6569
93.4853
93.6569
94.4853
94.6569
95.4853
95.6569
96.4853
96.6569
97.4853
97.6569
98.4853
98.6569
99.8995
99.4853
99.6569
100.9
100.657
101.9
101.657
102.9
102.657
103.9
103.657
104.9
104.657
105.9
105.657
106.9
106.657
107.9
107.657
108.9
108.657
109.9
109.657
110.9
110.657
111.9
111.657
112.9
112.657
113.9
113.657
114.9
114.657
115.9
115.657
116.9
116.657
117.9
117.657
118.9
118.657
119.9
119.657
120.9
120.657
121.9
120.414
120.828
121.243
121.657
122.071
122.485
122.9
123.314
123.728
124.142
124.556
124.971
125.385
125.799
126.213
126.627
127.042
127.456
127.87
128.284
128.699
129.113
129.527
129.941
130.355
130.77
131.184
131.598
132.012
132.426
132.841
133.255
133.669
134.083
134.498
134.912
135.326
135.74
136.154
136.569
136.983
137.397
137.811
138.225
139.225
140.225
141.225
142.225
143.225
144.225
145.225
146.225
147.225
148.225
149.225
150.225
151.225
152.225
153.225
154.225
155.225
156.225
157.225
158.225
159.225
160.225
161.225
162.225
163.225
164.225
165.225
166.225
167.225
168.225
169.225
170.225
171.225
172.225
173.225
174.225
175.225
176.225
177.225
178.225
179.225
180.225
181.225
182.225
183.225
184.225
185.225
186.225
187.225
188.225
187.35
186.35
185.35
184.35
183.35
182.35
181.35
180.35
179.35
178.35
177.35
176.35
175.35
174.35
173.35
172.35
171.35
170.35
169.35
168.35
167.35
166.35
165.35
164.35
163.35
162.35
161.35
160.35
159.35
158.936
158.522
158.108
157.694
157.279
156.865
156.451
156.037
155.622
155.208
154.794
154.38
153.966
153.551
153.137
152.723
152.309
151.895
151.48
151.066
150.652
150.238
149.823
149.409
148.995
148.581
148.167
147.752
147.338
146.924
146.51
146.096
145.681
145.267
144.853
144.439
144.024
143.61
143.196
142.782
142.368
141.953
141.539
141.125
140.711
140.297
139.882
139.468
139.054
138.64
138.225
137.811
137.397
136.983
136.569
136.154
135.74
135.326
134.912
134.498
134.083
133.669
133.255
132.841
132.426
132.012
131.598
131.184
130.77
130.355
129.941
129.527
129.113
128.699
128.284
127.87
127.456
127.042
126.627
126.213
125.799
125.385
124.971
124.556
124.142
123.728
123.314
122.899
122.485
122.071
121.657
121.243
120.828
120.414
120
120
120
120
120
120
120
120
120
120
120
120
120
120
120
120
120
120
120
120
120
120
120
120
120
120
120
120
120
120
120
120
120
120
120
120
120
120
120
120
120
120
120
120
120
120
120
120
120
120
120
120
120
120
120
120
120
120
120
120
120
120
120
120
120
120
120
120
120
120
120
120
120
120.414
120.828
121.243
121.657
122.9
122.485
122.071
121.657
121.243
120.828
120.414
120
120
120
120
120
120
120
120
120
120
120
120
120
120
120
120
120
120
120
120
120
120
120
120
120
120
120
120
120
120
120
120
120
120
120
120
120
120
120
120
120
120
120
120
120
120
120
120
120
120
120
120
120
120
120
120
120
120
120
120
120
120
120
120
120
120
120
120
120
120
120
120
120
120
120
120
120
