1.16914
1.17259
1.17604
1.17949
1.18294
1.1864
1.18985
1.1933
1.19675
1.2002
1.20366
1.20711
1.21056
1.21401
1.21746
1.22091
1.22437
1.22782
1.22782
1.22437
1.22091
1.21746
1.21401
1.21056
1.20711
1.20366
1.2002
1.19675
1.1933
1.18985
1.1864
1.18294
1.17949
1.17604
1.17259
1.16914
1.16569
1.16223
1.15878
1.15533
1.15188
1.14843
1.14498
1.14152
1.13807
1.13462
1.13117
1.12772
1.12426
1.12081
1.11736
1.11391
1.11046
1.10701
1.10355
1.1001
1.09665
1.0932
1.08975
1.08629
1.08284
1.07939
1.17056
1.17404
1.17752
1.181
1.18448
1.18796
1.19144
1.19492
1.19841
1.20189
1.20537
1.20885
1.21233
1.21581
1.21929
1.22277
1.22625
1.22973
1.22973
1.22625
1.22277
1.21929
1.21581
1.21233
1.20885
1.20537
1.20189
1.19841
1.19492
1.19144
1.18796
1.18448
1.181
1.17752
1.17404
1.17056
1.16708
1.1636
1.16012
1.15664
1.15316
1.14967
1.14619
1.14271
1.13923
1.13575
1.13227
1.12879
1.12531
1.12183
1.11835
1.11487
1.11139
1.1079
1.10442
1.10094
1.09746
1.09398
1.0905
1.08702
1.08354
1.08006
1.172
1.17551
1.17903
1.18254
1.18605
1.18956
1.19307
1.19658
1.20009
1.2036
1.20711
1.21062
1.21413
1.21764
1.22115
1.22466
1.22817
1.23168
1.23168
1.22817
1.22466
1.22115
1.21764
1.21413
1.21062
1.20711
1.2036
1.20009
1.19658
1.19307
1.18956
1.18605
1.18254
1.17903
1.17551
1.172
1.16849
1.16498
1.16147
1.15796
1.15445
1.15094
1.14743
1.14392
1.14041
1.1369
1.13339
1.12988
1.12637
1.12286
1.11935
1.11584
1.11233
1.10882
1.10531
1.1018
1.09829
1.09478
1.09127
1.08776
1.08425
1.08074
1.17347
1.17701
1.18056
1.1841
1.18764
1.19118
1.19472
1.19826
1.2018
1.20534
1.20888
1.21242
1.21596
1.2195
1.22304
1.22658
1.23012
1.23366
1.23366
1.23012
1.22658
1.22304
1.2195
1.21596
1.21242
1.20888
1.20534
1.2018
1.19826
1.19472
1.19118
1.18764
1.1841
1.18056
1.17701
1.17347
1.16993
1.16639
1.16285
1.15931
1.15577
1.15223
1.14869
1.14515
1.14161
1.13807
1.13453
1.13099
1.12745
1.12391
1.12037
1.11683
1.11329
1.10975
1.10621
1.10267
1.09913
1.09559
1.09205
1.08851
1.08497
1.08143
1.17497
1.17854
1.18211
1.18568
1.18925
1.19282
1.19639
1.19997
1.20354
1.20711
1.21068
1.21425
1.21782
1.22139
1.22496
1.22853
1.2321
1.23567
1.23567
1.2321
1.22853
1.22496
1.22139
1.21782
1.21425
1.21068
1.20711
1.20354
1.19997
1.19639
1.19282
1.18925
1.18568
1.18211
1.17854
1.17497
1.1714
1.16783
1.16426
1.16069
1.15712
1.15355
1.14997
1.1464
1.14283
1.13926
1.13569
1.13212
1.12855
1.12498
1.12141
1.11784
1.11427
1.1107
1.10712
1.10355
1.09998
1.09641
1.09284
1.08927
1.0857
1.08213
1.07856
1.17649
1.18009
1.1837
1.1873
1.1909
1.1945
1.1981
1.2017
1.20531
1.20891
1.21251
1.21611
1.21971
1.22332
1.22692
1.23052
1.23412
1.23772
1.23772
1.23412
1.23052
1.22692
1.22332
1.21971
1.21611
1.21251
1.20891
1.20531
1.2017
1.1981
1.1945
1.1909
1.1873
1.1837
1.18009
1.17649
1.17289
1.16929
1.16569
1.16208
1.15848
1.15488
1.15128
1.14768
1.14407
1.14047
1.13687
1.13327
1.12967
1.12607
1.12246
1.11886
1.11526
1.11166
1.10806
1.10445
1.10085
1.09725
1.09365
1.09005
1.08644
1.08284
1.07924
1.17804
1.18167
1.18531
1.18894
1.19257
1.19621
1.19984
1.20347
1.20711
1.21074
1.21437
1.21801
1.22164
1.22527
1.22891
1.23254
1.23618
1.23981
1.23981
1.23618
1.23254
1.22891
1.22527
1.22164
1.21801
1.21437
1.21074
1.20711
1.20347
1.19984
1.19621
1.19257
1.18894
1.18531
1.18167
1.17804
1.17441
1.17077
1.16714
1.16351
1.15987
1.15624
1.15261
1.14897
1.14534
1.14171
1.13807
1.13444
1.1308
1.12717
1.12354
1.1199
1.11627
1.11264
1.109
1.10537
1.10174
1.0981
1.09447
1.09084
1.0872
1.08357
1.07994
1.17962
1.18328
1.18695
1.19061
1.19428
1.19794
1.20161
1.20527
1.20894
1.21261
1.21627
1.21994
1.2236
1.22727
1.23093
1.2346
1.23827
1.24193
1.24193
1.23827
1.2346
1.23093
1.22727
1.2236
1.21994
1.21627
1.21261
1.20894
1.20527
1.20161
1.19794
1.19428
1.19061
1.18695
1.18328
1.17962
1.17595
1.17228
1.16862
1.16495
1.16129
1.15762
1.15396
1.15029
1.14662
1.14296
1.13929
1.13563
1.13196
1.1283
1.12463
1.12097
1.1173
1.11363
1.10997
1.1063
1.10264
1.09897
1.09531
1.09164
1.08797
1.08431
1.08064
1.17382
1.17752
1.18122
1.18492
1.18862
1.19231
1.19601
1.19971
1.20341
1.20711
1.21081
1.2145
1.2182
1.2219
1.2256
1.2293
1.233
1.23669
1.24039
1.24409
1.24409
1.24039
1.23669
1.233
1.2293
1.2256
1.2219
1.2182
1.2145
1.21081
1.20711
1.20341
1.19971
1.19601
1.19231
1.18862
1.18492
1.18122
1.17752
1.17382
1.17012
1.16643
1.16273
1.15903
1.15533
1.15163
1.14793
1.14424
1.14054
1.13684
1.13314
1.12944
1.12574
1.12205
1.11835
1.11465
1.11095
1.10725
1.10355
1.09986
1.09616
1.09246
1.08876
1.08506
1.08136
1.17539
1.17912
1.18285
1.18658
1.19031
1.19405
1.19778
1.20151
1.20524
1.20897
1.2127
1.21644
1.22017
1.2239
1.22763
1.23136
1.23509
1.23883
1.24256
1.24629
1.24629
1.24256
1.23883
1.23509
1.23136
1.22763
1.2239
1.22017
1.21644
1.2127
1.20897
1.20524
1.20151
1.19778
1.19405
1.19031
1.18658
1.18285
1.17912
1.17539
1.17166
1.16792
1.16419
1.16046
1.15673
1.153
1.14927
1.14553
1.1418
1.13807
1.13434
1.13061
1.12688
1.12314
1.11941
1.11568
1.11195
1.10822
1.10449
1.10075
1.09702
1.09329
1.08956
1.08583
1.0821
1.17698
1.18075
1.18451
1.18828
1.19205
1.19581
1.19958
1.20334
1.20711
1.21087
1.21464
1.2184
1.22217
1.22594
1.2297
1.23347
1.23723
1.241
1.24476
1.24853
1.24853
1.24476
1.241
1.23723
1.23347
1.2297
1.22594
1.22217
1.2184
1.21464
1.21087
1.20711
1.20334
1.19958
1.19581
1.19205
1.18828
1.18451
1.18075
1.17698
1.17322
1.16945
1.16569
1.16192
1.15815
1.15439
1.15062
1.14686
1.14309
1.13933
1.13556
1.1318
1.12803
1.12426
1.1205
1.11673
1.11297
1.1092
1.10544
1.10167
1.09791
1.09414
1.09037
1.08661
1.08284
1.17481
1.17861
1.18241
1.18621
1.19001
1.19381
1.19761
1.20141
1.20521
1.20901
1.21281
1.21661
1.22041
1.22421
1.22801
1.23181
1.23561
1.23941
1.24321
1.24701
1.25081
1.25081
1.24701
1.24321
1.23941
1.23561
1.23181
1.22801
1.22421
1.22041
1.21661
1.21281
1.20901
1.20521
1.20141
1.19761
1.19381
1.19001
1.18621
1.18241
1.17861
1.17481
1.17101
1.16721
1.16341
1.15961
1.15581
1.15201
1.14821
1.14441
1.1406
1.1368
1.133
1.1292
1.1254
1.1216
1.1178
1.114
1.1102
1.1064
1.1026
1.0988
1.095
1.0912
1.0874
1.0836
1.17642
1.18026
1.1841
1.18793
1.19177
1.1956
1.19944
1.20327
1.20711
1.21094
1.21478
1.21861
1.22245
1.22628
1.23012
1.23395
1.23779
1.24163
1.24546
1.2493
1.25313
1.25313
1.2493
1.24546
1.24163
1.23779
1.23395
1.23012
1.22628
1.22245
1.21861
1.21478
1.21094
1.20711
1.20327
1.19944
1.1956
1.19177
1.18793
1.1841
1.18026
1.17642
1.17259
1.16875
1.16492
1.16108
1.15725
1.15341
1.14958
1.14574
1.14191
1.13807
1.13424
1.1304
1.12657
1.12273
1.11889
1.11506
1.11122
1.10739
1.10355
1.09972
1.09588
1.09205
1.08821
1.08438
1.17807
1.18194
1.18582
1.18969
1.19356
1.19743
1.2013
1.20517
1.20904
1.21291
1.21679
1.22066
1.22453
1.2284
1.23227
1.23614
1.24001
1.24388
1.24775
1.25163
1.2555
1.2555
1.25163
1.24775
1.24388
1.24001
1.23614
1.23227
1.2284
1.22453
1.22066
1.21679
1.21291
1.20904
1.20517
1.2013
1.19743
1.19356
1.18969
1.18582
1.18194
1.17807
1.1742
1.17033
1.16646
1.16259
1.15872
1.15485
1.15098
1.1471
1.14323
1.13936
1.13549
1.13162
1.12775
1.12388
1.12001
1.11613
1.11226
1.10839
1.10452
1.10065
1.09678
1.09291
1.08904
1.08517
1.08129
1.07742
1.17975
1.18366
1.18757
1.19148
1.19538
1.19929
1.2032
1.20711
1.21102
1.21492
1.21883
1.22274
1.22665
1.23055
1.23446
1.23837
1.24228
1.24618
1.25009
1.254
1.25791
1.25791
1.254
1.25009
1.24618
1.24228
1.23837
1.23446
1.23055
1.22665
1.22274
1.21883
1.21492
1.21102
1.20711
1.2032
1.19929
1.19538
1.19148
1.18757
1.18366
1.17975
1.17585
1.17194
1.16803
1.16412
1.16022
1.15631
1.1524
1.14849
1.14458
1.14068
1.13677
1.13286
1.12895
1.12505
1.12114
1.11723
1.11332
1.10942
1.10551
1.1016
1.09769
1.09378
1.08988
1.08597
1.08206
1.07815
1.17752
1.18147
1.18541
1.18936
1.1933
1.19725
1.20119
1.20513
1.20908
1.21302
1.21697
1.22091
1.22486
1.2288
1.23275
1.23669
1.24064
1.24458
1.24853
1.25247
1.25642
1.26036
1.26036
1.25642
1.25247
1.24853
1.24458
1.24064
1.23669
1.23275
1.2288
1.22486
1.22091
1.21697
1.21302
1.20908
1.20513
1.20119
1.19725
1.1933
1.18936
1.18541
1.18147
1.17752
1.17358
1.16963
1.16569
1.16174
1.1578
1.15385
1.14991
1.14596
1.14202
1.13807
1.13413
1.13018
1.12624
1.12229
1.11835
1.1144
1.11046
1.10651
1.10257
1.09862
1.09468
1.09073
1.08679
1.08284
1.0789
1.17126
1.17524
1.17923
1.18321
1.18719
1.19118
1.19516
1.19914
1.20312
1.20711
1.21109
1.21507
1.21906
1.22304
1.22702
1.231
1.23499
1.23897
1.24295
1.24694
1.25092
1.2549
1.25888
1.26287
1.26287
1.25888
1.2549
1.25092
1.24694
1.24295
1.23897
1.23499
1.231
1.22702
1.22304
1.21906
1.21507
1.21109
1.20711
1.20312
1.19914
1.19516
1.19118
1.18719
1.18321
1.17923
1.17524
1.17126
1.16728
1.1633
1.15931
1.15533
1.15135
1.14736
1.14338
1.1394
1.13542
1.13143
1.12745
1.12347
1.11948
1.1155
1.11152
1.10754
1.10355
1.09957
1.09559
1.09161
1.08762
1.08364
1.07966
1.17292
1.17695
1.18097
1.18499
1.18901
1.19303
1.19705
1.20108
1.2051
1.20912
1.21314
1.21716
1.22118
1.2252
1.22923
1.23325
1.23727
1.24129
1.24531
1.24933
1.25335
1.25738
1.2614
1.26542
1.26542
1.2614
1.25738
1.25335
1.24933
1.24531
1.24129
1.23727
1.23325
1.22923
1.2252
1.22118
1.21716
1.21314
1.20912
1.2051
1.20108
1.19705
1.19303
1.18901
1.18499
1.18097
1.17695
1.17292
1.1689
1.16488
1.16086
1.15684
1.15282
1.1488
1.14477
1.14075
1.13673
1.13271
1.12869
1.12467
1.12065
1.11662
1.1126
1.10858
1.10456
1.10054
1.09652
1.09249
1.08847
1.08445
1.08043
1.17056
1.17462
1.17868
1.18274
1.1868
1.19086
1.19492
1.19899
1.20305
1.20711
1.21117
1.21523
1.21929
1.22335
1.22741
1.23147
1.23553
1.23959
1.24366
1.24772
1.25178
1.25584
1.2599
1.26396
1.26802
1.26802
1.26396
1.2599
1.25584
1.25178
1.24772
1.24366
1.23959
1.23553
1.23147
1.22741
1.22335
1.21929
1.21523
1.21117
1.20711
1.20305
1.19899
1.19492
1.19086
1.1868
1.18274
1.17868
1.17462
1.17056
1.1665
1.16244
1.15838
1.15432
1.15025
1.14619
1.14213
1.13807
1.13401
1.12995
1.12589
1.12183
1.11777
1.11371
1.10965
1.10558
1.10152
1.09746
1.0934
1.08934
1.08528
1.08122
1.16815
1.17225
1.17635
1.18045
1.18455
1.18865
1.19275
1.19685
1.20096
1.20506
1.20916
1.21326
1.21736
1.22146
1.22556
1.22966
1.23376
1.23787
1.24197
1.24607
1.25017
1.25427
1.25837
1.26247
1.26657
1.27068
1.27068
1.26657
1.26247
1.25837
1.25427
1.25017
1.24607
1.24197
1.23787
1.23376
1.22966
1.22556
1.22146
1.21736
1.21326
1.20916
1.20506
1.20096
1.19685
1.19275
1.18865
1.18455
1.18045
1.17635
1.17225
1.16815
1.16405
1.15994
1.15584
1.15174
1.14764
1.14354
1.13944
1.13534
1.13124
1.12714
1.12303
1.11893
1.11483
1.11073
1.10663
1.10253
1.09843
1.09433
1.09022
1.08612
1.08202
1.07792
1.16983
1.17397
1.17811
1.18225
1.1864
1.19054
1.19468
1.19882
1.20297
1.20711
1.21125
1.21539
1.21953
1.22368
1.22782
1.23196
1.2361
1.24024
1.24439
1.24853
1.25267
1.25681
1.26096
1.2651
1.26924
1.27338
1.27338
1.26924
1.2651
1.26096
1.25681
1.25267
1.24853
1.24439
1.24024
1.2361
1.23196
1.22782
1.22368
1.21953
1.21539
1.21125
1.20711
1.20297
1.19882
1.19468
1.19054
1.1864
1.18225
1.17811
1.17397
1.16983
1.16569
1.16154
1.1574
1.15326
1.14912
1.14498
1.14083
1.13669
1.13255
1.12841
1.12426
1.12012
1.11598
1.11184
1.1077
1.10355
1.09941
1.09527
1.09113
1.08699
1.08284
1.0787
1.16736
1.17154
1.17573
1.17991
1.1841
1.18828
1.19246
1.19665
1.20083
1.20502
1.2092
1.21338
1.21757
1.22175
1.22594
1.23012
1.2343
1.23849
1.24267
1.24686
1.25104
1.25522
1.25941
1.26359
1.26778
1.27196
1.27614
1.27614
1.27196
1.26778
1.26359
1.25941
1.25522
1.25104
1.24686
1.24267
1.23849
1.2343
1.23012
1.22594
1.22175
1.21757
1.21338
1.2092
1.20502
1.20083
1.19665
1.19246
1.18828
1.1841
1.17991
1.17573
1.17154
1.16736
1.16318
1.15899
1.15481
1.15062
1.14644
1.14226
1.13807
1.13389
1.1297
1.12552
1.12134
1.11715
1.11297
1.10878
1.1046
1.10042
1.09623
1.09205
1.08786
1.08368
1.0795
1.16061
1.16484
1.16907
1.17329
1.17752
1.18175
1.18597
1.1902
1.19443
1.19865
1.20288
1.20711
1.21133
1.21556
1.21979
1.22401
1.22824
1.23247
1.23669
1.24092
1.24515
1.24937
1.2536
1.25783
1.26205
1.26628
1.27051
1.27473
1.27896
1.27896
1.27473
1.27051
1.26628
1.26205
1.25783
1.2536
1.24937
1.24515
1.24092
1.23669
1.23247
1.22824
1.22401
1.21979
1.21556
1.21133
1.20711
1.20288
1.19865
1.19443
1.1902
1.18597
1.18175
1.17752
1.17329
1.16907
1.16484
1.16061
1.15639
1.15216
1.14793
1.14371
1.13948
1.13525
1.13103
1.1268
1.12257
1.11835
1.11412
1.10989
1.10567
1.10144
1.09721
1.09299
1.08876
1.08453
1.08031
1.07608
1.16227
1.16654
1.17081
1.17508
1.17935
1.18362
1.18789
1.19216
1.19643
1.2007
1.20497
1.20924
1.21351
1.21778
1.22205
1.22632
1.23059
1.23486
1.23913
1.2434
1.24767
1.25195
1.25622
1.26049
1.26476
1.26903
1.2733
1.27757
1.28184
1.28184
1.27757
1.2733
1.26903
1.26476
1.26049
1.25622
1.25195
1.24767
1.2434
1.23913
1.23486
1.23059
1.22632
1.22205
1.21778
1.21351
1.20924
1.20497
1.2007
1.19643
1.19216
1.18789
1.18362
1.17935
1.17508
1.17081
1.16654
1.16227
1.158
1.15373
1.14946
1.14519
1.14092
1.13665
1.13238
1.12811
1.12384
1.11957
1.1153
1.11103
1.10676
1.10249
1.09822
1.09395
1.08968
1.08541
1.08113
1.07686
1.15965
1.16396
1.16827
1.17259
1.1769
1.18122
1.18553
1.18985
1.19416
1.19848
1.20279
1.20711
1.21142
1.21574
1.22005
1.22437
1.22868
1.233
1.23731
1.24163
1.24594
1.25025
1.25457
1.25888
1.2632
1.26751
1.27183
1.27614
1.28046
1.28477
1.28477
1.28046
1.27614
1.27183
1.26751
1.2632
1.25888
1.25457
1.25025
1.24594
1.24163
1.23731
1.233
1.22868
1.22437
1.22005
1.21574
1.21142
1.20711
1.20279
1.19848
1.19416
1.18985
1.18553
1.18122
1.1769
1.17259
1.16827
1.16396
1.15965
1.15533
1.15102
1.1467
1.14239
1.13807
1.13376
1.12944
1.12513
1.12081
1.1165
1.11218
1.10787
1.10355
1.09924
1.09492
1.09061
1.08629
1.08198
1.07767
1.15697
1.16133
1.16569
1.17005
1.17441
1.17877
1.18313
1.18749
1.19185
1.19621
1.20057
1.20493
1.20929
1.21365
1.21801
1.22237
1.22673
1.23109
1.23545
1.23981
1.24417
1.24853
1.25289
1.25725
1.26161
1.26597
1.27033
1.27469
1.27905
1.28341
1.28777
1.28777
1.28341
1.27905
1.27469
1.27033
1.26597
1.26161
1.25725
1.25289
1.24853
1.24417
1.23981
1.23545
1.23109
1.22673
1.22237
1.21801
1.21365
1.20929
1.20493
1.20057
1.19621
1.19185
1.18749
1.18313
1.17877
1.17441
1.17005
1.16569
1.16133
1.15697
1.15261
1.14825
1.14389
1.13952
1.13516
1.1308
1.12644
1.12208
1.11772
1.11336
1.109
1.10464
1.10028
1.09592
1.09156
1.0872
1.08284
1.07848
1.15423
1.15864
1.16304
1.16745
1.17186
1.17626
1.18067
1.18507
1.18948
1.19389
1.19829
1.2027
1.20711
1.21151
1.21592
1.22033
1.22473
1.22914
1.23355
1.23795
1.24236
1.24677
1.25117
1.25558
1.25999
1.26439
1.2688
1.27321
1.27761
1.28202
1.28643
1.29083
1.29083
1.28643
1.28202
1.27761
1.27321
1.2688
1.26439
1.25999
1.25558
1.25117
1.24677
1.24236
1.23795
1.23355
1.22914
1.22473
1.22033
1.21592
1.21151
1.20711
1.2027
1.19829
1.19389
1.18948
1.18507
1.18067
1.17626
1.17186
1.16745
1.16304
1.15864
1.15423
1.14982
1.14542
1.14101
1.1366
1.1322
1.12779
1.12338
1.11898
1.11457
1.11016
1.10576
1.10135
1.09694
1.09254
1.08813
1.08372
1.07932
1.07491
1.0705
1.14253
1.14698
1.15143
1.15589
1.16034
1.1648
1.16925
1.1737
1.17816
1.18261
1.18706
1.19152
1.19597
1.20043
1.20488
1.20933
1.21379
1.21824
1.2227
1.22715
1.2316
1.23606
1.24051
1.24497
1.24942
1.25387
1.25833
1.26278
1.26724
1.27169
1.27614
1.2806
1.28505
1.28951
1.29396
1.29396
1.28951
1.28505
1.2806
1.27614
1.27169
1.26724
1.26278
1.25833
1.25387
1.24942
1.24497
1.24051
1.23606
1.2316
1.22715
1.2227
1.21824
1.21379
1.20933
1.20488
1.20043
1.19597
1.19152
1.18706
1.18261
1.17816
1.1737
1.16925
1.1648
1.16034
1.15589
1.15143
1.14698
1.14253
1.13807
1.13362
1.12916
1.12471
1.12026
1.1158
1.11135
1.10689
1.10244
1.09799
1.09353
1.08908
1.08462
1.08017
1.07572
1.07126
1.13957
1.14407
1.14858
1.15308
1.15758
1.16208
1.16659
1.17109
1.17559
1.18009
1.1846
1.1891
1.1936
1.1981
1.20261
1.20711
1.21161
1.21611
1.22061
1.22512
1.22962
1.23412
1.23862
1.24313
1.24763
1.25213
1.25663
1.26114
1.26564
1.27014
1.27464
1.27914
1.28365
1.28815
1.29265
1.29715
1.30166
1.29265
1.28815
1.28365
1.27914
1.27464
1.27014
1.26564
1.26114
1.25663
1.25213
1.24763
1.24313
1.23862
1.23412
1.22962
1.22512
1.22061
1.21611
1.21161
1.20711
1.20261
1.1981
1.1936
1.1891
1.1846
1.18009
1.17559
1.17109
1.16659
1.16208
1.15758
1.15308
1.14858
1.14407
1.13957
1.13507
1.13057
1.12607
1.12156
1.11706
1.11256
1.10806
1.10355
1.09905
1.09455
1.09005
1.08554
1.08104
1.07654
1.07204
1.06753
1.132
1.13655
1.14111
1.14566
1.15021
1.15476
1.15931
1.16387
1.16842
1.17297
1.17752
1.18207
1.18662
1.19118
1.19573
1.20028
1.20483
1.20938
1.21394
1.21849
1.22304
1.22759
1.23214
1.23669
1.24125
1.2458
1.25035
1.2549
1.25945
1.26401
1.26856
1.27311
1.27766
1.28221
1.28676
1.29132
1.29587
1.30042
1.31141
1.3023
1.29132
1.28676
1.28221
1.27766
1.27311
1.26856
1.26401
1.25945
1.2549
1.25035
1.2458
1.24125
1.23669
1.23214
1.22759
1.22304
1.21849
1.21394
1.20938
1.20483
1.20028
1.19573
1.19118
1.18662
1.18207
1.17752
1.17297
1.16842
1.16387
1.15931
1.15476
1.15021
1.14566
1.14111
1.13655
1.132
1.12745
1.1229
1.11835
1.1138
1.10924
1.10469
1.10014
1.09559
1.09104
1.08648
1.08193
1.07738
1.07283
1.06828
1.12426
1.12887
1.13347
1.13807
1.14267
1.14728
1.15188
1.15648
1.16108
1.16569
1.17029
1.17489
1.17949
1.1841
1.1887
1.1933
1.1979
1.2025
1.20711
1.21171
1.21631
1.22091
1.22552
1.23012
1.23472
1.23932
1.24393
1.24853
1.25313
1.25773
1.26234
1.26694
1.27154
1.27614
1.28075
1.28535
1.28995
1.29455
1.29916
1.31027
1.32138
1.31217
1.30106
1.28995
1.28535
1.28075
1.27614
1.27154
1.26694
1.26234
1.25773
1.25313
1.24853
1.24393
1.23932
1.23472
1.23012
1.22552
1.22091
1.21631
1.21171
1.20711
1.2025
1.1979
1.1933
1.1887
1.1841
1.17949
1.17489
1.17029
1.16569
1.16108
1.15648
1.15188
1.14728
1.14267
1.13807
1.13347
1.12887
1.12426
1.11966
1.11506
1.11046
1.10585
1.10125
1.09665
1.09205
1.08745
1.08284
1.07824
1.07364
1.06904
1.06443
1.12566
1.13031
1.13497
1.13962
1.14428
1.14893
1.15359
1.15824
1.16289
1.16755
1.1722
1.17686
1.18151
1.18616
1.19082
1.19547
1.20013
1.20478
1.20943
1.21409
1.21874
1.2234
1.22805
1.2327
1.23736
1.24201
1.24667
1.25132
1.25598
1.26063
1.26528
1.26994
1.27459
1.27925
1.2839
1.28855
1.29321
1.29786
1.3091
1.32033
1.33157
1.32226
1.31103
1.29979
1.28855
1.2839
1.27925
1.27459
1.26994
1.26528
1.26063
1.25598
1.25132
1.24667
1.24201
1.23736
1.2327
1.22805
1.2234
1.21874
1.21409
1.20943
1.20478
1.20013
1.19547
1.19082
1.18616
1.18151
1.17686
1.1722
1.16755
1.16289
1.15824
1.15359
1.14893
1.14428
1.13962
1.13497
1.13031
1.12566
1.12101
1.11635
1.1117
1.10704
1.10239
1.09774
1.09308
1.08843
1.08377
1.07912
1.07447
1.06981
1.06516
1.11297
1.11767
1.12238
1.12709
1.1318
1.1365
1.14121
1.14592
1.15062
1.15533
1.16004
1.16474
1.16945
1.17416
1.17887
1.18357
1.18828
1.19299
1.19769
1.2024
1.20711
1.21181
1.21652
1.22123
1.22594
1.23064
1.23535
1.24006
1.24476
1.24947
1.25418
1.25888
1.26359
1.2683
1.27301
1.27771
1.28242
1.28713
1.29183
1.29654
1.3079
1.31927
1.33063
1.34199
1.33258
1.32122
1.30985
1.29849
1.28713
1.28242
1.27771
1.27301
1.2683
1.26359
1.25888
1.25418
1.24947
1.24476
1.24006
1.23535
1.23064
1.22594
1.22123
1.21652
1.21181
1.20711
1.2024
1.19769
1.19299
1.18828
1.18357
1.17887
1.17416
1.16945
1.16474
1.16004
1.15533
1.15062
1.14592
1.14121
1.1365
1.1318
1.12709
1.12238
1.11767
1.11297
1.10826
1.10355
1.09885
1.09414
1.08943
1.08473
1.08002
1.07531
1.0706
1.0659
1.10474
1.1095
1.11427
1.11903
1.12379
1.12855
1.13331
1.13807
1.14283
1.14759
1.15235
1.15712
1.16188
1.16664
1.1714
1.17616
1.18092
1.18568
1.19044
1.1952
1.19997
1.20473
1.20949
1.21425
1.21901
1.22377
1.22853
1.23329
1.23805
1.24282
1.24758
1.25234
1.2571
1.26186
1.26662
1.27138
1.27614
1.2809
1.28567
1.29043
1.29519
1.30668
1.31818
1.32967
1.34116
1.35266
1.34314
1.33164
1.32015
1.30865
1.29716
1.28567
1.2809
1.27614
1.27138
1.26662
1.26186
1.2571
1.25234
1.24758
1.24282
1.23805
1.23329
1.22853
1.22377
1.21901
1.21425
1.20949
1.20473
1.19997
1.1952
1.19044
1.18568
1.18092
1.17616
1.1714
1.16664
1.16188
1.15712
1.15235
1.14759
1.14283
1.13807
1.13331
1.12855
1.12379
1.11903
1.11427
1.1095
1.10474
1.09998
1.09522
1.09046
1.0857
1.08094
1.07618
1.07142
1.06666
1.06189
1.09151
1.09633
1.10115
1.10596
1.11078
1.11559
1.12041
1.12523
1.13004
1.13486
1.13968
1.14449
1.14931
1.15413
1.15894
1.16376
1.16858
1.17339
1.17821
1.18303
1.18784
1.19266
1.19747
1.20229
1.20711
1.21192
1.21674
1.22156
1.22637
1.23119
1.23601
1.24082
1.24564
1.25046
1.25527
1.26009
1.2649
1.26972
1.27454
1.27935
1.28417
1.28899
1.2938
1.30543
1.31706
1.32869
1.34032
1.35194
1.36357
1.35394
1.34231
1.33068
1.31905
1.30743
1.2958
1.28417
1.27935
1.27454
1.26972
1.2649
1.26009
1.25527
1.25046
1.24564
1.24082
1.23601
1.23119
1.22637
1.22156
1.21674
1.21192
1.20711
1.20229
1.19747
1.19266
1.18784
1.18303
1.17821
1.17339
1.16858
1.16376
1.15894
1.15413
1.14931
1.14449
1.13968
1.13486
1.13004
1.12523
1.12041
1.11559
1.11078
1.10596
1.10115
1.09633
1.09151
1.0867
1.08188
1.07706
1.07225
1.06743
1.06261
1.08284
1.08772
1.09259
1.09746
1.10234
1.10721
1.11208
1.11695
1.12183
1.1267
1.13157
1.13645
1.14132
1.14619
1.15107
1.15594
1.16081
1.16569
1.17056
1.17543
1.18031
1.18518
1.19005
1.19492
1.1998
1.20467
1.20954
1.21442
1.21929
1.22416
1.22904
1.23391
1.23878
1.24366
1.24853
1.2534
1.25828
1.26315
1.26802
1.27289
1.27777
1.28264
1.28751
1.29239
1.30415
1.31592
1.32768
1.33945
1.35121
1.36298
1.37474
1.36499
1.35323
1.34146
1.3297
1.31793
1.30617
1.29441
1.28264
1.27777
1.27289
1.26802
1.26315
1.25828
1.2534
1.24853
1.24366
1.23878
1.23391
1.22904
1.22416
1.21929
1.21442
1.20954
1.20467
1.1998
1.19492
1.19005
1.18518
1.18031
1.17543
1.17056
1.16569
1.16081
1.15594
1.15107
1.14619
1.14132
1.13645
1.13157
1.1267
1.12183
1.11695
1.11208
1.10721
1.10234
1.09746
1.09259
1.08772
1.08284
1.07797
1.0731
1.06822
1.06335
1.05848
1.0536
1.06904
1.07397
1.0789
1.08383
1.08876
1.09369
1.09862
1.10355
1.10848
1.11342
1.11835
1.12328
1.12821
1.13314
1.13807
1.143
1.14793
1.15286
1.1578
1.16273
1.16766
1.17259
1.17752
1.18245
1.18738
1.19231
1.19725
1.20218
1.20711
1.21204
1.21697
1.2219
1.22683
1.23176
1.23669
1.24163
1.24656
1.25149
1.25642
1.26135
1.26628
1.27121
1.27614
1.28107
1.28601
1.29094
1.30284
1.31475
1.32665
1.33856
1.35046
1.36237
1.37427
1.38617
1.37631
1.36441
1.3525
1.3406
1.32869
1.31679
1.30488
1.29298
1.28107
1.27614
1.27121
1.26628
1.26135
1.25642
1.25149
1.24656
1.24163
1.23669
1.23176
1.22683
1.2219
1.21697
1.21204
1.20711
1.20218
1.19725
1.19231
1.18738
1.18245
1.17752
1.17259
1.16766
1.16273
1.1578
1.15286
1.14793
1.143
1.13807
1.13314
1.12821
1.12328
1.11835
1.11342
1.10848
1.10355
1.09862
1.09369
1.08876
1.08383
1.0789
1.07397
1.06904
1.0641
1.05917
1.05424
1.04991
1.0549
1.05989
1.06488
1.06987
1.07486
1.07985
1.08484
1.08983
1.09482
1.09981
1.1048
1.10979
1.11478
1.11977
1.12476
1.12975
1.13474
1.13974
1.14473
1.14972
1.15471
1.1597
1.16469
1.16968
1.17467
1.17966
1.18465
1.18964
1.19463
1.19962
1.20461
1.2096
1.21459
1.21958
1.22457
1.22956
1.23456
1.23955
1.24454
1.24953
1.25452
1.25951
1.2645
1.26949
1.27448
1.27947
1.28446
1.28945
1.3015
1.31355
1.3256
1.33764
1.34969
1.36174
1.37379
1.38584
1.39789
1.3879
1.37586
1.36381
1.35176
1.33971
1.32766
1.31561
1.30357
1.29152
1.27947
1.27448
1.26949
1.2645
1.25951
1.25452
1.24953
1.24454
1.23955
1.23456
1.22956
1.22457
1.21958
1.21459
1.2096
1.20461
1.19962
1.19463
1.18964
1.18465
1.17966
1.17467
1.16968
1.16469
1.1597
1.15471
1.14972
1.14473
1.13974
1.13474
1.12975
1.12476
1.11977
1.11478
1.10979
1.1048
1.09981
1.09482
1.08983
1.08484
1.07985
1.07486
1.06987
1.06488
1.05989
1.0549
1.04991
1.03031
1.03536
1.04041
1.04546
1.05051
1.05557
1.06062
1.06567
1.07072
1.07577
1.08082
1.08587
1.09093
1.09598
1.10103
1.10608
1.11113
1.11618
1.12123
1.12628
1.13134
1.13639
1.14144
1.14649
1.15154
1.15659
1.16164
1.1667
1.17175
1.1768
1.18185
1.1869
1.19195
1.197
1.20206
1.20711
1.21216
1.21721
1.22226
1.22731
1.23236
1.23742
1.24247
1.24752
1.25257
1.25762
1.26267
1.26772
1.27278
1.27783
1.28288
1.28793
1.30012
1.31232
1.32452
1.33671
1.34891
1.3611
1.3733
1.38549
1.39769
1.40988
1.39978
1.38758
1.37539
1.36319
1.351
1.3388
1.32661
1.31441
1.30222
1.29002
1.27783
1.27278
1.26772
1.26267
1.25762
1.25257
1.24752
1.24247
1.23742
1.23236
1.22731
1.22226
1.21721
1.21216
1.20711
1.20206
1.197
1.19195
1.1869
1.18185
1.1768
1.17175
1.1667
1.16164
1.15659
1.15154
1.14649
1.14144
1.13639
1.13134
1.12628
1.12123
1.11618
1.11113
1.10608
1.10103
1.09598
1.09093
1.08587
1.08082
1.07577
1.07072
1.06567
1.06062
1.05557
1.05051
1.04546
1.01534
1.02045
1.02557
1.03068
1.0358
1.04091
1.04602
1.05114
1.05625
1.06137
1.06648
1.07159
1.07671
1.08182
1.08693
1.09205
1.09716
1.10228
1.10739
1.1125
1.11762
1.12273
1.12784
1.13296
1.13807
1.14319
1.1483
1.15341
1.15853
1.16364
1.16875
1.17387
1.17898
1.1841
1.18921
1.19432
1.19944
1.20455
1.20966
1.21478
1.21989
1.22501
1.23012
1.23523
1.24035
1.24546
1.25057
1.25569
1.2608
1.26592
1.27103
1.27614
1.28126
1.28637
1.29872
1.31106
1.32341
1.33575
1.3481
1.36044
1.37279
1.38514
1.39748
1.40983
1.42217
1.41195
1.3996
1.38725
1.37491
1.36256
1.35022
1.33787
1.32553
1.31318
1.30083
1.28849
1.27614
1.27103
1.26592
1.2608
1.25569
1.25057
1.24546
1.24035
1.23523
1.23012
1.22501
1.21989
1.21478
1.20966
1.20455
1.19944
1.19432
1.18921
1.1841
1.17898
1.17387
1.16875
1.16364
1.15853
1.15341
1.1483
1.14319
1.13807
1.13296
1.12784
1.12273
1.11762
1.1125
1.10739
1.10228
1.09716
1.09205
1.08693
1.08182
1.07671
1.07159
1.06648
1.06137
1.05625
1.05114
1.04602
1.01553
1.02071
1.02589
1.03107
1.03624
1.04142
1.0466
1.05178
1.05695
1.06213
1.06731
1.07249
1.07767
1.08284
1.08802
1.0932
1.09838
1.10355
1.10873
1.11391
1.11909
1.12426
1.12944
1.13462
1.1398
1.14498
1.15015
1.15533
1.16051
1.16569
1.17086
1.17604
1.18122
1.1864
1.19157
1.19675
1.20193
1.20711
1.21229
1.21746
1.22264
1.22782
1.233
1.23817
1.24335
1.24853
1.25371
1.25888
1.26406
1.26924
1.27442
1.27959
1.28477
1.29727
1.30977
1.32227
1.33477
1.34727
1.35977
1.37227
1.38477
1.39727
1.40977
1.42227
1.43477
1.42442
1.41192
1.39942
1.38692
1.37442
1.36192
1.34942
1.33692
1.32442
1.31192
1.29942
1.28692
1.27442
1.26924
1.26406
1.25888
1.25371
1.24853
1.24335
1.23817
1.233
1.22782
1.22264
1.21746
1.21229
1.20711
1.20193
1.19675
1.19157
1.1864
1.18122
1.17604
1.17086
1.16569
1.16051
1.15533
1.15015
1.14498
1.1398
1.13462
1.12944
1.12426
1.11909
1.11391
1.10873
1.10355
1.09838
1.0932
1.08802
1.08284
1.07767
1.07249
1.06731
1.06213
1.05695
1.05178
1.0466
1
1
1
1.01049
1.01573
1.02097
1.02622
1.03146
1.0367
1.04195
1.04719
1.05243
1.05768
1.06292
1.06816
1.07341
1.07865
1.08389
1.08913
1.09438
1.09962
1.10486
1.11011
1.11535
1.12059
1.12584
1.13108
1.13632
1.14157
1.14681
1.15205
1.1573
1.16254
1.16778
1.17303
1.17827
1.18351
1.18876
1.194
1.19924
1.20449
1.20973
1.21497
1.22022
1.22546
1.2307
1.23595
1.24119
1.24643
1.25167
1.25692
1.26216
1.2674
1.27265
1.27789
1.28313
1.29579
1.30845
1.32111
1.33377
1.34643
1.35908
1.37174
1.3844
1.39706
1.40972
1.42237
1.43503
1.44769
1.4372
1.42455
1.41189
1.39923
1.38657
1.37391
1.36126
1.3486
1.33594
1.32328
1.31062
1.29796
1.28531
1.27265
1.2674
1.26216
1.25692
1.25167
1.24643
1.24119
1.23595
1.2307
1.22546
1.22022
1.21497
1.20973
1.20449
1.19924
1.194
1.18876
1.18351
1.17827
1.17303
1.16778
1.16254
1.1573
1.15205
1.14681
1.14157
1.13632
1.13108
1.12584
1.12059
1.11535
1.11011
1.10486
1.09962
1.09438
1.08913
1.08389
1.07865
1.07341
1.06816
1.06292
1.05768
1.05243
1.04719
1.04195
1
1
1
1
1
1
1
1.01062
1.01593
1.02124
1.02655
1.03186
1.03717
1.04248
1.04779
1.0531
1.05841
1.06373
1.06904
1.07435
1.07966
1.08497
1.09028
1.09559
1.1009
1.10621
1.11152
1.11683
1.12214
1.12745
1.13276
1.13807
1.14338
1.14869
1.154
1.15931
1.16462
1.16993
1.17524
1.18056
1.18587
1.19118
1.19649
1.2018
1.20711
1.21242
1.21773
1.22304
1.22835
1.23366
1.23897
1.24428
1.24959
1.2549
1.26021
1.26552
1.27083
1.27614
1.28145
1.29427
1.30709
1.31992
1.33274
1.34556
1.35838
1.3712
1.38402
1.39684
1.40966
1.42248
1.4353
1.44812
1.46094
1.45032
1.4375
1.42468
1.41186
1.39904
1.38622
1.3734
1.36058
1.34776
1.33494
1.32211
1.30929
1.29647
1.28365
1.27083
1.26552
1.26021
1.2549
1.24959
1.24428
1.23897
1.23366
1.22835
1.22304
1.21773
1.21242
1.20711
1.2018
1.19649
1.19118
1.18587
1.18056
1.17524
1.16993
1.16462
1.15931
1.154
1.14869
1.14338
1.13807
1.13276
1.12745
1.12214
1.11683
1.11152
1.10621
1.1009
1.09559
1.09028
1.08497
1.07966
1.07435
1.06904
1.06373
1.05841
1.0531
1.04779
1.04248
1.03717
1.03186
1
1
1
1
1
1
1
1
1
1
1.01076
1.01614
1.02152
1.0269
1.03228
1.03766
1.04304
1.04841
1.05379
1.05917
1.06455
1.06993
1.07531
1.08069
1.08607
1.09145
1.09683
1.10221
1.10759
1.11297
1.11835
1.12373
1.12911
1.13449
1.13986
1.14524
1.15062
1.156
1.16138
1.16676
1.17214
1.17752
1.1829
1.18828
1.19366
1.19904
1.20442
1.2098
1.21518
1.22056
1.22594
1.23131
1.23669
1.24207
1.24745
1.25283
1.25821
1.26359
1.26897
1.27435
1.27973
1.29272
1.3057
1.31869
1.33168
1.34466
1.35765
1.37064
1.38363
1.39661
1.4096
1.42259
1.43557
1.44856
1.46155
1.47453
1.46378
1.45079
1.4378
1.42481
1.41183
1.39884
1.38585
1.37287
1.35988
1.34689
1.33391
1.32092
1.30793
1.29494
1.28196
1.26897
1.26359
1.25821
1.25283
1.24745
1.24207
1.23669
1.23131
1.22594
1.22056
1.21518
1.2098
1.20442
1.19904
1.19366
1.18828
1.1829
1.17752
1.17214
1.16676
1.16138
1.156
1.15062
1.14524
1.13986
1.13449
1.12911
1.12373
1.11835
1.11297
1.10759
1.10221
1.09683
1.09145
1.08607
1.08069
1.07531
1.06993
1.06455
1.05917
1.05379
1.04841
1.04304
1.03766
1.03228
1.0269
1
1
1
1
1
1
1
1
1
1
1
1
1
1.0109
1.01635
1.0218
1.02725
1.0327
1.03815
1.0436
1.04905
1.0545
1.05995
1.0654
1.07085
1.0763
1.08175
1.0872
1.09265
1.0981
1.10355
1.109
1.11445
1.1199
1.12535
1.1308
1.13625
1.1417
1.14716
1.15261
1.15806
1.16351
1.16896
1.17441
1.17986
1.18531
1.19076
1.19621
1.20166
1.20711
1.21256
1.21801
1.22346
1.22891
1.23436
1.23981
1.24526
1.25071
1.25616
1.26161
1.26706
1.27251
1.27796
1.29112
1.30428
1.31743
1.33059
1.34375
1.35691
1.37007
1.38322
1.39638
1.40954
1.4227
1.43585
1.44901
1.46217
1.47533
1.48849
1.47759
1.46443
1.45127
1.43811
1.42495
1.4118
1.39864
1.38548
1.37232
1.35916
1.34601
1.33285
1.31969
1.30653
1.29338
1.28022
1.26706
1.26161
1.25616
1.25071
1.24526
1.23981
1.23436
1.22891
1.22346
1.21801
1.21256
1.20711
1.20166
1.19621
1.19076
1.18531
1.17986
1.17441
1.16896
1.16351
1.15806
1.15261
1.14716
1.1417
1.13625
1.1308
1.12535
1.1199
1.11445
1.109
1.10355
1.0981
1.09265
1.0872
1.08175
1.0763
1.07085
1.0654
1.05995
1.0545
1.04905
1.0436
1.03815
1.0327
1.02725
1
1
1
1
1
1
1
1
1
1
1
1
1
1
1
1
1
1.01105
1.01657
1.02209
1.02761
1.03314
1.03866
1.04418
1.04971
1.05523
1.06075
1.06627
1.0718
1.07732
1.08284
1.08837
1.09389
1.09941
1.10493
1.11046
1.11598
1.1215
1.12703
1.13255
1.13807
1.14359
1.14912
1.15464
1.16016
1.16569
1.17121
1.17673
1.18225
1.18778
1.1933
1.19882
1.20435
1.20987
1.21539
1.22091
1.22644
1.23196
1.23748
1.24301
1.24853
1.25405
1.25957
1.2651
1.27062
1.27614
1.28948
1.30281
1.31614
1.32948
1.34281
1.35614
1.36948
1.38281
1.39614
1.40948
1.42281
1.43614
1.44948
1.46281
1.47614
1.48948
1.50281
1.49176
1.47843
1.4651
1.45176
1.43843
1.4251
1.41176
1.39843
1.3851
1.37176
1.35843
1.3451
1.33176
1.31843
1.3051
1.29176
1.27843
1.2651
1.25957
1.25405
1.24853
1.24301
1.23748
1.23196
1.22644
1.22091
1.21539
1.20987
1.20435
1.19882
1.1933
1.18778
1.18225
1.17673
1.17121
1.16569
1.16016
1.15464
1.14912
1.14359
1.13807
1.13255
1.12703
1.1215
1.11598
1.11046
1.10493
1.09941
1.09389
1.08837
1.08284
1.07732
1.0718
1.06627
1.06075
1.05523
1.04971
1.04418
1.03866
1.03314
1.02761
1.02209
1
1
1
1
1
1
1
1
1
1
1
1
1
1
1
1
1
1
1
1
1.0112
1.01679
1.02239
1.02799
1.03358
1.03918
1.04478
1.05038
1.05597
1.06157
1.06717
1.07277
1.07836
1.08396
1.08956
1.09516
1.10075
1.10635
1.11195
1.11755
1.12314
1.12874
1.13434
1.13994
1.14553
1.15113
1.15673
1.16233
1.16792
1.17352
1.17912
1.18472
1.19031
1.19591
1.20151
1.20711
1.2127
1.2183
1.2239
1.2295
1.23509
1.24069
1.24629
1.25189
1.25748
1.26308
1.26868
1.27428
1.28779
1.3013
1.31482
1.32833
1.34184
1.35536
1.36887
1.38239
1.3959
1.40941
1.42293
1.43644
1.44995
1.46347
1.47698
1.49049
1.50401
1.51752
1.50633
1.49281
1.4793
1.46579
1.45227
1.43876
1.42524
1.41173
1.39822
1.3847
1.37119
1.35768
1.34416
1.33065
1.31714
1.30362
1.29011
1.2766
1.26308
1.25748
1.25189
1.24629
1.24069
1.23509
1.2295
1.2239
1.2183
1.2127
1.20711
1.20151
1.19591
1.19031
1.18472
1.17912
1.17352
1.16792
1.16233
1.15673
1.15113
1.14553
1.13994
1.13434
1.12874
1.12314
1.11755
1.11195
1.10635
1.10075
1.09516
1.08956
1.08396
1.07836
1.07277
1.06717
1.06157
1.05597
1.05038
1.04478
1.03918
1.03358
1.02799
1.02239
1.01679
1.0112
1
1
1
1
1
1
1
1
1
1
1
1
1
1
1
1
1
1
1
1
1
1
1
1
1.01135
1.01702
1.0227
1.02837
1.03404
1.03972
1.04539
1.05107
1.05674
1.06242
1.06809
1.07376
1.07944
1.08511
1.09079
1.09646
1.10214
1.10781
1.11348
1.11916
1.12483
1.13051
1.13618
1.14185
1.14753
1.1532
1.15888
1.16455
1.17023
1.1759
1.18157
1.18725
1.19292
1.1986
1.20427
1.20994
1.21562
1.22129
1.22697
1.23264
1.23832
1.24399
1.24966
1.25534
1.26101
1.26669
1.27236
1.28606
1.29976
1.31346
1.32715
1.34085
1.35455
1.36825
1.38195
1.39565
1.40935
1.42305
1.43674
1.45044
1.46414
1.47784
1.49154
1.50524
1.51894
1.53263
1.52129
1.50759
1.49389
1.48019
1.46649
1.45279
1.43909
1.4254
1.4117
1.398
1.3843
1.3706
1.3569
1.3432
1.32951
1.31581
1.30211
1.28841
1.27471
1.26101
1.25534
1.24966
1.24399
1.23832
1.23264
1.22697
1.22129
1.21562
1.20994
1.20427
1.1986
1.19292
1.18725
1.18157
1.1759
1.17023
1.16455
1.15888
1.1532
1.14753
1.14185
1.13618
1.13051
1.12483
1.11916
1.11348
1.10781
1.10214
1.09646
1.09079
1.08511
1.07944
1.07376
1.06809
1.06242
1.05674
1.05107
1.04539
1.03972
1.03404
1.02837
1.0227
1.01702
1.01135
1
1
1
1
1
1
1
1
1
1
1
1
1
1
1
1
1
1
1
1
1
1
1
1
1
1.01151
1.01726
1.02301
1.02876
1.03452
1.04027
1.04602
1.05178
1.05753
1.06328
1.06904
1.07479
1.08054
1.08629
1.09205
1.0978
1.10355
1.10931
1.11506
1.12081
1.12657
1.13232
1.13807
1.14382
1.14958
1.15533
1.16108
1.16684
1.17259
1.17834
1.1841
1.18985
1.1956
1.20135
1.20711
1.21286
1.21861
1.22437
1.23012
1.23587
1.24163
1.24738
1.25313
1.25888
1.26464
1.27039
1.28428
1.29817
1.31206
1.32595
1.33983
1.35372
1.36761
1.3815
1.39539
1.40928
1.42317
1.43706
1.45095
1.46483
1.47872
1.49261
1.5065
1.52039
1.53428
1.54817
1.53666
1.52277
1.50888
1.495
1.48111
1.46722
1.45333
1.43944
1.42555
1.41166
1.39777
1.38388
1.37
1.35611
1.34222
1.32833
1.31444
1.30055
1.28666
1.27277
1.25888
1.25313
1.24738
1.24163
1.23587
1.23012
1.22437
1.21861
1.21286
1.20711
1.20135
1.1956
1.18985
1.1841
1.17834
1.17259
1.16684
1.16108
1.15533
1.14958
1.14382
1.13807
1.13232
1.12657
1.12081
1.11506
1.10931
1.10355
1.0978
1.09205
1.08629
1.08054
1.07479
1.06904
1.06328
1.05753
1.05178
1.04602
1.04027
1.03452
1.02876
1.02301
1.01726
1.01151
1
1
1
1
1
1
1
1
1
1
1
1
1
1
1
1
1
1
1
1
1
1
1
1
1
1
1
1.01167
1.0175
1.02334
1.02917
1.035
1.04084
1.04667
1.05251
1.05834
1.06417
1.07001
1.07584
1.08168
1.08751
1.09334
1.09918
1.10501
1.11085
1.11668
1.12251
1.12835
1.13418
1.14002
1.14585
1.15168
1.15752
1.16335
1.16919
1.17502
1.18085
1.18669
1.19252
1.19836
1.20419
1.21002
1.21586
1.22169
1.22753
1.23336
1.23919
1.24503
1.25086
1.2567
1.26253
1.26836
1.28245
1.29653
1.31062
1.3247
1.33879
1.35287
1.36696
1.38104
1.39513
1.40921
1.42329
1.43738
1.45146
1.46555
1.47963
1.49372
1.5078
1.52189
1.53597
1.55005
1.56414
1.55247
1.53839
1.5243
1.51022
1.49613
1.48205
1.46796
1.45388
1.4398
1.42571
1.41163
1.39754
1.38346
1.36937
1.35529
1.3412
1.32712
1.31303
1.29895
1.28487
1.27078
1.2567
1.25086
1.24503
1.23919
1.23336
1.22753
1.22169
1.21586
1.21002
1.20419
1.19836
1.19252
1.18669
1.18085
1.17502
1.16919
1.16335
1.15752
1.15168
1.14585
1.14002
1.13418
1.12835
1.12251
1.11668
1.11085
1.10501
1.09918
1.09334
1.08751
1.08168
1.07584
1.07001
1.06417
1.05834
1.05251
1.04667
1.04084
1.035
1.02917
1.02334
1.0175
1.01167
1
1
1
1
1
1
1
1
1
1
1
1
1
1
1
1
1
1
1
1
1
1
1
1
1
1
1
1
1
1
1
1.01183
1.01775
1.02367
1.02959
1.0355
1.04142
1.04734
1.05326
1.05917
1.06509
1.07101
1.07693
1.08284
1.08876
1.09468
1.10059
1.10651
1.11243
1.11835
1.12426
1.13018
1.1361
1.14202
1.14793
1.15385
1.15977
1.16569
1.1716
1.17752
1.18344
1.18936
1.19527
1.20119
1.20711
1.21302
1.21894
1.22486
1.23078
1.23669
1.24261
1.24853
1.25445
1.26036
1.26628
1.28057
1.29485
1.30914
1.32342
1.33771
1.352
1.36628
1.38057
1.39485
1.40914
1.42342
1.43771
1.452
1.46628
1.48057
1.49485
1.50914
1.52342
1.53771
1.552
1.56628
1.58057
1.56873
1.55445
1.54016
1.52587
1.51159
1.4973
1.48302
1.46873
1.45445
1.44016
1.42587
1.41159
1.3973
1.38302
1.36873
1.35445
1.34016
1.32587
1.31159
1.2973
1.28302
1.26873
1.25445
1.24853
1.24261
1.23669
1.23078
1.22486
1.21894
1.21302
1.20711
1.20119
1.19527
1.18936
1.18344
1.17752
1.1716
1.16569
1.15977
1.15385
1.14793
1.14202
1.1361
1.13018
1.12426
1.11835
1.11243
1.10651
1.10059
1.09468
1.08876
1.08284
1.07693
1.07101
1.06509
1.05917
1.05326
1.04734
1.04142
1.0355
1.02959
1.02367
1.01775
1.01183
1
1
1
1
1
1
1
1
1
1
1
1
1
1
1
1
1
1
1
1
1
1
1
1
1
1
1
1
1
1
1
1
1
1
1.01201
1.01801
1.02401
1.03002
1.03602
1.04202
1.04802
1.05403
1.06003
1.06603
1.07204
1.07804
1.08404
1.09005
1.09605
1.10205
1.10806
1.11406
1.12006
1.12607
1.13207
1.13807
1.14407
1.15008
1.15608
1.16208
1.16809
1.17409
1.18009
1.1861
1.1921
1.1981
1.20411
1.21011
1.21611
1.22212
1.22812
1.23412
1.24012
1.24613
1.25213
1.25813
1.26414
1.27863
1.29312
1.30762
1.32211
1.3366
1.35109
1.36559
1.38008
1.39457
1.40906
1.42356
1.43805
1.45254
1.46704
1.48153
1.49602
1.51051
1.52501
1.5395
1.55399
1.56848
1.58298
1.59747
1.58546
1.57097
1.55648
1.54199
1.52749
1.513
1.49851
1.48401
1.46952
1.45503
1.44054
1.42604
1.41155
1.39706
1.38257
1.36807
1.35358
1.33909
1.32459
1.3101
1.29561
1.28112
1.26662
1.25213
1.24613
1.24012
1.23412
1.22812
1.22212
1.21611
1.21011
1.20411
1.1981
1.1921
1.1861
1.18009
1.17409
1.16809
1.16208
1.15608
1.15008
1.14407
1.13807
1.13207
1.12607
1.12006
1.11406
1.10806
1.10205
1.09605
1.09005
1.08404
1.07804
1.07204
1.06603
1.06003
1.05403
1.04802
1.04202
1.03602
1.03002
1.02401
1.01801
1.01201
1
1
1
1
1
1
1
1
1
1
1
1
1
1
1
1
1
1
1
1
1
1
1
1
1
1
1
1
1
1
1
1
1
1
1
1
1
1
1
1
1.01218
1.01827
1.02437
1.03046
1.03655
1.04264
1.04873
1.05482
1.06091
1.06701
1.0731
1.07919
1.08528
1.09137
1.09746
1.10355
1.10964
1.11574
1.12183
1.12792
1.13401
1.1401
1.14619
1.15228
1.15838
1.16447
1.17056
1.17665
1.18274
1.18883
1.19492
1.20102
1.20711
1.2132
1.21929
1.22538
1.23147
1.23756
1.24366
1.24975
1.25584
1.26193
1.27664
1.29134
1.30605
1.32075
1.33546
1.35017
1.36487
1.37958
1.39428
1.40899
1.42369
1.4384
1.45311
1.46781
1.48252
1.49722
1.51193
1.52664
1.54134
1.55605
1.57075
1.58546
1.60017
1.61487
1.60269
1.58798
1.57328
1.55857
1.54386
1.52916
1.51445
1.49975
1.48504
1.47034
1.45563
1.44092
1.42622
1.41151
1.39681
1.3821
1.36739
1.35269
1.33798
1.32328
1.30857
1.29386
1.27916
1.26445
1.24975
1.24366
1.23756
1.23147
1.22538
1.21929
1.2132
1.20711
1.20102
1.19492
1.18883
1.18274
1.17665
1.17056
1.16447
1.15838
1.15228
1.14619
1.1401
1.13401
1.12792
1.12183
1.11574
1.10964
1.10355
1.09746
1.09137
1.08528
1.07919
1.0731
1.06701
1.06091
1.05482
1.04873
1.04264
1.03655
1.03046
1.02437
1.01827
1.01218
1
1
1
1
1
1
1
1
1
1
1
1
1
1
1
1
1
1
1
1
1
1
1
1
1
1
1
1
1
1
1
1
1
1
1
1
1
1
1
1
1
1
1
1.01236
1.01855
1.02473
1.03091
1.03709
1.04328
1.04946
1.05564
1.06182
1.06801
1.07419
1.08037
1.08655
1.09273
1.09892
1.1051
1.11128
1.11746
1.12365
1.12983
1.13601
1.14219
1.14838
1.15456
1.16074
1.16692
1.1731
1.17929
1.18547
1.19165
1.19783
1.20402
1.2102
1.21638
1.22256
1.22875
1.23493
1.24111
1.24729
1.25347
1.25966
1.27458
1.28951
1.30443
1.31936
1.33428
1.34921
1.36413
1.37906
1.39399
1.40891
1.42384
1.43876
1.45369
1.46861
1.48354
1.49846
1.51339
1.52831
1.54324
1.55816
1.57309
1.58802
1.60294
1.61787
1.63279
1.62043
1.6055
1.59058
1.57565
1.56073
1.5458
1.53087
1.51595
1.50102
1.4861
1.47117
1.45625
1.44132
1.4264
1.41147
1.39655
1.38162
1.3667
1.35177
1.33684
1.32192
1.30699
1.29207
1.27714
1.26222
1.24729
1.24111
1.23493
1.22875
1.22256
1.21638
1.2102
1.20402
1.19783
1.19165
1.18547
1.17929
1.1731
1.16692
1.16074
1.15456
1.14838
1.14219
1.13601
1.12983
1.12365
1.11746
1.11128
1.1051
1.09892
1.09273
1.08655
1.08037
1.07419
1.06801
1.06182
1.05564
1.04946
1.04328
1.03709
1.03091
1.02473
1.01855
1.01236
1
1
1
1
1
1
1
1
1
1
1
1
1
1
1
1
1
1
1
1
1
1
1
1
1
1
1
1
1
1
1
1
1
1
1
1
1
1
1
1
1
1
1
1
1
1
1
1.01255
1.01883
1.0251
1.03138
1.03766
1.04393
1.05021
1.05648
1.06276
1.06904
1.07531
1.08159
1.08786
1.09414
1.10042
1.10669
1.11297
1.11924
1.12552
1.1318
1.13807
1.14435
1.15062
1.1569
1.16318
1.16945
1.17573
1.182
1.18828
1.19456
1.20083
1.20711
1.21338
1.21966
1.22594
1.23221
1.23849
1.24476
1.25104
1.25732
1.27247
1.28762
1.30277
1.31792
1.33307
1.34822
1.36338
1.37853
1.39368
1.40883
1.42398
1.43913
1.45428
1.46944
1.48459
1.49974
1.51489
1.53004
1.54519
1.56035
1.5755
1.59065
1.6058
1.62095
1.6361
1.65125
1.6387
1.62355
1.6084
1.59325
1.5781
1.56295
1.54779
1.53264
1.51749
1.50234
1.48719
1.47204
1.45688
1.44173
1.42658
1.41143
1.39628
1.38113
1.36598
1.35082
1.33567
1.32052
1.30537
1.29022
1.27507
1.25991
1.24476
1.23849
1.23221
1.22594
1.21966
1.21338
1.20711
1.20083
1.19456
1.18828
1.182
1.17573
1.16945
1.16318
1.1569
1.15062
1.14435
1.13807
1.1318
1.12552
1.11924
1.11297
1.10669
1.10042
1.09414
1.08786
1.08159
1.07531
1.06904
1.06276
1.05648
1.05021
1.04393
1.03766
1.03138
1.0251
1.01883
1.01255
1
1
1
1
1
1
1
1
1
1
1
1
1
1
1
1
1
1
1
1
1
1
1
1
1
1
1
1
1
1
1
1
1
1
1
1
1
1
1
1
1
1
1
1
1
1
1
1
1
1
1.01275
1.01912
1.02549
1.03186
1.03824
1.04461
1.05098
1.05735
1.06373
1.0701
1.07647
1.08284
1.08922
1.09559
1.10196
1.10833
1.11471
1.12108
1.12745
1.13382
1.1402
1.14657
1.15294
1.15931
1.16569
1.17206
1.17843
1.1848
1.19118
1.19755
1.20392
1.21029
1.21667
1.22304
1.22941
1.23578
1.24216
1.24853
1.2549
1.27029
1.28567
1.30106
1.31644
1.33182
1.34721
1.36259
1.37798
1.39336
1.40875
1.42413
1.43952
1.4549
1.47029
1.48567
1.50106
1.51644
1.53182
1.54721
1.56259
1.57798
1.59336
1.60875
1.62413
1.63952
1.6549
1.67029
1.65754
1.64216
1.62677
1.61139
1.596
1.58062
1.56523
1.54985
1.53446
1.51908
1.50369
1.48831
1.47293
1.45754
1.44216
1.42677
1.41139
1.396
1.38062
1.36523
1.34985
1.33446
1.31908
1.30369
1.28831
1.27293
1.25754
1.24216
1.23578
1.22941
1.22304
1.21667
1.21029
1.20392
1.19755
1.19118
1.1848
1.17843
1.17206
1.16569
1.15931
1.15294
1.14657
1.1402
1.13382
1.12745
1.12108
1.11471
1.10833
1.10196
1.09559
1.08922
1.08284
1.07647
1.0701
1.06373
1.05735
1.05098
1.04461
1.03824
1.03186
1.02549
1.01912
1.01275
1
1
1
1
1
1
1
1
1
1
1
1
1
1
1
1
1
1
1
1
1
1
1
1
1
1
1
1
1
1
1
1
1
1
1
1
1
1
1
1
1
1
1
1
1
1
1
1
1
1
1
1
1
1
1.01294
1.01942
1.02589
1.03236
1.03883
1.0453
1.05178
1.05825
1.06472
1.07119
1.07767
1.08414
1.09061
1.09708
1.10355
1.11003
1.1165
1.12297
1.12944
1.13591
1.14239
1.14886
1.15533
1.1618
1.16827
1.17475
1.18122
1.18769
1.19416
1.20064
1.20711
1.21358
1.22005
1.22652
1.233
1.23947
1.24594
1.25241
1.26804
1.28366
1.29929
1.31491
1.33054
1.34616
1.36179
1.37741
1.39304
1.40866
1.42429
1.43991
1.45554
1.47116
1.48679
1.50241
1.51804
1.53366
1.54929
1.56491
1.58054
1.59616
1.61179
1.62741
1.64304
1.65866
1.67429
1.68991
1.67697
1.66134
1.64572
1.63009
1.61447
1.59884
1.58322
1.56759
1.55197
1.53634
1.52072
1.50509
1.48947
1.47384
1.45822
1.44259
1.42697
1.41134
1.39572
1.38009
1.36447
1.34884
1.33322
1.31759
1.30197
1.28634
1.27072
1.25509
1.23947
1.233
1.22652
1.22005
1.21358
1.20711
1.20064
1.19416
1.18769
1.18122
1.17475
1.16827
1.1618
1.15533
1.14886
1.14239
1.13591
1.12944
1.12297
1.1165
1.11003
1.10355
1.09708
1.09061
1.08414
1.07767
1.07119
1.06472
1.05825
1.05178
1.0453
1.03883
1.03236
1.02589
1.01942
1.01294
1
1
1
1
1
1
1
1
1
1
1
1
1
1
1
1
1
1
1
1
1
1
1
1
1
1
1
1
1
1
1
1
1
1
1
1
1
1
1
1
1
1
1
1
1
1
1
1
1
1
1
1
1
1
1
1
1
1.01315
1.01972
1.0263
1.03287
1.03945
1.04602
1.0526
1.05917
1.06575
1.07232
1.0789
1.08547
1.09205
1.09862
1.1052
1.11177
1.11835
1.12492
1.1315
1.13807
1.14465
1.15122
1.1578
1.16437
1.17095
1.17752
1.1841
1.19067
1.19725
1.20382
1.21039
1.21697
1.22354
1.23012
1.23669
1.24327
1.24984
1.26572
1.28159
1.29746
1.31334
1.32921
1.34508
1.36095
1.37683
1.3927
1.40857
1.42445
1.44032
1.45619
1.47207
1.48794
1.50381
1.51969
1.53556
1.55143
1.5673
1.58318
1.59905
1.61492
1.6308
1.64667
1.66254
1.67842
1.69429
1.71016
1.69701
1.68114
1.66527
1.64939
1.63352
1.61765
1.60177
1.5859
1.57003
1.55415
1.53828
1.52241
1.50654
1.49066
1.47479
1.45892
1.44304
1.42717
1.4113
1.39542
1.37955
1.36368
1.34781
1.33193
1.31606
1.30019
1.28431
1.26844
1.25257
1.23669
1.23012
1.22354
1.21697
1.21039
1.20382
1.19725
1.19067
1.1841
1.17752
1.17095
1.16437
1.1578
1.15122
1.14465
1.13807
1.1315
1.12492
1.11835
1.11177
1.1052
1.09862
1.09205
1.08547
1.0789
1.07232
1.06575
1.05917
1.0526
1.04602
1.03945
1.03287
1.0263
1.01972
1.01315
1
1
1
1
1
1
1
1
1
1
1
1
1
1
1
1
1
1
1
1
1
1
1
1
1
1
1
1
1
1
1
1
1
1
1
1
1
1
1
1
1
1
1
1
1
1
1
1
1
1
1
1
1
1
1
1
1
1
1
1.01336
1.02004
1.02672
1.0334
1.04009
1.04677
1.05345
1.06013
1.06681
1.07349
1.08017
1.08685
1.09353
1.10021
1.10689
1.11357
1.12026
1.12694
1.13362
1.1403
1.14698
1.15366
1.16034
1.16702
1.1737
1.18038
1.18706
1.19375
1.20043
1.20711
1.21379
1.22047
1.22715
1.23383
1.24051
1.24719
1.26332
1.27945
1.29558
1.31171
1.32784
1.34397
1.3601
1.37622
1.39235
1.40848
1.42461
1.44074
1.45687
1.473
1.48913
1.50526
1.52139
1.53752
1.55364
1.56977
1.5859
1.60203
1.61816
1.63429
1.65042
1.66655
1.68268
1.69881
1.71493
1.73106
1.7177
1.70157
1.68544
1.66931
1.65319
1.63706
1.62093
1.6048
1.58867
1.57254
1.55641
1.54028
1.52415
1.50802
1.4919
1.47577
1.45964
1.44351
1.42738
1.41125
1.39512
1.37899
1.36286
1.34673
1.33061
1.31448
1.29835
1.28222
1.26609
1.24996
1.23383
1.22715
1.22047
1.21379
1.20711
1.20043
1.19375
1.18706
1.18038
1.1737
1.16702
1.16034
1.15366
1.14698
1.1403
1.13362
1.12694
1.12026
1.11357
1.10689
1.10021
1.09353
1.08685
1.08017
1.07349
1.06681
1.06013
1.05345
1.04677
1.04009
1.0334
1.02672
1.02004
1.01336
1
1
1
1
1
1
1
1
1
1
1
1
1
1
1
1
1
1
1
1
1
1
1
1
1
1
1
1
1
1
1
1
1
1
1
1
1
1
1
1
1
1
1
1
1
1
1
1
1
1
1
1
1
1
1
1
1
1
1
1
1
1
1.01358
1.02037
1.02716
1.03395
1.04074
1.04753
1.05432
1.06111
1.0679
1.07469
1.08148
1.08828
1.09507
1.10186
1.10865
1.11544
1.12223
1.12902
1.13581
1.1426
1.14939
1.15618
1.16297
1.16976
1.17655
1.18334
1.19013
1.19692
1.20371
1.2105
1.21729
1.22408
1.23087
1.23766
1.24445
1.26085
1.27724
1.29363
1.31003
1.32642
1.34282
1.35921
1.3756
1.392
1.40839
1.42478
1.44118
1.45757
1.47396
1.49036
1.50675
1.52314
1.53954
1.55593
1.57232
1.58872
1.60511
1.6215
1.6379
1.65429
1.67068
1.68708
1.70347
1.71986
1.73626
1.75265
1.73907
1.72268
1.70628
1.68989
1.6735
1.6571
1.64071
1.62432
1.60792
1.59153
1.57514
1.55874
1.54235
1.52596
1.50956
1.49317
1.47678
1.46038
1.44399
1.4276
1.4112
1.39481
1.37841
1.36202
1.34563
1.32923
1.31284
1.29645
1.28005
1.26366
1.24727
1.23087
1.22408
1.21729
1.2105
1.20371
1.19692
1.19013
1.18334
1.17655
1.16976
1.16297
1.15618
1.14939
1.1426
1.13581
1.12902
1.12223
1.11544
1.10865
1.10186
1.09507
1.08828
1.08148
1.07469
1.0679
1.06111
1.05432
1.04753
1.04074
1.03395
1.02716
1.02037
1.01358
1
1
1
1
1
1
1
1
1
1
1
1
1
1
1
1
1
1
1
1
1
1
1
1
1
1
1
1
1
1
1
1
1
1
1
1
1
1
1
1
1
1
1
1
1
1
1
1
1
1
1
1
1
1
1
1
1
1
1
1
1
1
1
1
1
1
1
1.01381
1.02071
1.02761
1.03452
1.04142
1.04832
1.05523
1.06213
1.06904
1.07594
1.08284
1.08975
1.09665
1.10355
1.11046
1.11736
1.12426
1.13117
1.13807
1.14498
1.15188
1.15878
1.16569
1.17259
1.17949
1.1864
1.1933
1.2002
1.20711
1.21401
1.22091
1.22782
1.23472
1.24163
1.25829
1.27496
1.29163
1.30829
1.32496
1.34163
1.35829
1.37496
1.39163
1.40829
1.42496
1.44163
1.45829
1.47496
1.49163
1.50829
1.52496
1.54163
1.55829
1.57496
1.59163
1.60829
1.62496
1.64163
1.65829
1.67496
1.69163
1.70829
1.72496
1.74163
1.75829
1.77496
1.76115
1.74448
1.72782
1.71115
1.69448
1.67782
1.66115
1.64448
1.62782
1.61115
1.59448
1.57782
1.56115
1.54448
1.52782
1.51115
1.49448
1.47782
1.46115
1.44448
1.42782
1.41115
1.39448
1.37782
1.36115
1.34448
1.32782
1.31115
1.29448
1.27782
1.26115
1.24448
1.22782
1.22091
1.21401
1.20711
1.2002
1.1933
1.1864
1.17949
1.17259
1.16569
1.15878
1.15188
1.14498
1.13807
1.13117
1.12426
1.11736
1.11046
1.10355
1.09665
1.08975
1.08284
1.07594
1.06904
1.06213
1.05523
1.04832
1.04142
1.03452
1.02761
1.02071
1.01381
1
1
1
1
1
1
1
1
1
1
1
1
1
1
1
1
1
1
1
1
1
1
1
1
1
1
1
1
1
1
1
1
1
1
1
1
1
1
1
1
1
1
1
1
1
1
1
1
1
1
1
1
1
1
1
1
1
1
1
1
1
1
1
1
1
1
1
1
1
1
1
1
1.01404
1.02106
1.02808
1.0351
1.04212
1.04914
1.05616
1.06319
1.07021
1.07723
1.08425
1.09127
1.09829
1.10531
1.11233
1.11935
1.12637
1.13339
1.14041
1.14743
1.15445
1.16147
1.16849
1.17551
1.18254
1.18956
1.19658
1.2036
1.21062
1.21764
1.22466
1.23168
1.2387
1.25565
1.2726
1.28955
1.3065
1.32345
1.34039
1.35734
1.37429
1.39124
1.40819
1.42514
1.44209
1.45904
1.47599
1.49294
1.50989
1.52684
1.54378
1.56073
1.57768
1.59463
1.61158
1.62853
1.64548
1.66243
1.61449
1.59754
1.58059
1.56364
1.54669
1.52974
1.51279
1.49585
1.4789
1.46195
1.445
1.42805
1.4111
1.39415
1.3772
1.36025
1.3433
1.32635
1.3094
1.29246
1.27551
1.25856
1.24161
1.22466
1.21764
1.21062
1.2036
1.19658
1.18956
1.18254
1.17551
1.16849
1.16147
1.15445
1.14743
1.14041
1.13339
1.12637
1.11935
1.11233
1.10531
1.09829
1.09127
1.08425
1.07723
1.07021
1.06319
1.05616
1.04914
1.04212
1.0351
1.02808
1.02106
1.01404
1
1
1
1
1
1
1
1
1
1
1
1
1
1
1
1
1
1
1
1
1
1
1
1
1
1
1
1
1
1
1
1
1
1
1
1
1
1
1
1
1
1
1
1
1
1
1
1
1
1
1
1
1
1
1
1
1
1
1
1
1
1
1
1
1
1
1
1
1
1
1
1
1
1
1
1
1.01428
1.02142
1.02857
1.03571
1.04285
1.04999
1.05713
1.06427
1.07142
1.07856
1.0857
1.09284
1.09998
1.10712
1.11427
1.12141
1.12855
1.13569
1.14283
1.14997
1.15712
1.16426
1.1714
1.17854
1.18568
1.19282
1.19997
1.20711
1.21425
1.22139
1.22853
1.23567
1.25292
1.27016
1.2874
1.30464
1.32188
1.33912
1.35636
1.3736
1.39085
1.40809
1.42533
1.44257
1.45981
1.47705
1.49429
1.51154
1.52878
1.54602
1.56326
1.5805
1.49725
1.48001
1.46277
1.44553
1.42829
1.41105
1.3938
1.37656
1.35932
1.34208
1.32484
1.3076
1.29036
1.27311
1.25587
1.23863
1.22139
1.21425
1.20711
1.19997
1.19282
1.18568
1.17854
1.1714
1.16426
1.15712
1.14997
1.14283
1.13569
1.12855
1.12141
1.11427
1.10712
1.09998
1.09284
1.0857
1.07856
1.07142
1.06427
1.05713
1.04999
1.04285
1.03571
1.02857
1.02142
1.01428
1
1
1
1
1
1
1
1
1
1
1
1
1
1
1
1
1
1
1
1
1
1
1
1
1
1
1
1
1
1
1
1
1
1
1
1
1
1
1
1
1
1
1
1
1
1
1
1
1
1
1
1
1
1
1
1
1
1
1
1
1
1
1
1
1
1
1
1
1
1
1
1
1
1
1
1
1
1
1
1
1
1
1
1
1.01453
1.0218
1.02907
1.03633
1.0436
1.05087
1.05814
1.0654
1.07267
1.07994
1.0872
1.09447
1.10174
1.109
1.11627
1.12354
1.1308
1.13807
1.14534
1.15261
1.15987
1.16714
1.17441
1.18167
1.18894
1.19621
1.20347
1.21074
1.21801
1.22527
1.23254
1.25009
1.26763
1.28517
1.30272
1.32026
1.3378
1.35535
1.37289
1.39044
1.40798
1.42552
1.44307
1.46061
1.47816
1.4957
1.51324
1.46362
1.44608
1.42853
1.41099
1.39345
1.3759
1.35836
1.34081
1.32327
1.30573
1.28818
1.27064
1.2531
1.23555
1.21801
1.21074
1.20347
1.19621
1.18894
1.18167
1.17441
1.16714
1.15987
1.15261
1.14534
1.13807
1.1308
1.12354
1.11627
1.109
1.10174
1.09447
1.0872
1.07994
1.07267
1.0654
1.05814
1.05087
1.0436
1.03633
1.02907
1.0218
1.01453
1
1
1
1
1
1
1
1
1
1
1
1
1
1
1
1
1
1
1
1
1
1
1
1
1
1
1
1
1
1
1
1
1
1
1
1
1
1
1
1
1
1
1
1
1
1
1
1
1
1
1
1
1
1
1
1
1
1
1
1
1
1
1
1
1
1
1
1
1
1
1
1
1
1
1
1
1
1
1
1
1
1
1
1
1
1
1
1
1
1
1
1
1
1
1
1
1
1
1
1
1
1
1
1
1
1
1
1
1
1
1
1
1.01479
1.02219
1.02959
1.03698
1.04438
1.05178
1.05917
1.06657
1.07397
1.08136
1.08876
1.09616
1.10355
1.11095
1.11835
1.12574
1.13314
1.14054
1.14793
1.15533
1.16273
1.17012
1.17752
1.18492
1.19231
1.19971
1.20711
1.2145
1.2219
1.2293
1.24715
1.26501
1.28287
1.30073
1.31858
1.33644
1.3543
1.37215
1.39001
1.40787
1.42573
1.44358
1.46144
1.41093
1.39308
1.37522
1.35736
1.3395
1.32165
1.30379
1.28593
1.26808
1.25022
1.23236
1.2145
1.20711
1.19971
1.19231
1.18492
1.17752
1.17012
1.16273
1.15533
1.14793
1.14054
1.13314
1.12574
1.11835
1.11095
1.10355
1.09616
1.08876
1.08136
1.07397
1.06657
1.05917
1.05178
1.04438
1.03698
1.02959
1.02219
1.01479
1
1
1
1
1
1
1
1
1
1
1
1
1
1
1
1
1
1
1
1
1
1
1
1
1
1
1
1
1
1
1
1
1
1
1
1
1
1
1
1
1
1
1
1
1
1
1
1
1
1
1
1
1
1
1
1
1
1
1
1
1
1
1
1
1
1
1
1
1
1
1
1
1
1
1
1
1
1
1
1
1
1
1
1
1
1
1
1
1
1
1
1
1
1
1
1
1
1
1
1
1
1
1
1
1
1
1
1
1
1
1
1
1
1
1
1
1
1
1
1
1
1
1
1
1
1.01506
1.02259
1.03012
1.03766
1.04519
1.05272
1.06025
1.06778
1.07531
1.08284
1.09037
1.09791
1.10544
1.11297
1.1205
1.12803
1.13556
1.14309
1.15062
1.15815
1.16569
1.17322
1.18075
1.18828
1.19581
1.20334
1.21087
1.2184
1.22594
1.24412
1.2623
1.28048
1.29866
1.31684
1.33503
1.35321
1.37139
1.38957
1.40775
1.35633
1.33815
1.31996
1.30178
1.2836
1.26542
1.24724
1.22905
1.21087
1.20334
1.19581
1.18828
1.18075
1.17322
1.16569
1.15815
1.15062
1.14309
1.13556
1.12803
1.1205
1.11297
1.10544
1.09791
1.09037
1.08284
1.07531
1.06778
1.06025
1.05272
1.04519
1.03766
1.03012
1.02259
1.01506
1
1
1
1
1
1
1
1
1
1
1
1
1
1
1
1
1
1
1
1
1
1
1
1
1
1
1
1
1
1
1
1
1
1
1
1
1
1
1
1
1
1
1
1
1
1
1
1
1
1
1
1
1
1
1
1
1
1
1
1
1
1
1
1
1
1
1
1
1
1
1
1
1
1
1
1
1
1
1
1
1
1
1
1
1
1
1
1
1
1
1
1
1
1
1
1
1
1
1
1
1
1
1
1
1
1
1
1
1
1
1
1
1
1
1
1
1
1
1
1
1
1
1
1
1
1.01534
1.02301
1.03068
1.03835
1.04602
1.05369
1.06136
1.06904
1.07671
1.08438
1.09205
1.09972
1.10739
1.11506
1.12273
1.1304
1.13807
1.14574
1.15341
1.16108
1.16875
1.17642
1.1841
1.19177
1.19944
1.20711
1.21478
1.22245
1.24097
1.25949
1.278
1.29652
1.31504
1.33356
1.35208
1.3706
1.38912
1.40763
1.42615
1.37377
1.35526
1.33674
1.31822
1.2997
1.28118
1.26266
1.24414
1.22563
1.20711
1.19944
1.19177
1.1841
1.17642
1.16875
1.16108
1.15341
1.14574
1.13807
1.1304
1.12273
1.11506
1.10739
1.09972
1.09205
1.08438
1.07671
1.06904
1.06136
1.05369
1.04602
1.03835
1.03068
1.02301
1.01534
1
1
1
1
1
1
1
1
1
1
1
1
1
1
1
1
1
1
1
1
1
1
1
1
1
1
1
1
1
1
1
1
1
1
1
1
1
1
1
1
1
1
1
1
1
1
1
1
1
1
1
1
1
1
1
1
1
1
1
1
1
1
1
1
1
1
1
1
1
1
1
1
1
1
1
1
1
1
1
1
1
1
1
1
1
1
1
1
1
1
1
1
1
1
1
1
1
1
1
1
1
1
1
1
1
1
1
1
1
1
1
1
1
1
1
1
1
1
1
1
1
1
1
1
1
1
1
1
1
1
1
1
1
1
1
1.00782
1.01563
1.02345
1.03126
1.03908
1.04689
1.05471
1.06252
1.07034
1.07815
1.08597
1.09378
1.1016
1.10942
1.11723
1.12505
1.13286
1.14068
1.14849
1.15631
1.16412
1.17194
1.17975
1.18757
1.19538
1.2032
1.21101
1.21883
1.2377
1.25657
1.27543
1.2943
1.31317
1.33204
1.35091
1.36977
1.38864
1.33528
1.31641
1.29754
1.27867
1.2598
1.24094
1.22207
1.2032
1.19538
1.18757
1.17975
1.17194
1.16412
1.15631
1.14849
1.14068
1.13286
1.12505
1.11723
1.10942
1.1016
1.09378
1.08597
1.07815
1.07034
1.06252
1.05471
1.04689
1.03908
1.03126
1.02345
1.01563
1.00782
1
1
1
1
1
1
1
1
1
1
1
1
1
1
1
1
1
1
1
1
1
1
1
1
1
1
1
1
1
1
1
1
1
1
1
1
1
1
1
1
1
1
1
1
1
1
1
1
1
1
1
1
1
1
1
1
1
1
1
1
1
1
1
1
1
1
1
1
1
1
1
1
1
1
1
1
1
1
1
1
1
1
1
1
1
1
1
1
1
1
1
1
1
1
1
1
1
1
1
1
1
1
1
1
1
1
1
1
1
1
1
1
1
1
1
1
1
1
1
1
1
1
1
1
1
1
1
1
1
1
1
1
1
1
1
1
1
1
1
1
1
1
1.00797
1.01593
1.0239
1.03186
1.03983
1.04779
1.05576
1.06373
1.07169
1.07966
1.08762
1.09559
1.10355
1.11152
1.11948
1.12745
1.13542
1.14338
1.15135
1.15931
1.16728
1.17524
1.18321
1.19118
1.19914
1.20711
1.21507
1.2343
1.25353
1.27277
1.292
1.31123
1.33046
1.34969
1.36892
1.31453
1.2953
1.27606
1.25683
1.2376
1.21837
1.19914
1.19118
1.18321
1.17524
1.16728
1.15931
1.15135
1.14338
1.13542
1.12745
1.11948
1.11152
1.10355
1.09559
1.08762
1.07966
1.07169
1.06373
1.05576
1.04779
1.03983
1.03186
1.0239
1.01593
1.00797
1
1
1
1
1
1
1
1
1
1
1
1
1
1
1
1
1
1
1
1
1
1
1
1
1
1
1
1
1
1
1
1
1
1
1
1
1
1
1
1
1
1
1
1
1
1
1
1
1
1
1
1
1
1
1
1
1
1
1
1
1
1
1
1
1
1
1
1
1
1
1
1
1
1
1
1
1
1
1
1
1
1
1
1
1
1
1
1
1
1
1
1
1
1
1
1
1
1
1
1
1
1
1
1
1
1
1
1
1
1
1
1
1
1
1
1
1
1
1
1
1
1
1
1
1
1
1
1
1
1
1
1
1
1
1
1
1
1
1
1
1
1
1
1
1
1
1
1
1
1
1.00812
1.01624
1.02437
1.03249
1.04061
1.04873
1.05685
1.06497
1.0731
1.08122
1.08934
1.09746
1.10558
1.11371
1.12183
1.12995
1.13807
1.14619
1.15432
1.16244
1.17056
1.17868
1.1868
1.19492
1.20305
1.21117
1.23078
1.25038
1.26999
1.2896
1.30921
1.32882
1.31257
1.29296
1.27336
1.25375
1.23414
1.21453
1.19492
1.1868
1.17868
1.17056
1.16244
1.15432
1.14619
1.13807
1.12995
1.12183
1.11371
1.10558
1.09746
1.08934
1.08122
1.0731
1.06497
1.05685
1.04873
1.04061
1.03249
1.02437
1.01624
1.00812
1
1
1
1
1
1
1
1
1
1
1
1
1
1
1
1
1
1
1
1
1
1
1
1
1
1
1
1
1
1
1
1
1
1
1
1
1
1
1
1
1
1
1
1
1
1
1
1
1
1
1
1
1
1
1
1
1
1
1
1
1
1
1
1
1
1
1
1
1
1
1
1
1
1
1
1
1
1
1
1
1
1
1
1
1
1
1
1
1
1
1
1
1
1
1
1
1
1
1
1
1
1
1
1
1
1
1
1
1
1
1
1
1
1
1
1
1
1
1
1
1
1
1
1
1
1
1
1
1
1
1
1
1
1
1
1
1
1
1
1
1
1
1
1
1
1
1
1
1
1
1
1
1
1
1
1
1
1.00828
1.01657
1.02485
1.03314
1.04142
1.04971
1.05799
1.06627
1.07456
1.08284
1.09113
1.09941
1.1077
1.11598
1.12426
1.13255
1.14083
1.14912
1.1574
1.16569
1.17397
1.18225
1.19054
1.19882
1.20711
1.22711
1.24711
1.26711
1.28711
1.30711
1.27054
1.25054
1.23054
1.21054
1.19054
1.18225
1.17397
1.16569
1.1574
1.14912
1.14083
1.13255
1.12426
1.11598
1.1077
1.09941
1.09113
1.08284
1.07456
1.06627
1.05799
1.04971
1.04142
1.03314
1.02485
1.01657
1.00828
1
1
1
1
1
1
1
1
1
1
1
1
1
1
1
1
1
1
1
1
1
1
1
1
1
1
1
1
1
1
1
1
1
1
1
1
1
1
1
1
1
1
1
1
1
1
1
1
1
1
1
1
1
1
1
1
1
1
1
1
1
1
1
1
1
1
1
1
1
1
1
1
1
1
1
1
1
1
1
1
1
1
1
1
1
1
1
1
1
1
1
1
1
1
1
1
1
1
1
1
1
1
1
1
1
1
1
1
1
1
1
1
1
1
1
1
1
1
1
1
1
1
1
1
1
1
1
1
1
1
1
1
1
1
1
1
1
1
1
1
1
1
1
1
1
1
1
1
1
1
1
1
1
1
1
1
1
1
1
1
1
1
1
1
1.00845
1.01691
1.02536
1.03381
1.04227
1.05072
1.05917
1.06763
1.07608
1.08453
1.09299
1.10144
1.10989
1.11835
1.1268
1.13525
1.14371
1.15216
1.16061
1.16907
1.17752
1.18597
1.19443
1.20288
1.22329
1.2437
1.26411
1.28451
1.22679
1.20638
1.18597
1.17752
1.16907
1.16061
1.15216
1.14371
1.13525
1.1268
1.11835
1.10989
1.10144
1.09299
1.08453
1.07608
1.06763
1.05917
1.05072
1.04227
1.03381
1.02536
1.01691
1.00845
1
1
1
1
1
1
1
1
1
1
1
1
1
1
1
1
1
1
1
1
1
1
1
1
1
1
1
1
1
1
1
1
1
1
1
1
1
1
1
1
1
1
1
1
1
1
1
1
1
1
1
1
1
1
1
1
1
1
1
1
1
1
1
1
1
1
1
1
1
1
1
1
1
1
1
1
1
1
1
1
1
1
1
1
1
1
1
1
1
1
1
1
1
1
1
1
1
1
1
1
1
1
1
1
1
1
1
1
1
1
1
1
1
1
1
1
1
1
1
1
1
1
1
1
1
1
1
1
1
1
1
1
1
1
1
1
1
1
1
1
1
1
1
1
1
1
1
1
1
1
1
1
1
1
1
1
1
1
1
1
1
1
1
1
1
1
1
1
1
1.00863
1.01726
1.02589
1.03452
1.04315
1.05178
1.06041
1.06904
1.07767
1.08629
1.09492
1.10355
1.11218
1.12081
1.12944
1.13807
1.1467
1.15533
1.16396
1.17259
1.18122
1.18985
1.19848
1.21931
1.24014
1.26098
1.22289
1.20205
1.18122
1.17259
1.16396
1.15533
1.1467
1.13807
1.12944
1.12081
1.11218
1.10355
1.09492
1.08629
1.07767
1.06904
1.06041
1.05178
1.04315
1.03452
1.02589
1.01726
1.00863
1
1
1
1
1
1
1
1
1
1
1
1
1
1
1
1
1
1
1
1
1
1
1
1
1
1
1
1
1
1
1
1
1
1
1
1
1
1
1
1
1
1
1
1
1
1
1
1
1
1
1
1
1
1
1
1
1
1
1
1
1
1
1
1
1
1
1
1
1
1
1
1
1
1
1
1
1
1
1
1
1
1
1
1
1
1
1
1
1
1
1
1
1
1
1
1
1
1
1
1
1
1
1
1
1
1
1
1
1
1
1
1
1
1
1
1
1
1
1
1
1
1
1
1
1
1
1
1
1
1
1
1
1
1
1
1
1
1
1
1
1
1
1
1
1
1
1
1
1
1
1
1
1
1
1
1
1
1
1
1
1
1
1
1
1
1
1
1
1
1
1
1
1
1
1
1
1
1.00881
1.01763
1.02644
1.03525
1.04407
1.05288
1.06169
1.0705
1.07932
1.08813
1.09694
1.10576
1.11457
1.12338
1.1322
1.14101
1.14982
1.15864
1.16745
1.17626
1.18507
1.19389
1.21516
1.23644
1.25772
1.21881
1.19754
1.17626
1.16745
1.15864
1.14982
1.14101
1.1322
1.12338
1.11457
1.10576
1.09694
1.08813
1.07932
1.0705
1.06169
1.05288
1.04407
1.03525
1.02644
1.01763
1.00881
1
1
1
1
1
1
1
1
1
1
1
1
1
1
1
1
1
1
1
1
1
1
1
1
1
1
1
1
1
1
1
1
1
1
1
1
1
1
1
1
1
1
1
1
1
1
1
1
1
1
1
1
1
1
1
1
1
1
1
1
1
1
1
1
1
1
1
1
1
1
1
1
1
1
1
1
1
1
1
1
1
1
1
1
1
1
1
1
1
1
1
1
1
1
1
1
1
1
1
1
1
1
1
1
1
1
1
1
1
1
1
1
1
1
1
1
1
1
1
1
1
1
1
1
1
1
1
1
1
1
1
1
1
1
1
1
1
1
1
1
1
1
1
1
1
1
1
1
1
1
1
1
1
1
1
1
1
1
1
1
1
1
1
1
1
1
1
1
1
1
1
1
1
1
1
1
1
1.009
1.01801
1.02701
1.03602
1.04502
1.05403
1.06303
1.07204
1.08104
1.09005
1.09905
1.10806
1.11706
1.12607
1.13507
1.14407
1.15308
1.16208
1.17109
1.18009
1.1891
1.21084
1.23258
1.25432
1.27605
1.23631
1.21457
1.19283
1.17109
1.16208
1.15308
1.14407
1.13507
1.12607
1.11706
1.10806
1.09905
1.09005
1.08104
1.07204
1.06303
1.05403
1.04502
1.03602
1.02701
1.01801
1.009
1
1
1
1
1
1
1
1
1
1
1
1
1
1
1
1
1
1
1
1
1
1
1
1
1
1
1
1
1
1
1
1
1
1
1
1
1
1
1
1
1
1
1
1
1
1
1
1
1
1
1
1
1
1
1
1
1
1
1
1
1
1
1
1
1
1
1
1
1
1
1
1
1
1
1
1
1
1
1
1
1
1
1
1
1
1
1
1
1
1
1
1
1
1
1
1
1
1
1
1
1
1
1
1
1
1
1
1
1
1
1
1
1
1
1
1
1
1
1
1
1
1
1
1
1
1
1
1
1
1
1
1
1
1
1
1
1
1
1
1
1
1
1
1
1
1
1
1
1
1
1
1
1
1
1
1
1
1
1
1
1
1
1
1
1
1
1
1
1
1
1
1
1
1
1
1
1
1
1
1
1
1.0092
1.01841
1.02761
1.03682
1.04602
1.05523
1.06443
1.07364
1.08284
1.09205
1.10125
1.11046
1.11966
1.12887
1.13807
1.14728
1.15648
1.16569
1.17489
1.1841
1.20632
1.22854
1.23235
1.21013
1.18791
1.16569
1.15648
1.14728
1.13807
1.12887
1.11966
1.11046
1.10125
1.09205
1.08284
1.07364
1.06443
1.05523
1.04602
1.03682
1.02761
1.01841
1.0092
1
1
1
1
1
1
1
1
1
1
1
1
1
1
1
1
1
1
1
1
1
1
1
1
1
1
1
1
1
1
1
1
1
1
1
1
1
1
1
1
1
1
1
1
1
1
1
1
1
1
1
1
1
1
1
1
1
1
1
1
1
1
1
1
1
1
1
1
1
1
1
1
1
1
1
1
1
1
1
1
1
1
1
1
1
1
1
1
1
1
1
1
1
1
1
1
1
1
1
1
1
1
1
1
1
1
1
1
1
1
1
1
1
1
1
1
1
1
1
1
1
1
1
1
1
1
1
1
1
1
1
1
1
1
1
1
1
1
1
1
1
1
1
1
1
1
1
1
1
1
1
1
1
1
1
1
1
1
1
1
1
1
1
1
1
1
1
1
1
1
1
1
1
1
1
1
1
1
1
1
1
1
1
1
1
1
1.00941
1.01883
1.02824
1.03766
1.04707
1.05648
1.0659
1.07531
1.08473
1.09414
1.10355
1.11297
1.12238
1.1318
1.14121
1.15062
1.16004
1.16945
1.17887
1.20159
1.22432
1.20549
1.18276
1.16004
1.15062
1.14121
1.1318
1.12238
1.11297
1.10355
1.09414
1.08473
1.07531
1.0659
1.05648
1.04707
1.03766
1.02824
1.01883
1.00941
1
1
1
1
1
1
1
1
1
1
1
1
1
1
1
1
1
1
1
1
1
1
1
1
1
1
1
1
1
1
1
1
1
1
1
1
1
1
1
1
1
1
1
1
1
1
1
1
1
1
1
1
1
1
1
1
1
1
1
1
1
1
1
1
1
1
1
1
1
1
1
1
1
1
1
1
1
1
1
1
1
1
1
1
1
1
1
1
1
1
1
1
1
1
1
1
1
1
1
1
1
1
1
1
1
1
1
1
1
1
1
1
1
1
1
1
1
1
1
1
1
1
1
1
1
1
1
1
1
1
1
1
1
1
1
1
1
1
1
1
1
1
1
1
1
1
1
1
1
1
1
1
1
1
1
1
1
1
1
1
1
1
1
1
1
1
1
1
1
1
1
1
1
1
1
1
1
1
1
1
1
1
1
1
1
1
1
1
1
1
1
1
1
1.00963
1.01927
1.0289
1.03853
1.04816
1.0578
1.06743
1.07706
1.0867
1.09633
1.10596
1.11559
1.12523
1.13486
1.14449
1.15413
1.16376
1.17339
1.19665
1.2199
1.17738
1.15413
1.14449
1.13486
1.12523
1.11559
1.10596
1.09633
1.0867
1.07706
1.06743
1.0578
1.04816
1.03853
1.0289
1.01927
1.00963
1
1
1
1
1
1
1
1
1
1
1
1
1
1
1
1
1
1
1
1
1
1
1
1
1
1
1
1
1
1
1
1
1
1
1
1
1
1
1
1
1
1
1
1
1
1
1
1
1
1
1
1
1
1
1
1
1
1
1
1
1
1
1
1
1
1
1
1
1
1
1
1
1
1
1
1
1
1
1
1
1
1
1
1
1
1
1
1
1
1
1
1
1
1
1
1
1
1
1
1
1
1
1
1
1
1
1
1
1
1
1
1
1
1
1
1
1
1
1
1
1
1
1
1
1
1
1
1
1
1
1
1
1
1
1
1
1
1
1
1
1
1
1
1
1
1
1
1
1
1
1
1
1
1
1
1
1
1
1
1
1
1
1
1
1
1
1
1
1
1
1
1
1
1
1
1
1
1
1
1
1
1
1
1
1
1
1
1
1
1
1
1
1
1
1
1
1
1
1
1.00986
1.01972
1.02959
1.03945
1.04931
1.05917
1.06904
1.0789
1.08876
1.09862
1.10848
1.11835
1.12821
1.13807
1.14793
1.1578
1.16766
1.19147
1.14793
1.13807
1.12821
1.11835
1.10848
1.09862
1.08876
1.0789
1.06904
1.05917
1.04931
1.03945
1.02959
1.01972
1.00986
1
1
1
1
1
1
1
1
1
1
1
1
1
1
1
1
1
1
1
1
1
1
1
1
1
1
1
1
1
1
1
1
1
1
1
1
1
1
1
1
1
1
1
1
1
1
1
1
1
1
1
1
1
1
1
1
1
1
1
1
1
1
1
1
1
1
1
1
1
1
1
1
1
1
1
1
1
1
1
1
1
1
1
1
1
1
1
1
1
1
1
1
1
1
1
1
1
1
1
1
1
1
1
1
1
1
1
1
1
1
1
1
1
1
1
1
1
1
1
1
1
1
1
1
1
1
1
1
1
1
1
1
1
1
1
1
1
1
1
1
1
1
1
1
1
1
1
1
1
1
1
1
1
1
1
1
1
1
1
1
1
1
1
1
1
1
1
1
1
1
1
1
1
1
1
1
1
1
1
1
1
1
1
1
1
1
1
1
1
1
1
1
1
1
1
1
1
1
1
1
1
1
1
1
1.0101
1.02021
1.03031
1.04041
1.05051
1.06062
1.07072
1.08082
1.09092
1.10103
1.11113
1.12123
1.13134
1.14144
1.15154
1.16164
1.18603
1.15154
1.14144
1.13134
1.12123
1.11113
1.10103
1.09092
1.08082
1.07072
1.06062
1.05051
1.04041
1.03031
1.02021
1.0101
1
1
1
1
1
1
1
1
1
1
1
1
1
1
1
1
1
1
1
1
1
1
1
1
1
1
1
1
1
1
1
1
1
1
1
1
1
1
1
1
1
1
1
1
1
1
1
1
1
1
1
1
1
1
1
1
1
1
1
1
1
1
1
1
1
1
1
1
1
1
1
1
1
1
1
1
1
1
1
1
1
1
1
1
1
1
1
1
1
1
1
1
1
1
1
1
1
1
1
1
1
1
1
1
1
1
1
1
1
1
1
1
1
1
1
1
1
1
1
1
1
1
1
1
1
1
1
1
1
1
1
1
1
1
1
1
1
1
1
1
1
1
1
1
1
1
1
1
1
1
1
1
1
1
1
1
1
1
1
1
1
1
1
1
1
1
1
1
1
1
1
1
1
1
1
1
1
1
1
1
1
1
1
1
1
1
1
1
1
1
1
1
1
1
1
1
1
1
1
1
1
1
1
1
1
1
1
1
1
1
1.01036
1.02071
1.03107
1.04142
1.05178
1.06213
1.07249
1.08284
1.0932
1.10355
1.11391
1.12426
1.13462
1.14497
1.15533
1.18033
1.14497
1.13462
1.12426
1.11391
1.10355
1.0932
1.08284
1.07249
1.06213
1.05178
1.04142
1.03107
1.02071
1.01036
1
1
1
1
1
1
1
1
1
1
1
1
1
1
1
1
1
1
1
1
1
1
1
1
1
1
1
1
1
1
1
1
1
1
1
1
1
1
1
1
1
1
1
1
1
1
1
1
1
1
1
1
1
1
1
1
1
1
1
1
1
1
1
1
1
1
1
1
1
1
1
1
1
1
1
1
1
1
1
1
1
1
1
1
1
1
1
1
1
1
1
1
1
1
1
1
1
1
1
1
1
1
1
1
1
1
1
1
1
1
1
1
1
1
1
1
1
1
1
1
1
1
1
1
1
1
1
1
1
1
1
1
1
1
1
1
1
1
1
1
1
1
1
1
1
1
1
1
1
1
1
1
1
1
1
1
1
1
1
1
1
1
1
1
1
1
1
1
1
1
1
1
1
1
1
1
1
1
1
1
1
1
1
1
1
1
1
1
1
1
1
1
1
1
1
1
1
1
1
1
1
1
1
1
1
1
1
1
1
1
1
1
1
1
1
1
1
1.01062
1.02124
1.03186
1.04248
1.0531
1.06373
1.07435
1.08497
1.09559
1.10621
1.11683
1.12745
1.13807
1.14869
1.13807
1.12745
1.11683
1.10621
1.09559
1.08497
1.07435
1.06373
1.0531
1.04248
1.03186
1.02124
1.01062
1
1
1
1
1
1
1
1
1
1
1
1
1
1
1
1
1
1
1
1
1
1
1
1
1
1
1
1
1
1
1
1
1
1
1
1
1
1
1
1
1
1
1
1
1
1
1
1
1
1
1
1
1
1
1
1
1
1
1
1
1
1
1
1
1
1
1
1
1
1
1
1
1
1
1
1
1
1
1
1
1
1
1
1
1
1
1
1
1
1
1
1
1
1
1
1
1
1
1
1
1
1
1
1
1
1
1
1
1
1
1
1
1
1
1
1
1
1
1
1
1
1
1
1
1
1
1
1
1
1
1
1
1
1
1
1
1
1
1
1
1
1
1
1
1
1
1
1
1
1
1
1
1
1
1
1
1
1
1
1
1
1
1
1
1
1
1
1
1
1
1
1
1
1
1
1
1
1
1
1
1
1
1
1
1
1
1
1
1
1
1
1
1
1
1
1
1
1
1
1
1
1
1
1
1
1
1
1
1
1
1
1
1
1
1
1
1
1
1
1
1
1
1
1.0109
1.0218
1.0327
1.0436
1.0545
1.0654
1.0763
1.0872
1.0981
1.109
1.1199
1.1308
1.1417
1.1308
1.1199
1.109
1.0981
1.0872
1.0763
1.0654
1.0545
1.0436
1.0327
1.0218
1.0109
1
1
1
1
1
1
1
1
1
1
1
1
1
1
1
1
1
1
1
1
1
1
1
1
1
1
1
1
1
1
1
1
1
1
1
1
1
1
1
1
1
1
1
1
1
1
1
1
1
1
1
1
1
1
1
1
1
1
1
1
1
1
1
1
1
1
1
1
1
1
1
1
1
1
1
1
1
1
1
1
1
1
1
1
1
1
1
1
1
1
1
1
1
1
1
1
1
1
1
1
1
1
1
1
1
1
1
1
1
1
1
1
1
1
1
1
1
1
1
1
1
1
1
1
1
1
1
1
1
1
1
1
1
1
1
1
1
1
1
1
1
1
1
1
1
1
1
1
1
1
1
1
1
1
1
1
1
1
1
1
1
1
1
1
1
1
1
1
1
1
1
1
1
1
1
1
1
1
1
1
1
1
1
1
1
1
1
1
1
1
1
1
1
1
1
1
1
1
1
1
1
1
1
1
1
1
1
1
1
1
1
1
1
1
1
1
1
1
1
1
1
1
1
1.0112
1.02239
1.03358
1.04478
1.05597
1.06717
1.07836
1.08956
1.10075
1.11195
1.12314
1.13434
1.14553
1.15017
1.12314
1.11195
1.10075
1.08956
1.07836
1.06717
1.05597
1.04478
1.03358
1.02239
1.0112
1
1
1
1
1
1
1
1
1
1
1
1
1
1
1
1
1
1
1
1
1
1
1
1
1
1
1
1
1
1
1
1
1
1
1
1
1
1
1
1
1
1
1
1
1
1
1
1
1
1
1
1
1
1
1
1
1
1
1
1
1
1
1
1
1
1
1
1
1
1
1
1
1
1
1
1
1
1
1
1
1
1
1
1
1
1
1
1
1
1
1
1
1
1
1
1
1
1
1
1
1
1
1
1
1
1
1
1
1
1
1
1
1
1
1
1
1
1
1
1
1
1
1
1
1
1
1
1
1
1
1
1
1
1
1
1
1
1
1
1
1
1
1
1
1
1
1
1
1
1
1
1
1
1
1
1
1
1
1
1
1
1
1
1
1
1
1
1
1
1
1
1
1
1
1
1
1
1
1
1
1
1
1
1
1
1
1
1
1
1
1
1
1
1
1
1
1
1
1
1
1
1
1
1
1
1
1
1
1
1
1
1
1
1
1
1
1
1
1
1
1
1
1
1
1
1
1
1
1
1
1
1
1.01151
1.02301
1.03452
1.04602
1.05753
1.06904
1.08054
1.09205
1.10355
1.11506
1.12657
1.13807
1.11506
1.10355
1.09205
1.08054
1.06904
1.05753
1.04602
1.03452
1.02301
1.01151
1
1
1
1
1
1
1
1
1
1
1
1
1
1
1
1
1
1
1
1
1
1
1
1
1
1
1
1
1
1
1
1
1
1
1
1
1
1
1
1
1
1
1
1
1
1
1
1
1
1
1
1
1
1
1
1
1
1
1
1
1
1
1
1
1
1
1
1
1
1
1
1
1
1
1
1
1
1
1
1
1
1
1
1
1
1
1
1
1
1
1
1
1
1
1
1
1
1
1
1
1
1
1
1
1
1
1
1
1
1
1
1
1
1
1
1
1
1
1
1
1
1
1
1
1
1
1
1
1
1
1
1
1
1
1
1
1
1
1
1
1
1
1
1
1
1
1
1
1
1
1
1
1
1
1
1
1
1
1
1
1
1
1
1
1
1
1
1
1
1
1
1
1
1
1
1
1
1
1
1
1
1
1
1
1
1
1
1
1
1
1
1
1
1
1
1
1
1
1
1
1
1
1
1
1
1
1
1
1
1
1
1
1
1
1
1
1
1
1
1
1
1
1
1
1
1
1
1
1
1
1
1
1
1
1
1
1
1
1
1.01183
1.02367
1.0355
1.04734
1.05917
1.07101
1.08284
1.09468
1.10651
1.11835
1.13018
1.11835
1.10651
1.09468
1.08284
1.07101
1.05917
1.04734
1.0355
1.02367
1.01183
1
1
1
1
1
1
1
1
1
1
1
1
1
1
1
1
1
1
1
1
1
1
1
1
1
1
1
1
1
1
1
1
1
1
1
1
1
1
1
1
1
1
1
1
1
1
1
1
1
1
1
1
1
1
1
1
1
1
1
1
1
1
1
1
1
1
1
1
1
1
1
1
1
1
1
1
1
1
1
1
1
1
1
1
1
1
1
1
1
1
1
1
1
1
1
1
1
1
1
1
1
1
1
1
1
1
1
1
1
1
1
1
1
1
1
1
1
1
1
1
1
1
1
1
1
1
1
1
1
1
1
1
1
1
1
1
1
1
1
1
1
1
1
1
1
1
1
1
1
1
1
1
1
1
1
1
1
1
1
1
1
1
1
1
1
1
1
1
1
1
1
1
1
1
1
1
1
1
1
1
1
1
1
1
1
1
1
1
1
1
1
1
1
1
1
1
1
1
1
1
1
1
1
1
1
1
1
1
1
1
1
1
1
1
1
1
1
1
1
1
1
1
1
1
1
1
1
1
1
1
1
1
1
1
1
1
1
1
1
1
1
1
1
1
1
1
1
1
1
1
1
1.01218
1.02437
1.03655
1.04873
1.06091
1.0731
1.08528
1.09746
1.10964
1.12183
1.15124
1.10964
1.09746
1.08528
1.0731
1.06091
1.04873
1.03655
1.02437
1.01218
1
1
1
1
1
1
1
1
1
1
1
1
1
1
1
1
1
1
1
1
1
1
1
1
1
1
1
1
1
1
1
1
1
1
1
1
1
1
1
1
1
1
1
1
1
1
1
1
1
1
1
1
1
1
1
1
1
1
1
1
1
1
1
1
1
1
1
1
1
1
1
1
1
1
1
1
1
1
1
1
1
1
1
1
1
1
1
1
1
1
1
1
1
1
1
1
1
1
1
1
1
1
1
1
1
1
1
1
1
1
1
1
1
1
1
1
1
1
1
1
1
1
1
1
1
1
1
1
1
1
1
1
1
1
1
1
1
1
1
1
1
1
1
1
1
1
1
1
1
1
1
1
1
1
1
1
1
1
1
1
1
1
1
1
1
1
1
1
1
1
1
1
1
1
1
1
1
1
1
1
1
1
1
1
1
1
1
1
1
1
1
1
1
1
1
1
1
1
1
1
1
1
1
1
1
1
1
1
1
1
1
1
1
1
1
1
1
1
1
1
1
1
1
1
1
1
1
1
1
1
1
1
1
1
1
1
1
1
1
1
1
1
1
1
1
1
1
1
1
1
1
1
1
1
1
1
1
1
1
1
1
1
1
1
1
1
1
1
1
1
1
1
1
1
1
1
1
1
1
1
1.01255
1.0251
1.03766
1.05021
1.06276
1.07531
1.08786
1.10042
1.11297
1.10042
1.08786
1.07531
1.06276
1.05021
1.03766
1.0251
1.01255
1
1
1
1
1
1
1
1
1
1
1
1
1
1
1
1
1
1
1
1
1
1
1
1
1
1
1
1
1
1
1
1
1
1
1
1
1
1
1
1
1
1
1
1
1
1
1
1
1
1
1
1
1
1
1
1
1
1
1
1
1
1
1
1
1
1
1
1
1
1
1
1
1
1
1
1
1
1
1
1
1
1
1
1
1
1
1
1
1
1
1
1
1
1
1
1
1
1
1
1
1
1
1
1
1
1
1
1
1
1
1
1
1
1
1
1
1
1
1
1
1
1
1
1
1
1
1
1
1
1
1
1
1
1
1
1
1
1
1
1
1
1
1
1
1
1
1
1
1
1
1
1
1
1
1
1
1
1
1
1
1
1
1
1
1
1
1
1
1
1
1
1
1
1
1
1
1
1
1
1
1
1
1
1
1
1
1
1
1
1
1
1
1
1
1
1
1
1
1
1
1
1
1
1
1
1
1
1
1
1
1
1
1
1
1
1
1
1
1
1
1
1
1
1
1
1
1
1
1
1
1
1
1
1
1
1
1
1
1
1
1
1
1
1
1
1
1
1
1
1
1
1
1
1
1
1
1
1
1
1
1
1
1
1
1
1
1
1
1
1
1
1
1
1
1
1
1
1
1
1
1.01294
1.02589
1.03883
1.05178
1.06472
1.07766
1.09061
1.10355
1.10355
1.09061
1.07766
1.06472
1.05178
1.03883
1.02589
1.01294
1
1
1
1
1
1
1
1
1
1
1
1
1
1
1
1
1
1
1
1
1
1
1
1
1
1
1
1
1
1
1
1
1
1
1
1
1
1
1
1
1
1
1
1
1
1
1
1
1
1
1
1
1
1
1
1
1
1
1
1
1
1
1
1
1
1
1
1
1
1
1
1
1
1
1
1
1
1
1
1
1
1
1
1
1
1
1
1
1
1
1
1
1
1
1
1
1
1
1
1
1
1
1
1
1
1
1
1
1
1
1
1
1
1
1
1
1
1
1
1
1
1
1
1
1
1
1
1
1
1
1
1
1
1
1
1
1
1
1
1
1
1
1
1
1
1
1
1
1
1
1
1
1
1
1
1
1
1
1
1
1
1
1
1
1
1
1
1
1
1
1
1
1
1
1
1
1
1
1
1
1
1
1
1
1
1
1
1
1
1
1
1
1
1
1
1
1
1
1
1
1
1
1
1
1
1
1
1
1
1
1
1
1
1
1
1
1
1
1
1
1
1
1
1
1
1
1
1
1
1
1
1
1
1
1
1
1
1
1
1
1
1
1
1
1
1
1
1
1
1
1
1
1
1
1
1
1
1
1
1
1
1
1
1
1
1
1
1
1
1
1
1
1
1
1
1
1
1
1
1
1
1
1
1.01336
1.02672
1.04009
1.05345
1.06681
1.08017
1.09353
1.10689
1.09353
1.08017
1.06681
1.05345
1.04009
1.02672
1.01336
1
1
1
1
1
1
1
1
1
1
1
1
1
1
1
1
1
1
1
1
1
1
1
1
1
1
1
1
1
1
1
1
1
1
1
1
1
1
1
1
1
1
1
1
1
1
1
1
1
1
1
1
1
1
1
1
1
1
1
1
1
1
1
1
1
1
1
1
1
1
1
1
1
1
1
1
1
1
1
1
1
1
1
1
1
1
1
1
1
1
1
1
1
1
1
1
1
1
1
1
1
1
1
1
1
1
1
1
1
1
1
1
1
1
1
1
1
1
1
1
1
1
1
1
1
1
1
1
1
1
1
1
1
1
1
1
1
1
1
1
1
1
1
1
1
1
1
1
1
1
1
1
1
1
1
1
1
1
1
1
1
1
1
1
1
1
1
1
1
1
1
1
1
1
1
1
1
1
1
1
1
1
1
1
1
1
1
1
1
1
1
1
1
1
1
1
1
1
1
1
1
1
1
1
1
1
1
1
1
1
1
1
1
1
1
1
1
1
1
1
1
1
1
1
1
1
1
1
1
1
1
1
1
1
1
1
1
1
1
1
1
1
1
1
1
1
1
1
1
1
1
1
1
1
1
1
1
1
1
1
1
1
1
1
1
1
1
1
1
1
1
1
1
1
1
1
1
1
1
1
1
1
1
1
1
1.01381
1.02761
1.04142
1.05523
1.06904
1.08284
1.09665
1.09665
1.08284
1.06904
1.05523
1.04142
1.02761
1.01381
1
1
1
1
1
1
1
1
1
1
1
1
1
1
1
1
1
1
1
1
1
1
1
1
1
1
1
1
1
1
1
1
1
1
1
1
1
1
1
1
1
1
1
1
1
1
1
1
1
1
1
1
1
1
1
1
1
1
1
1
1
1
1
1
1
1
1
1
1
1
1
1
1
1
1
1
1
1
1
1
1
1
1
1
1
1
1
1
1
1
1
1
1
1
1
1
1
1
1
1
1
1
1
1
1
1
1
1
1
1
1
1
1
1
1
1
1
1
1
1
1
1
1
1
1
1
1
1
1
1
1
1
1
1
1
1
1
1
1
1
1
1
1
1
1
1
1
1
1
1
1
1
1
1
1
1
1
1
1
1
1
1
1
1
1
1
1
1
1
1
1
1
1
1
1
1
1
1
1
1
1
1
1
1
1
1
1
1
1
1
1
1
1
1
1
1
1
1
1
1
1
1
1
1
1
1
1
1
1
1
1
1
1
1
1
1
1
1
1
1
1
1
1
1
1
1
1
1
1
1
1
1
1
1
1
1
1
1
1
1
1
1
1
1
1
1
1
1
1
1
1
1
1
1
1
1
1
1
1
1
1
1
1
1
1
1
1
1
1
1
1
1
1
1
1
1
1
1
1
1
1
1
1
1
1
1.01428
1.02857
1.04285
1.05713
1.07142
1.0857
1.09998
1.12018
1.0857
1.07142
1.05713
1.04285
1.02857
1.01428
1
1
1
1
1
1
1
1
1
1
1
1
1
1
1
1
1
1
1
1
1
1
1
1
1
1
1
1
1
1
1
1
1
1
1
1
1
1
1
1
1
1
1
1
1
1
1
1
1
1
1
1
1
1
1
1
1
1
1
1
1
1
1
1
1
1
1
1
1
1
1
1
1
1
1
1
1
1
1
1
1
1
1
1
1
1
1
1
1
1
1
1
1
1
1
1
1
1
1
1
1
1
1
1
1
1
1
1
1
1
1
1
1
1
1
1
1
1
1
1
1
1
1
1
1
1
1
1
1
1
1
1
1
1
1
1
1
1
1
1
1
1
1
1
1
1
1
1
1
1
1
1
1
1
1
1
1
1
1
1
1
1
1
1
1
1
1
1
1
1
1
1
1
1
1
1
1
1
1
1
1
1
1
1
1
1
1
1
1
1
1
1
1
1
1
1
1
1
1
1
1
1
1
1
1
1
1
1
1
1
1
1
1
1
1
1
1
1
1
1
1
1
1
1
1
1
1
1
1
1
1
1
1
1
1
1
1
1
1
1
1
1
1
1
1
1
1
1
1
1
1
1
1
1
1
1
1
1
1
1
1
1
1
1
1
1
1
1
1
1
1
1
1
1
1
1
1
1
1
1
1
1
1
1
1
1
1.01479
1.02959
1.04438
1.05917
1.07397
1.08876
1.12447
1.07397
1.05917
1.04438
1.02959
1.01479
1
1
1
1
1
1
1
1
1
1
1
1
1
1
1
1
1
1
1
1
1
1
1
1
1
1
1
1
1
1
1
1
1
1
1
1
1
1
1
1
1
1
1
1
1
1
1
1
1
1
1
1
1
1
1
1
1
1
1
1
1
1
1
1
1
1
1
1
1
1
1
1
1
1
1
1
1
1
1
1
1
1
1
1
1
1
1
1
1
1
1
1
1
1
1
1
1
1
1
1
1
1
1
1
1
1
1
1
1
1
1
1
1
1
1
1
1
1
1
1
1
1
1
1
1
1
1
1
1
1
1
1
1
1
1
1
1
1
1
1
1
1
1
1
1
1
1
1
1
1
1
1
1
1
1
1
1
1
1
1
1
1
1
1
1
1
1
1
1
1
1
1
1
1
1
1
1
1
1
1
1
1
1
1
1
1
1
1
1
1
1
1
1
1
1
1
1
1
1
1
1
1
1
1
1
1
1
1
1
1
1
1
1
1
1
1
1
1
1
1
1
1
1
1
1
1
1
1
1
1
1
1
1
1
1
1
1
1
1
1
1
1
1
1
1
1
1
1
1
1
1
1
1
1
1
1
1
1
1
1
1
1
1
1
1
1
1
1
1
1
1
1
1
1
1
1
1
1
1
1
1
1
1
1
1
1
1
1.01534
1.03068
1.04602
1.06136
1.07671
1.07671
1.06136
1.04602
1.03068
1.01534
1
1
1
1
1
1
1
1
1
1
1
1
1
1
1
1
1
1
1
1
1
1
1
1
1
1
1
1
1
1
1
1
1
1
1
1
1
1
1
1
1
1
1
1
1
1
1
1
1
1
1
1
1
1
1
1
1
1
1
1
1
1
1
1
1
1
1
1
1
1
1
1
1
1
1
1
1
1
1
1
1
1
1
1
1
1
1
1
1
1
1
1
1
1
1
1
1
1
1
1
1
1
1
1
1
1
1
1
1
1
1
1
1
1
1
1
1
1
1
1
1
1
1
1
1
1
1
1
1
1
1
1
1
1
1
1
1
1
1
1
1
1
1
1
1
1
1
1
1
1
1
1
1
1
1
1
1
1
1
1
1
1
1
1
1
1
1
1
1
1
1
1
1
1
1
1
1
1
1
1
1
1
1
1
1
1
1
1
1
1
1
1
1
1
1
1
1
1
1
1
1
1
1
1
1
1
1
1
1
1
1
1
1
1
1
1
1
1
1
1
1
1
1
1
1
1
1
1
1
1
1
1
1
1
1
1
1
1
1
1
1
1
1
1
1
1
1
1
1
1
1
1
1
1
1
1
1
1
1
1
1
1
1
1
1
1
1
1
1
1
1
1
1
1
1
1
1
1
1
1
1
1
1
1
1
1
1
1
1.01593
1.03186
1.04779
1.06373
1.06373
1.04779
1.03186
1.01593
1
1
1
1
1
1
1
1
1
1
1
1
1
1
1
1
1
1
1
1
1
1
1
1
1
1
1
1
1
1
1
1
1
1
1
1
1
1
1
1
1
1
1
1
1
1
1
1
1
1
1
1
1
1
1
1
1
1
1
1
1
1
1
1
1
1
1
1
1
1
1
1
1
1
1
1
1
1
1
1
1
1
1
1
1
1
1
1
1
1
1
1
1
1
1
1
1
1
1
1
1
1
1
1
1
1
1
1
1
1
1
1
1
1
1
1
1
1
1
1
1
1
1
1
1
1
1
1
1
1
1
1
1
1
1
1
1
1
1
1
1
1
1
1
1
1
1
1
1
1
1
1
1
1
1
1
1
1
1
1
1
1
1
1
1
1
1
1
1
1
1
1
1
1
1
1
1
1
1
1
1
1
1
1
1
1
1
1
1
1
1
1
1
1
1
1
1
1
1
1
1
1
1
1
1
1
1
1
1
1
1
1
1
1
1
1
1
1
1
1
1
1
1
1
1
1
1
1
1
1
1
1
1
1
1
1
1
1
1
1
1
1
1
1
1
1
1
1
1
1
1
1
1
1
1
1
1
1
1
1
1
1
1
1
1
1
1
1
1
1
1
1
1
1
1
1
1
1
1
1
1
1
1
1
1
1
1
1
1
1.01657
1.03314
1.04971
1.06627
1.06627
1.04971
1.03314
1.01657
1
1
1
1
1
1
1
1
1
1
1
1
1
1
1
1
1
1
1
1
1
1
1
1
1
1
1
1
1
1
1
1
1
1
1
1
1
1
1
1
1
1
1
1
1
1
1
1
1
1
1
1
1
1
1
1
1
1
1
1
1
1
1
1
1
1
1
1
1
1
1
1
1
1
1
1
1
1
1
1
1
1
1
1
1
1
1
1
1
1
1
1
1
1
1
1
1
1
1
1
1
1
1
1
1
1
1
1
1
1
1
1
1
1
1
1
1
1
1
1
1
1
1
1
1
1
1
1
1
1
1
1
1
1
1
1
1
1
1
1
1
1
1
1
1
1
1
1
1
1
1
1
1
1
1
1
1
1
1
1
1
1
1
1
1
1
1
1
1
1
1
1
1
1
1
1
1
1
1
1
1
1
1
1
1
1
1
1
1
1
1
1
1
1
1
1
1
1
1
1
1
1
1
1
1
1
1
1
1
1
1
1
1
1
1
1
1
1
1
1
1
1
1
1
1
1
1
1
1
1
1
1
1
1
1
1
1
1
1
1
1
1
1
1
1
1
1
1
1
1
1
1
1
1
1
1
1
1
1
1
1
1
1
1
1
1
1
1
1
1
1
1
1
1
1
1
1
1
1
1
1
1
1
1
1
1
1
1
1
1.01726
1.03452
1.05178
1.06904
1.05178
1.03452
1.01726
1
1
1
1
1
1
1
1
1
1
1
1
1
1
1
1
1
1
1
1
1
1
1
1
1
1
1
1
1
1
1
1
1
1
1
1
1
1
1
1
1
1
1
1
1
1
1
1
1
1
1
1
1
1
1
1
1
1
1
1
1
1
1
1
1
1
1
1
1
1
1
1
1
1
1
1
1
1
1
1
1
1
1
1
1
1
1
1
1
1
1
1
1
1
1
1
1
1
1
1
1
1
1
1
1
1
1
1
1
1
1
1
1
1
1
1
1
1
1
1
1
1
1
1
1
1
1
1
1
1
1
1
1
1
1
1
1
1
1
1
1
1
1
1
1
1
1
1
1
1
1
1
1
1
1
1
1
1
1
1
1
1
1
1
1
1
1
1
1
1
1
1
1
1
1
1
1
1
1
1
1
1
1
1
1
1
1
1
1
1
1
1
1
1
1
1
1
1
1
1
1
1
1
1
1
1
1
1
1
1
1
1
1
1
1
1
1
1
1
1
1
1
1
1
1
1
1
1
1
1
1
1
1
1
1
1
1
1
1
1
1
1
1
1
1
1
1
1
1
1
1
1
1
1
1
1
1
1
1
1
1
1
1
1
1
1
1
1
1
1
1
1
1
1
1
1
1
1
1
1
1
1
1
1
1
1
1
1
1
1
1
1.01801
1.03602
1.05403
1.05403
1.03602
1.01801
1
1
1
1
1
1
1
1
1
1
1
1
1
1
1
1
1
1
1
1
1
1
1
1
1
1
1
1
1
1
1
1
1
1
1
1
1
1
1
1
1
1
1
1
1
1
1
1
1
1
1
1
1
1
1
1
1
1
1
1
1
1
1
1
1
1
1
1
1
1
1
1
1
1
1
1
1
1
1
1
1
1
1
1
1
1
1
1
1
1
1
1
1
1
1
1
1
1
1
1
1
1
1
1
1
1
1
1
1
1
1
1
1
1
1
1
1
1
1
1
1
1
1
1
1
1
1
1
1
1
1
1
1
1
1
1
1
1
1
1
1
1
1
1
1
1
1
1
1
1
1
1
1
1
1
1
1
1
1
1
1
1
1
1
1
1
1
1
1
1
1
1
1
1
1
1
1
1
1
1
1
1
1
1
1
1
1
1
1
1
1
1
1
1
1
1
1
1
1
1
1
1
1
1
1
1
1
1
1
1
1
1
1
1
1
1
1
1
1
1
1
1
1
1
1
1
1
1
1
1
1
1
1
1
1
1
1
1
1
1
1
1
1
1
1
1
1
1
1
1
1
1
1
1
1
1
1
1
1
1
1
1
1
1
1
1
1
1
1
1
1
1
1
1
1
1
1
1
1
1
1
1
1
1
1
1
1
1
1
1
1
1
1.01883
1.03766
1.05648
1.08311
1.03766
1.01883
1
1
1
1
1
1
1
1
1
1
1
1
1
1
1
1
1
1
1
1
1
1
1
1
1
1
1
1
1
1
1
1
1
1
1
1
1
1
1
1
1
1
1
1
1
1
1
1
1
1
1
1
1
1
1
1
1
1
1
1
1
1
1
1
1
1
1
1
1
1
1
1
1
1
1
1
1
1
1
1
1
1
1
1
1
1
1
1
1
1
1
1
1
1
1
1
1
1
1
1
1
1
1
1
1
1
1
1
1
1
1
1
1
1
1
1
1
1
1
1
1
1
1
1
1
1
1
1
1
1
1
1
1
1
1
1
1
1
1
1
1
1
1
1
1
1
1
1
1
1
1
1
1
1
1
1
1
1
1
1
1
1
1
1
1
1
1
1
1
1
1
1
1
1
1
1
1
1
1
1
1
1
1
1
1
1
1
1
1
1
1
1
1
1
1
1
1
1
1
1
1
1
1
1
1
1
1
1
1
1
1
1
1
1
1
1
1
1
1
1
1
1
1
1
1
1
1
1
1
1
1
1
1
1
1
1
1
1
1
1
1
1
1
1
1
1
1
1
1
1
1
1
1
1
1
1
1
1
1
1
1
1
1
1
1
1
1
1
1
1
1
1
1
1
1
1
1
1
1
1
1
1
1
1
1
1
1
1
1
1
1
1
1.01972
1.03945
1.01972
1
1
1
1
1
1
1
1
1
1
1
1
1
1
1
1
1
1
1
1
1
1
1
1
1
1
1
1
1
1
1
1
1
1
1
1
1
1
1
1
1
1
1
1
1
1
1
1
1
1
1
1
1
1
1
1
1
1
1
1
1
1
1
1
1
1
1
1
1
1
1
1
1
1
1
1
1
1
1
1
1
1
1
1
1
1
1
1
1
1
1
1
1
1
1
1
1
1
1
1
1
1
1
1
1
1
1
1
1
1
1
1
1
1
1
1
1
1
1
1
1
1
1
1
1
1
1
1
1
1
1
1
1
1
1
1
1
1
1
1
1
1
1
1
1
1
1
1
1
1
1
1
1
1
1
1
1
1
1
1
1
1
1
1
1
1
1
1
1
1
1
1
1
1
1
1
1
1
1
1
1
1
1
1
1
1
1
1
1
1
1
1
1
1
1
1
1
1
1
1
1
1
1
1
1
1
1
1
1
1
1
1
1
1
1
1
1
1
1
1
1
1
1
1
1
1
1
1
1
1
1
1
1
1
1
1
1
1
1
1
1
1
1
1
1
1
1
1
1
1
1
1
1
1
1
1
1
1
1
1
1
1
1
1
1
1
1
1
1
1
1
1
1
1
1
1
1
1
1
1
1
1
1
1
1
1
1
1
1
1
1
1
1.02071
1.04142
1.02071
1
1
1
1
1
1
1
1
1
1
1
1
1
1
1
1
1
1
1
1
1
1
1
1
1
1
1
1
1
1
1
1
1
1
1
1
1
1
1
1
1
1
1
1
1
1
1
1
1
1
1
1
1
1
1
1
1
1
1
1
1
1
1
1
1
1
1
1
1
1
1
1
1
1
1
1
1
1
1
1
1
1
1
1
1
1
1
1
1
1
1
1
1
1
1
1
1
1
1
1
1
1
1
1
1
1
1
1
1
1
1
1
1
1
1
1
1
1
1
1
1
1
1
1
1
1
1
1
1
1
1
1
1
1
1
1
1
1
1
1
1
1
1
1
1
1
1
1
1
1
1
1
1
1
1
1
1
1
1
1
1
1
1
1
1
1
1
1
1
1
1
1
1
1
1
1
1
1
1
1
1
1
1
1
1
1
1
1
1
1
1
1
1
1
1
1
1
1
1
1
1
1
1
1
1
1
1
1
1
1
1
1
1
1
1
1
1
1
1
1
1
1
1
1
1
1
1
1
1
1
1
1
1
1
1
1
1
1
1
1
1
1
1
1
1
1
1
1
1
1
1
1
1
1
1
1
1
1
1
1
1
1
1
1
1
1
1
1
1
1
1
1
1
1
1
1
1
1
1
1
1
1
1
1
1
1
1
1
1
1
1
1
1
1.0218
1.0436
1.0218
1
1
1
1
1
1
1
1
1
1
1
1
1
1
1
1
1
1
1
1
1
1
1
1
1
1
1
1
1
1
1
1
1
1
1
1
1
1
1
1
1
1
1
1
1
1
1
1
1
1
1
1
1
1
1
1
1
1
1
1
1
1
1
1
1
1
1
1
1
1
1
1
1
1
1
1
1
1
1
1
1
1
1
1
1
1
1
1
1
1
1
1
1
1
1
1
1
1
1
1
1
1
1
1
1
1
1
1
1
1
1
1
1
1
1
1
1
1
1
1
1
1
1
1
1
1
1
1
1
1
1
1
1
1
1
1
1
1
1
1
1
1
1
1
1
1
1
1
1
1
1
1
1
1
1
1
1
1
1
1
1
1
1
1
1
1
1
1
1
1
1
1
1
1
1
1
1
1
1
1
1
1
1
1
1
1
1
1
1
1
1
1
1
1
1
1
1
1
1
1
1
1
1
1
1
1
1
1
1
1
1
1
1
1
1
1
1
1
1
1
1
1
1
1
1
1
1
1
1
1
1
1
1
1
1
1
1
1
1
1
1
1
1
1
1
1
1
1
1
1
1
1
1
1
1
1
1
1
1
1
1
1
1
1
1
1
1
1
1
1
1
1
1
1
1
1
1
1
1
1
1
1
1
1
1
1
1
1
1
1
1
1
1
1
1
1.02301
1.04602
1.02301
1
1
1
1
1
1
1
1
1
1
1
1
1
1
1
1
1
1
1
1
1
1
1
1
1
1
1
1
1
1
1
1
1
1
1
1
1
1
1
1
1
1
1
1
1
1
1
1
1
1
1
1
1
1
1
1
1
1
1
1
1
1
1
1
1
1
1
1
1
1
1
1
1
1
1
1
1
1
1
1
1
1
1
1
1
1
1
1
1
1
1
1
1
1
1
1
1
1
1
1
1
1
1
1
1
1
1
1
1
1
1
1
1
1
1
1
1
1
1
1
1
1
1
1
1
1
1
1
1
1
1
1
1
1
1
1
1
1
1
1
1
1
1
1
1
1
1
1
1
1
1
1
1
1
1
1
1
1
1
1
1
1
1
1
1
1
1
1
1
1
1
1
1
1
1
1
1
1
1
1
1
1
1
1
1
1
1
1
1
1
1
1
1
1
1
1
1
1
1
1
1
1
1
1
1
1
1
1
1
1
1
1
1
1
1
1
1
1
1
1
1
1
1
1
1
1
1
1
1
1
1
1
1
1
1
1
1
1
1
1
1
1
1
1
1
1
1
1
1
1
1
1
1
1
1
1
1
1
1
1
1
1
1
1
1
1
1
1
1
1
1
1
1
1
1
1
1
1
1
1
1
1
1
1
1
1
1
1
1
1
1
1
1
1
1
1.02437
1.08319
1.02437
1
1
1
1
1
1
1
1
1
1
1
1
1
1
1
1
1
1
1
1
1
1
1
1
1
1
1
1
1
1
1
1
1
1
1
1
1
1
1
1
1
1
1
1
1
1
1
1
1
1
1
1
1
1
1
1
1
1
1
1
1
1
1
1
1
1
1
1
1
1
1
1
1
1
1
1
1
1
1
1
1
1
1
1
1
1
1
1
1
1
1
1
1
1
1
1
1
1
1
1
1
1
1
1
1
1
1
1
1
1
1
1
1
1
1
1
1
1
1
1
1
1
1
1
1
1
1
1
1
1
1
1
1
1
1
1
1
1
1
1
1
1
1
1
1
1
1
1
1
1
1
1
1
1
1
1
1
1
1
1
1
1
1
1
1
1
1
1
1
1
1
1
1
1
1
1
1
1
1
1
1
1
1
1
1
1
1
1
1
1
1
1
1
1
1
1
1
1
1
1
1
1
1
1
1
1
1
1
1
1
1
1
1
1
1
1
1
1
1
1
1
1
1
1
1
1
1
1
1
1
1
1
1
1
1
1
1
1
1
1
1
1
1
1
1
1
1
1
1
1
1
1
1
1
1
1
1
1
1
1
1
1
1
1
1
1
1
1
1
1
1
1
1
1
1
1
1
1
1
1
1
1
1
1
1
1
1
1
1
1
1
1
1
1
1
1.02589
1
1
1
1
1
1
1
1
1
1
1
1
1
1
1
1
1
1
1
1
1
1
1
1
1
1
1
1
1
1
1
1
1
1
1
1
1
1
1
1
1
1
1
1
1
1
1
1
1
1
1
1
1
1
1
1
1
1
1
1
1
1
1
1
1
1
1
1
1
1
1
1
1
1
1
1
1
1
1
1
1
1
1
1
1
1
1
1
1
1
1
1
1
1
1
1
1
1
1
1
1
1
1
1
1
1
1
1
1
1
1
1
1
1
1
1
1
1
1
1
1
1
1
1
1
1
1
1
1
1
1
1
1
1
1
1
1
1
1
1
1
1
1
1
1
1
1
1
1
1
1
1
1
1
1
1
1
1
1
1
1
1
1
1
1
1
1
1
1
1
1
1
1
1
1
1
1
1
1
1
1
1
1
1
1
1
1
1
1
1
1
1
1
1
1
1
1
1
1
1
1
1
1
1
1
1
1
1
1
1
1
1
1
1
1
1
1
1
1
1
1
1
1
1
1
1
1
1
1
1
1
1
1
1
1
1
1
1
1
1
1
1
1
1
1
1
1
1
1
1
1
1
1
1
1
1
1
1
1
1
1
1
1
1
1
1
1
1
1
1
1
1
1
1
1
1
1
1
1
1
1
1
1
1
1
1
1
1
1
1
1
1
1
1
1
1
1
1
1
1
1
1
1
1
1
1
1
1
1
1
1
1
1
1
1
1
1
1
1
1
1
1
1
1
1
1
1
1
1
1
1
1
1
1
1
1
1
1
1
1
1
1
1
1
1
1
1
1
1
1
1
1
1
1
1
1
1
1
1
1
1
1
1
1
1
1
1
1
1
1
1
1
1
1
1
1
1
1
1
1
1
1
1
1
1
1
1
1
1
1
1
1
1
1
1
1
1
1
1
1
1
1
1
1
1
1
1
1
1
1
1
1
1
1
1
1
1
1
1
1
1
1
1
1
1
1
1
1
1
1
1
1
1
1
1
1
1
1
1
1
1
1
1
1
1
1
1
1
1
1
1
1
1
1
1
1
1
1
1
1
1
1
1
1
1
1
1
1
1
1
1
1
1
1
1
1
1
1
1
1
1
1
1
1
1
1
1
1
1
1
1
1
1
1
1
1
1
1
1
1
1
1
1
1
1
1
1
1
1
1
1
1
1
1
1
1
1
1
1
1
1
1
1
1
1
1
1
1
1
1
1
1
1
1
1
1
1
1
1
1
1
1
1
1
1
1
1
1
1
1
1
1
1
1
1
1
1
1
1
1
1
1
1
1
1
1
1
1
1
1
1
1
1
1
1
1
1
1
1
1
1
1
1
1
1
1
1
1
1
1
1
1
1
1
1
1
1
1
1
1
1
1
1
1
1
1
1
1
1
1
1
1
1
1
1
1
1
1
1
1
1
1
1
1
1
1
1
1
1
1
1
1
1
1
1
1
1
1
1
1
1
1
1
1
1
1
1
1
1
1
1
1
1
1
1
1
1
1
1
1
1
1
1
1
1
1
1
1
1
1
1
1
1
1
1
1
1
1
1
1
1
1
1
1
1
1
1
1
1
1
1
1
1
1
1
1
1
1
1
1
1
1
1
1
1
1
1
1
1
1
1
1
1
1
1
1
1
1
1
1
1
1
1
1
1
1
1
1
1
1
1
1
1
1
1
1
1
1
1
1
1
1
1
1
1
1
1
1
1
1
1
1
1
1
1
1
1
1
1
1
1
1
1
1
1
1
1
1
1
1
1
1
1
1
1
1
1
1
1
1
1
1
1
1
1
1
1
1
1
1
1
1
1
1
1
1
1
1
1
1
1
1
1
1
1
1
1
1
1
1
1
1
1
1
1
1
1
1
1
1
1
1
1
1
1
1
1
1
1
1
1
1
1
1
1
1
1
1
1
1
1
1
1
1
1
1
1
1
1
1
1
1
1
1
1
1
1
1
1
1
1
1
1
1
1
1
1
1
1
1
1
1
1
1
1
1
1
1
1
1
1
1
1
1
1
1
1
1
1
1
1
1
1
1
1
1
1
1
1
1
1
1
1
1
1
1
1
1
1
1
1
1
1
1
1
1
1
1
1
1
1
1
1
1
1
1
1
1
1
1
1
1
1
1
1
1
1
1
1
1
1
1
1
1
1
1
1
1
1
1
1
1
1
1
1
1
1
1
1
1
1
1
1
1
1
1
1
1
1
1
1
1
1
1
1
1
1
1
1
1
1
1
1
1
1
1
1
1
1
1
1
1
1
1
1
1
1
1
1
1
1
1
1
1
1
1
1
1
1
1
1
1
1
1
1
1
1
1
1
1
1
1
1
1
1
1
1
1
1
1
1
1
1
1
1
1
1
1
1
1
1
1
1
1
1
1
1
1
1
1
1
1
1
1
1
1
1
1
1
1
1
1
1
1
1
1
1
1
1
1
1
1
1
1
1
1
1
1
1
1
1
1
1
1
1
1
1
1
1
1
1
1
1
1
1
1
1
1
1
1
1
1
1
1
1
1
1
1
1
1
1
1
1
1
1
1
1
1
1
1
1
1
1
1
1
1
1
1
1
1
1
1
1
1
1
1
1
1
1
1
1
1
1
1
1
1
1
1
1
1
1
1
1
1
1
1
1
1
1
1
1
1
1
1
1
1
1
1
1
1
1
1
1
1
1
1
1
1
1
1
1
1
1
1
1
1
1
1
1
1
1
1
1
1
1
1
1
1
1
1
1
1
1
1
1
1
1
1
1
1
1
1
1
1
1
1
1
1
1
1
1
1
1
1
1
1
1
1
1
1
1
1
1
1
1
1
1
1
1
1
1
1
1
1
1
1
1
1
1
1
1
1
1
1
1
1
1
1
1
1
1
1
1
1
1
1
1
1
1
1
1
1
1
1
1
1
1
1
1
1
1
1
1
1
1
1
1
1
1
1
1
1
1
1
1
1
1
1
1
1
1
1
1
1
1
1
1
1
1
1
1
1
1
1
1
1
1
1
1
1
1
1
1
1
1
1
1
1
1
1
1
1
1
1
1
1
1
1
1
1
1
1
1
1
1
1
1
1
1
1
1
1
1
1
1
1
1
1
1
1
1
1
1
1
1
1
1
1
1
1
1
1
1
1
1
1
1
1
1
1
1
1
1
1
1
1
1
1
1
1
1
1
1
1
1
1
1
1
1
1
1
1
1
1
1
1
1
1
1
1
1
1
1
1
1
1
1
1
1
1
1
1
1
1
1
1
1
1
1
1
1
1
1
1
1
1
1
1
1
1
1
1
1
1
1
1
1
1
1
1
1
1
1
1
1
1
1
1
1
1
1
1
1
1
1
1
1
1
1
1
1
1
1
1
1
1
1
1
1
1
1
1
1
1
1
1
1
1
1
1
1
1
1
1
1
1
1
1
1
1
1
1
1
1
1
1
1
1
1
1
1
1
1
1
1
1
1
1
1
1
1
1
1
1
1
1
1
1
1
1
1
1
1
1
1
1
1
1
1
1
1
1
1
1
1
1
1
1
1
1
1
1
1
1
1
1
1
1
1
1
1
1
1
1
1
1
1
1
1
1
1
1
1
1
1
1
1
1
1
1
1
1
1
1
1
1
1
1
1
1
1
1
1
1
1
1
1
1
1
1
1
1
1
1
1
1
1
1
1
1
1
1
1
1
1
1
1
1
1
1
1
1
1
1
1
1
1
1
1
1
1
1
1
1
1
1
1
1
1
1
1
1
1
1
1
1
1
1
1
1
1
1
1
1
1
1
1
1
1
1
1
1
1
1
1
1
1
1
1
1
1
1
1
1
1
1
1
1
1
1
1
1
1
1
1
1
1
1
1
1
1
1
1
1
1
1
1
1
1
1
1
1
1
1
1
1
1
1
1
1
1
1
1
1
1
1
1
1
1
1
1
1
1
1
1
1
1
1
1
1
1
1
1
1
1
1
1
1
1
1
1
1
1
1
1
1
1
1
1
1
1
1
1
1
1
1
1
1
1
1
1
1
1
1
1
1
1
1
1
1
1
1
1
1
1
1
1
1
1
1
1
1
1
1
1
1
1
1
1
1
1
1
1
1
1
1
1
1
1
1
1
1
1
1
1
1
1
1
1
1
1
1
1
1
1
1
1
1
1
1
1
1
1
1
1
1
1
1
1
1
1
1
1
1
1
1
1
1
1
1
1
1
1
1
1
1
1
1
1
1
1
1
1
1
1
1
1
1
1
1
1
1
1
1
1
1
1
1
1
1
1
1
1
1
1
1
1
1
1
1
1
1
1
1
1
1
1
1
1
1
1
1
1
1
1
1
1
1
1
1
1
1
1
1
1
1
1
1
1
1
1
1
1
1
1
1
1
1
1
1
1
1
1
1
1
1
1
1
1
1
1
1
1
1
1
1
1
1
1
1
1
1
1
1
1
1
1
1
1
1
1
1
1
1
1
1
1
1
1
1
1
1
1
1
1
1
1
1
1
1
1
1
1
1
1
1
1
1
1
1
1
1
1
1
1
1
1
1
1
1
1
1
1
1
1
1
1
1
1
1
1
1
1
1
1
1
1
1
1
1
1
1
1
1
1
1
1
1
1
1
1
1
1
1
1
1
1
1
1
1
1
1
1
1
1
1
1
1
1
1
1
1
1
1
1
1
1
1
1
1
1
1
1
1
1
1
1
1
1
1
1
1
1
1
1
1
1
1
1
1
1
1
1
1
1
1
1
1
1
1
1
1
1
1
1
1
1
1
1
1
1
1
1
1
1
1
1
1
1
1
1
1
1
1
1
1
1
1
1
1
1
1
1
1
1
1
1
1
1
1
1
1
1
1
1
1
1
1
1
1
1
1
1
1
1
1
1
1
1
1
1
1
1
1
1
1
1
1
1
1
1
1
1
1
1
1
1
1
1
1
1
1
1
1
1
1
1
1
1
1
1
1
1
1
1
1
1
1
1
1
1
1
1
1
1
1
1
1
1
1
1
1
1
1
1
1
1
1
1
1
1
1
1
1
1
1
1
1
1
1
1
1
1
1
1
1
1
1
1
1
1
1
1
1
1
1
1
1
1
1
1
1
1
1
1
1
1
1
1
1
1
1
1
1
1
1
1
1
1
1
1
1
1
1
1
1
1
1
1
1
1
1
1
1
1
1
1
1
1
1
1
1
1
1
1
1
1
1
1
1
1
1
1
1
1
1
1
1
1
1
1
1
1
1
1
1
1
1
1
1
1
1
1
1
1
1
1
1
1
1
1
1
1
1
1
1
1
1
1
1
1
1
1
1
1
1
1
1
1
1
1
1
1
1
1
1
1
1
1
1
1
1
1
1
1
1
1
1
1
1
1
1
1
1
1
1
1
1
1
1
1
1
1
1
1
1
1
1
1
1
1
1
1
1
1
1
1
1
1
1
1
1
1
1
1
1
1
1
1
1
1
1
1
1
1
1
1
1
1
1
1
1
1
1
1
1
1
1
1
1
1
1
1
1
1
1
1
1
1
1
1
1
1
1
1
1
1
1
1
1
1
1
1
1
1
1
1
1
1
1
1
1
1
1
1
1
1
1
1
1
1
1
1
1
1
1
1
1
1
1
1
1
1
1
1
1
1
1
1
1
1
1
1
1
1
1
1
1
1
1
1
1
1
1
1
1
1
1
1
1
1
1
1
1
1
1
1
1
1
1
1
1
1
1
1
1
1
1
1
1
1
1
1
1
1
1
1
1
1
1
1
1
1
1
1
1
1
1
1
1
1
1
1
1
1
1
1
1
1
1
1
1
1
1
1
1
1
1
1
1
1
1
1
1
1
1
1
1
1
1
1
1
1
1
1
1
1
1
1
1
1
1
1
1
1
1
1
1
1
1
1
1
1
1
1
1
1
1
1
1
1
1
1
1
1
1
1
1
1
1
1
1
1
1
1
1
1
1
1
1
1
1
1
1
1
1
1
1
1
1
1
1
1
1
1
1
1
1
1
1
1
1
1
1
1
1
1
1
1
1
1
1
1
1
1
1
1
1
1
1
1
1
1
1
1
1
1
1
1
1
1
1
1
1
1
1
1
1
1
1
1
1
1
1
1
1
1
1
1
1
1
1
1
1
1
1
1
1
1
1
1
1
1
1
1
1
1
1
1
1
1
1
1
1
1
1
1
1
1
1
1
1
1
1
1
1
1
1
1
1
1
1
1
1
1
1
1
1
1
1
1
1
1
1
1
1
1
1
1
1
1
1
1
1
1
1
1
1
1
1
1
1
1
1
1
1
1
1
1
1
1
1
1
1
1
1
1
1
1
1
1
1
1
1
1
1
1
1
1
1
1
1
1
1
1
1
1
1
1
1
1
1
1
1
1
1
1
1
1
1
1
1
1
1
1
1
1
1
1
1
1
1
1
1
1
1
1
1
1
1
1
1
1
1
1
1
1
1
1
1
1
1
1
1
1
1
1
1
1
1
1
1
1
1
1
1
1
1
1
1
1
1
1
1
1
1
1
1
1
1
1
1
1
1
1
1
1
1
1
1
1
1
1
1
1
1
1
1
1
1
1
1
1
1
1
1
1
1
1
1
1
1
1
1
1
1
1
1
1
1
1
1
1
1
1
1
1
1
1
1
1
1
1
1
1
1
1
1
1
1
1
1
1
1
1
1
1
1
1
1
1
1
1
1
1
1
1
1
1
1
1
1
1
1
1
1
1
1
1
1
1
1
1
1
1
1
1
1
1
1
1
1
1
1
1
1
1
1
1
1
1
1
1
1
1
1
1
1
1
1
1
1
1
1
1
1
1
1
1
1
1
1
1
1
1
1
1
1
1
1
1
1
1
1
1
1
1
1
1
1
1
1
1
1
1
1
1
1
1
1
1
1
1
1
1
1
1
1
1
1
1
1
1
1
1
1
1
1
1
1
1
1
1
1
1
1
1
1
1
1
1
1
1
1
1
1
1
1
1
1
1
1
1
1
1
1
1
1
1
1
1
1
1
1
1
1
1
1
1
1
1
1
1
1
1
1
1
1
1
1
1
1
1
1
1
1
1
1
1
1
1
1
1
1
1
1
1
1
1
1
1
1
1
1
1
1
1
1
1
1
1
1
1
1
1
1
1
1
1
1
1
1
1
1
1
1
1
1
1
1
1
1
1
1
1
1
1
1
1
1
1
1
1
1
1
1
1
1
1
1
1
1
1
1
1
1
1
1
1
1
1
1
1
1
1
1
1
1
1
1
1
1
1
1
1
1
1
1
1
1
1
1
1
1
1
1
1
1
1
1
1
1
1
1
1
1
1
1
1
1
1
1
1
1
1
1
1
1
1
1
1
1
1
1
1
1
1
1
1
1
1
1
1
1
1
1
1
1
1
1
1
1
1
1
1
1
1
1
1
1
1
1
1
1
1
1
1
1
1
1
1
1
1
1
1
1
1
1
1
1
1
1
1
1
1
1
1
1
1
1
1
1
1
1
1
1
1
1
1
1
1
1
1
1
1
1
1
1
1
1
1
1
1
1
1
1
1
1
1
1
1
1
1
1
1
1
1
1
1
1
1
1
1
1
1
1
1
1
1
1
1
1
1
1
1
1
1
1
1
1
1
1
1
1
1
1
1
1
1
1
1
1
1
1
1
1
1
1
1
1
1
1
1
1
1
1
1
1
1
1
1
1
1
1
1
1
1
1
1
1
1
1
1
1
1
1
1
1
1
1
1
1
1
1
1
1
1
1
1
1
1
1
1
1
1
1
1
1
1
1
1
1
1
1
1
1
1
1
1
1
1
1
1
1
1
1
1
1
1
1
1
1
1
1
1
1
1
1
1
1
1
1
1
1
1
1
1
1
1
1
1
1
1
1
1
1
1
1
1
1
1
1
1
1
1
1
1
1
1
1
1
1
1
1
1
1
1
1
1
1
1
1
1
1
1
1
1
1
1
1
1
1
1
1
1
1
1
1
1
1
1
1
1
1
1
1
1
1
1
1
1
1
1
1
1
1
1
1
1
1
1
1
1
1
1
1
1
1
1
1
1
1
1
1
1
1
1
1
1
1
1
1
1
1
1
1
1
1
1
1
1
1
1
1
1
1
1
1
1
1
1
1
1
1
1
1
1
1
1
1
1
1
1
1
1
1
1
1
1
1
1
1
1
1
1
1
1
1
1
1
1
1
1
1
1
1
1
1
1
1
1
1
1
1
1
1
1
1
1
1
1
1
1
1
1
1
1
1
1
1
1
1
1
1
1
1
1
1
1
1
1
1
1
1
1
1
1
1
1
1
1
1
1
1
1
1
1
1
1
1
1
1
1
1
1
1
1
1
1
1
1
1
1
1
1
1
1
1
1
1
1
1
1
1
1
1
1
1
1
1
1
1
1
1
1
1
1
1
1
1
1
1
1
1
1
1
1
1
1
1
1
1
1
1
1
1
1
1
1
1
1
1
1
1
1
1
1
1
1
1
1
1
1
1
1
1
1
1
1
1
1
1
1
1
1
1
1
1
1
1
1
1
1
1
1
1
1
1
1
1
1
1
1
1
1
1
1
1
1
1
1
1
1
1
1
1
1
1
1
1
1
1
1
1
1
1
1
1
1
1
1
1
1
1
1
1
1
1
1
1
1
1
1
1
1
1
1
1
1
1
1
1
1
1
1
1
1
1
1
1
1
1
1
1
1
1
1
1
1
1
1
1
1
1
1
1
1
1
1
1
1
1
1
1
1
1
1
1
1
1
1
1
1
1
1
1
1
1
1
1
1
1
1
1
1
1
1
1
1
1
1
1
1
1
1
1
1
1
1
1
1
1
1
1
1
1
1
1
1
1
1
1
1
1
1
1
1
1
1
1
1
1
1
1
1
1
1
1
1
1
1
1
1
1
1
1
1
1
1
1
1
1
1
1
1
1
1
1
1
1
1
1
1
1
1
1
1
1
1
1
1
1
1
1
1
1
1
1
1
1
1
1
1
1
1
1
1
1
1
1
1
1
1
1
1
1
1
1
1
1
1
1
1
1
1
1
1
1
1
1
1
1
1
1
1
1
1
1
1
1
1
1
1
1
1
1
1
1
1
1
1
1
1
1
1
1
1
1
1
1
1
1
1
1
1
1
1
1
1
1
1
1
1
1
1
1
1
1
1
1
1
1
1
1
1
1
1
1
1
1
1
1
1
1
1
1
1
1
1
1
1
1
1
1
1
1
1
1
1
1
1
1
1
1
1
1
1
1
1
1
1
1
1
1
1
1
1
1
1
1
1
1
1
1
1
1
1
1
1
1
1
1
1
1
1
1
1
1
1
1
1
1
1
1
1
1
1
1
1
1
1
1
1
1
1
1
1
1
1
1
1
1
1
1
1
1
1
1
1
1
1
1
1
1
1
1
1
1
1
1
1
1
1
1
1
1
1
1
1
1
1
1
1
1
1
1
1
1
1
1
1
1
1
1
1
1
1
1
1
1
1
1
1
1
1
1
1
1
1
1
1
1
1
1
1
1
1
1
1
1
1
1
1
1
1
1
1
1
1
1
1
1
1
1
1
1
1
1
1
1
1
1
1
1
1
1
1
1
1
1
1
1
1
1
1
1
1
1
1
1
1
1
1
1
1
1
1
1
1
1
1
1
1
1
1
1
1
1
1
1
1
1
1
1
1
1
1
1
1
1
1
1
1
1
1
1
1
1
1
1
1
1
1
1
1
1
1
1
1
1
1
1
1
1
1
1
1
1
1
1
1
1
1
1
1
1
1
1
1
1
1
1
1
1
1
1
1
1
1
1
1
1
1
1
1
1
1
1
1
1
1
1
1
1
1
1
1
1
1
1
1
1
1
1
1
1
1
1
1
1
1
1
1
1
1
1
1
1
1
1
1
1
1
1
1
1
1
1
1
1
1
1
1
1
1
1
1
1
1
1
1
1
1
1
1
1
1
1
1
1
1
1
1
1
1
1
1
1
1
1
1
1
1
1
1
1
1
1
1
1
1
1
1
1
1
1
1
1
1
1
1
1
1
1
1
1
1
1
1
1
1
1
1
1
1
1
1
1
1
1
1
1
1
1
1
1
1
1
1
1
1
1
1
1
1
1
1
1
1
1
1
1
1
1
1
1
1
1
1
1
1
1
1
1
1
1
1
1
1
1
1
1
1
1
1
1
1
1
1
1
1
1
1
1
1
1
1
1
1
1
1
1
1
1
1
1
1
1
1
1
1
1
1
1
1
1
1
1
1
1
1
1
1
1
1
1
1
1
1
1
1
1
1
1
1
1
1
1
1
1
1
1
1
1
1
1
1
1
1
1
1
1
1
1
1
1
1
1
1
1
1
1
1
1
1
1
1
1
1
1
1
1
1
1
1
1
1
1
1
1
1
1
1
1
1
1
1
1
1
1
1
1
1
1
1
1
1
1
1
1
1
1
1
1
1
1
1
1
1
1
1
1
1
1
1
1
1
1
1
1
1
1
1
1
1
1
1
1
1
1
1
1
1
1
1
1
1
1
1
1
1
1
1
1
1
1
1
1
1
1
1
1
1
1
1
1
1
1
1
1
1
1
1
1
1
1
1
1
1
1
1
1
1
1
1
1
1
1
1
1
1
1
1
1
1
1
1
1
1
1
1
1
1
1
1
1
1
1
1
1
1
1
1
1
1
1
1
1
1
1
1
1
1
1
1
1
1
1
1
1
1
1
1
1
1
1
1
1
1
1
1
1
1
1
1
1
1
1
1
1
1
1
1
1
1
1
1
1
1
1
1
1
1
1
1
1
1
1
1
1
1
1
1
1
1
1
1
1
1
1
1
1
1
1
1
1
1
1
1
1
1
1
1
1
1
1
1
1
1
1
1
1
1
1
1
1
1
1
1
1
1
1
1
1
1
1
1
1
1
1
1
1
1
1
1
1
1
1
1
1
1
1
1
1
1
1
1
1
1
1
1
1
1
1
1
1
1
1
1
1
1
1
1
1
1
1
1
1
1
1
1
1
1
1
1
1
1
1
1
1
1
1
1
1
1
1
1
1
1
1
1
1
1
1
1
1
1
1
1
1
1
1
1
1
1
1
1
1
1
1
1
1
1
1
1
1
1
1
1
1
1
1
1
1
1
1
1
1
1
1
1
1
1
1
1
1
1
1
1
1
1
1
1
1
1
1
1
1
1
1
1
1
1
1
1
1
1
1
1
1
1
1
1
1
1
1
1
1
1
1
1
1
1
1
1
1
1
1
1
1
1
1
1
1
1
1
1
1
1
1
1
1
1
1
1
1
1
1
1
1
1
1
1
1
1
1
1
1
1
1
1
1
1
1
1
1
1
1
1
1
1
1
1
1
1
1
1
1
1
1
1
1
1
1
1
1
1
1
1
1
1
1
1
1
1
1
1
1
1
1
1
1
1
1
1
1
1
1
1
1
1
1
1
1
1
1
1
1
1
1
1
1
1
1
1
1
1
1
1
1
1
1
1
1
1
1
1
1
1
1
1
1
1
1
1
1
1
1
1
1
1
1
1
1
1
1
1
1
1
1
1
1
1
1
1
1
1
1
1
1
1
1
1
1
1
1
1
1
1
1
1
1
1
1
1
1
1
1
1
1
1
1
1
1
1
1
1
1
1
1
1
1
1
1
1
1
1
1
1
1
1
1
1
1
1
1
1
1
1
1
1
1
1
1
1
1
1
1
1
1
1
1
1
1
1
1
1
1
1
1
1
1
1
1
1
1
1
1
1
1
1
1
1
1
1
1
1
1
1
1
1
1
1
1
1
1
1
1
1
1
1
1
1
1
1
1
1
1
1
1
1
1
1
1
1
1
1
1
1
1
1
1
1
1
1
1
1
1
1
1
1
1
1
1
1
1
1
1
1
1
1
1
1
1
1
1
1
1
1
1
1
1
1
1
1
1
1
1
1
1
1
1
1
1
1
1
1
1
1
1
1
1
1
1
1
1
1
1
1
1
1
1
1
1
1
1
1
1
1
1
1
1
1
1
1
1
1
1
1
1
1
1
1
1
1
1
1
1
1
1
1
1
1
1
1
1
1
1
1
1
1
1
1
1
1
1
1
1
1
1
1
1
1
1
1
1
1
1
1
1
1
1
1
1
1
1
1
1
1
1
1
1
1
1
1
1
1
1
1
1
1
1
1
1
1
1
1
1
1
1
1
1
1
1
1
1
1
1
1
1
1
1
1
1
1
1
1
1
1
1
1
1
1
1
1
1
1
1
1
1
1
1
1
1
1
1
1
1
1
1
1
1
1
1
1
1
1
1
1
1
1
1
1
1
1
1
1
1
1
1
1
1
1
1
1
1
1
1
1
1
1
1
1
1
1
1
1
1
1
1
1
1
1
1
1
1
1
1
1
1
1
1
1
1
1
1
1
1
1
1
1
1
1
1
1
1
1
1
1
1
1
1
1
1
1
1
1
1
1
1
1
1
1
1
1
1
1
1
1
1
1
1
1
1
1
1
1
1
1
1
1
1
1
1
1
1
1
1
1
1
1
1
1
1
1
1
1
1
1
1
1
1
1
1
1
1
1
1
1
1
1
1
1
1
1
1
1
1
1
1
1
1
1
1
1
1
1
1
1
1
1
1
1
1
1
1
1
1
1
1
1
1
1
1
1
1
1
1
1
1
1
1
1
1
1
1
1
1
1
1
1
1
1
1
1
1
1
1
1
1
1
1
1
1
1
1
1
1
1
1
1
1
1
1
1
1
1
1
1
1
1
1
1
1
1
1
1
1
1
1
1
1
1
1
1
1
1
1
1
1
1
1
1
1
1
1
1
1
1
1
1
1
1
1
1
1
1
1
1
1
1
1
1
1
1
1
1
1
1
1
1
1
1
1
1
1
1
1
1
1
1
1
1
1
1
1
1
1
1
1
1
1
1
1
1
1
1
1
1
1
1
1
1
1
1
1
1
1
1
1
1
1
1
1
1
1
1
1
1
1
1
1
1
1
1
1
1
1
1
1
1
1
1
1
1
1
1
1
1
1
1
1
1
1
1
1
1
1
1
1
1
1
1
1
1
1
1
1
1
1
1
1
1
1
1
1
1
1
1
1
1
1
1
1
1
1
1
1
1
1
1
1
1
1
1
1
1
1
1
1
1
1
1
1
1
1
1
1
1
1
1
1
1
1
1
1
1
1
1
1
1
1
1
1
1
1
1
1
1
1
1
1
1
1
1
1
1
1
1
1
1
1
1
1
1
1
1
1
1
1
1
1
1
1
1
1
1
1
1
1
1
1
1
1
1
1
1
1
1
1
1
1
1
1
1
1
1
1
1
1
1
1
1
1
1
1
1
1
1
1
1
1
1
1
1
1
1
1
1
1
1
1
1
1
1
1
1
1
1
1
1
1
1
1
1
1
1
1
1
1
1
1
1
1
1
1
1
1
1
1
1
1
1
1
1
1
1
1
1
1
1
1
1
1
1
1
1
1
1
1
1
1
1
1
1
1
1
1
1
1
1
1
1
1
1
1
1
1
1
1
1
1
1
1
1
1
1
1
1
1
1
1
1
1
1
1
1
1
1
1
1
1
1
1
1
1
1
1
1
1
1
1
1
1
1
1
1
1
1
1
1
1
1
1
1
1
1
1
1
1
1
1
1
1
1
1
1
1
1
1
1
1
1
1
1
1
1
1
1
1
1
1
1
1
1
1
1
1
1
1
1
1
1
1
1
1
1
1
1
1
1
1
1
1
1
1
1
1
1
1
1
1
1
1
1
1
1
1
1
1
1
1
1
1
1
1
1
1
1
1
1
1
1
1
1
1
1
1
1
1
1
1
1
1
1
1
1
1
1
1
1
1
1
1
1
1
1
1
1
1
1
1
1
1
1
1
1
1
1
1
1
1
1
1
1
1
1
1
1
1
1
1
1
1
1
1
1
1
1
1
1
1
1
1
1
1
1
1
1
1
1
1
1
1
1
1
1
1
1
1
1
1
1
1
1
1
1
1
1
1
1
1
1
1
1
1
1
1
1
1
1
1
1
1
1
1
1
1
1
1
1
1
1
1
1
1
1
1
1
1
1
1
1
1
1
1
1
1
1
1
1
1
1
1
1
1
1
1
1
1
1
1
1
1
1
1
1
1
1
1
1
1
1
1
1
1
1
1
1
1
1
1
1
1
1
1
1
1
1
1
1
1
1
1
1
1
1
1
1
1
1
1
1
1
1
1
1
1
1
1
1
1
1
1
1
1
1
1
1
1
1
1
1
1
1
1
1
1
1
1
1
1
1
1
1
1
1
1
1
1
1
1
1
1
1
1
1
1
1
1
1
1
1
1
1
1
1
1
1
1
1
1
1
1
1
1
1
1
1
1
1
1
1
1
1
1
1
1
1
1
1
1
1
1
1
1
1
1
1
1
1
1
1
1
1
1
1
1
1
1
1
1
1
1
1
1
1
1
1
1
1
1
1
1
1
1
1
1
1
1
1
1
1
1
1
1
1
1
1
1
1
1
1
1
1
1
1
1
1
1
1
1
1
1
1
1
1
1
1
1
1
1
1
1
1
1
1
1
1
1
1
