149.154
148.154
147.154
146.154
145.154
144.154
143.154
142.154
141.154
140.154
139.154
138.154
137.154
136.154
135.154
134.154
133.154
132.154
131.154
130.154
129.154
128.154
127.154
126.154
125.154
124.154
123.154
122.154
121.154
120.154
119.154
118.74
118.326
153.74
152.74
151.74
150.74
149.74
148.74
117.326
116.912
116.498
116.083
115.669
115.255
114.841
114.426
114.012
113.598
158.326
157.326
156.326
155.326
154.326
153.326
112.598
112.184
111.77
111.355
110.941
110.527
110.113
109.699
109.284
108.87
160.912
159.912
158.912
157.912
107.87
107.456
107.042
106.627
106.213
105.799
105.385
104.971
104.556
162.498
161.498
160.498
103.556
103.142
102.728
102.314
101.9
101.485
165.083
164.083
163.083
162.083
100.485
100.071
99.6569
99.2426
98.8284
164.669
97.8284
165.255
164.255
96.8284
96.4142
96
96
96
97.6569
97.2426
96.8284
96.4142
96
96
96
96
96
167.841
166.841
165.841
164.841
95
95
95
95
97.4853
97.0711
96.6569
95
95
95
95
168.426
167.426
94
94
94
94
97.3137
96.8995
96.4853
94
94
94
169.012
168.012
93
93
93
93
96.7279
96.3137
93
93
93
169.598
168.598
92
92
92
96.1422
95.7279
92
92.4142
171.184
170.184
169.184
91
91
95.1422
91.4142
91.8284
171.77
170.77
90
90
90
90
94.5564
94.1422
90.8284
171.355
89
93.5564
89.8284
171.941
170.941
88
88.4142
92.5564
88.8284
89.2426
171.527
87.4142
87.8284
88.2426
91.5564
88.2426
88.6569
89.0711
172.113
171.113
87.2426
87.6569
90.5564
88.0711
171.699
86.6569
87.0711
89.5564
87.0711
87.4853
173.284
172.284
171.284
86.0711
86.4853
88.5564
86.4853
86.8995
172.87
85.4853
85.8995
86.3137
87.5564
85.8995
172.456
85.3137
86.5564
84.8995
85.3137
85.7279
173.042
172.042
84.3137
84.7279
85.5564
84.7279
172.627
83.7279
84.5564
84.1422
83.7279
172.213
82.7279
83.1422
82.7279
83.1421
79
79
79.4142
79.8284
80.2426
80.6569
81.0711
81.4853
81.8995
82.3137
82.7279
83.1421
83.5564
83.9706
84.3848
84.799
85.2132
85.6274
86.0416
171.799
107.799
106.799
105.799
104.799
103.799
102.799
101.799
100.799
99.799
98.799
97.799
96.799
95.799
94.799
93.799
92.799
91.799
90.799
89.799
81.7279
82.1421
82.1422
81.7279
82.1421
78
78
78
78
78
85.0416
85.4559
85.8701
86.2843
86.6985
87.1127
172.213
112.213
111.213
110.213
109.213
108.213
89.3848
88.3848
87.3848
86.3848
85.3848
81.1421
80.7279
81.1421
81.5564
77
77
77
77
77
86.1127
86.5269
86.9412
87.3554
172.627
116.627
115.627
114.627
113.627
112.627
84.9706
83.9706
82.9706
81.9706
80.1421
79.7279
80.5564
80.9706
76
76
76
86.3554
86.7696
87.1838
173.042
120.042
119.042
118.042
117.042
81.5564
80.5564
79.5564
79.1421
79.5564
78.7279
78.3137
79.9706
75
75
75
75
86.1838
86.598
87.0122
87.4264
173.456
172.456
123.456
122.456
121.456
120.456
79.1422
78.1422
77.7279
78.5564
77.3137
78.9706
79.3848
79.799
74
74
86.4264
86.8407
172.87
123.87
76.7279
77.5564
76.3137
78.799
79.2132
73
73
73
85.8407
86.2549
173.284
127.284
126.284
125.284
124.87
76.3137
75.3137
76.5564
75.8995
74.8995
74.4853
78.2132
72
85.2549
173.699
129.699
128.699
127.699
74.8995
73.8995
73.4853
75.5564
73.4853
73.0711
77.2132
71
71
84.2549
84.6691
85.0833
174.113
173.113
172.113
133.113
132.113
131.113
130.113
72.4853
72.0711
74.5564
74.9706
75.3848
72.0711
76.2132
76.6274
70
70
84.0833
84.4975
172.527
171.527
135.527
134.527
133.527
71.0711
74.3848
71.0711
70.6569
75.6274
76.0416
69.4142
69
83.4975
83.9117
171.941
138.941
137.941
136.941
135.941
70.0711
69.6569
73.3848
69.6569
75.0416
75.4559
75.8701
69.2426
68.8284
68.4142
82.9117
172.355
171.355
141.355
140.355
139.355
68.6569
72.3848
69.2426
68.2426
67.8284
74.8701
75.2843
68.6569
68.2426
81.9117
82.326
171.77
170.77
169.77
168.77
144.77
143.77
142.77
141.77
68.2426
67.2426
66.8284
71.3848
66.8284
74.2843
74.6985
67.6569
81.326
169.184
168.184
147.184
146.184
145.184
65.8284
70.3848
65.8284
73.6985
74.1127
74.5269
67.0711
66.6569
80.326
168.598
147.598
64.8284
69.3848
64.8284
73.5269
73.5269
66.0711
79.9117
169.012
168.012
167.012
166.012
165.012
152.012
151.012
150.012
149.012
148.598
63.8284
63.4142
68.3848
63.8284
63.4142
72.5269
65.0711
79.4975
165.426
164.426
163.426
162.426
161.426
160.426
159.426
158.426
157.426
156.426
155.426
154.426
153.426
152.426
62.4142
67.3848
62.4142
71.5269
71.1127
64.4853
64.0711
79.0833
80.0833
81.0833
61.4142
66.3848
61.4142
70.1127
69.6985
63.4853
78.6691
79.6691
80.6691
60.4142
60
64.5564
64.9706
65.9706
60.4142
60
68.6985
68.2843
67.8701
67.4559
62.4853
78.2549
59
63.5564
59
66.4559
66.0416
62.3137
61.8995
61.4853
77.8407
58
62.5564
58
65.0416
64.6274
64.2132
61.3137
77.4264
57
61.5564
57
63.2132
62.799
62.3848
60.3137
76.0122
77.0122
56
60.5564
56
61.3848
60.9706
60.5564
60.1421
59.3137
75.598
55
59.5564
55
59.1421
58.7279
58.7279
58.3137
75.1838
54
58.5564
54
57.7279
57.7279
73.7696
74.7696
53
57.1421
57.5564
53
56.7279
56.3137
55.8995
56.7279
73.3554
52
56.1421
52
54.8995
54.4853
54.0711
53.6569
55.7279
71.9412
72.9412
51
55.1421
51
52.6569
52.2426
54.7279
69.5269
70.5269
71.5269
50
54.1421
50
51.2426
50.8284
50.4142
50
53.7279
67.1127
68.1127
69.1127
49
49
52.7279
53.1421
49
49
49
49
52.7279
64.6985
65.6985
66.6985
48
51.7279
48
48
48
48
51.7279
63.2843
64.2843
47
50.7279
47
47
47
50.7279
62.8701
46
49.7279
46
46
49.7279
60.4559
61.4559
62.4559
45
48.7279
45
45
45
45
45
48.7279
48.3137
57.0416
58.0416
59.0416
60.0416
45
45
45
45
45
45
45
45
45
45
45
45
45
45.4142
44
47.3137
47.7279
44
44
44
44
47.3137
53.6274
54.6274
55.6274
56.6274
44
44
44
44
44.4142
44.8284
45.2426
44.8284
44.4142
43
43
46.3137
43
43
43
46.3137
51.2132
52.2132
53.2132
43
43
43
43.4142
43
43
42
45.3137
42
42
42
45.3137
49.799
50.799
42
42
42
42
42
41
43.4853
43.8995
44.8995
41
41
41
41
41
44.3137
46.3848
47.3848
48.3848
49.3848
41
41
41
41
41
41
45.3848
45.3848
44.9706
44.5563
44.1421
43.7279
43.3137
42.8995
42.4853
42.0711
41.6569
41.2426
40.8284
40.4142
40
40
40
40
42.4853
40
46.9706
47.9706
48.9706
49.9706
50.9706
51.9706
52.9706
53.9706
54.4559
53.4559
52.4559
51.4559
40
40
43.3137
44.9706
45.9706
40
40
40
40
40
40.6569
41.0711
41.4853
41.8995
42.3137
42.7279
43.1421
43.5563
43.9706
44.3848
39
39
39
39
39
39
39
39
39
39
41.4853
39
43.5564
44.5564
45.5564
46.5564
51.0416
50.0416
49.0416
48.0416
47.0416
39
39
42.8995
41.8995
41.4853
43.5564
44.5564
39
39
39
39
38
38
38.4142
38.8284
39.2426
39.6569
38
38
38
38
38
40.4853
38
38
38
43.1421
46.6274
38
40.4853
43.1421
38
38
38
37
37
37
39.4853
37
40.7279
41.7279
42.7279
46.2132
45.2132
37
39.4853
40.7279
41.7279
42.7279
37
37
36
36
36
36
36
36
36
36
36
36
36
38.0711
38.4853
36
38.8995
39.3137
40.3137
44.799
43.799
42.799
41.799
36
36
38.4853
39.3137
40.3137
36.8284
36.4142
36
36
36
35
35
35
35
35
35
35
35
35
37.0711
35
35
37.4853
37.8995
41.3848
40.3848
35
35
35
37.4853
37.8995
38.8995
35.8284
35
35
35
34
34
34
34
34
34
34
34
36.0711
34
36.0711
36.4853
39.9706
38.9706
34
36.4853
36.0711
36.0711
36.4853
37.4853
35.2426
34.8284
34
34
33
33
33
33
33
33
33
33
33
33
34.6569
35.0711
33
33
35.0711
38.5564
37.5564
33
33
35.0711
35.0711
34.2426
33
33
32
32
32
32
32
32
32
33.6569
32
33.2426
33.6569
34.6569
37.1421
36.1421
35.7279
32
34.0711
33.6569
34.0711
33.2426
32
32
31
31
31
31
31
32.6569
31
31
31
32.2426
34.7279
34.3137
31
31
33.0711
32.6569
32.2426
31
30
30
30
30
30
30
30
30
30
31.6569
30
31.2426
33.3137
30
32.0711
31.6569
31.2426
30
30
30
29
29
29
30.6569
29
29.8284
30.2426
32.3137
29
31.0711
30.6569
30.2426
30.6569
30.2426
29
28
28
28
28
28
29.2426
29.6569
28
28
28.8284
31.3137
30.8995
28
29.6569
29.2426
29.2426
28
28
27
27
27
27
27
27
28.2426
27
27.4142
27.8284
29.8995
29.4853
27
27
27
28.6569
27.8284
28.2426
28.2426
27
26
26
26
26
26
26
26
27.2426
26
26
26.4142
28.4853
26
27.6569
26.8284
26
26
26
26
26
26
27.2426
26
26
25
25
25
25
25
26.2426
25
25.4142
28.0711
27.0711
26.6569
25
26.6569
26.2426
25.8284
25
25
25
25
25
25
25
25
25
25
26.2426
25
24
24
24
24
24
24
25.2426
24
24
24.4142
25.6569
24
25.2426
24.8284
24
24
24
24
24
24
24
25.2426
24
24
24
23
23
23
23
23.4142
23.8284
24.8284
23
23.4142
24.6569
24.2426
23
24.2426
23
23.4142
24.4142
23
23
23
23
23
24.2426
23
22
22
22
22
22
22
22.4142
22
22
22
22.4142
23.2426
22
22
22
22
22
22
22
23.2426
22
22
22
22
22
23.2426
22
22
21
21
21
21
21.4142
21
21.4142
22.2426
21
21
21
21
21
21
21
21
21
22.2426
21
21
21
21
21
21
22.2426
21
20
20
20
20.4142
20
20.4142
21.2426
20
20
20
21.2426
20
20
20
21.2426
20
19
19
27.3137
27.3137
26.3137
19
19
19.4142
19
19
19.4142
20.2426
19.8284
19
19
19
19
19
19
20.8284
19.8284
19.4142
19
19
19
19
19
19
20.2426
19.8284
19
18
21.8995
22.8995
23.8995
24.8995
25.8995
26.8995
25.8995
24.8995
23.8995
22.8995
21.8995
20.8995
18
18
18
18.4142
18
18
18
18.8284
18
18
18
18
18
18
18.4142
18
18
18
18
18.8284
18
18
17
17
17
19.0711
19.4853
20.4853
21.4853
20.4853
19.4853
19.0711
17
17
17
17.4142
17
17
17.8284
17
17
17
17
17
17
17.4142
17
17
17
17
17.8284
17
16
17.6569
18.0711
18.0711
17.6569
16
16
16
16.4142
16
16
17.4142
16.4142
16
16
16
16
16
16
16
16.4142
16
16
16
16
16.8284
16
15
16.2426
16.6569
16.6569
16.2426
15
15
15
15
15
15
15
15
15
15
15
15
15.4142
15
15
15
15
15.8284
15
14
14
15.2426
15.2426
14.8284
14
14
14
14
14
14
14
14
14
14
14
14
14
14
14
14
14.4142
14
14
14
14
14.8284
14
14
13
14.2426
13.8284
13
13
13
13
13
13
13
13
13
13
13
13
13
13
13
13.4142
13
13
13
13.8284
13
12
12.4142
12.8284
13.8284
13.4142
12.4142
12
12
12
12
12
12
12
12
12.4142
12
12
12
13.4142
12.4142
12
12
11
11.4142
11
11
11
11
11
11
11
11
11.4142
11
11
11
11
11
11
10
10
10
10.4142
10
10
10
10
10
10
10
10
10
10
10
10
10
10
10
10
9
9
9
9
9
9
9
9
9
9
9
9
9
9
9
9
9
9
9.41421
10.4142
10.8284
9.82843
9.41421
9
8
8
8
8
8
8
8
8
8
8
8
8
8
8
8
8
8
8.41421
8
8
7
7
7
7
7
7
7
7
7
7
7
7
7
7
7
7
7
7
6
6
6
6
6
6
6
6
6
6
6
6
6
6
6
6
6
6
6
6
6
6
6
6
6
6
6
6
6
6
6
6
6
6
6
6
6
6
6
6
6
6
6
6
6
6
6
6
6
6
6
6
6
6
6
6
6
6
6
6
6
6
6
6
6
6
6
6
6
6
6
6
6
6
6
6
6
6
6
6
6
6
6
6
6
6
6
6
6
6
6
6
6
6
6
6
6
6
6
6
6
6
6
6
6
6
6
6
6
6
6
6
6
6
6
6
6
6
6
6
6
6
6
6
6
6
6
6
6
6
6
6
6
6
6
6
6
6
6
6
6
6
6
6
6
6
6
6
6
6
6
6
6
6
6
6
6
6
6
6
6
6
6
6
6
6
6
6
6
6
6
6
6
6
6
6
6
6
6
6
6
6
6
6
6
6
6
6
6
6
6
6
6
6
6
6
6
6
6
6
6
6
6
6
6
6
6
6
6
6
6
6
6
6
6
6
6
6
6
6
6
6
6
6
6
6
6
6
6
6
6
6
6
