1
1
1
1
1
1
1
1
1
1
1
1
1
1
1
1
1
1
1
1
1
1
1
1
1
1
1
1
1
1
1
1
1
1
1
1
1
1
1
1
1
1
1
1
1
1
1
1
1
1
1
1
1
1
1
1
1
1.01036
1.01381
1.01726
1.02071
1.02416
1.02761
1.03107
1.03452
1.03797
1.04142
1.04487
1.04832
1.05178
1.05523
1.05868
1.06213
1.06558
1.06904
1.07249
1.07594
1.07939
1.08284
1.08629
1.08975
1.0932
1.09665
1.1001
1.10355
1.10701
1.11046
1.11391
1.11736
1.12081
1.12426
1.12772
1.13117
1.13462
1.13807
1.13462
1.13117
1.12772
1.12426
1.12081
1.11736
1.11391
1.11046
1.10701
1.10355
1.1001
1
1
1
1
1
1
1
1
1
1
1
1
1
1
1
1
1
1
1
1
1
1
1
1
1
1
1
1
1
1
1
1
1
1
1
1
1
1
1
1
1
1
1
1
1
1
1
1
1
1
1
1
1
1
1
1
1
1.01044
1.01392
1.0174
1.02088
1.02437
1.02785
1.03133
1.03481
1.03829
1.04177
1.04525
1.04873
1.05221
1.05569
1.05917
1.06265
1.06614
1.06962
1.0731
1.07658
1.08006
1.08354
1.08702
1.0905
1.09398
1.09746
1.10094
1.10442
1.1079
1.11139
1.11487
1.11835
1.12183
1.12531
1.12879
1.13227
1.13575
1.13923
1.13575
1.13227
1.12879
1.12531
1.12183
1.11835
1.11487
1.11139
1.1079
1.10442
1.10094
1
1
1
1
1
1
1
1
1
1
1
1
1
1
1
1
1
1
1
1
1
1
1
1
1
1
1
1
1
1
1
1
1
1
1
1
1
1
1
1
1
1
1
1
1
1
1
1
1
1
1
1
1
1
1
1
1
1.01053
1.01404
1.01755
1.02106
1.02457
1.02808
1.03159
1.0351
1.03861
1.04212
1.04563
1.04914
1.05265
1.05616
1.05967
1.06319
1.0667
1.07021
1.07372
1.07723
1.08074
1.08425
1.08776
1.09127
1.09478
1.09829
1.1018
1.10531
1.10882
1.11233
1.11584
1.11935
1.12286
1.12637
1.12988
1.13339
1.1369
1.14041
1.1369
1.13339
1.12988
1.12637
1.12286
1.11935
1.11584
1.11233
1.10882
1.10531
1.1018
1
1
1
1
1
1
1
1
1
1
1
1
1
1
1
1
1
1
1
1
1
1
1
1
1
1
1
1
1
1
1
1
1
1
1
1
1
1
1
1
1
1
1
1
1
1
1
1
1
1
1
1
1
1
1
1
1
1.01062
1.01416
1.0177
1.02124
1.02478
1.02832
1.03186
1.0354
1.03894
1.04248
1.04602
1.04956
1.0531
1.05664
1.06018
1.06373
1.06727
1.07081
1.07435
1.07789
1.08143
1.08497
1.08851
1.09205
1.09559
1.09913
1.10267
1.10621
1.10975
1.11329
1.11683
1.12037
1.12391
1.12745
1.13099
1.13453
1.13807
1.14161
1.13807
1.13453
1.13099
1.12745
1.12391
1.12037
1.11683
1.11329
1.10975
1.10621
1.10267
1
1
1
1
1
1
1
1
1
1
1
1
1
1
1
1
1
1
1
1
1
1
1
1
1
1
1
1
1
1
1
1
1
1
1
1
1
1
1
1
1
1
1
1
1
1
1
1
1
1
1
1
1
1
1
1
1
1.01071
1.01428
1.01785
1.02142
1.025
1.02857
1.03214
1.03571
1.03928
1.04285
1.04642
1.04999
1.05356
1.05713
1.0607
1.06427
1.06785
1.07142
1.07499
1.07856
1.08213
1.0857
1.08927
1.09284
1.09641
1.09998
1.10355
1.10712
1.1107
1.11427
1.11784
1.12141
1.12498
1.12855
1.13212
1.13569
1.13926
1.14283
1.13926
1.13569
1.13212
1.12855
1.12498
1.12141
1.11784
1.11427
1.1107
1.10712
1.10355
1.09998
1
1
1
1
1
1
1
1
1
1
1
1
1
1
1
1
1
1
1
1
1
1
1
1
1
1
1
1
1
1
1
1
1
1
1
1
1
1
1
1
1
1
1
1
1
1
1
1
1
1
1
1
1
1
1
1
1
1.01081
1.01441
1.01801
1.02161
1.02521
1.02881
1.03242
1.03602
1.03962
1.04322
1.04682
1.05043
1.05403
1.05763
1.06123
1.06483
1.06844
1.07204
1.07564
1.07924
1.08284
1.08644
1.09005
1.09365
1.09725
1.10085
1.10445
1.10806
1.11166
1.11526
1.11886
1.12246
1.12607
1.12967
1.13327
1.13687
1.14047
1.14407
1.14047
1.13687
1.13327
1.12967
1.12607
1.12246
1.11886
1.11526
1.11166
1.10806
1.10445
1.10085
1
1
1
1
1
1
1
1
1
1
1
1
1
1
1
1
1
1
1
1
1
1
1
1
1
1
1
1
1
1
1
1
1
1
1
1
1
1
1
1
1
1
1
1
1
1
1
1
1
1
1
1
1
1
1
1
1
1.0109
1.01453
1.01817
1.0218
1.02543
1.02907
1.0327
1.03633
1.03997
1.0436
1.04723
1.05087
1.0545
1.05814
1.06177
1.0654
1.06904
1.07267
1.0763
1.07994
1.08357
1.0872
1.09084
1.09447
1.0981
1.10174
1.10537
1.109
1.11264
1.11627
1.1199
1.12354
1.12717
1.1308
1.13444
1.13807
1.14171
1.14534
1.14171
1.13807
1.13444
1.1308
1.12717
1.12354
1.1199
1.11627
1.11264
1.109
1.10537
1.10174
1
1
1
1
1
1
1
1
1
1
1
1
1
1
1
1
1
1
1
1
1
1
1
1
1
1
1
1
1
1
1
1
1
1
1
1
1
1
1
1
1
1
1
1
1
1
1
1
1
1
1
1
1
1
1
1
1
1.011
1.01466
1.01833
1.02199
1.02566
1.02932
1.03299
1.03666
1.04032
1.04399
1.04765
1.05132
1.05498
1.05865
1.06232
1.06598
1.06965
1.07331
1.07698
1.08064
1.08431
1.08797
1.09164
1.09531
1.09897
1.10264
1.1063
1.10997
1.11363
1.1173
1.12097
1.12463
1.1283
1.13196
1.13563
1.13929
1.14296
1.14662
1.14296
1.13929
1.13563
1.13196
1.1283
1.12463
1.12097
1.1173
1.11363
1.10997
1.1063
1.10264
1
1
1
1
1
1
1
1
1
1
1
1
1
1
1
1
1
1
1
1
1
1
1
1
1
1
1
1
1
1
1
1
1
1
1
1
1
1
1
1
1
1
1
1
1
1
1
1
1
1
1
1
1
1
1
1
1
1
1.01109
1.01479
1.01849
1.02219
1.02589
1.02959
1.03329
1.03698
1.04068
1.04438
1.04808
1.05178
1.05548
1.05917
1.06287
1.06657
1.07027
1.07397
1.07767
1.08136
1.08506
1.08876
1.09246
1.09616
1.09986
1.10355
1.10725
1.11095
1.11465
1.11835
1.12205
1.12574
1.12944
1.13314
1.13684
1.14054
1.14424
1.14793
1.14424
1.14054
1.13684
1.13314
1.12944
1.12574
1.12205
1.11835
1.11465
1.11095
1.10725
1.10355
1
1
1
1
1
1
1
1
1
1
1
1
1
1
1
1
1
1
1
1
1
1
1
1
1
1
1
1
1
1
1
1
1
1
1
1
1
1
1
1
1
1
1
1
1
1
1
1
1
1
1
1
1
1
1
1
1
1
1.01119
1.01493
1.01866
1.02239
1.02612
1.02985
1.03358
1.03732
1.04105
1.04478
1.04851
1.05224
1.05597
1.05971
1.06344
1.06717
1.0709
1.07463
1.07836
1.0821
1.08583
1.08956
1.09329
1.09702
1.10075
1.10449
1.10822
1.11195
1.11568
1.11941
1.12314
1.12688
1.13061
1.13434
1.13807
1.1418
1.14553
1.14927
1.14553
1.1418
1.13807
1.13434
1.13061
1.12688
1.12314
1.11941
1.11568
1.11195
1.10822
1.10449
1
1
1
1
1
1
1
1
1
1
1
1
1
1
1
1
1
1
1
1
1
1
1
1
1
1
1
1
1
1
1
1
1
1
1
1
1
1
1
1
1
1
1
1
1
1
1
1
1
1
1
1
1
1
1
1
1
1
1.0113
1.01506
1.01883
1.02259
1.02636
1.03012
1.03389
1.03766
1.04142
1.04519
1.04895
1.05272
1.05648
1.06025
1.06401
1.06778
1.07155
1.07531
1.07908
1.08284
1.08661
1.09037
1.09414
1.09791
1.10167
1.10544
1.1092
1.11297
1.11673
1.1205
1.12426
1.12803
1.1318
1.13556
1.13933
1.14309
1.14686
1.15062
1.14686
1.14309
1.13933
1.13556
1.1318
1.12803
1.12426
1.1205
1.11673
1.11297
1.1092
1.10544
1
1
1
1
1
1
1
1
1
1
1
1
1
1
1
1
1
1
1
1
1
1
1
1
1
1
1
1
1
1
1
1
1
1
1
1
1
1
1
1
1
1
1
1
1
1
1
1
1
1
1
1
1
1
1
1
1
1
1.0114
1.0152
1.019
1.0228
1.0266
1.0304
1.0342
1.038
1.0418
1.0456
1.0494
1.0532
1.057
1.0608
1.0646
1.0684
1.0722
1.076
1.0798
1.0836
1.0874
1.0912
1.095
1.0988
1.1026
1.1064
1.1102
1.114
1.1178
1.1216
1.1254
1.1292
1.133
1.1368
1.1406
1.14441
1.14821
1.15201
1.14821
1.14441
1.1406
1.1368
1.133
1.1292
1.1254
1.1216
1.1178
1.114
1.1102
1.1064
1
1
1
1
1
1
1
1
1
1
1
1
1
1
1
1
1
1
1
1
1
1
1
1
1
1
1
1
1
1
1
1
1
1
1
1
1
1
1
1
1
1
1
1
1
1
1
1
1
1
1
1
1
1
1
1
1
1
1.01151
1.01534
1.01918
1.02301
1.02685
1.03068
1.03452
1.03835
1.04219
1.04602
1.04986
1.05369
1.05753
1.06137
1.0652
1.06904
1.07287
1.07671
1.08054
1.08438
1.08821
1.09205
1.09588
1.09972
1.10355
1.10739
1.11122
1.11506
1.11889
1.12273
1.12657
1.1304
1.13424
1.13807
1.14191
1.14574
1.14958
1.15341
1.14958
1.14574
1.14191
1.13807
1.13424
1.1304
1.12657
1.12273
1.11889
1.11506
1.11122
1.10739
1
1
1
1
1
1
1
1
1
1
1
1
1
1
1
1
1
1
1
1
1
1
1
1
1
1
1
1
1
1
1
1
1
1
1
1
1
1
1
1
1
1
1
1
1
1
1
1
1
1
1
1
1
1
1
1
1
1
1.01161
1.01548
1.01936
1.02323
1.0271
1.03097
1.03484
1.03871
1.04258
1.04645
1.05033
1.0542
1.05807
1.06194
1.06581
1.06968
1.07355
1.07742
1.08129
1.08517
1.08904
1.09291
1.09678
1.10065
1.10452
1.10839
1.11226
1.11613
1.12001
1.12388
1.12775
1.13162
1.13549
1.13936
1.14323
1.1471
1.15098
1.15485
1.15098
1.1471
1.14323
1.13936
1.13549
1.13162
1.12775
1.12388
1.12001
1.11613
1.11226
1.10839
1
1
1
1
1
1
1
1
1
1
1
1
1
1
1
1
1
1
1
1
1
1
1
1
1
1
1
1
1
1
1
1
1
1
1
1
1
1
1
1
1
1
1
1
1
1
1
1
1
1
1
1
1
1
1
1
1
1.00782
1.01172
1.01563
1.01954
1.02345
1.02735
1.03126
1.03517
1.03908
1.04298
1.04689
1.0508
1.05471
1.05862
1.06252
1.06643
1.07034
1.07425
1.07815
1.08206
1.08597
1.08988
1.09378
1.09769
1.1016
1.10551
1.10942
1.11332
1.11723
1.12114
1.12505
1.12895
1.13286
1.13677
1.14068
1.14458
1.14849
1.1524
1.15631
1.1524
1.14849
1.14458
1.14068
1.13677
1.13286
1.12895
1.12505
1.12114
1.11723
1.11332
1.10942
1
1
1
1
1
1
1
1
1
1
1
1
1
1
1
1
1
1
1
1
1
1
1
1
1
1
1
1
1
1
1
1
1
1
1
1
1
1
1
1
1
1
1
1
1
1
1
1
1
1
1
1
1
1
1
1
1
1.00789
1.01183
1.01578
1.01972
1.02367
1.02761
1.03156
1.0355
1.03945
1.04339
1.04734
1.05128
1.05523
1.05917
1.06312
1.06706
1.07101
1.07495
1.0789
1.08284
1.08679
1.09073
1.09468
1.09862
1.10257
1.10651
1.11046
1.1144
1.11835
1.12229
1.12624
1.13018
1.13413
1.13807
1.14202
1.14596
1.14991
1.15385
1.1578
1.15385
1.14991
1.14596
1.14202
1.13807
1.13413
1.13018
1.12624
1.12229
1.11835
1.1144
1.11046
1.10651
1
1
1
1
1
1
1
1
1
1
1
1
1
1
1
1
1
1
1
1
1
1
1
1
1
1
1
1
1
1
1
1
1
1
1
1
1
1
1
1
1
1
1
1
1
1
1
1
1
1
1
1
1
1
1
1
1
1.00797
1.01195
1.01593
1.01991
1.0239
1.02788
1.03186
1.03585
1.03983
1.04381
1.04779
1.05178
1.05576
1.05974
1.06373
1.06771
1.07169
1.07567
1.07966
1.08364
1.08762
1.09161
1.09559
1.09957
1.10355
1.10754
1.11152
1.1155
1.11948
1.12347
1.12745
1.13143
1.13542
1.1394
1.14338
1.14736
1.15135
1.15533
1.15931
1.15533
1.15135
1.14736
1.14338
1.1394
1.13542
1.13143
1.12745
1.12347
1.11948
1.1155
1.11152
1.10754
1
1
1
1
1
1
1
1
1
1
1
1
1
1
1
1
1
1
1
1
1
1
1
1
1
1
1
1
1
1
1
1
1
1
1
1
1
1
1
1
1
1
1
1
1
1
1
1
1
1
1
1
1
1
1
1
1
1.00804
1.01206
1.01609
1.02011
1.02413
1.02815
1.03217
1.03619
1.04021
1.04424
1.04826
1.05228
1.0563
1.06032
1.06434
1.06837
1.07239
1.07641
1.08043
1.08445
1.08847
1.09249
1.09652
1.10054
1.10456
1.10858
1.1126
1.11662
1.12065
1.12467
1.12869
1.13271
1.13673
1.14075
1.14477
1.1488
1.15282
1.15684
1.16086
1.15684
1.15282
1.1488
1.14477
1.14075
1.13673
1.13271
1.12869
1.12467
1.12065
1.11662
1.1126
1.10858
1
1
1
1
1
1
1
1
1
1
1
1
1
1
1
1
1
1
1
1
1
1
1
1
1
1
1
1
1
1
1
1
1
1
1
1
1
1
1
1
1
1
1
1
1
1
1
1
1
1
1
1
1
1
1
1
1
1
1
1.00812
1.01218
1.01624
1.0203
1.02437
1.02843
1.03249
1.03655
1.04061
1.04467
1.04873
1.05279
1.05685
1.06091
1.06497
1.06904
1.0731
1.07716
1.08122
1.08528
1.08934
1.0934
1.09746
1.10152
1.10558
1.10965
1.11371
1.11777
1.12183
1.12589
1.12995
1.13401
1.13807
1.14213
1.14619
1.15025
1.15432
1.15838
1.16244
1.15838
1.15432
1.15025
1.14619
1.14213
1.13807
1.13401
1.12995
1.12589
1.12183
1.11777
1.11371
1.10965
1
1
1
1
1
1
1
1
1
1
1
1
1
1
1
1
1
1
1
1
1
1
1
1
1
1
1
1
1
1
1
1
1
1
1
1
1
1
1
1
1
1
1
1
1
1
1
1
1
1
1
1
1
1
1
1
1
1
1
1.0082
1.0123
1.0164
1.02051
1.02461
1.02871
1.03281
1.03691
1.04101
1.04511
1.04921
1.05331
1.05742
1.06152
1.06562
1.06972
1.07382
1.07792
1.08202
1.08612
1.09022
1.09433
1.09843
1.10253
1.10663
1.11073
1.11483
1.11893
1.12303
1.12714
1.13124
1.13534
1.13944
1.14354
1.14764
1.15174
1.15584
1.15994
1.16405
1.15994
1.15584
1.15174
1.14764
1.14354
1.13944
1.13534
1.13124
1.12714
1.12303
1.11893
1.11483
1.11073
1
1
1
1
1
1
1
1
1
1
1
1
1
1
1
1
1
1
1
1
1
1
1
1
1
1
1
1
1
1
1
1
1
1
1
1
1
1
1
1
1
1
1
1
1
1
1
1
1
1
1
1
1
1
1
1
1
1
1
1.00828
1.01243
1.01657
1.02071
1.02485
1.02899
1.03314
1.03728
1.04142
1.04556
1.04971
1.05385
1.05799
1.06213
1.06627
1.07042
1.07456
1.0787
1.08284
1.08699
1.09113
1.09527
1.09941
1.10355
1.1077
1.11184
1.11598
1.12012
1.12426
1.12841
1.13255
1.13669
1.14083
1.14498
1.14912
1.15326
1.1574
1.16154
1.16569
1.16154
1.1574
1.15326
1.14912
1.14498
1.14083
1.13669
1.13255
1.12841
1.12426
1.12012
1.11598
1.11184
1.1077
1.10355
1
1
1
1
1
1
1
1
1
1
1
1
1
1
1
1
1
1
1
1
1
1
1
1
1
1
1
1
1
1
1
1
1
1
1
1
1
1
1
1
1
1
1
1
1
1
1
1
1
1
1
1
1
1
1
1
1
1
1
1.00837
1.01255
1.01674
1.02092
1.0251
1.02929
1.03347
1.03766
1.04184
1.04602
1.05021
1.05439
1.05858
1.06276
1.06694
1.07113
1.07531
1.0795
1.08368
1.08786
1.09205
1.09623
1.10042
1.1046
1.10878
1.11297
1.11715
1.12134
1.12552
1.1297
1.13389
1.13807
1.14226
1.14644
1.15062
1.15481
1.15899
1.16318
1.16736
1.16318
1.15899
1.15481
1.15062
1.14644
1.14226
1.13807
1.13389
1.1297
1.12552
1.12134
1.11715
1.11297
1.10878
1.1046
1
1
1
1
1
1
1
1
1
1
1
1
1
1
1
1
1
1
1
1
1
1
1
1
1
1
1
1
1
1
1
1
1
1
1
1
1
1
1
1
1
1
1
1
1
1
1
1
1
1
1
1
1
1
1
1
1
1
1
1.00845
1.01268
1.01691
1.02113
1.02536
1.02959
1.03381
1.03804
1.04227
1.04649
1.05072
1.05495
1.05917
1.0634
1.06763
1.07185
1.07608
1.08031
1.08453
1.08876
1.09299
1.09721
1.10144
1.10567
1.10989
1.11412
1.11835
1.12257
1.1268
1.13103
1.13525
1.13948
1.14371
1.14793
1.15216
1.15639
1.16061
1.16484
1.16907
1.16484
1.16061
1.15639
1.15216
1.14793
1.14371
1.13948
1.13525
1.13103
1.1268
1.12257
1.11835
1.11412
1.10989
1.10567
1
1
1
1
1
1
1
1
1
1
1
1
1
1
1
1
1
1
1
1
1
1
1
1
1
1
1
1
1
1
1
1
1
1
1
1
1
1
1
1
1
1
1
1
1
1
1
1
1
1
1
1
1
1
1
1
1
1
1
1.00854
1.01281
1.01708
1.02135
1.02562
1.02989
1.03416
1.03843
1.0427
1.04697
1.05124
1.05551
1.05978
1.06405
1.06832
1.07259
1.07686
1.08113
1.08541
1.08968
1.09395
1.09822
1.10249
1.10676
1.11103
1.1153
1.11957
1.12384
1.12811
1.13238
1.13665
1.14092
1.14519
1.14946
1.15373
1.158
1.16227
1.16654
1.17081
1.16654
1.16227
1.158
1.15373
1.14946
1.14519
1.14092
1.13665
1.13238
1.12811
1.12384
1.11957
1.1153
1.11103
1.10676
1
1
1
1
1
1
1
1
1
1
1
1
1
1
1
1
1
1
1
1
1
1
1
1
1
1
1
1
1
1
1
1
1
1
1
1
1
1
1
1
1
1
1
1
1
1
1
1
1
1
1
1
1
1
1
1
1
1
1
1
1.00863
1.01294
1.01726
1.02157
1.02589
1.0302
1.03452
1.03883
1.04315
1.04746
1.05178
1.05609
1.06041
1.06472
1.06904
1.07335
1.07767
1.08198
1.08629
1.09061
1.09492
1.09924
1.10355
1.10787
1.11218
1.1165
1.12081
1.12513
1.12944
1.13376
1.13807
1.14239
1.1467
1.15102
1.15533
1.15965
1.16396
1.16827
1.17259
1.16827
1.16396
1.15965
1.15533
1.15102
1.1467
1.14239
1.13807
1.13376
1.12944
1.12513
1.12081
1.1165
1.11218
1.10787
1.10355
1
1
1
1
1
1
1
1
1
1
1
1
1
1
1
1
1
1
1
1
1
1
1
1
1
1
1
1
1
1
1
1
1
1
1
1
1
1
1
1
1
1
1
1
1
1
1
1
1
1
1
1
1
1
1
1
1
1
1
1
1.00872
1.01308
1.01744
1.0218
1.02616
1.03052
1.03488
1.03924
1.0436
1.04796
1.05232
1.05668
1.06104
1.0654
1.06976
1.07412
1.07848
1.08284
1.0872
1.09156
1.09592
1.10028
1.10464
1.109
1.11336
1.11772
1.12208
1.12644
1.1308
1.13516
1.13952
1.14389
1.14825
1.15261
1.15697
1.16133
1.16569
1.17005
1.17441
1.17005
1.16569
1.16133
1.15697
1.15261
1.14825
1.14389
1.13952
1.13516
1.1308
1.12644
1.12208
1.11772
1.11336
1.109
1.10464
1
1
1
1
1
1
1
1
1
1
1
1
1
1
1
1
1
1
1
1
1
1
1
1
1
1
1
1
1
1
1
1
1
1
1
1
1
1
1
1
1
1
1
1
1
1
1
1
1
1
1
1
1
1
1
1
1
1
1
1
1.00881
1.01322
1.01763
1.02203
1.02644
1.03085
1.03525
1.03966
1.04407
1.04847
1.05288
1.05728
1.06169
1.0661
1.0705
1.07491
1.07932
1.08372
1.08813
1.09254
1.09694
1.10135
1.10576
1.11016
1.11457
1.11898
1.12338
1.12779
1.1322
1.1366
1.14101
1.14542
1.14982
1.15423
1.15864
1.16304
1.16745
1.17186
1.17626
1.17186
1.16745
1.16304
1.15864
1.15423
1.14982
1.14542
1.14101
1.1366
1.1322
1.12779
1.12338
1.11898
1.11457
1.11016
1.10576
1
1
1
1
1
1
1
1
1
1
1
1
1
1
1
1
1
1
1
1
1
1
1
1
1
1
1
1
1
1
1
1
1
1
1
1
1
1
1
1
1
1
1
1
1
1
1
1
1
1
1
1
1
1
1
1
1
1
1
1
1.00891
1.01336
1.01782
1.02227
1.02672
1.03118
1.03563
1.04009
1.04454
1.04899
1.05345
1.0579
1.06235
1.06681
1.07126
1.07572
1.08017
1.08462
1.08908
1.09353
1.09799
1.10244
1.10689
1.11135
1.1158
1.12026
1.12471
1.12916
1.13362
1.13807
1.14253
1.14698
1.15143
1.15589
1.16034
1.1648
1.16925
1.1737
1.17816
1.1737
1.16925
1.1648
1.16034
1.15589
1.15143
1.14698
1.14253
1.13807
1.13362
1.12916
1.12471
1.12026
1.1158
1.11135
1.10689
1.10244
1
1
1
1
1
1
1
1
1
1
1
1
1
1
1
1
1
1
1
1
1
1
1
1
1
1
1
1
1
1
1
1
1
1
1
1
1
1
1
1
1
1
1
1
1
1
1
1
1
1
1
1
1
1
1
1
1
1
1
1
1
1.009
1.01351
1.01801
1.02251
1.02701
1.03152
1.03602
1.04052
1.04502
1.04953
1.05403
1.05853
1.06303
1.06753
1.07204
1.07654
1.08104
1.08554
1.09005
1.09455
1.09905
1.10355
1.10806
1.11256
1.11706
1.12156
1.12607
1.13057
1.13507
1.13957
1.14407
1.14858
1.15308
1.15758
1.16208
1.16659
1.17109
1.17559
1.18009
1.17559
1.17109
1.16659
1.16208
1.15758
1.15308
1.14858
1.14407
1.13957
1.13507
1.13057
1.12607
1.12156
1.11706
1.11256
1.10806
1.10355
1
1
1
1
1
1
1
1
1
1
1
1
1
1
1
1
1
1
1
1
1
1
1
1
1
1
1
1
1
1
1
1
1
1
1
1
1
1
1
1
1
1
1
1
1
1
1
1
1
1
1
1
1
1
1
1
1
1
1
1
1
1.0091
1.01366
1.01821
1.02276
1.02731
1.03186
1.03641
1.04097
1.04552
1.05007
1.05462
1.05917
1.06373
1.06828
1.07283
1.07738
1.08193
1.08648
1.09104
1.09559
1.10014
1.10469
1.10924
1.1138
1.11835
1.1229
1.12745
1.132
1.13655
1.14111
1.14566
1.15021
1.15476
1.15931
1.16387
1.16842
1.17297
1.17752
1.18207
1.17752
1.17297
1.16842
1.16387
1.15931
1.15476
1.15021
1.14566
1.14111
1.13655
1.132
1.12745
1.1229
1.11835
1.1138
1.10924
1.10469
1
1
1
1
1
1
1
1
1
1
1
1
1
1
1
1
1
1
1
1
1
1
1
1
1
1
1
1
1
1
1
1
1
1
1
1
1
1
1
1
1
1
1
1
1
1
1
1
1
1
1
1
1
1
1
1
1
1
1
1
1
1.0092
1.01381
1.01841
1.02301
1.02761
1.03222
1.03682
1.04142
1.04602
1.05063
1.05523
1.05983
1.06443
1.06904
1.07364
1.07824
1.08284
1.08745
1.09205
1.09665
1.10125
1.10585
1.11046
1.11506
1.11966
1.12426
1.12887
1.13347
1.13807
1.14267
1.14728
1.15188
1.15648
1.16108
1.16569
1.17029
1.17489
1.17949
1.1841
1.17949
1.17489
1.17029
1.16569
1.16108
1.15648
1.15188
1.14728
1.14267
1.13807
1.13347
1.12887
1.12426
1.11966
1.11506
1.11046
1.10585
1.10125
1
1
1
1
1
1
1
1
1
1
1
1
1
1
1
1
1
1
1
1
1
1
1
1
1
1
1
1
1
1
1
1
1
1
1
1
1
1
1
1
1
1
1
1
1
1
1
1
1
1
1
1
1
1
1
1
1
1
1
1
1
1.00931
1.01396
1.01862
1.02327
1.02792
1.03258
1.03723
1.04189
1.04654
1.05119
1.05585
1.0605
1.06516
1.06981
1.07447
1.07912
1.08377
1.08843
1.09308
1.09774
1.10239
1.10704
1.1117
1.11635
1.12101
1.12566
1.13031
1.13497
1.13962
1.14428
1.14893
1.15359
1.15824
1.16289
1.16755
1.1722
1.17686
1.18151
1.18616
1.18151
1.17686
1.1722
1.16755
1.16289
1.15824
1.15359
1.14893
1.14428
1.13962
1.13497
1.13031
1.12566
1.12101
1.11635
1.1117
1.10704
1.10239
1
1
1
1
1
1
1
1
1
1
1
1
1
1
1
1
1
1
1
1
1
1
1
1
1
1
1
1
1
1
1
1
1
1
1
1
1
1
1
1
1
1
1
1
1
1
1
1
1
1
1
1
1
1
1
1
1
1
1
1
1
1.00941
1.01412
1.01883
1.02353
1.02824
1.03295
1.03766
1.04236
1.04707
1.05178
1.05648
1.06119
1.0659
1.0706
1.07531
1.08002
1.08473
1.08943
1.09414
1.09885
1.10355
1.10826
1.11297
1.11767
1.12238
1.12709
1.1318
1.1365
1.14121
1.14592
1.15062
1.15533
1.16004
1.16474
1.16945
1.17416
1.17887
1.18357
1.18828
1.18357
1.17887
1.17416
1.16945
1.16474
1.16004
1.15533
1.15062
1.14592
1.14121
1.1365
1.1318
1.12709
1.12238
1.11767
1.11297
1.10826
1.10355
1
1
1
1
1
1
1
1
1
1
1
1
1
1
1
1
1
1
1
1
1
1
1
1
1
1
1
1
1
1
1
1
1
1
1
1
1
1
1
1
1
1
1
1
1
1
1
1
1
1
1
1
1
1
1
1
1
1
1
1
1
1
1
1.00952
1.01428
1.01904
1.02381
1.02857
1.03333
1.03809
1.04285
1.04761
1.05237
1.05713
1.06189
1.06666
1.07142
1.07618
1.08094
1.0857
1.09046
1.09522
1.09998
1.10474
1.1095
1.11427
1.11903
1.12379
1.12855
1.13331
1.13807
1.14283
1.14759
1.15235
1.15712
1.16188
1.16664
1.1714
1.17616
1.18092
1.18568
1.19044
1.18568
1.18092
1.17616
1.1714
1.16664
1.16188
1.15712
1.15235
1.14759
1.14283
1.13807
1.13331
1.12855
1.12379
1.11903
1.11427
1.1095
1.10474
1.09998
1.09522
1
1
1
1
1
1
1
1
1
1
1
1
1
1
1
1
1
1
1
1
1
1
1
1
1
1
1
1
1
1
1
1
1
1
1
1
1
1
1
1
1
1
1
1
1
1
1
1
1
1
1
1
1
1
1
1
1
1
1
1
1
1
1
1.00963
1.01445
1.01927
1.02408
1.0289
1.03372
1.03853
1.04335
1.04816
1.05298
1.0578
1.06261
1.06743
1.07225
1.07706
1.08188
1.0867
1.09151
1.09633
1.10115
1.10596
1.11078
1.11559
1.12041
1.12523
1.13004
1.13486
1.13968
1.14449
1.14931
1.15413
1.15894
1.16376
1.16858
1.17339
1.17821
1.18303
1.18784
1.19266
1.18784
1.18303
1.17821
1.17339
1.16858
1.16376
1.15894
1.15413
1.14931
1.14449
1.13968
1.13486
1.13004
1.12523
1.12041
1.11559
1.11078
1.10596
1.10115
1.09633
1
1
1
1
1
1
1
1
1
1
1
1
1
1
1
1
1
1
1
1
1
1
1
1
1
1
1
1
1
1
1
1
1
1
1
1
1
1
1
1
1
1
1
1
1
1
1
1
1
1
1
1
1
1
1
1
1
1
1
1
1
1
1
1.00975
1.01462
1.01949
1.02437
1.02924
1.03411
1.03898
1.04386
1.04873
1.0536
1.05848
1.06335
1.06822
1.0731
1.07797
1.08284
1.08772
1.09259
1.09746
1.10234
1.10721
1.11208
1.11695
1.12183
1.1267
1.13157
1.13645
1.14132
1.14619
1.15107
1.15594
1.16081
1.16569
1.17056
1.17543
1.18031
1.18518
1.19005
1.19492
1.19005
1.18518
1.18031
1.17543
1.17056
1.16569
1.16081
1.15594
1.15107
1.14619
1.14132
1.13645
1.13157
1.1267
1.12183
1.11695
1.11208
1.10721
1.10234
1.09746
1
1
1
1
1
1
1
1
1
1
1
1
1
1
1
1
1
1
1
1
1
1
1
1
1
1
1
1
1
1
1
1
1
1
1
1
1
1
1
1
1
1
1
1
1
1
1
1
1
1
1
1
1
1
1
1
1
1
1
1
1
1
1
1.00986
1.01479
1.01972
1.02466
1.02959
1.03452
1.03945
1.04438
1.04931
1.05424
1.05917
1.0641
1.06904
1.07397
1.0789
1.08383
1.08876
1.09369
1.09862
1.10355
1.10848
1.11342
1.11835
1.12328
1.12821
1.13314
1.13807
1.143
1.14793
1.15286
1.1578
1.16273
1.16766
1.17259
1.17752
1.18245
1.18738
1.19231
1.19725
1.19231
1.18738
1.18245
1.17752
1.17259
1.16766
1.16273
1.1578
1.15286
1.14793
1.143
1.13807
1.13314
1.12821
1.12328
1.11835
1.11342
1.10848
1.10355
1.09862
1.09369
1
1
1
1
1
1
1
1
1
1
1
1
1
1
1
1
1
1
1
1
1
1
1
1
1
1
1
1
1
1
1
1
1
1
1
1
1
1
1
1
1
1
1
1
1
1
1
1
1
1
1
1
1
1
1
1
1
1
1
1
1
1
1
1
1.00998
1.01497
1.01996
1.02495
1.02994
1.03493
1.03992
1.04491
1.04991
1.0549
1.05989
1.06488
1.06987
1.07486
1.07985
1.08484
1.08983
1.09482
1.09981
1.1048
1.10979
1.11478
1.11977
1.12476
1.12975
1.13474
1.13974
1.14473
1.14972
1.15471
1.1597
1.16469
1.16968
1.17467
1.17966
1.18465
1.18964
1.19463
1.19962
1.19463
1.18964
1.18465
1.17966
1.17467
1.16968
1.16469
1.1597
1.15471
1.14972
1.14473
1.13974
1.13474
1.12975
1.12476
1.11977
1.11478
1.10979
1.1048
1.09981
1.09482
1.08983
1
1
1
1
1
1
1
1
1
1
1
1
1
1
1
1
1
1
1
1
1
1
1
1
1
1
1
1
1
1
1
1
1
1
1
1
1
1
1
1
1
1
1
1
1
1
1
1
1
1
1
1
1
1
1
1
1
1
1
1
1
1
1
1
1.0101
1.01515
1.02021
1.02526
1.03031
1.03536
1.04041
1.04546
1.05051
1.05557
1.06062
1.06567
1.07072
1.07577
1.08082
1.08587
1.09093
1.09598
1.10103
1.10608
1.11113
1.11618
1.12123
1.12628
1.13134
1.13639
1.14144
1.14649
1.15154
1.15659
1.16164
1.1667
1.17175
1.1768
1.18185
1.1869
1.19195
1.197
1.20206
1.197
1.19195
1.1869
1.18185
1.1768
1.17175
1.1667
1.16164
1.15659
1.15154
1.14649
1.14144
1.13639
1.13134
1.12628
1.12123
1.11618
1.11113
1.10608
1.10103
1.09598
1.09093
1
1
1
1
1
1
1
1
1
1
1
1
1
1
1
1
1
1
1
1
1
1
1
1
1
1
1
1
1
1
1
1
1
1
1
1
1
1
1
1
1
1
1
1
1
1
1
1
1
1
1
1
1
1
1
1
1
1
1
1
1
1
1
1
1.01023
1.01534
1.02045
1.02557
1.03068
1.0358
1.04091
1.04602
1.05114
1.05625
1.06137
1.06648
1.07159
1.07671
1.08182
1.08693
1.09205
1.09716
1.10228
1.10739
1.1125
1.11762
1.12273
1.12784
1.13296
1.13807
1.14319
1.1483
1.15341
1.15853
1.16364
1.16875
1.17387
1.17898
1.1841
1.18921
1.19432
1.19944
1.20455
1.19944
1.19432
1.18921
1.1841
1.17898
1.17387
1.16875
1.16364
1.15853
1.15341
1.1483
1.14319
1.13807
1.13296
1.12784
1.12273
1.11762
1.1125
1.10739
1.10228
1.09716
1.09205
1.08693
1.08182
1
1
1
1
1
1
1
1
1
1
1
1
1
1
1
1
1
1
1
1
1
1
1
1
1
1
1
1
1
1
1
1
1
1
1
1
1
1
1
1
1
1
1
1
1
1
1
1
1
1
1
1
1
1
1
1
1
1
1
1
1
1
1
1
1.01036
1.01553
1.02071
1.02589
1.03107
1.03624
1.04142
1.0466
1.05178
1.05695
1.06213
1.06731
1.07249
1.07767
1.08284
1.08802
1.0932
1.09838
1.10355
1.10873
1.11391
1.11909
1.12426
1.12944
1.13462
1.1398
1.14498
1.15015
1.15533
1.16051
1.16569
1.17086
1.17604
1.18122
1.1864
1.19157
1.19675
1.20193
1.20711
1.20193
1.19675
1.19157
1.1864
1.18122
1.17604
1.17086
1.16569
1.16051
1.15533
1.15015
1.14498
1.1398
1.13462
1.12944
1.12426
1.11909
1.11391
1.10873
1.10355
1.09838
1.0932
1.08802
1.08284
1
1
1
1
1
1
1
1
1
1
1
1
1
1
1
1
1
1
1
1
1
1
1
1
1
1
1
1
1
1
1
1
1
1
1
1
1
1
1
1
1
1
1
1
1
1
1
1
1
1
1
1
1
1
1
1
1
1
1
1
1
1
1
1
1
1.01049
1.01573
1.02097
1.02622
1.03146
1.0367
1.04195
1.04719
1.05243
1.05768
1.06292
1.06816
1.07341
1.07865
1.08389
1.08913
1.09438
1.09962
1.10486
1.11011
1.11535
1.12059
1.12584
1.13108
1.13632
1.14157
1.14681
1.15205
1.1573
1.16254
1.16778
1.17303
1.17827
1.18351
1.18876
1.194
1.19924
1.20449
1.20973
1.20449
1.19924
1.194
1.18876
1.18351
1.17827
1.17303
1.16778
1.16254
1.1573
1.15205
1.14681
1.14157
1.13632
1.13108
1.12584
1.12059
1.11535
1.11011
1.10486
1.09962
1.09438
1.08913
1.08389
1
1
1
1
1
1
1
1
1
1
1
1
1
1
1
1
1
1
1
1
1
1
1
1
1
1
1
1
1
1
1
1
1
1
1
1
1
1
1
1
1
1
1
1
1
1
1
1
1
1
1
1
1
1
1
1
1
1
1
1
1
1
1
1
1
1
1
1
1
1
1
1
1
1
1
1
1
1
1
1
1
1
1
1
1
1
1
1
1
1
1
1
1
1
1
1
1
1
1
1
1
1
1
1
1
1
1
1
1
1
1
1
1
1
1
1
1
1
1
1
1.01062
1.01593
1.02124
1.02655
1.03186
1.03717
1.04248
1.04779
1.0531
1.05841
1.06373
1.06904
1.07435
1.07966
1.08497
1.09028
1.09559
1.1009
1.10621
1.11152
1.11683
1.12214
1.12745
1.13276
1.13807
1.14338
1.14869
1.154
1.15931
1.16462
1.16993
1.17524
1.18056
1.18587
1.19118
1.19649
1.2018
1.20711
1.21242
1.20711
1.2018
1.19649
1.19118
1.18587
1.18056
1.17524
1.16993
1.16462
1.15931
1.154
1.14869
1.14338
1.13807
1.13276
1.12745
1.12214
1.11683
1.11152
1.10621
1.1009
1.09559
1.09028
1.08497
1.07966
1
1
1
1
1
1
1
1
1
1
1
1
1
1
1
1
1
1
1
1
1
1
1
1
1
1
1
1
1
1
1
1
1
1
1
1
1
1
1
1
1
1
1
1
1
1
1
1
1
1
1
1
1
1
1
1
1
1
1
1
1
1
1
1
1
1
1
1
1
1
1
1
1
1
1
1
1
1
1
1
1
1
1
1
1
1
1
1
1
1
1
1
1
1
1
1
1
1
1
1
1
1
1
1
1
1
1
1
1
1
1
1
1
1
1
1
1
1
1
1
1
1
1
1
1
1
1
1
1
1
1
1
1
1
1
1
1
1
1.01076
1.01614
1.02152
1.0269
1.03228
1.03766
1.04304
1.04841
1.05379
1.05917
1.06455
1.06993
1.07531
1.08069
1.08607
1.09145
1.09683
1.10221
1.10759
1.11297
1.11835
1.12373
1.12911
1.13449
1.13986
1.14524
1.15062
1.156
1.16138
1.16676
1.17214
1.17752
1.1829
1.18828
1.19366
1.19904
1.20442
1.2098
1.21518
1.2098
1.20442
1.19904
1.19366
1.18828
1.1829
1.17752
1.17214
1.16676
1.16138
1.156
1.15062
1.14524
1.13986
1.13449
1.12911
1.12373
1.11835
1.11297
1.10759
1.10221
1.09683
1.09145
1.08607
1.08069
1
1
1
1
1
1
1
1
1
1
1
1
1
1
1
1
1
1
1
1
1
1
1
1
1
1
1
1
1
1
1
1
1
1
1
1
1
1
1
1
1
1
1
1
1
1
1
1
1
1
1
1
1
1
1
1
1
1
1
1
1
1
1
1
1
1
1
1
1
1
1
1
1
1
1
1
1
1
1
1
1
1
1
1
1
1
1
1
1
1
1
1
1
1
1
1
1
1
1
1
1
1
1
1
1
1
1
1
1
1
1
1
1
1
1
1
1
1
1
1
1
1
1
1
1
1
1
1
1
1
1
1
1
1
1
1
1
1
1
1
1
1
1
1
1
1
1
1
1
1.0109
1.01635
1.0218
1.02725
1.0327
1.03815
1.0436
1.04905
1.0545
1.05995
1.0654
1.07085
1.0763
1.08175
1.0872
1.09265
1.0981
1.10355
1.109
1.11445
1.1199
1.12535
1.1308
1.13625
1.1417
1.14716
1.15261
1.15806
1.16351
1.16896
1.17441
1.17986
1.18531
1.19076
1.19621
1.20166
1.20711
1.21256
1.21801
1.21256
1.20711
1.20166
1.19621
1.19076
1.18531
1.17986
1.17441
1.16896
1.16351
1.15806
1.15261
1.14716
1.1417
1.13625
1.1308
1.12535
1.1199
1.11445
1.109
1.10355
1.0981
1.09265
1.0872
1.08175
1.0763
1
1
1
1
1
1
1
1
1
1
1
1
1
1
1
1
1
1
1
1
1
1
1
1
1
1
1
1
1
1
1
1
1
1
1
1
1
1
1
1
1
1
1
1
1
1
1
1
1
1
1
1
1
1
1
1
1
1
1
1
1
1
1
1
1
1
1
1
1
1
1
1
1
1
1
1
1
1
1
1
1
1
1
1
1
1
1
1
1
1
1
1
1
1
1
1
1
1
1
1
1
1
1
1
1
1
1
1
1
1
1
1
1
1
1
1
1
1
1
1
1
1
1
1
1
1
1
1
1
1
1
1
1
1
1
1
1
1
1
1
1
1
1
1
1
1
1
1
1
1
1
1
1
1
1
1
1
1.01105
1.01657
1.02209
1.02761
1.03314
1.03866
1.04418
1.04971
1.05523
1.06075
1.06627
1.0718
1.07732
1.08284
1.08837
1.09389
1.09941
1.10493
1.11046
1.11598
1.1215
1.12703
1.13255
1.13807
1.14359
1.14912
1.15464
1.16016
1.16569
1.17121
1.17673
1.18225
1.18778
1.1933
1.19882
1.20435
1.20987
1.21539
1.22091
1.21539
1.20987
1.20435
1.19882
1.1933
1.18778
1.18225
1.17673
1.17121
1.16569
1.16016
1.15464
1.14912
1.14359
1.13807
1.13255
1.12703
1.1215
1.11598
1.11046
1.10493
1.09941
1.09389
1.08837
1.08284
1.07732
1.0718
1
1
1
1
1
1
1
1
1
1
1
1
1
1
1
1
1
1
1
1
1
1
1
1
1
1
1
1
1
1
1
1
1
1
1
1
1
1
1
1
1
1
1
1
1
1
1
1
1
1
1
1
1
1
1
1
1
1
1
1
1
1
1
1
1
1
1
1
1
1
1
1
1
1
1
1
1
1
1
1
1
1
1
1
1
1
1
1
1
1
1
1
1
1
1
1
1
1
1
1
1
1
1
1
1
1
1
1
1
1
1
1
1
1
1
1
1
1
1
1
1
1
1
1
1
1
1
1
1
1
1
1
1
1
1
1
1
1
1
1
1
1
1
1
1
1
1
1
1
1
1
1
1
1
1
1
1
1
1
1
1
1
1
1.0112
1.01679
1.02239
1.02799
1.03358
1.03918
1.04478
1.05038
1.05597
1.06157
1.06717
1.07277
1.07836
1.08396
1.08956
1.09516
1.10075
1.10635
1.11195
1.11755
1.12314
1.12874
1.13434
1.13994
1.14553
1.15113
1.15673
1.16233
1.16792
1.17352
1.17912
1.18472
1.19031
1.19591
1.20151
1.20711
1.2127
1.2183
1.2239
1.2183
1.2127
1.20711
1.20151
1.19591
1.19031
1.18472
1.17912
1.17352
1.16792
1.16233
1.15673
1.15113
1.14553
1.13994
1.13434
1.12874
1.12314
1.11755
1.11195
1.10635
1.10075
1.09516
1.08956
1.08396
1.07836
1.07277
1.06717
1.06157
1
1
1
1
1
1
1
1
1
1
1
1
1
1
1
1
1
1
1
1
1
1
1
1
1
1
1
1
1
1
1
1
1
1
1
1
1
1
1
1
1
1
1
1
1
1
1
1
1
1
1
1
1
1
1
1
1
1
1
1
1
1
1
1
1
1
1
1
1
1
1
1
1
1
1
1
1
1
1
1
1
1
1
1
1
1
1
1
1
1
1
1
1
1
1
1
1
1
1
1
1
1
1
1
1
1
1
1
1
1
1
1
1
1
1
1
1
1
1
1
1
1
1
1
1
1
1
1
1
1
1
1
1
1
1
1
1
1
1
1
1
1
1
1
1
1
1
1
1
1
1
1
1
1
1
1
1
1
1
1
1
1
1
1
1
1
1
1
1
1
1.01135
1.01702
1.0227
1.02837
1.03404
1.03972
1.04539
1.05107
1.05674
1.06242
1.06809
1.07376
1.07944
1.08511
1.09079
1.09646
1.10214
1.10781
1.11348
1.11916
1.12483
1.13051
1.13618
1.14185
1.14753
1.1532
1.15888
1.16455
1.17023
1.1759
1.18157
1.18725
1.19292
1.1986
1.20427
1.20994
1.21562
1.22129
1.22697
1.22129
1.21562
1.20994
1.20427
1.1986
1.19292
1.18725
1.18157
1.1759
1.17023
1.16455
1.15888
1.1532
1.14753
1.14185
1.13618
1.13051
1.12483
1.11916
1.11348
1.10781
1.10214
1.09646
1.09079
1.08511
1.07944
1.07376
1.06809
1.06242
1
1
1
1
1
1
1
1
1
1
1
1
1
1
1
1
1
1
1
1
1
1
1
1
1
1
1
1
1
1
1
1
1
1
1
1
1
1
1
1
1
1
1
1
1
1
1
1
1
1
1
1
1
1
1
1
1
1
1
1
1
1
1
1
1
1
1
1
1
1
1
1
1
1
1
1
1
1
1
1
1
1
1
1
1
1
1
1
1
1
1
1
1
1
1
1
1
1
1
1
1
1
1
1
1
1
1
1
1
1
1
1
1
1
1
1
1
1
1
1
1
1
1
1
1
1
1
1
1
1
1
1
1
1
1
1
1
1
1
1
1
1
1
1
1
1
1
1
1
1
1
1
1
1
1
1
1
1
1
1
1
1
1
1
1
1
1
1
1
1
1.01151
1.01726
1.02301
1.02876
1.03452
1.04027
1.04602
1.05178
1.05753
1.06328
1.06904
1.07479
1.08054
1.08629
1.09205
1.0978
1.10355
1.10931
1.11506
1.12081
1.12657
1.13232
1.13807
1.14382
1.14958
1.15533
1.16108
1.16684
1.17259
1.17834
1.1841
1.18985
1.1956
1.20135
1.20711
1.21286
1.21861
1.22437
1.23012
1.22437
1.21861
1.21286
1.20711
1.20135
1.1956
1.18985
1.1841
1.17834
1.17259
1.16684
1.16108
1.15533
1.14958
1.14382
1.13807
1.13232
1.12657
1.12081
1.11506
1.10931
1.10355
1.0978
1.09205
1.08629
1.08054
1.07479
1.06904
1.06328
1
1
1
1
1
1
1
1
1
1
1
1
1
1
1
1
1
1
1
1
1
1
1
1
1
1
1
1
1
1
1
1
1
1
1
1
1
1
1
1
1
1
1
1
1
1
1
1
1
1
1
1
1
1
1
1
1
1
1
1
1
1
1
1
1
1
1
1
1
1
1
1
1
1
1
1
1
1
1
1
1
1
1
1
1
1
1
1
1
1
1
1
1
1
1
1
1
1
1
1
1
1
1
1
1
1
1
1
1
1
1
1
1
1
1
1
1
1
1
1
1
1
1
1
1
1
1
1
1
1
1
1
1
1
1
1
1
1
1
1
1
1
1
1
1
1
1
1
1
1
1
1
1
1
1
1
1
1
1
1
1
1
1
1
1
1
1
1
1
1
1
1
1
1
1.01167
1.0175
1.02334
1.02917
1.035
1.04084
1.04667
1.05251
1.05834
1.06417
1.07001
1.07584
1.08168
1.08751
1.09334
1.09918
1.10501
1.11085
1.11668
1.12251
1.12835
1.13418
1.14002
1.14585
1.15168
1.15752
1.16335
1.16919
1.17502
1.18085
1.18669
1.19252
1.19836
1.20419
1.21002
1.21586
1.22169
1.22753
1.23336
1.22753
1.22169
1.21586
1.21002
1.20419
1.19836
1.19252
1.18669
1.18085
1.17502
1.16919
1.16335
1.15752
1.15168
1.14585
1.14002
1.13418
1.12835
1.12251
1.11668
1.11085
1.10501
1.09918
1.09334
1.08751
1.08168
1.07584
1.07001
1.06417
1.05834
1
1
1
1
1
1
1
1
1
1
1
1
1
1
1
1
1
1
1
1
1
1
1
1
1
1
1
1
1
1
1
1
1
1
1
1
1
1
1
1
1
1
1
1
1
1
1
1
1
1
1
1
1
1
1
1
1
1
1
1
1
1
1
1
1
1
1
1
1
1
1
1
1
1
1
1
1
1
1
1
1
1
1
1
1
1
1
1
1
1
1
1
1
1
1
1
1
1
1
1
1
1
1
1
1
1
1
1
1
1
1
1
1
1
1
1
1
1
1
1
1
1
1
1
1
1
1
1
1
1
1
1
1
1
1
1
1
1
1
1
1
1
1
1
1
1
1
1
1
1
1
1
1
1
1
1
1
1
1
1
1
1
1
1
1
1
1
1
1
1
1
1
1
1
1
1
1
1
1
1.01183
1.01775
1.02367
1.02959
1.0355
1.04142
1.04734
1.05326
1.05917
1.06509
1.07101
1.07693
1.08284
1.08876
1.09468
1.10059
1.10651
1.11243
1.11835
1.12426
1.13018
1.1361
1.14202
1.14793
1.15385
1.15977
1.16569
1.1716
1.17752
1.18344
1.18936
1.19527
1.20119
1.20711
1.21302
1.21894
1.22486
1.23078
1.23669
1.23078
1.22486
1.21894
1.21302
1.20711
1.20119
1.19527
1.18936
1.18344
1.17752
1.1716
1.16569
1.15977
1.15385
1.14793
1.14202
1.1361
1.13018
1.12426
1.11835
1.11243
1.10651
1.10059
1.09468
1.08876
1.08284
1.07693
1.07101
1.06509
1.05917
1.05326
1
1
1
1
1
1
1
1
1
1
1
1
1
1
1
1
1
1
1
1
1
1
1
1
1
1
1
1
1
1
1
1
1
1
1
1
1
1
1
1
1
1
1
1
1
1
1
1
1
1
1
1
1
1
1
1
1
1
1
1
1
1
1
1
1
1
1
1
1
1
1
1
1
1
1
1
1
1
1
1
1
1
1
1
1
1
1
1
1
1
1
1
1
1
1
1
1
1
1
1
1
1
1
1
1
1
1
1
1
1
1
1
1
1
1
1
1
1
1
1
1
1
1
1
1
1
1
1
1
1
1
1
1
1
1
1
1
1
1
1
1
1
1
1
1
1
1
1
1
1
1
1
1
1
1
1
1
1
1
1
1
1
1
1
1
1
1
1
1
1
1
1
1
1
1
1
1
1
1
1
1
1
1
1.01201
1.01801
1.02401
1.03002
1.03602
1.04202
1.04802
1.05403
1.06003
1.06603
1.07204
1.07804
1.08404
1.09005
1.09605
1.10205
1.10806
1.11406
1.12006
1.12607
1.13207
1.13807
1.14407
1.15008
1.15608
1.16208
1.16809
1.17409
1.18009
1.1861
1.1921
1.1981
1.20411
1.21011
1.21611
1.22212
1.22812
1.23412
1.24012
1.23412
1.22812
1.22212
1.21611
1.21011
1.20411
1.1981
1.1921
1.1861
1.18009
1.17409
1.16809
1.16208
1.15608
1.15008
1.14407
1.13807
1.13207
1.12607
1.12006
1.11406
1.10806
1.10205
1.09605
1.09005
1.08404
1.07804
1.07204
1.06603
1.06003
1.05403
1.04802
1.04202
1
1
1
1
1
1
1
1
1
1
1
1
1
1
1
1
1
1
1
1
1
1
1
1
1
1
1
1
1
1
1
1
1
1
1
1
1
1
1
1
1
1
1
1
1
1
1
1
1
1
1
1
1
1
1
1
1
1
1
1
1
1
1
1
1
1
1
1
1
1
1
1
1
1
1
1
1
1
1
1
1
1
1
1
1
1
1
1
1
1
1
1
1
1
1
1
1
1
1
1
1
1
1
1
1
1
1
1
1
1
1
1
1
1
1
1
1
1
1
1
1
1
1
1
1
1
1
1
1
1
1
1
1
1
1
1
1
1
1
1
1
1
1
1
1
1
1
1
1
1
1
1
1
1
1
1
1
1
1
1
1
1
1
1
1
1
1
1
1
1
1
1
1
1
1
1
1
1
1
1
1
1
1
1
1
1.01218
1.01827
1.02437
1.03046
1.03655
1.04264
1.04873
1.05482
1.06091
1.06701
1.0731
1.07919
1.08528
1.09137
1.09746
1.10355
1.10964
1.11574
1.12183
1.12792
1.13401
1.1401
1.14619
1.15228
1.15838
1.16447
1.17056
1.17665
1.18274
1.18883
1.19492
1.20102
1.20711
1.2132
1.21929
1.22538
1.23147
1.23756
1.24366
1.23756
1.23147
1.22538
1.21929
1.2132
1.20711
1.20102
1.19492
1.18883
1.18274
1.17665
1.17056
1.16447
1.15838
1.15228
1.14619
1.1401
1.13401
1.12792
1.12183
1.11574
1.10964
1.10355
1.09746
1.09137
1.08528
1.07919
1.0731
1.06701
1.06091
1.05482
1.04873
1.04264
1.03655
1
1
1
1
1
1
1
1
1
1
1
1
1
1
1
1
1
1
1
1
1
1
1
1
1
1
1
1
1
1
1
1
1
1
1
1
1
1
1
1
1
1
1
1
1
1
1
1
1
1
1
1
1
1
1
1
1
1
1
1
1
1
1
1
1
1
1
1
1
1
1
1
1
1
1
1
1
1
1
1
1
1
1
1
1
1
1
1
1
1
1
1
1
1
1
1
1
1
1
1
1
1
1
1
1
1
1
1
1
1
1
1
1
1
1
1
1
1
1
1
1
1
1
1
1
1
1
1
1
1
1
1
1
1
1
1
1
1
1
1
1
1
1
1
1
1
1
1
1
1
1
1
1
1
1
1
1
1
1
1
1
1
1
1
1
1
1
1
1
1
1
1
1
1
1
1
1
1
1
1
1
1
1
1
1
1
1
1
1
1.01236
1.01855
1.02473
1.03091
1.03709
1.04328
1.04946
1.05564
1.06182
1.06801
1.07419
1.08037
1.08655
1.09273
1.09892
1.1051
1.11128
1.11746
1.12365
1.12983
1.13601
1.14219
1.14838
1.15456
1.16074
1.16692
1.1731
1.17929
1.18547
1.19165
1.19783
1.20402
1.2102
1.21638
1.22256
1.22875
1.23493
1.24111
1.24729
1.24111
1.23493
1.22875
1.22256
1.21638
1.2102
1.20402
1.19783
1.19165
1.18547
1.17929
1.1731
1.16692
1.16074
1.15456
1.14838
1.14219
1.13601
1.12983
1.12365
1.11746
1.11128
1.1051
1.09892
1.09273
1.08655
1.08037
1.07419
1.06801
1.06182
1.05564
1.04946
1.04328
1.03709
1.03091
1
1
1
1
1
1
1
1
1
1
1
1
1
1
1
1
1
1
1
1
1
1
1
1
1
1
1
1
1
1
1
1
1
1
1
1
1
1
1
1
1
1
1
1
1
1
1
1
1
1
1
1
1
1
1
1
1
1
1
1
1
1
1
1
1
1
1
1
1
1
1
1
1
1
1
1
1
1
1
1
1
1
1
1
1
1
1
1
1
1
1
1
1
1
1
1
1
1
1
1
1
1
1
1
1
1
1
1
1
1
1
1
1
1
1
1
1
1
1
1
1
1
1
1
1
1
1
1
1
1
1
1
1
1
1
1
1
1
1
1
1
1
1
1
1
1
1
1
1
1
1
1
1
1
1
1
1
1
1
1
1
1
1
1
1
1
1
1
1
1
1
1
1
1
1
1
1
1
1
1
1
1
1
1
1
1
1
1
1
1
1
1.01255
1.01883
1.0251
1.03138
1.03766
1.04393
1.05021
1.05648
1.06276
1.06904
1.07531
1.08159
1.08786
1.09414
1.10042
1.10669
1.11297
1.11924
1.12552
1.1318
1.13807
1.14435
1.15062
1.1569
1.16318
1.16945
1.17573
1.182
1.18828
1.19456
1.20083
1.20711
1.21338
1.21966
1.22594
1.23221
1.23849
1.24476
1.25104
1.24476
1.23849
1.23221
1.22594
1.21966
1.21338
1.20711
1.20083
1.19456
1.18828
1.182
1.17573
1.16945
1.16318
1.1569
1.15062
1.14435
1.13807
1.1318
1.12552
1.11924
1.11297
1.10669
1.10042
1.09414
1.08786
1.08159
1.07531
1.06904
1.06276
1.05648
1.05021
1.04393
1.03766
1.03138
1.0251
1
1
1
1
1
1
1
1
1
1
1
1
1
1
1
1
1
1
1
1
1
1
1
1
1
1
1
1
1
1
1
1
1
1
1
1
1
1
1
1
1
1
1
1
1
1
1
1
1
1
1
1
1
1
1
1
1
1
1
1
1
1
1
1
1
1
1
1
1
1
1
1
1
1
1
1
1
1
1
1
1
1
1
1
1
1
1
1
1
1
1
1
1
1
1
1
1
1
1
1
1
1
1
1
1
1
1
1
1
1
1
1
1
1
1
1
1
1
1
1
1
1
1
1
1
1
1
1
1
1
1
1
1
1
1
1
1
1
1
1
1
1
1
1
1
1
1
1
1
1
1
1
1
1
1
1
1
1
1
1
1
1
1
1
1
1
1
1
1
1
1
1
1
1
1
1
1
1
1
1
1
1
1
1
1
1
1
1
1
1
1
1
1
1
1.01275
1.01912
1.02549
1.03186
1.03824
1.04461
1.05098
1.05735
1.06373
1.0701
1.07647
1.08284
1.08922
1.09559
1.10196
1.10833
1.11471
1.12108
1.12745
1.13382
1.1402
1.14657
1.15294
1.15931
1.16569
1.17206
1.17843
1.1848
1.19118
1.19755
1.20392
1.21029
1.21667
1.22304
1.22941
1.23578
1.24216
1.24853
1.2549
1.24853
1.24216
1.23578
1.22941
1.22304
1.21667
1.21029
1.20392
1.19755
1.19118
1.1848
1.17843
1.17206
1.16569
1.15931
1.15294
1.14657
1.1402
1.13382
1.12745
1.12108
1.11471
1.10833
1.10196
1.09559
1.08922
1.08284
1.07647
1.0701
1.06373
1.05735
1.05098
1.04461
1.03824
1.03186
1.02549
1.01912
1.01275
1
1
1
1
1
1
1
1
1
1
1
1
1
1
1
1
1
1
1
1
1
1
1
1
1
1
1
1
1
1
1
1
1
1
1
1
1
1
1
1
1
1
1
1
1
1
1
1
1
1
1
1
1
1
1
1
1
1
1
1
1
1
1
1
1
1
1
1
1
1
1
1
1
1
1
1
1
1
1
1
1
1
1
1
1
1
1
1
1
1
1
1
1
1
1
1
1
1
1
1
1
1
1
1
1
1
1
1
1
1
1
1
1
1
1
1
1
1
1
1
1
1
1
1
1
1
1
1
1
1
1
1
1
1
1
1
1
1
1
1
1
1
1
1
1
1
1
1
1
1
1
1
1
1
1
1
1
1
1
1
1
1
1
1
1
1
1
1
1
1
1
1
1
1
1
1
1
1
1
1
1
1
1
1
1
1
1
1
1
1
1
1
1
1
1
1
1
1.01294
1.01942
1.02589
1.03236
1.03883
1.0453
1.05178
1.05825
1.06472
1.07119
1.07767
1.08414
1.09061
1.09708
1.10355
1.11003
1.1165
1.12297
1.12944
1.13591
1.14239
1.14886
1.15533
1.1618
1.16827
1.17475
1.18122
1.18769
1.19416
1.20064
1.20711
1.21358
1.22005
1.22652
1.233
1.23947
1.24594
1.25241
1.25888
1.25241
1.24594
1.23947
1.233
1.22652
1.22005
1.21358
1.20711
1.20064
1.19416
1.18769
1.18122
1.17475
1.16827
1.1618
1.15533
1.14886
1.14239
1.13591
1.12944
1.12297
1.1165
1.11003
1.10355
1.09708
1.09061
1.08414
1.07767
1.07119
1.06472
1.05825
1.05178
1.0453
1.03883
1.03236
1.02589
1.01942
1.01294
1
1
1
1
1
1
1
1
1
1
1
1
1
1
1
1
1
1
1
1
1
1
1
1
1
1
1
1
1
1
1
1
1
1
1
1
1
1
1
1
1
1
1
1
1
1
1
1
1
1
1
1
1
1
1
1
1
1
1
1
1
1
1
1
1
1
1
1
1
1
1
1
1
1
1
1
1
1
1
1
1
1
1
1
1
1
1
1
1
1
1
1
1
1
1
1
1
1
1
1
1
1
1
1
1
1
1
1
1
1
1
1
1
1
1
1
1
1
1
1
1
1
1
1
1
1
1
1
1
1
1
1
1
1
1
1
1
1
1
1
1
1
1
1
1
1
1
1
1
1
1
1
1
1
1
1
1
1
1
1
1
1
1
1
1
1
1
1
1
1
1
1
1
1
1
1
1
1
1
1
1
1
1
1
1
1
1
1
1
1
1
1
1
1
1
1
1
1
1.01315
1.01972
1.0263
1.03287
1.03945
1.04602
1.0526
1.05917
1.06575
1.07232
1.0789
1.08547
1.09205
1.09862
1.1052
1.11177
1.11835
1.12492
1.1315
1.13807
1.14465
1.15122
1.1578
1.16437
1.17095
1.17752
1.1841
1.19067
1.19725
1.20382
1.21039
1.21697
1.22354
1.23012
1.23669
1.24327
1.24984
1.25642
1.26299
1.25642
1.24984
1.24327
1.23669
1.23012
1.22354
1.21697
1.21039
1.20382
1.19725
1.19067
1.1841
1.17752
1.17095
1.16437
1.1578
1.15122
1.14465
1.13807
1.1315
1.12492
1.11835
1.11177
1.1052
1.09862
1.09205
1.08547
1.0789
1.07232
1.06575
1.05917
1.0526
1.04602
1.03945
1.03287
1.0263
1.01972
1.01315
1
1
1
1
1
1
1
1
1
1
1
1
1
1
1
1
1
1
1
1
1
1
1
1
1
1
1
1
1
1
1
1
1
1
1
1
1
1
1
1
1
1
1
1
1
1
1
1
1
1
1
1
1
1
1
1
1
1
1
1
1
1
1
1
1
1
1
1
1
1
1
1
1
1
1
1
1
1
1
1
1
1
1
1
1
1
1
1
1
1
1
1
1
1
1
1
1
1
1
1
1
1
1
1
1
1
1
1
1
1
1
1
1
1
1
1
1
1
1
1
1
1
1
1
1
1
1
1
1
1
1
1
1
1
1
1
1
1
1
1
1
1
1
1
1
1
1
1
1
1
1
1
1
1
1
1
1
1
1
1
1
1
1
1
1
1
1
1
1
1
1
1
1
1
1
1
1
1
1
1
1
1
1
1
1
1
1
1
1
1
1
1
1
1
1
1
1
1
1
1
1
1.01336
1.02004
1.02672
1.0334
1.04009
1.04677
1.05345
1.06013
1.06681
1.07349
1.08017
1.08685
1.09353
1.10021
1.10689
1.11357
1.12026
1.12694
1.13362
1.1403
1.14698
1.15366
1.16034
1.16702
1.1737
1.18038
1.18706
1.19375
1.20043
1.20711
1.21379
1.22047
1.22715
1.23383
1.24051
1.24719
1.25387
1.26055
1.26724
1.26055
1.25387
1.24719
1.24051
1.23383
1.22715
1.22047
1.21379
1.20711
1.20043
1.19375
1.18706
1.18038
1.1737
1.16702
1.16034
1.15366
1.14698
1.1403
1.13362
1.12694
1.12026
1.11357
1.10689
1.10021
1.09353
1.08685
1.08017
1.07349
1.06681
1.06013
1.05345
1.04677
1.04009
1.0334
1.02672
1.02004
1.01336
1
1
1
1
1
1
1
1
1
1
1
1
1
1
1
1
1
1
1
1
1
1
1
1
1
1
1
1
1
1
1
1
1
1
1
1
1
1
1
1
1
1
1
1
1
1
1
1
1
1
1
1
1
1
1
1
1
1
1
1
1
1
1
1
1
1
1
1
1
1
1
1
1
1
1
1
1
1
1
1
1
1
1
1
1
1
1
1
1
1
1
1
1
1
1
1
1
1
1
1
1
1
1
1
1
1
1
1
1
1
1
1
1
1
1
1
1
1
1
1
1
1
1
1
1
1
1
1
1
1
1
1
1
1
1
1
1
1
1
1
1
1
1
1
1
1
1
1
1
1
1
1
1
1
1
1
1
1
1
1
1
1
1
1
1
1
1
1
1
1
1
1
1
1
1
1
1
1
1
1
1
1
1
1
1
1
1
1
1
1
1
1
1
1
1
1
1
1
1
1
1
1
1
1.01358
1.02037
1.02716
1.03395
1.04074
1.04753
1.05432
1.06111
1.0679
1.07469
1.08148
1.08828
1.09507
1.10186
1.10865
1.11544
1.12223
1.12902
1.13581
1.1426
1.14939
1.15618
1.16297
1.16976
1.17655
1.18334
1.19013
1.19692
1.20371
1.2105
1.21729
1.22408
1.23087
1.23766
1.24445
1.25124
1.25804
1.26483
1.27162
1.26483
1.25804
1.25124
1.24445
1.23766
1.23087
1.22408
1.21729
1.2105
1.20371
1.19692
1.19013
1.18334
1.17655
1.16976
1.16297
1.15618
1.14939
1.1426
1.13581
1.12902
1.12223
1.11544
1.10865
1.10186
1.09507
1.08828
1.08148
1.07469
1.0679
1.06111
1.05432
1.04753
1.04074
1.03395
1.02716
1.02037
1.01358
1
1
1
1
1
1
1
1
1
1
1
1
1
1
1
1
1
1
1
1
1
1
1
1
1
1
1
1
1
1
1
1
1
1
1
1
1
1
1
1
1
1
1
1
1
1
1
1
1
1
1
1
1
1
1
1
1
1
1
1
1
1
1
1
1
1
1
1
1
1
1
1
1
1
1
1
1
1
1
1
1
1
1
1
1
1
1
1
1
1
1
1
1
1
1
1
1
1
1
1
1
1
1
1
1
1
1
1
1
1
1
1
1
1
1
1
1
1
1
1
1
1
1
1
1
1
1
1
1
1
1
1
1
1
1
1
1
1
1
1
1
1
1
1
1
1
1
1
1
1
1
1
1
1
1
1
1
1
1
1
1
1
1
1
1
1
1
1
1
1
1
1
1
1
1
1
1
1
1
1
1
1
1
1
1
1
1
1
1
1
1
1
1
1
1
1
1
1
1
1
1
1
1
1
1
1
1
1
1
1.01381
1.02071
1.02761
1.03452
1.04142
1.04832
1.05523
1.06213
1.06904
1.07594
1.08284
1.08975
1.09665
1.10355
1.11046
1.11736
1.12426
1.13117
1.13807
1.14498
1.15188
1.15878
1.16569
1.17259
1.17949
1.1864
1.1933
1.2002
1.20711
1.21401
1.22091
1.22782
1.23472
1.24163
1.24853
1.25543
1.26234
1.26924
1.28591
1.26924
1.26234
1.25543
1.24853
1.24163
1.23472
1.22782
1.22091
1.21401
1.20711
1.2002
1.1933
1.1864
1.17949
1.17259
1.16569
1.15878
1.15188
1.14498
1.13807
1.13117
1.12426
1.11736
1.11046
1.10355
1.09665
1.08975
1.08284
1.07594
1.06904
1.06213
1.05523
1.04832
1.04142
1.03452
1.02761
1.02071
1.01381
1
1
1
1
1
1
1
1
1
1
1
1
1
1
1
1
1
1
1
1
1
1
1
1
1
1
1
1
1
1
1
1
1
1
1
1
1
1
1
1
1
1
1
1
1
1
1
1
1
1
1
1
1
1
1
1
1
1
1
1
1
1
1
1
1
1
1
1
1
1
1
1
1
1
1
1
1
1
1
1
1
1
1
1
1
1
1
1
1
1
1
1
1
1
1
1
1
1
1
1
1
1
1
1
1
1
1
1
1
1
1
1
1
1
1
1
1
1
1
1
1
1
1
1
1
1
1
1
1
1
1
1
1
1
1
1
1
1
1
1
1
1
1
1
1
1
1
1
1
1
1
1
1
1
1
1
1
1
1
1
1
1
1
1
1
1
1
1
1
1
1
1
1
1
1
1
1
1
1
1
1
1
1
1
1
1
1
1
1
1
1
1
1
1
1
1
1
1
1
1
1
1
1
1
1
1
1
1
1
1
1
1
1
1.01404
1.02106
1.02808
1.0351
1.04212
1.04914
1.05616
1.06319
1.07021
1.07723
1.08425
1.09127
1.09829
1.10531
1.11233
1.11935
1.12637
1.13339
1.14041
1.14743
1.15445
1.16147
1.16849
1.17551
1.18254
1.18956
1.19658
1.2036
1.21062
1.21764
1.22466
1.23168
1.2387
1.24572
1.25274
1.25976
1.26678
1.28373
1.30068
1.28373
1.26678
1.25976
1.25274
1.24572
1.2387
1.23168
1.22466
1.21764
1.21062
1.2036
1.19658
1.18956
1.18254
1.17551
1.16849
1.16147
1.15445
1.14743
1.14041
1.13339
1.12637
1.11935
1.11233
1.10531
1.09829
1.09127
1.08425
1.07723
1.07021
1.06319
1.05616
1.04914
1.04212
1.0351
1.02808
1.02106
1.01404
1
1
1
1
1
1
1
1
1
1
1
1
1
1
1
1
1
1
1
1
1
1
1
1
1
1
1
1
1
1
1
1
1
1
1
1
1
1
1
1
1
1
1
1
1
1
1
1
1
1
1
1
1
1
1
1
1
1
1
1
1
1
1
1
1
1
1
1
1
1
1
1
1
1
1
1
1
1
1
1
1
1
1
1
1
1
1
1
1
1
1
1
1
1
1
1
1
1
1
1
1
1
1
1
1
1
1
1
1
1
1
1
1
1
1
1
1
1
1
1
1
1
1
1
1
1
1
1
1
1
1
1
1
1
1
1
1
1
1
1
1
1
1
1
1
1
1
1
1
1
1
1
1
1
1
1
1
1
1
1
1
1
1
1
1
1
1
1
1
1
1
1
1
1
1
1
1
1
1
1
1
1
1
1
1
1
1
1
1
1
1
1
1
1
1
1
1
1
1
1
1
1
1
1
1
1
1
1
1
1
1
1
1
1
1
1
1.01428
1.02142
1.02857
1.03571
1.04285
1.04999
1.05713
1.06427
1.07142
1.07856
1.0857
1.09284
1.09998
1.10712
1.11427
1.12141
1.12855
1.13569
1.14283
1.14997
1.15712
1.16426
1.1714
1.17854
1.18568
1.19282
1.19997
1.20711
1.21425
1.22139
1.22853
1.23567
1.24282
1.24996
1.2571
1.26424
1.28148
1.29872
1.31596
1.29872
1.28148
1.26424
1.2571
1.24996
1.24282
1.23567
1.22853
1.22139
1.21425
1.20711
1.19997
1.19282
1.18568
1.17854
1.1714
1.16426
1.15712
1.14997
1.14283
1.13569
1.12855
1.12141
1.11427
1.10712
1.09998
1.09284
1.0857
1.07856
1.07142
1.06427
1.05713
1.04999
1.04285
1.03571
1.02857
1.02142
1.01428
1
1
1
1
1
1
1
1
1
1
1
1
1
1
1
1
1
1
1
1
1
1
1
1
1
1
1
1
1
1
1
1
1
1
1
1
1
1
1
1
1
1
1
1
1
1
1
1
1
1
1
1
1
1
1
1
1
1
1
1
1
1
1
1
1
1
1
1
1
1
1
1
1
1
1
1
1
1
1
1
1
1
1
1
1
1
1
1
1
1
1
1
1
1
1
1
1
1
1
1
1
1
1
1
1
1
1
1
1
1
1
1
1
1
1
1
1
1
1
1
1
1
1
1
1
1
1
1
1
1
1
1
1
1
1
1
1
1
1
1
1
1
1
1
1
1
1
1
1
1
1
1
1
1
1
1
1
1
1
1
1
1
1
1
1
1
1
1
1
1
1
1
1
1
1
1
1
1
1
1
1
1
1
1
1
1
1
1
1
1
1
1
1
1
1
1
1
1
1
1
1
1
1
1
1
1
1
1
1
1
1
1
1
1
1
1
1
1
1
1
1
1
1.01453
1.0218
1.02907
1.03633
1.0436
1.05087
1.05814
1.0654
1.07267
1.07994
1.0872
1.09447
1.10174
1.109
1.11627
1.12354
1.1308
1.13807
1.14534
1.15261
1.15987
1.16714
1.17441
1.18167
1.18894
1.19621
1.20347
1.21074
1.21801
1.22527
1.23254
1.23981
1.24708
1.25434
1.26161
1.27915
1.2967
1.31424
1.33178
1.31424
1.2967
1.27915
1.26161
1.25434
1.24708
1.23981
1.23254
1.22527
1.21801
1.21074
1.20347
1.19621
1.18894
1.18167
1.17441
1.16714
1.15987
1.15261
1.14534
1.13807
1.1308
1.12354
1.11627
1.109
1.10174
1.09447
1.0872
1.07994
1.07267
1.0654
1.05814
1.05087
1.0436
1.03633
1.02907
1.0218
1.01453
1
1
1
1
1
1
1
1
1
1
1
1
1
1
1
1
1
1
1
1
1
1
1
1
1
1
1
1
1
1
1
1
1
1
1
1
1
1
1
1
1
1
1
1
1
1
1
1
1
1
1
1
1
1
1
1
1
1
1
1
1
1
1
1
1
1
1
1
1
1
1
1
1
1
1
1
1
1
1
1
1
1
1
1
1
1
1
1
1
1
1
1
1
1
1
1
1
1
1
1
1
1
1
1
1
1
1
1
1
1
1
1
1
1
1
1
1
1
1
1
1
1
1
1
1
1
1
1
1
1
1
1
1
1
1
1
1
1
1
1
1
1
1
1
1
1
1
1
1
1
1
1
1
1
1
1
1
1
1
1
1
1
1
1
1
1
1
1
1
1
1
1
1
1
1
1
1
1
1
1
1
1
1
1
1
1
1
1
1
1
1
1
1
1
1
1
1
1
1
1
1
1
1
1
1
1
1
1
1
1
1
1
1
1
1
1
1
1
1
1
1
1
1
1
1.01479
1.02219
1.02959
1.03698
1.04438
1.05178
1.05917
1.06657
1.07397
1.08136
1.08876
1.09616
1.10355
1.11095
1.11835
1.12574
1.13314
1.14054
1.14793
1.15533
1.16273
1.17012
1.17752
1.18492
1.19231
1.19971
1.20711
1.2145
1.2219
1.2293
1.23669
1.24409
1.25149
1.25888
1.27674
1.2946
1.31246
1.33031
1.34817
1.33031
1.31246
1.2946
1.27674
1.25888
1.25149
1.24409
1.23669
1.2293
1.2219
1.2145
1.20711
1.19971
1.19231
1.18492
1.17752
1.17012
1.16273
1.15533
1.14793
1.14054
1.13314
1.12574
1.11835
1.11095
1.10355
1.09616
1.08876
1.08136
1.07397
1.06657
1.05917
1.05178
1.04438
1.03698
1.02959
1.02219
1.01479
1
1
1
1
1
1
1
1
1
1
1
1
1
1
1
1
1
1
1
1
1
1
1
1
1
1
1
1
1
1
1
1
1
1
1
1
1
1
1
1
1
1
1
1
1
1
1
1
1
1
1
1
1
1
1
1
1
1
1
1
1
1
1
1
1
1
1
1
1
1
1
1
1
1
1
1
1
1
1
1
1
1
1
1
1
1
1
1
1
1
1
1
1
1
1
1
1
1
1
1
1
1
1
1
1
1
1
1
1
1
1
1
1
1
1
1
1
1
1
1
1
1
1
1
1
1
1
1
1
1
1
1
1
1
1
1
1
1
1
1
1
1
1
1
1
1
1
1
1
1
1
1
1
1
1
1
1
1
1
1
1
1
1
1
1
1
1
1
1
1
1
1
1
1
1
1
1
1
1
1
1
1
1
1
1
1
1
1
1
1
1
1
1
1
1
1
1
1
1
1
1
1
1
1
1
1
1
1
1
1
1
1
1
1
1
1
1
1
1
1
1
1
1
1
1
1
1
1
1
1.01506
1.02259
1.03012
1.03766
1.04519
1.05272
1.06025
1.06778
1.07531
1.08284
1.09037
1.09791
1.10544
1.11297
1.1205
1.12803
1.13556
1.14309
1.15062
1.15815
1.16569
1.17322
1.18075
1.18828
1.19581
1.20334
1.21087
1.2184
1.22594
1.23347
1.241
1.24853
1.25606
1.27424
1.29242
1.31061
1.32879
1.34697
1.36515
1.34697
1.32879
1.31061
1.29242
1.27424
1.25606
1.24853
1.241
1.23347
1.22594
1.2184
1.21087
1.20334
1.19581
1.18828
1.18075
1.17322
1.16569
1.15815
1.15062
1.14309
1.13556
1.12803
1.1205
1.11297
1.10544
1.09791
1.09037
1.08284
1.07531
1.06778
1.06025
1.05272
1.04519
1.03766
1.03012
1.02259
1.01506
1
1
1
1
1
1
1
1
1
1
1
1
1
1
1
1
1
1
1
1
1
1
1
1
1
1
1
1
1
1
1
1
1
1
1
1
1
1
1
1
1
1
1
1
1
1
1
1
1
1
1
1
1
1
1
1
1
1
1
1
1
1
1
1
1
1
1
1
1
1
1
1
1
1
1
1
1
1
1
1
1
1
1
1
1
1
1
1
1
1
1
1
1
1
1
1
1
1
1
1
1
1
1
1
1
1
1
1
1
1
1
1
1
1
1
1
1
1
1
1
1
1
1
1
1
1
1
1
1
1
1
1
1
1
1
1
1
1
1
1
1
1
1
1
1
1
1
1
1
1
1
1
1
1
1
1
1
1
1
1
1
1
1
1
1
1
1
1
1
1
1
1
1
1
1
1
1
1
1
1
1
1
1
1
1
1
1
1
1
1
1
1
1
1
1
1
1
1
1
1
1
1
1
1
1
1
1
1
1
1
1
1
1
1
1
1
1
1
1
1
1
1
1
1
1
1
1
1
1
1
1
1.01534
1.02301
1.03068
1.03835
1.04602
1.05369
1.06136
1.06904
1.07671
1.08438
1.09205
1.09972
1.10739
1.11506
1.12273
1.1304
1.13807
1.14574
1.15341
1.16108
1.16875
1.17642
1.1841
1.19177
1.19944
1.20711
1.21478
1.22245
1.23012
1.23779
1.24546
1.25313
1.27165
1.29017
1.30869
1.32721
1.34572
1.36424
1.38276
1.36424
1.34572
1.32721
1.30869
1.29017
1.27165
1.25313
1.24546
1.23779
1.23012
1.22245
1.21478
1.20711
1.19944
1.19177
1.1841
1.17642
1.16875
1.16108
1.15341
1.14574
1.13807
1.1304
1.12273
1.11506
1.10739
1.09972
1.09205
1.08438
1.07671
1.06904
1.06136
1.05369
1.04602
1.03835
1.03068
1.02301
1.01534
1
1
1
1
1
1
1
1
1
1
1
1
1
1
1
1
1
1
1
1
1
1
1
1
1
1
1
1
1
1
1
1
1
1
1
1
1
1
1
1
1
1
1
1
1
1
1
1
1
1
1
1
1
1
1
1
1
1
1
1
1
1
1
1
1
1
1
1
1
1
1
1
1
1
1
1
1
1
1
1
1
1
1
1
1
1
1
1
1
1
1
1
1
1
1
1
1
1
1
1
1
1
1
1
1
1
1
1
1
1
1
1
1
1
1
1
1
1
1
1
1
1
1
1
1
1
1
1
1
1
1
1
1
1
1
1
1
1
1
1
1
1
1
1
1
1
1
1
1
1
1
1
1
1
1
1
1
1
1
1
1
1
1
1
1
1
1
1
1
1
1
1
1
1
1
1
1
1
1
1
1
1
1
1
1
1
1
1
1
1
1
1
1
1
1
1
1
1
1
1
1
1
1
1
1
1
1
1
1
1
1
1
1
1
1
1
1
1
1
1
1
1
1
1
1
1
1
1
1
1
1
1
1.00782
1.01563
1.02345
1.03126
1.03908
1.04689
1.05471
1.06252
1.07034
1.07815
1.08597
1.09378
1.1016
1.10942
1.11723
1.12505
1.13286
1.14068
1.14849
1.15631
1.16412
1.17194
1.17975
1.18757
1.19538
1.2032
1.21101
1.21883
1.22665
1.23446
1.24228
1.25009
1.26896
1.28783
1.3067
1.32556
1.34443
1.3633
1.38217
1.40104
1.38217
1.3633
1.34443
1.32556
1.3067
1.28783
1.26896
1.25009
1.24228
1.23446
1.22665
1.21883
1.21101
1.2032
1.19538
1.18757
1.17975
1.17194
1.16412
1.15631
1.14849
1.14068
1.13286
1.12505
1.11723
1.10942
1.1016
1.09378
1.08597
1.07815
1.07034
1.06252
1.05471
1.04689
1.03908
1.03126
1.02345
1.01563
1.00782
1
1
1
1
1
1
1
1
1
1
1
1
1
1
1
1
1
1
1
1
1
1
1
1
1
1
1
1
1
1
1
1
1
1
1
1
1
1
1
1
1
1
1
1
1
1
1
1
1
1
1
1
1
1
1
1
1
1
1
1
1
1
1
1
1
1
1
1
1
1
1
1
1
1
1
1
1
1
1
1
1
1
1
1
1
1
1
1
1
1
1
1
1
1
1
1
1
1
1
1
1
1
1
1
1
1
1
1
1
1
1
1
1
1
1
1
1
1
1
1
1
1
1
1
1
1
1
1
1
1
1
1
1
1
1
1
1
1
1
1
1
1
1
1
1
1
1
1
1
1
1
1
1
1
1
1
1
1
1
1
1
1
1
1
1
1
1
1
1
1
1
1
1
1
1
1
1
1
1
1
1
1
1
1
1
1
1
1
1
1
1
1
1
1
1
1
1
1
1
1
1
1
1
1
1
1
1
1
1
1
1
1
1
1
1
1
1
1
1
1
1
1
1
1
1
1
1
1
1
1
1
1
1
1
1
1.00797
1.01593
1.0239
1.03186
1.03983
1.04779
1.05576
1.06373
1.07169
1.07966
1.08762
1.09559
1.10355
1.11152
1.11948
1.12745
1.13542
1.14338
1.15135
1.15931
1.16728
1.17524
1.18321
1.19118
1.19914
1.20711
1.21507
1.22304
1.231
1.23897
1.24694
1.26617
1.2854
1.30463
1.32386
1.34309
1.36232
1.38155
1.40078
1.42001
1.40078
1.38155
1.36232
1.34309
1.32386
1.30463
1.2854
1.26617
1.24694
1.23897
1.231
1.22304
1.21507
1.20711
1.19914
1.19118
1.18321
1.17524
1.16728
1.15931
1.15135
1.14338
1.13542
1.12745
1.11948
1.11152
1.10355
1.09559
1.08762
1.07966
1.07169
1.06373
1.05576
1.04779
1.03983
1.03186
1.0239
1.01593
1.00797
1
1
1
1
1
1
1
1
1
1
1
1
1
1
1
1
1
1
1
1
1
1
1
1
1
1
1
1
1
1
1
1
1
1
1
1
1
1
1
1
1
1
1
1
1
1
1
1
1
1
1
1
1
1
1
1
1
1
1
1
1
1
1
1
1
1
1
1
1
1
1
1
1
1
1
1
1
1
1
1
1
1
1
1
1
1
1
1
1
1
1
1
1
1
1
1
1
1
1
1
1
1
1
1
1
1
1
1
1
1
1
1
1
1
1
1
1
1
1
1
1
1
1
1
1
1
1
1
1
1
1
1
1
1
1
1
1
1
1
1
1
1
1
1
1
1
1
1
1
1
1
1
1
1
1
1
1
1
1
1
1
1
1
1
1
1
1
1
1
1
1
1
1
1
1
1
1
1
1
1
1
1
1
1
1
1
1
1
1
1
1
1
1
1
1
1
1
1
1
1
1
1
1
1
1
1
1
1
1
1
1
1
1
1
1
1
1
1
1
1
1
1
1
1
1
1
1
1
1
1
1
1
1
1
1
1
1
1
1
1
1.00812
1.01624
1.02437
1.03249
1.04061
1.04873
1.05685
1.06497
1.0731
1.08122
1.08934
1.09746
1.10558
1.11371
1.12183
1.12995
1.13807
1.14619
1.15432
1.16244
1.17056
1.17868
1.1868
1.19492
1.20305
1.21117
1.21929
1.22741
1.23553
1.24366
1.26326
1.28287
1.30248
1.32209
1.34169
1.3613
1.38091
1.40052
1.42013
1.43973
1.42013
1.40052
1.38091
1.3613
1.34169
1.32209
1.30248
1.28287
1.26326
1.24366
1.23553
1.22741
1.21929
1.21117
1.20305
1.19492
1.1868
1.17868
1.17056
1.16244
1.15432
1.14619
1.13807
1.12995
1.12183
1.11371
1.10558
1.09746
1.08934
1.08122
1.0731
1.06497
1.05685
1.04873
1.04061
1.03249
1.02437
1.01624
1.00812
1
1
1
1
1
1
1
1
1
1
1
1
1
1
1
1
1
1
1
1
1
1
1
1
1
1
1
1
1
1
1
1
1
1
1
1
1
1
1
1
1
1
1
1
1
1
1
1
1
1
1
1
1
1
1
1
1
1
1
1
1
1
1
1
1
1
1
1
1
1
1
1
1
1
1
1
1
1
1
1
1
1
1
1
1
1
1
1
1
1
1
1
1
1
1
1
1
1
1
1
1
1
1
1
1
1
1
1
1
1
1
1
1
1
1
1
1
1
1
1
1
1
1
1
1
1
1
1
1
1
1
1
1
1
1
1
1
1
1
1
1
1
1
1
1
1
1
1
1
1
1
1
1
1
1
1
1
1
1
1
1
1
1
1
1
1
1
1
1
1
1
1
1
1
1
1
1
1
1
1
1
1
1
1
1
1
1
1
1
1
1
1
1
1
1
1
1
1
1
1
1
1
1
1
1
1
1
1
1
1
1
1
1
1
1
1
1
1
1
1
1
1
1
1
1
1
1
1
1
1
1
1
1
1
1
1
1
1
1
1
1
1
1
1
1
1
1.00828
1.01657
1.02485
1.03314
1.04142
1.04971
1.05799
1.06627
1.07456
1.08284
1.09113
1.09941
1.1077
1.11598
1.12426
1.13255
1.14083
1.14912
1.1574
1.16569
1.17397
1.18225
1.19054
1.19882
1.20711
1.21539
1.22368
1.23196
1.24024
1.26024
1.28024
1.30024
1.32024
1.34024
1.36024
1.38024
1.40024
1.42024
1.44024
1.46024
1.44024
1.42024
1.40024
1.38024
1.36024
1.34024
1.32024
1.30024
1.28024
1.26024
1.24024
1.23196
1.22368
1.21539
1.20711
1.19882
1.19054
1.18225
1.17397
1.16569
1.1574
1.14912
1.14083
1.13255
1.12426
1.11598
1.1077
1.09941
1.09113
1.08284
1.07456
1.06627
1.05799
1.04971
1.04142
1.03314
1.02485
1.01657
1.00828
1
1
1
1
1
1
1
1
1
1
1
1
1
1
1
1
1
1
1
1
1
1
1
1
1
1
1
1
1
1
1
1
1
1
1
1
1
1
1
1
1
1
1
1
1
1
1
1
1
1
1
1
1
1
1
1
1
1
1
1
1
1
1
1
1
1
1
1
1
1
1
1
1
1
1
1
1
1
1
1
1
1
1
1
1
1
1
1
1
1
1
1
1
1
1
1
1
1
1
1
1
1
1
1
1
1
1
1
1
1
1
1
1
1
1
1
1
1
1
1
1
1
1
1
1
1
1
1
1
1
1
1
1
1
1
1
1
1
1
1
1
1
1
1
1
1
1
1
1
1
1
1
1
1
1
1
1
1
1
1
1
1
1
1
1
1
1
1
1
1
1
1
1
1
1
1
1
1
1
1
1
1
1
1
1
1
1
1
1
1
1
1
1
1
1
1
1
1
1
1
1
1
1
1
1
1
1
1
1
1
1
1
1
1
1
1
1
1
1
1
1
1
1
1
1
1
1
1
1
1
1
1
1
1
1
1
1
1
1
1
1
1
1
1
1
1
1
1
1
1
1
1.00845
1.01691
1.02536
1.03381
1.04227
1.05072
1.05917
1.06763
1.07608
1.08453
1.09299
1.10144
1.10989
1.11835
1.1268
1.13525
1.14371
1.15216
1.16061
1.16907
1.17752
1.18597
1.19443
1.20288
1.21133
1.21979
1.22824
1.23669
1.2571
1.27751
1.29792
1.31833
1.33873
1.35914
1.37955
1.39996
1.42037
1.44078
1.46118
1.48159
1.46118
1.44078
1.42037
1.39996
1.37955
1.35914
1.33873
1.31833
1.29792
1.27751
1.2571
1.23669
1.22824
1.21979
1.21133
1.20288
1.19443
1.18597
1.17752
1.16907
1.16061
1.15216
1.14371
1.13525
1.1268
1.11835
1.10989
1.10144
1.09299
1.08453
1.07608
1.06763
1.05917
1.05072
1.04227
1.03381
1.02536
1.01691
1.00845
1
1
1
1
1
1
1
1
1
1
1
1
1
1
1
1
1
1
1
1
1
1
1
1
1
1
1
1
1
1
1
1
1
1
1
1
1
1
1
1
1
1
1
1
1
1
1
1
1
1
1
1
1
1
1
1
1
1
1
1
1
1
1
1
1
1
1
1
1
1
1
1
1
1
1
1
1
1
1
1
1
1
1
1
1
1
1
1
1
1
1
1
1
1
1
1
1
1
1
1
1
1
1
1
1
1
1
1
1
1
1
1
1
1
1
1
1
1
1
1
1
1
1
1
1
1
1
1
1
1
1
1
1
1
1
1
1
1
1
1
1
1
1
1
1
1
1
1
1
1
1
1
1
1
1
1
1
1
1
1
1
1
1
1
1
1
1
1
1
1
1
1
1
1
1
1
1
1
1
1
1
1
1
1
1
1
1
1
1
1
1
1
1
1
1
1
1
1
1
1
1
1
1
1
1
1
1
1
1
1
1
1
1
1
1
1
1
1
1
1
1
1
1
1
1
1
1
1
1
1
1
1
1
1
1
1
1
1
1
1
1
1
1
1
1
1
1
1
1
1
1
1
1
1
1
1
1
1
1.00863
1.01726
1.02589
1.03452
1.04315
1.05178
1.06041
1.06904
1.07767
1.08629
1.09492
1.10355
1.11218
1.12081
1.12944
1.13807
1.1467
1.15533
1.16396
1.17259
1.18122
1.18985
1.19848
1.20711
1.21574
1.22437
1.233
1.25383
1.27466
1.2955
1.31633
1.33716
1.358
1.37883
1.39966
1.4205
1.44133
1.46216
1.483
1.50383
1.483
1.46216
1.44133
1.4205
1.39966
1.37883
1.358
1.33716
1.31633
1.2955
1.27466
1.25383
1.233
1.22437
1.21574
1.20711
1.19848
1.18985
1.18122
1.17259
1.16396
1.15533
1.1467
1.13807
1.12944
1.12081
1.11218
1.10355
1.09492
1.08629
1.07767
1.06904
1.06041
1.05178
1.04315
1.03452
1.02589
1.01726
1.00863
1
1
1
1
1
1
1
1
1
1
1
1
1
1
1
1
1
1
1
1
1
1
1
1
1
1
1
1
1
1
1
1
1
1
1
1
1
1
1
1
1
1
1
1
1
1
1
1
1
1
1
1
1
1
1
1
1
1
1
1
1
1
1
1
1
1
1
1
1
1
1
1
1
1
1
1
1
1
1
1
1
1
1
1
1
1
1
1
1
1
1
1
1
1
1
1
1
1
1
1
1
1
1
1
1
1
1
1
1
1
1
1
1
1
1
1
1
1
1
1
1
1
1
1
1
1
1
1
1
1
1
1
1
1
1
1
1
1
1
1
1
1
1
1
1
1
1
1
1
1
1
1
1
1
1
1
1
1
1
1
1
1
1
1
1
1
1
1
1
1
1
1
1
1
1
1
1
1
1
1
1
1
1
1
1
1
1
1
1
1
1
1
1
1
1
1
1
1
1
1
1
1
1
1
1
1
1
1
1
1
1
1
1
1
1
1
1
1
1
1
1
1
1
1
1
1
1
1
1
1
1
1
1
1
1
1
1
1
1
1
1
1
1
1
1
1
1
1
1
1
1
1
1
1
1
1
1
1
1
1
1
1
1
1
1
1
1.00881
1.01763
1.02644
1.03525
1.04407
1.05288
1.06169
1.0705
1.07932
1.08813
1.09694
1.10576
1.11457
1.12338
1.1322
1.14101
1.14982
1.15864
1.16745
1.17626
1.18507
1.19389
1.2027
1.21151
1.22033
1.22914
1.25042
1.27169
1.29297
1.31425
1.33552
1.3568
1.37808
1.39935
1.42063
1.44191
1.46318
1.48446
1.50574
1.52701
1.50574
1.48446
1.46318
1.44191
1.42063
1.39935
1.37808
1.3568
1.33552
1.31425
1.29297
1.27169
1.25042
1.22914
1.22033
1.21151
1.2027
1.19389
1.18507
1.17626
1.16745
1.15864
1.14982
1.14101
1.1322
1.12338
1.11457
1.10576
1.09694
1.08813
1.07932
1.0705
1.06169
1.05288
1.04407
1.03525
1.02644
1.01763
1.00881
1
1
1
1
1
1
1
1
1
1
1
1
1
1
1
1
1
1
1
1
1
1
1
1
1
1
1
1
1
1
1
1
1
1
1
1
1
1
1
1
1
1
1
1
1
1
1
1
1
1
1
1
1
1
1
1
1
1
1
1
1
1
1
1
1
1
1
1
1
1
1
1
1
1
1
1
1
1
1
1
1
1
1
1
1
1
1
1
1
1
1
1
1
1
1
1
1
1
1
1
1
1
1
1
1
1
1
1
1
1
1
1
1
1
1
1
1
1
1
1
1
1
1
1
1
1
1
1
1
1
1
1
1
1
1
1
1
1
1
1
1
1
1
1
1
1
1
1
1
1
1
1
1
1
1
1
1
1
1
1
1
1
1
1
1
1
1
1
1
1
1
1
1
1
1
1
1
1
1
1
1
1
1
1
1
1
1
1
1
1
1
1
1
1
1
1
1
1
1
1
1
1
1
1
1
1
1
1
1
1
1
1
1
1
1
1
1
1
1
1
1
1
1
1
1
1
1
1
1
1
1
1
1
1
1
1
1
1
1
1
1
1
1
1
1
1
1
1
1
1
1
1
1
1
1
1
1
1
1
1
1
1
1
1
1
1
1
1
1
1
1
1
1
1
1
1
1.009
1.01801
1.02701
1.03602
1.04502
1.05403
1.06303
1.07204
1.08104
1.09005
1.09905
1.10806
1.11706
1.12607
1.13507
1.14407
1.15308
1.16208
1.17109
1.18009
1.1891
1.1981
1.20711
1.21611
1.22512
1.24686
1.26859
1.29033
1.31207
1.33381
1.35555
1.37729
1.39903
1.42077
1.44251
1.46425
1.48599
1.50773
1.52946
1.5512
1.52946
1.50773
1.48599
1.46425
1.44251
1.42077
1.39903
1.37729
1.35555
1.33381
1.31207
1.29033
1.26859
1.24686
1.22512
1.21611
1.20711
1.1981
1.1891
1.18009
1.17109
1.16208
1.15308
1.14407
1.13507
1.12607
1.11706
1.10806
1.09905
1.09005
1.08104
1.07204
1.06303
1.05403
1.04502
1.03602
1.02701
1.01801
1.009
1
1
1
1
1
1
1
1
1
1
1
1
1
1
1
1
1
1
1
1
1
1
1
1
1
1
1
1
1
1
1
1
1
1
1
1
1
1
1
1
1
1
1
1
1
1
1
1
1
1
1
1
1
1
1
1
1
1
1
1
1
1
1
1
1
1
1
1
1
1
1
1
1
1
1
1
1
1
1
1
1
1
1
1
1
1
1
1
1
1
1
1
1
1
1
1
1
1
1
1
1
1
1
1
1
1
1
1
1
1
1
1
1
1
1
1
1
1
1
1
1
1
1
1
1
1
1
1
1
1
1
1
1
1
1
1
1
1
1
1
1
1
1
1
1
1
1
1
1
1
1
1
1
1
1
1
1
1
1
1
1
1
1
1
1
1
1
1
1
1
1
1
1
1
1
1
1
1
1
1
1
1
1
1
1
1
1
1
1
1
1
1
1
1
1
1
1
1
1
1
1
1
1
1
1
1
1
1
1
1
1
1
1
1
1
1
1
1
1
1
1
1
1
1
1
1
1
1
1
1
1
1
1
1
1
1
1
1
1
1
1
1
1
1
1
1
1
1
1
1
1
1
1
1
1
1
1
1
1
1
1
1
1
1
1
1
1
1
1
1
1
1
1
1
1
1
1
1.0092
1.01841
1.02761
1.03682
1.04602
1.05523
1.06443
1.07364
1.08284
1.09205
1.10125
1.11046
1.11966
1.12887
1.13807
1.14728
1.15648
1.16569
1.17489
1.1841
1.1933
1.2025
1.21171
1.22091
1.24314
1.26536
1.28758
1.3098
1.33203
1.35425
1.37647
1.39869
1.42091
1.44314
1.46536
1.48758
1.5098
1.53203
1.55425
1.57647
1.55425
1.53203
1.5098
1.48758
1.46536
1.44314
1.42091
1.39869
1.37647
1.35425
1.33203
1.3098
1.28758
1.26536
1.24314
1.22091
1.21171
1.2025
1.1933
1.1841
1.17489
1.16569
1.15648
1.14728
1.13807
1.12887
1.11966
1.11046
1.10125
1.09205
1.08284
1.07364
1.06443
1.05523
1.04602
1.03682
1.02761
1.01841
1.0092
1
1
1
1
1
1
1
1
1
1
1
1
1
1
1
1
1
1
1
1
1
1
1
1
1
1
1
1
1
1
1
1
1
1
1
1
1
1
1
1
1
1
1
1
1
1
1
1
1
1
1
1
1
1
1
1
1
1
1
1
1
1
1
1
1
1
1
1
1
1
1
1
1
1
1
1
1
1
1
1
1
1
1
1
1
1
1
1
1
1
1
1
1
1
1
1
1
1
1
1
1
1
1
1
1
1
1
1
1
1
1
1
1
1
1
1
1
1
1
1
1
1
1
1
1
1
1
1
1
1
1
1
1
1
1
1
1
1
1
1
1
1
1
1
1
1
1
1
1
1
1
1
1
1
1
1
1
1
1
1
1
1
1
1
1
1
1
1
1
1
1
1
1
1
1
1
1
1
1
1
1
1
1
1
1
1
1
1
1
1
1
1
1
1
1
1
1
1
1
1
1
1
1
1
1
1
1
1
1
1
1
1
1
1
1
1
1
1
1
1
1
1
1
1
1
1
1
1
1
1
1
1
1
1
1
1
1
1
1
1
1
1
1
1
1
1
1
1
1
1
1
1
1
1
1
1
1
1
1
1
1
1
1
1
1
1
1
1
1
1
1
1
1
1
1
1
1
1
1
1
1.00941
1.01883
1.02824
1.03766
1.04707
1.05648
1.0659
1.07531
1.08473
1.09414
1.10355
1.11297
1.12238
1.1318
1.14121
1.15062
1.16004
1.16945
1.17887
1.18828
1.19769
1.20711
1.21652
1.23925
1.26198
1.2847
1.30743
1.33016
1.35288
1.37561
1.39834
1.42107
1.44379
1.46652
1.48925
1.51198
1.5347
1.55743
1.58016
1.60288
1.58016
1.55743
1.5347
1.51198
1.48925
1.46652
1.44379
1.42107
1.39834
1.37561
1.35288
1.33016
1.30743
1.2847
1.26198
1.23925
1.21652
1.20711
1.19769
1.18828
1.17887
1.16945
1.16004
1.15062
1.14121
1.1318
1.12238
1.11297
1.10355
1.09414
1.08473
1.07531
1.0659
1.05648
1.04707
1.03766
1.02824
1.01883
1.00941
1
1
1
1
1
1
1
1
1
1
1
1
1
1
1
1
1
1
1
1
1
1
1
1
1
1
1
1
1
1
1
1
1
1
1
1
1
1
1
1
1
1
1
1
1
1
1
1
1
1
1
1
1
1
1
1
1
1
1
1
1
1
1
1
1
1
1
1
1
1
1
1
1
1
1
1
1
1
1
1
1
1
1
1
1
1
1
1
1
1
1
1
1
1
1
1
1
1
1
1
1
1
1
1
1
1
1
1
1
1
1
1
1
1
1
1
1
1
1
1
1
1
1
1
1
1
1
1
1
1
1
1
1
1
1
1
1
1
1
1
1
1
1
1
1
1
1
1
1
1
1
1
1
1
1
1
1
1
1
1
1
1
1
1
1
1
1
1
1
1
1
1
1
1
1
1
1
1
1
1
1
1
1
1
1
1
1
1
1
1
1
1
1
1
1
1
1
1
1
1
1
1
1
1
1
1
1
1
1
1
1
1
1
1
1
1
1
1
1
1
1
1
1
1
1
1
1
1
1
1
1
1
1
1
1
1
1
1
1
1
1
1
1
1
1
1
1
1
1
1
1
1
1
1
1
1
1
1
1
1
1
1
1
1
1
1
1
1
1
1
1
1
1
1
1
1
1
1
1
1
1
1.00963
1.01927
1.0289
1.03853
1.04816
1.0578
1.06743
1.07706
1.0867
1.09633
1.10596
1.11559
1.12523
1.13486
1.14449
1.15413
1.16376
1.17339
1.18302
1.19266
1.20229
1.21192
1.23518
1.25844
1.28169
1.30495
1.3282
1.35146
1.37471
1.39797
1.42123
1.44448
1.46774
1.49099
1.51425
1.53751
1.56076
1.58402
1.60727
1.63053
1.60727
1.58402
1.56076
1.53751
1.51425
1.49099
1.46774
1.44448
1.42123
1.39797
1.37471
1.35146
1.3282
1.30495
1.28169
1.25844
1.23518
1.21192
1.20229
1.19266
1.18302
1.17339
1.16376
1.15413
1.14449
1.13486
1.12523
1.11559
1.10596
1.09633
1.0867
1.07706
1.06743
1.0578
1.04816
1.03853
1.0289
1.01927
1.00963
1
1
1
1
1
1
1
1
1
1
1
1
1
1
1
1
1
1
1
1
1
1
1
1
1
1
1
1
1
1
1
1
1
1
1
1
1
1
1
1
1
1
1
1
1
1
1
1
1
1
1
1
1
1
1
1
1
1
1
1
1
1
1
1
1
1
1
1
1
1
1
1
1
1
1
1
1
1
1
1
1
1
1
1
1
1
1
1
1
1
1
1
1
1
1
1
1
1
1
1
1
1
1
1
1
1
1
1
1
1
1
1
1
1
1
1
1
1
1
1
1
1
1
1
1
1
1
1
1
1
1
1
1
1
1
1
1
1
1
1
1
1
1
1
1
1
1
1
1
1
1
1
1
1
1
1
1
1
1
1
1
1
1
1
1
1
1
1
1
1
1
1
1
1
1
1
1
1
1
1
1
1
1
1
1
1
1
1
1
1
1
1
1
1
1
1
1
1
1
1
1
1
1
1
1
1
1
1
1
1
1
1
1
1
1
1
1
1
1
1
1
1
1
1
1
1
1
1
1
1
1
1
1
1
1
1
1
1
1
1
1
1
1
1
1
1
1
1
1
1
1
1
1
1
1
1
1
1
1
1
1
1
1
1
1
1
1
1
1
1
1
1
1
1
1
1
1
1
1
1
1
1.00986
1.01972
1.02959
1.03945
1.04931
1.05917
1.06904
1.0789
1.08876
1.09862
1.10848
1.11835
1.12821
1.13807
1.14793
1.1578
1.16766
1.17752
1.18738
1.19724
1.20711
1.23092
1.25473
1.27854
1.30235
1.32615
1.34996
1.37377
1.39758
1.42139
1.4452
1.46901
1.49282
1.51663
1.54044
1.51663
1.49282
1.46901
1.4452
1.42139
1.39758
1.37377
1.34996
1.32615
1.30235
1.27854
1.25473
1.23092
1.20711
1.19724
1.18738
1.17752
1.16766
1.1578
1.14793
1.13807
1.12821
1.11835
1.10848
1.09862
1.08876
1.0789
1.06904
1.05917
1.04931
1.03945
1.02959
1.01972
1.00986
1
1
1
1
1
1
1
1
1
1
1
1
1
1
1
1
1
1
1
1
1
1
1
1
1
1
1
1
1
1
1
1
1
1
1
1
1
1
1
1
1
1
1
1
1
1
1
1
1
1
1
1
1
1
1
1
1
1
1
1
1
1
1
1
1
1
1
1
1
1
1
1
1
1
1
1
1
1
1
1
1
1
1
1
1
1
1
1
1
1
1
1
1
1
1
1
1
1
1
1
1
1
1
1
1
1
1
1
1
1
1
1
1
1
1
1
1
1
1
1
1
1
1
1
1
1
1
1
1
1
1
1
1
1
1
1
1
1
1
1
1
1
1
1
1
1
1
1
1
1
1
1
1
1
1
1
1
1
1
1
1
1
1
1
1
1
1
1
1
1
1
1
1
1
1
1
1
1
1
1
1
1
1
1
1
1
1
1
1
1
1
1
1
1
1
1
1
1
1
1
1
1
1
1
1
1
1
1
1
1
1
1
1
1
1
1
1
1
1
1
1
1
1
1
1
1
1
1
1
1
1
1
1
1
1
1
1
1
1
1
1
1
1
1
1
1
1
1
1
1
1
1
1
1
1
1
1
1
1
1
1
1
1
1
1
1
1
1
1
1
1
1
1
1
1
1
1
1
1
1
1
1
1
1.0101
1.02021
1.03031
1.04041
1.05051
1.06062
1.07072
1.08082
1.09092
1.10103
1.11113
1.12123
1.13134
1.14144
1.15154
1.16164
1.17175
1.18185
1.19195
1.20206
1.22645
1.25084
1.27523
1.29962
1.32401
1.3484
1.37279
1.39718
1.42157
1.39718
1.37279
1.3484
1.32401
1.29962
1.27523
1.25084
1.22645
1.20206
1.19195
1.18185
1.17175
1.16164
1.15154
1.14144
1.13134
1.12123
1.11113
1.10103
1.09092
1.08082
1.07072
1.06062
1.05051
1.04041
1.03031
1.02021
1.0101
1
1
1
1
1
1
1
1
1
1
1
1
1
1
1
1
1
1
1
1
1
1
1
1
1
1
1
1
1
1
1
1
1
1
1
1
1
1
1
1
1
1
1
1
1
1
1
1
1
1
1
1
1
1
1
1
1
1
1
1
1
1
1
1
1
1
1
1
1
1
1
1
1
1
1
1
1
1
1
1
1
1
1
1
1
1
1
1
1
1
1
1
1
1
1
1
1
1
1
1
1
1
1
1
1
1
1
1
1
1
1
1
1
1
1
1
1
1
1
1
1
1
1
1
1
1
1
1
1
1
1
1
1
1
1
1
1
1
1
1
1
1
1
1
1
1
1
1
1
1
1
1
1
1
1
1
1
1
1
1
1
1
1
1
1
1
1
1
1
1
1
1
1
1
1
1
1
1
1
1
1
1
1
1
1
1
1
1
1
1
1
1
1
1
1
1
1
1
1
1
1
1
1
1
1
1
1
1
1
1
1
1
1
1
1
1
1
1
1
1
1
1
1
1
1
1
1
1
1
1
1
1
1
1
1
1
1
1
1
1
1
1
1
1
1
1
1
1
1
1
1
1
1
1
1
1
1
1
1
1
1
1
1
1
1
1
1
1
1
1
1
1
1
1
1
1
1
1
1
1
1
1
1
1.01036
1.02071
1.03107
1.04142
1.05178
1.06213
1.07249
1.08284
1.0932
1.10355
1.11391
1.12426
1.13462
1.14497
1.15533
1.16569
1.17604
1.1864
1.19675
1.22175
1.24675
1.27175
1.29675
1.32175
1.34675
1.32175
1.29675
1.27175
1.24675
1.22175
1.19675
1.1864
1.17604
1.16569
1.15533
1.14497
1.13462
1.12426
1.11391
1.10355
1.0932
1.08284
1.07249
1.06213
1.05178
1.04142
1.03107
1.02071
1.01036
1
1
1
1
1
1
1
1
1
1
1
1
1
1
1
1
1
1
1
1
1
1
1
1
1
1
1
1
1
1
1
1
1
1
1
1
1
1
1
1
1
1
1
1
1
1
1
1
1
1
1
1
1
1
1
1
1
1
1
1
1
1
1
1
1
1
1
1
1
1
1
1
1
1
1
1
1
1
1
1
1
1
1
1
1
1
1
1
1
1
1
1
1
1
1
1
1
1
1
1
1
1
1
1
1
1
1
1
1
1
1
1
1
1
1
1
1
1
1
1
1
1
1
1
1
1
1
1
1
1
1
1
1
1
1
1
1
1
1
1
1
1
1
1
1
1
1
1
1
1
1
1
1
1
1
1
1
1
1
1
1
1
1
1
1
1
1
1
1
1
1
1
1
1
1
1
1
1
1
1
1
1
1
1
1
1
1
1
1
1
1
1
1
1
1
1
1
1
1
1
1
1
1
1
1
1
1
1
1
1
1
1
1
1
1
1
1
1
1
1
1
1
1
1
1
1
1
1
1
1
1
1
1
1
1
1
1
1
1
1
1
1
1
1
1
1
1
1
1
1
1
1
1
1
1
1
1
1
1
1
1
1
1
1
1
1
1
1
1
1
1
1
1
1
1
1
1
1
1
1
1
1
1
1
1.01062
1.02124
1.03186
1.04248
1.0531
1.06373
1.07435
1.08497
1.09559
1.10621
1.11683
1.12745
1.13807
1.14869
1.15931
1.16993
1.18055
1.19118
1.21682
1.24246
1.2681
1.29374
1.31938
1.29374
1.2681
1.24246
1.21682
1.19118
1.18055
1.16993
1.15931
1.14869
1.13807
1.12745
1.11683
1.10621
1.09559
1.08497
1.07435
1.06373
1.0531
1.04248
1.03186
1.02124
1.01062
1
1
1
1
1
1
1
1
1
1
1
1
1
1
1
1
1
1
1
1
1
1
1
1
1
1
1
1
1
1
1
1
1
1
1
1
1
1
1
1
1
1
1
1
1
1
1
1
1
1
1
1
1
1
1
1
1
1
1
1
1
1
1
1
1
1
1
1
1
1
1
1
1
1
1
1
1
1
1
1
1
1
1
1
1
1
1
1
1
1
1
1
1
1
1
1
1
1
1
1
1
1
1
1
1
1
1
1
1
1
1
1
1
1
1
1
1
1
1
1
1
1
1
1
1
1
1
1
1
1
1
1
1
1
1
1
1
1
1
1
1
1
1
1
1
1
1
1
1
1
1
1
1
1
1
1
1
1
1
1
1
1
1
1
1
1
1
1
1
1
1
1
1
1
1
1
1
1
1
1
1
1
1
1
1
1
1
1
1
1
1
1
1
1
1
1
1
1
1
1
1
1
1
1
1
1
1
1
1
1
1
1
1
1
1
1
1
1
1
1
1
1
1
1
1
1
1
1
1
1
1
1
1
1
1
1
1
1
1
1
1
1
1
1
1
1
1
1
1
1
1
1
1
1
1
1
1
1
1
1
1
1
1
1
1
1
1
1
1
1
1
1
1
1
1
1
1
1
1
1
1
1
1
1
1
1
1.0109
1.0218
1.0327
1.0436
1.0545
1.0654
1.0763
1.0872
1.0981
1.109
1.1199
1.1308
1.1417
1.15261
1.16351
1.17441
1.18531
1.21162
1.23794
1.26425
1.23794
1.21162
1.18531
1.17441
1.16351
1.15261
1.1417
1.1308
1.1199
1.109
1.0981
1.0872
1.0763
1.0654
1.0545
1.0436
1.0327
1.0218
1.0109
1
1
1
1
1
1
1
1
1
1
1
1
1
1
1
1
1
1
1
1
1
1
1
1
1
1
1
1
1
1
1
1
1
1
1
1
1
1
1
1
1
1
1
1
1
1
1
1
1
1
1
1
1
1
1
1
1
1
1
1
1
1
1
1
1
1
1
1
1
1
1
1
1
1
1
1
1
1
1
1
1
1
1
1
1
1
1
1
1
1
1
1
1
1
1
1
1
1
1
1
1
1
1
1
1
1
1
1
1
1
1
1
1
1
1
1
1
1
1
1
1
1
1
1
1
1
1
1
1
1
1
1
1
1
1
1
1
1
1
1
1
1
1
1
1
1
1
1
1
1
1
1
1
1
1
1
1
1
1
1
1
1
1
1
1
1
1
1
1
1
1
1
1
1
1
1
1
1
1
1
1
1
1
1
1
1
1
1
1
1
1
1
1
1
1
1
1
1
1
1
1
1
1
1
1
1
1
1
1
1
1
1
1
1
1
1
1
1
1
1
1
1
1
1
1
1
1
1
1
1
1
1
1
1
1
1
1
1
1
1
1
1
1
1
1
1
1
1
1
1
1
1
1
1
1
1
1
1
1
1
1
1
1
1
1
1
1
1
1
1
1
1
1
1
1
1
1
1
1
1
1
1
1
1
1
1
1.0112
1.02239
1.03358
1.04478
1.05597
1.06717
1.07836
1.08956
1.10075
1.11195
1.12314
1.13434
1.14553
1.15673
1.16792
1.17912
1.20615
1.23317
1.2602
1.28723
1.2602
1.23317
1.20615
1.17912
1.16792
1.15673
1.14553
1.13434
1.12314
1.11195
1.10075
1.08956
1.07836
1.06717
1.05597
1.04478
1.03358
1.02239
1.0112
1
1
1
1
1
1
1
1
1
1
1
1
1
1
1
1
1
1
1
1
1
1
1
1
1
1
1
1
1
1
1
1
1
1
1
1
1
1
1
1
1
1
1
1
1
1
1
1
1
1
1
1
1
1
1
1
1
1
1
1
1
1
1
1
1
1
1
1
1
1
1
1
1
1
1
1
1
1
1
1
1
1
1
1
1
1
1
1
1
1
1
1
1
1
1
1
1
1
1
1
1
1
1
1
1
1
1
1
1
1
1
1
1
1
1
1
1
1
1
1
1
1
1
1
1
1
1
1
1
1
1
1
1
1
1
1
1
1
1
1
1
1
1
1
1
1
1
1
1
1
1
1
1
1
1
1
1
1
1
1
1
1
1
1
1
1
1
1
1
1
1
1
1
1
1
1
1
1
1
1
1
1
1
1
1
1
1
1
1
1
1
1
1
1
1
1
1
1
1
1
1
1
1
1
1
1
1
1
1
1
1
1
1
1
1
1
1
1
1
1
1
1
1
1
1
1
1
1
1
1
1
1
1
1
1
1
1
1
1
1
1
1
1
1
1
1
1
1
1
1
1
1
1
1
1
1
1
1
1
1
1
1
1
1
1
1
1
1
1
1
1
1
1
1
1
1
1
1
1
1
1
1
1
1
1
1
1
1
1.01151
1.02301
1.03452
1.04602
1.05753
1.06904
1.08054
1.09205
1.10355
1.11506
1.12657
1.13807
1.14958
1.16108
1.17259
1.20037
1.22814
1.25592
1.25592
1.22814
1.20037
1.17259
1.16108
1.14958
1.13807
1.12657
1.11506
1.10355
1.09205
1.08054
1.06904
1.05753
1.04602
1.03452
1.02301
1.01151
1
1
1
1
1
1
1
1
1
1
1
1
1
1
1
1
1
1
1
1
1
1
1
1
1
1
1
1
1
1
1
1
1
1
1
1
1
1
1
1
1
1
1
1
1
1
1
1
1
1
1
1
1
1
1
1
1
1
1
1
1
1
1
1
1
1
1
1
1
1
1
1
1
1
1
1
1
1
1
1
1
1
1
1
1
1
1
1
1
1
1
1
1
1
1
1
1
1
1
1
1
1
1
1
1
1
1
1
1
1
1
1
1
1
1
1
1
1
1
1
1
1
1
1
1
1
1
1
1
1
1
1
1
1
1
1
1
1
1
1
1
1
1
1
1
1
1
1
1
1
1
1
1
1
1
1
1
1
1
1
1
1
1
1
1
1
1
1
1
1
1
1
1
1
1
1
1
1
1
1
1
1
1
1
1
1
1
1
1
1
1
1
1
1
1
1
1
1
1
1
1
1
1
1
1
1
1
1
1
1
1
1
1
1
1
1
1
1
1
1
1
1
1
1
1
1
1
1
1
1
1
1
1
1
1
1
1
1
1
1
1
1
1
1
1
1
1
1
1
1
1
1
1
1
1
1
1
1
1
1
1
1
1
1
1
1
1
1
1
1
1
1
1
1
1
1
1
1
1
1
1
1
1
1
1
1
1
1
1
1.01183
1.02367
1.0355
1.04734
1.05917
1.07101
1.08284
1.09468
1.10651
1.11835
1.13018
1.14202
1.15385
1.16569
1.19426
1.22283
1.19426
1.16569
1.15385
1.14202
1.13018
1.11835
1.10651
1.09468
1.08284
1.07101
1.05917
1.04734
1.0355
1.02367
1.01183
1
1
1
1
1
1
1
1
1
1
1
1
1
1
1
1
1
1
1
1
1
1
1
1
1
1
1
1
1
1
1
1
1
1
1
1
1
1
1
1
1
1
1
1
1
1
1
1
1
1
1
1
1
1
1
1
1
1
1
1
1
1
1
1
1
1
1
1
1
1
1
1
1
1
1
1
1
1
1
1
1
1
1
1
1
1
1
1
1
1
1
1
1
1
1
1
1
1
1
1
1
1
1
1
1
1
1
1
1
1
1
1
1
1
1
1
1
1
1
1
1
1
1
1
1
1
1
1
1
1
1
1
1
1
1
1
1
1
1
1
1
1
1
1
1
1
1
1
1
1
1
1
1
1
1
1
1
1
1
1
1
1
1
1
1
1
1
1
1
1
1
1
1
1
1
1
1
1
1
1
1
1
1
1
1
1
1
1
1
1
1
1
1
1
1
1
1
1
1
1
1
1
1
1
1
1
1
1
1
1
1
1
1
1
1
1
1
1
1
1
1
1
1
1
1
1
1
1
1
1
1
1
1
1
1
1
1
1
1
1
1
1
1
1
1
1
1
1
1
1
1
1
1
1
1
1
1
1
1
1
1
1
1
1
1
1
1
1
1
1
1
1
1
1
1
1
1
1
1
1
1
1
1
1
1
1
1
1
1
1.01218
1.02437
1.03655
1.04873
1.06091
1.0731
1.08528
1.09746
1.10964
1.12183
1.13401
1.14619
1.15838
1.18779
1.2172
1.18779
1.15838
1.14619
1.13401
1.12183
1.10964
1.09746
1.08528
1.0731
1.06091
1.04873
1.03655
1.02437
1.01218
1
1
1
1
1
1
1
1
1
1
1
1
1
1
1
1
1
1
1
1
1
1
1
1
1
1
1
1
1
1
1
1
1
1
1
1
1
1
1
1
1
1
1
1
1
1
1
1
1
1
1
1
1
1
1
1
1
1
1
1
1
1
1
1
1
1
1
1
1
1
1
1
1
1
1
1
1
1
1
1
1
1
1
1
1
1
1
1
1
1
1
1
1
1
1
1
1
1
1
1
1
1
1
1
1
1
1
1
1
1
1
1
1
1
1
1
1
1
1
1
1
1
1
1
1
1
1
1
1
1
1
1
1
1
1
1
1
1
1
1
1
1
1
1
1
1
1
1
1
1
1
1
1
1
1
1
1
1
1
1
1
1
1
1
1
1
1
1
1
1
1
1
1
1
1
1
1
1
1
1
1
1
1
1
1
1
1
1
1
1
1
1
1
1
1
1
1
1
1
1
1
1
1
1
1
1
1
1
1
1
1
1
1
1
1
1
1
1
1
1
1
1
1
1
1
1
1
1
1
1
1
1
1
1
1
1
1
1
1
1
1
1
1
1
1
1
1
1
1
1
1
1
1
1
1
1
1
1
1
1
1
1
1
1
1
1
1
1
1
1
1
1
1
1
1
1
1
1
1
1
1
1
1
1
1
1
1
1
1
1
1.01255
1.0251
1.03766
1.05021
1.06276
1.07531
1.08786
1.10042
1.11297
1.12552
1.13807
1.15062
1.18093
1.18093
1.15062
1.13807
1.12552
1.11297
1.10042
1.08786
1.07531
1.06276
1.05021
1.03766
1.0251
1.01255
1
1
1
1
1
1
1
1
1
1
1
1
1
1
1
1
1
1
1
1
1
1
1
1
1
1
1
1
1
1
1
1
1
1
1
1
1
1
1
1
1
1
1
1
1
1
1
1
1
1
1
1
1
1
1
1
1
1
1
1
1
1
1
1
1
1
1
1
1
1
1
1
1
1
1
1
1
1
1
1
1
1
1
1
1
1
1
1
1
1
1
1
1
1
1
1
1
1
1
1
1
1
1
1
1
1
1
1
1
1
1
1
1
1
1
1
1
1
1
1
1
1
1
1
1
1
1
1
1
1
1
1
1
1
1
1
1
1
1
1
1
1
1
1
1
1
1
1
1
1
1
1
1
1
1
1
1
1
1
1
1
1
1
1
1
1
1
1
1
1
1
1
1
1
1
1
1
1
1
1
1
1
1
1
1
1
1
1
1
1
1
1
1
1
1
1
1
1
1
1
1
1
1
1
1
1
1
1
1
1
1
1
1
1
1
1
1
1
1
1
1
1
1
1
1
1
1
1
1
1
1
1
1
1
1
1
1
1
1
1
1
1
1
1
1
1
1
1
1
1
1
1
1
1
1
1
1
1
1
1
1
1
1
1
1
1
1
1
1
1
1
1
1
1
1
1
1
1
1
1
1
1
1
1
1
1
1
1
1
1
1
1.01294
1.02589
1.03883
1.05178
1.06472
1.07766
1.09061
1.10355
1.1165
1.12944
1.14239
1.17364
1.14239
1.12944
1.1165
1.10355
1.09061
1.07766
1.06472
1.05178
1.03883
1.02589
1.01294
1
1
1
1
1
1
1
1
1
1
1
1
1
1
1
1
1
1
1
1
1
1
1
1
1
1
1
1
1
1
1
1
1
1
1
1
1
1
1
1
1
1
1
1
1
1
1
1
1
1
1
1
1
1
1
1
1
1
1
1
1
1
1
1
1
1
1
1
1
1
1
1
1
1
1
1
1
1
1
1
1
1
1
1
1
1
1
1
1
1
1
1
1
1
1
1
1
1
1
1
1
1
1
1
1
1
1
1
1
1
1
1
1
1
1
1
1
1
1
1
1
1
1
1
1
1
1
1
1
1
1
1
1
1
1
1
1
1
1
1
1
1
1
1
1
1
1
1
1
1
1
1
1
1
1
1
1
1
1
1
1
1
1
1
1
1
1
1
1
1
1
1
1
1
1
1
1
1
1
1
1
1
1
1
1
1
1
1
1
1
1
1
1
1
1
1
1
1
1
1
1
1
1
1
1
1
1
1
1
1
1
1
1
1
1
1
1
1
1
1
1
1
1
1
1
1
1
1
1
1
1
1
1
1
1
1
1
1
1
1
1
1
1
1
1
1
1
1
1
1
1
1
1
1
1
1
1
1
1
1
1
1
1
1
1
1
1
1
1
1
1
1
1
1
1
1
1
1
1
1
1
1
1
1
1
1
1
1
1
1
1
1.01336
1.02672
1.04009
1.05345
1.06681
1.08017
1.09353
1.10689
1.12026
1.13362
1.13362
1.12026
1.10689
1.09353
1.08017
1.06681
1.05345
1.04009
1.02672
1.01336
1
1
1
1
1
1
1
1
1
1
1
1
1
1
1
1
1
1
1
1
1
1
1
1
1
1
1
1
1
1
1
1
1
1
1
1
1
1
1
1
1
1
1
1
1
1
1
1
1
1
1
1
1
1
1
1
1
1
1
1
1
1
1
1
1
1
1
1
1
1
1
1
1
1
1
1
1
1
1
1
1
1
1
1
1
1
1
1
1
1
1
1
1
1
1
1
1
1
1
1
1
1
1
1
1
1
1
1
1
1
1
1
1
1
1
1
1
1
1
1
1
1
1
1
1
1
1
1
1
1
1
1
1
1
1
1
1
1
1
1
1
1
1
1
1
1
1
1
1
1
1
1
1
1
1
1
1
1
1
1
1
1
1
1
1
1
1
1
1
1
1
1
1
1
1
1
1
1
1
1
1
1
1
1
1
1
1
1
1
1
1
1
1
1
1
1
1
1
1
1
1
1
1
1
1
1
1
1
1
1
1
1
1
1
1
1
1
1
1
1
1
1
1
1
1
1
1
1
1
1
1
1
1
1
1
1
1
1
1
1
1
1
1
1
1
1
1
1
1
1
1
1
1
1
1
1
1
1
1
1
1
1
1
1
1
1
1
1
1
1
1
1
1
1
1
1
1
1
1
1
1
1
1
1
1
1
1
1
1
1
1
1
1
1.01381
1.02761
1.04142
1.05523
1.06904
1.08284
1.09665
1.11046
1.12426
1.13807
1.12426
1.11046
1.09665
1.08284
1.06904
1.05523
1.04142
1.02761
1.01381
1
1
1
1
1
1
1
1
1
1
1
1
1
1
1
1
1
1
1
1
1
1
1
1
1
1
1
1
1
1
1
1
1
1
1
1
1
1
1
1
1
1
1
1
1
1
1
1
1
1
1
1
1
1
1
1
1
1
1
1
1
1
1
1
1
1
1
1
1
1
1
1
1
1
1
1
1
1
1
1
1
1
1
1
1
1
1
1
1
1
1
1
1
1
1
1
1
1
1
1
1
1
1
1
1
1
1
1
1
1
1
1
1
1
1
1
1
1
1
1
1
1
1
1
1
1
1
1
1
1
1
1
1
1
1
1
1
1
1
1
1
1
1
1
1
1
1
1
1
1
1
1
1
1
1
1
1
1
1
1
1
1
1
1
1
1
1
1
1
1
1
1
1
1
1
1
1
1
1
1
1
1
1
1
1
1
1
1
1
1
1
1
1
1
1
1
1
1
1
1
1
1
1
1
1
1
1
1
1
1
1
1
1
1
1
1
1
1
1
1
1
1
1
1
1
1
1
1
1
1
1
1
1
1
1
1
1
1
1
1
1
1
1
1
1
1
1
1
1
1
1
1
1
1
1
1
1
1
1
1
1
1
1
1
1
1
1
1
1
1
1
1
1
1
1
1
1
1
1
1
1
1
1
1
1
1
1
1
1
1
1
1
1
1.01428
1.02857
1.04285
1.05713
1.07142
1.0857
1.09998
1.11427
1.12855
1.16303
1.14875
1.11427
1.09998
1.0857
1.07142
1.05713
1.04285
1.02857
1.01428
1
1
1
1
1
1
1
1
1
1
1
1
1
1
1
1
1
1
1
1
1
1
1
1
1
1
1
1
1
1
1
1
1
1
1
1
1
1
1
1
1
1
1
1
1
1
1
1
1
1
1
1
1
1
1
1
1
1
1
1
1
1
1
1
1
1
1
1
1
1
1
1
1
1
1
1
1
1
1
1
1
1
1
1
1
1
1
1
1
1
1
1
1
1
1
1
1
1
1
1
1
1
1
1
1
1
1
1
1
1
1
1
1
1
1
1
1
1
1
1
1
1
1
1
1
1
1
1
1
1
1
1
1
1
1
1
1
1
1
1
1
1
1
1
1
1
1
1
1
1
1
1
1
1
1
1
1
1
1
1
1
1
1
1
1
1
1
1
1
1
1
1
1
1
1
1
1
1
1
1
1
1
1
1
1
1
1
1
1
1
1
1
1
1
1
1
1
1
1
1
1
1
1
1
1
1
1
1
1
1
1
1
1
1
1
1
1
1
1
1
1
1
1
1
1
1
1
1
1
1
1
1
1
1
1
1
1
1
1
1
1
1
1
1
1
1
1
1
1
1
1
1
1
1
1
1
1
1
1
1
1
1
1
1
1
1
1
1
1
1
1
1
1
1
1
1
1
1
1
1
1
1
1
1
1
1
1
1
1
1
1
1
1
1.01479
1.02959
1.04438
1.05917
1.07397
1.08876
1.10355
1.11835
1.15406
1.13927
1.10355
1.08876
1.07397
1.05917
1.04438
1.02959
1.01479
1
1
1
1
1
1
1
1
1
1
1
1
1
1
1
1
1
1
1
1
1
1
1
1
1
1
1
1
1
1
1
1
1
1
1
1
1
1
1
1
1
1
1
1
1
1
1
1
1
1
1
1
1
1
1
1
1
1
1
1
1
1
1
1
1
1
1
1
1
1
1
1
1
1
1
1
1
1
1
1
1
1
1
1
1
1
1
1
1
1
1
1
1
1
1
1
1
1
1
1
1
1
1
1
1
1
1
1
1
1
1
1
1
1
1
1
1
1
1
1
1
1
1
1
1
1
1
1
1
1
1
1
1
1
1
1
1
1
1
1
1
1
1
1
1
1
1
1
1
1
1
1
1
1
1
1
1
1
1
1
1
1
1
1
1
1
1
1
1
1
1
1
1
1
1
1
1
1
1
1
1
1
1
1
1
1
1
1
1
1
1
1
1
1
1
1
1
1
1
1
1
1
1
1
1
1
1
1
1
1
1
1
1
1
1
1
1
1
1
1
1
1
1
1
1
1
1
1
1
1
1
1
1
1
1
1
1
1
1
1
1
1
1
1
1
1
1
1
1
1
1
1
1
1
1
1
1
1
1
1
1
1
1
1
1
1
1
1
1
1
1
1
1
1
1
1
1
1
1
1
1
1
1
1
1
1
1
1
1
1
1
1
1
1.01534
1.03068
1.04602
1.06136
1.07671
1.09205
1.10739
1.09205
1.07671
1.06136
1.04602
1.03068
1.01534
1
1
1
1
1
1
1
1
1
1
1
1
1
1
1
1
1
1
1
1
1
1
1
1
1
1
1
1
1
1
1
1
1
1
1
1
1
1
1
1
1
1
1
1
1
1
1
1
1
1
1
1
1
1
1
1
1
1
1
1
1
1
1
1
1
1
1
1
1
1
1
1
1
1
1
1
1
1
1
1
1
1
1
1
1
1
1
1
1
1
1
1
1
1
1
1
1
1
1
1
1
1
1
1
1
1
1
1
1
1
1
1
1
1
1
1
1
1
1
1
1
1
1
1
1
1
1
1
1
1
1
1
1
1
1
1
1
1
1
1
1
1
1
1
1
1
1
1
1
1
1
1
1
1
1
1
1
1
1
1
1
1
1
1
1
1
1
1
1
1
1
1
1
1
1
1
1
1
1
1
1
1
1
1
1
1
1
1
1
1
1
1
1
1
1
1
1
1
1
1
1
1
1
1
1
1
1
1
1
1
1
1
1
1
1
1
1
1
1
1
1
1
1
1
1
1
1
1
1
1
1
1
1
1
1
1
1
1
1
1
1
1
1
1
1
1
1
1
1
1
1
1
1
1
1
1
1
1
1
1
1
1
1
1
1
1
1
1
1
1
1
1
1
1
1
1
1
1
1
1
1
1
1
1
1
1
1
1
1
1
1
1
1
1
1
1.01593
1.03186
1.04779
1.06373
1.07966
1.09559
1.09559
1.07966
1.06373
1.04779
1.03186
1.01593
1
1
1
1
1
1
1
1
1
1
1
1
1
1
1
1
1
1
1
1
1
1
1
1
1
1
1
1
1
1
1
1
1
1
1
1
1
1
1
1
1
1
1
1
1
1
1
1
1
1
1
1
1
1
1
1
1
1
1
1
1
1
1
1
1
1
1
1
1
1
1
1
1
1
1
1
1
1
1
1
1
1
1
1
1
1
1
1
1
1
1
1
1
1
1
1
1
1
1
1
1
1
1
1
1
1
1
1
1
1
1
1
1
1
1
1
1
1
1
1
1
1
1
1
1
1
1
1
1
1
1
1
1
1
1
1
1
1
1
1
1
1
1
1
1
1
1
1
1
1
1
1
1
1
1
1
1
1
1
1
1
1
1
1
1
1
1
1
1
1
1
1
1
1
1
1
1
1
1
1
1
1
1
1
1
1
1
1
1
1
1
1
1
1
1
1
1
1
1
1
1
1
1
1
1
1
1
1
1
1
1
1
1
1
1
1
1
1
1
1
1
1
1
1
1
1
1
1
1
1
1
1
1
1
1
1
1
1
1
1
1
1
1
1
1
1
1
1
1
1
1
1
1
1
1
1
1
1
1
1
1
1
1
1
1
1
1
1
1
1
1
1
1
1
1
1
1
1
1
1
1
1
1
1
1
1
1
1
1
1
1
1
1
1
1
1.01657
1.03314
1.04971
1.06627
1.08284
1.09941
1.08284
1.06627
1.04971
1.03314
1.01657
1
1
1
1
1
1
1
1
1
1
1
1
1
1
1
1
1
1
1
1
1
1
1
1
1
1
1
1
1
1
1
1
1
1
1
1
1
1
1
1
1
1
1
1
1
1
1
1
1
1
1
1
1
1
1
1
1
1
1
1
1
1
1
1
1
1
1
1
1
1
1
1
1
1
1
1
1
1
1
1
1
1
1
1
1
1
1
1
1
1
1
1
1
1
1
1
1
1
1
1
1
1
1
1
1
1
1
1
1
1
1
1
1
1
1
1
1
1
1
1
1
1
1
1
1
1
1
1
1
1
1
1
1
1
1
1
1
1
1
1
1
1
1
1
1
1
1
1
1
1
1
1
1
1
1
1
1
1
1
1
1
1
1
1
1
1
1
1
1
1
1
1
1
1
1
1
1
1
1
1
1
1
1
1
1
1
1
1
1
1
1
1
1
1
1
1
1
1
1
1
1
1
1
1
1
1
1
1
1
1
1
1
1
1
1
1
1
1
1
1
1
1
1
1
1
1
1
1
1
1
1
1
1
1
1
1
1
1
1
1
1
1
1
1
1
1
1
1
1
1
1
1
1
1
1
1
1
1
1
1
1
1
1
1
1
1
1
1
1
1
1
1
1
1
1
1
1
1
1
1
1
1
1
1
1
1
1
1
1
1
1
1
1
1
1
1.01726
1.03452
1.05178
1.06904
1.08629
1.06904
1.05178
1.03452
1.01726
1
1
1
1
1
1
1
1
1
1
1
1
1
1
1
1
1
1
1
1
1
1
1
1
1
1
1
1
1
1
1
1
1
1
1
1
1
1
1
1
1
1
1
1
1
1
1
1
1
1
1
1
1
1
1
1
1
1
1
1
1
1
1
1
1
1
1
1
1
1
1
1
1
1
1
1
1
1
1
1
1
1
1
1
1
1
1
1
1
1
1
1
1
1
1
1
1
1
1
1
1
1
1
1
1
1
1
1
1
1
1
1
1
1
1
1
1
1
1
1
1
1
1
1
1
1
1
1
1
1
1
1
1
1
1
1
1
1
1
1
1
1
1
1
1
1
1
1
1
1
1
1
1
1
1
1
1
1
1
1
1
1
1
1
1
1
1
1
1
1
1
1
1
1
1
1
1
1
1
1
1
1
1
1
1
1
1
1
1
1
1
1
1
1
1
1
1
1
1
1
1
1
1
1
1
1
1
1
1
1
1
1
1
1
1
1
1
1
1
1
1
1
1
1
1
1
1
1
1
1
1
1
1
1
1
1
1
1
1
1
1
1
1
1
1
1
1
1
1
1
1
1
1
1
1
1
1
1
1
1
1
1
1
1
1
1
1
1
1
1
1
1
1
1
1
1
1
1
1
1
1
1
1
1
1
1
1
1
1
1
1
1
1
1
1
1
1.01801
1.03602
1.05403
1.07204
1.09005
1.07204
1.05403
1.03602
1.01801
1
1
1
1
1
1
1
1
1
1
1
1
1
1
1
1
1
1
1
1
1
1
1
1
1
1
1
1
1
1
1
1
1
1
1
1
1
1
1
1
1
1
1
1
1
1
1
1
1
1
1
1
1
1
1
1
1
1
1
1
1
1
1
1
1
1
1
1
1
1
1
1
1
1
1
1
1
1
1
1
1
1
1
1
1
1
1
1
1
1
1
1
1
1
1
1
1
1
1
1
1
1
1
1
1
1
1
1
1
1
1
1
1
1
1
1
1
1
1
1
1
1
1
1
1
1
1
1
1
1
1
1
1
1
1
1
1
1
1
1
1
1
1
1
1
1
1
1
1
1
1
1
1
1
1
1
1
1
1
1
1
1
1
1
1
1
1
1
1
1
1
1
1
1
1
1
1
1
1
1
1
1
1
1
1
1
1
1
1
1
1
1
1
1
1
1
1
1
1
1
1
1
1
1
1
1
1
1
1
1
1
1
1
1
1
1
1
1
1
1
1
1
1
1
1
1
1
1
1
1
1
1
1
1
1
1
1
1
1
1
1
1
1
1
1
1
1
1
1
1
1
1
1
1
1
1
1
1
1
1
1
1
1
1
1
1
1
1
1
1
1
1
1
1
1
1
1
1
1
1
1
1
1
1
1
1
1
1
1
1
1
1
1
1
1
1
1.01883
1.03766
1.05648
1.07531
1.05648
1.03766
1.01883
1
1
1
1
1
1
1
1
1
1
1
1
1
1
1
1
1
1
1
1
1
1
1
1
1
1
1
1
1
1
1
1
1
1
1
1
1
1
1
1
1
1
1
1
1
1
1
1
1
1
1
1
1
1
1
1
1
1
1
1
1
1
1
1
1
1
1
1
1
1
1
1
1
1
1
1
1
1
1
1
1
1
1
1
1
1
1
1
1
1
1
1
1
1
1
1
1
1
1
1
1
1
1
1
1
1
1
1
1
1
1
1
1
1
1
1
1
1
1
1
1
1
1
1
1
1
1
1
1
1
1
1
1
1
1
1
1
1
1
1
1
1
1
1
1
1
1
1
1
1
1
1
1
1
1
1
1
1
1
1
1
1
1
1
1
1
1
1
1
1
1
1
1
1
1
1
1
1
1
1
1
1
1
1
1
1
1
1
1
1
1
1
1
1
1
1
1
1
1
1
1
1
1
1
1
1
1
1
1
1
1
1
1
1
1
1
1
1
1
1
1
1
1
1
1
1
1
1
1
1
1
1
1
1
1
1
1
1
1
1
1
1
1
1
1
1
1
1
1
1
1
1
1
1
1
1
1
1
1
1
1
1
1
1
1
1
1
1
1
1
1
1
1
1
1
1
1
1
1
1
1
1
1
1
1
1
1
1
1
1
1
1
1
1
1
1
1.01972
1.03945
1.05917
1.0789
1.05917
1.03945
1.01972
1
1
1
1
1
1
1
1
1
1
1
1
1
1
1
1
1
1
1
1
1
1
1
1
1
1
1
1
1
1
1
1
1
1
1
1
1
1
1
1
1
1
1
1
1
1
1
1
1
1
1
1
1
1
1
1
1
1
1
1
1
1
1
1
1
1
1
1
1
1
1
1
1
1
1
1
1
1
1
1
1
1
1
1
1
1
1
1
1
1
1
1
1
1
1
1
1
1
1
1
1
1
1
1
1
1
1
1
1
1
1
1
1
1
1
1
1
1
1
1
1
1
1
1
1
1
1
1
1
1
1
1
1
1
1
1
1
1
1
1
1
1
1
1
1
1
1
1
1
1
1
1
1
1
1
1
1
1
1
1
1
1
1
1
1
1
1
1
1
1
1
1
1
1
1
1
1
1
1
1
1
1
1
1
1
1
1
1
1
1
1
1
1
1
1
1
1
1
1
1
1
1
1
1
1
1
1
1
1
1
1
1
1
1
1
1
1
1
1
1
1
1
1
1
1
1
1
1
1
1
1
1
1
1
1
1
1
1
1
1
1
1
1
1
1
1
1
1
1
1
1
1
1
1
1
1
1
1
1
1
1
1
1
1
1
1
1
1
1
1
1
1
1
1
1
1
1
1
1
1
1
1
1
1
1
1
1
1
1
1
1
1
1
1
1
1
1.02071
1.04142
1.06213
1.11213
1.06213
1.04142
1.02071
1
1
1
1
1
1
1
1
1
1
1
1
1
1
1
1
1
1
1
1
1
1
1
1
1
1
1
1
1
1
1
1
1
1
1
1
1
1
1
1
1
1
1
1
1
1
1
1
1
1
1
1
1
1
1
1
1
1
1
1
1
1
1
1
1
1
1
1
1
1
1
1
1
1
1
1
1
1
1
1
1
1
1
1
1
1
1
1
1
1
1
1
1
1
1
1
1
1
1
1
1
1
1
1
1
1
1
1
1
1
1
1
1
1
1
1
1
1
1
1
1
1
1
1
1
1
1
1
1
1
1
1
1
1
1
1
1
1
1
1
1
1
1
1
1
1
1
1
1
1
1
1
1
1
1
1
1
1
1
1
1
1
1
1
1
1
1
1
1
1
1
1
1
1
1
1
1
1
1
1
1
1
1
1
1
1
1
1
1
1
1
1
1
1
1
1
1
1
1
1
1
1
1
1
1
1
1
1
1
1
1
1
1
1
1
1
1
1
1
1
1
1
1
1
1
1
1
1
1
1
1
1
1
1
1
1
1
1
1
1
1
1
1
1
1
1
1
1
1
1
1
1
1
1
1
1
1
1
1
1
1
1
1
1
1
1
1
1
1
1
1
1
1
1
1
1
1
1
1
1
1
1
1
1
1
1
1
1
1
1
1
1
1
1
1
1
1
1
1.0218
1.0436
1.09623
1.0436
1.0218
1
1
1
1
1
1
1
1
1
1
1
1
1
1
1
1
1
1
1
1
1
1
1
1
1
1
1
1
1
1
1
1
1
1
1
1
1
1
1
1
1
1
1
1
1
1
1
1
1
1
1
1
1
1
1
1
1
1
1
1
1
1
1
1
1
1
1
1
1
1
1
1
1
1
1
1
1
1
1
1
1
1
1
1
1
1
1
1
1
1
1
1
1
1
1
1
1
1
1
1
1
1
1
1
1
1
1
1
1
1
1
1
1
1
1
1
1
1
1
1
1
1
1
1
1
1
1
1
1
1
1
1
1
1
1
1
1
1
1
1
1
1
1
1
1
1
1
1
1
1
1
1
1
1
1
1
1
1
1
1
1
1
1
1
1
1
1
1
1
1
1
1
1
1
1
1
1
1
1
1
1
1
1
1
1
1
1
1
1
1
1
1
1
1
1
1
1
1
1
1
1
1
1
1
1
1
1
1
1
1
1
1
1
1
1
1
1
1
1
1
1
1
1
1
1
1
1
1
1
1
1
1
1
1
1
1
1
1
1
1
1
1
1
1
1
1
1
1
1
1
1
1
1
1
1
1
1
1
1
1
1
1
1
1
1
1
1
1
1
1
1
1
1
1
1
1
1
1
1
1
1
1
1
1
1
1
1
1
1
1
1
1
1
1
1
1
1
1
1.02301
1.04602
1.02301
1
1
1
1
1
1
1
1
1
1
1
1
1
1
1
1
1
1
1
1
1
1
1
1
1
1
1
1
1
1
1
1
1
1
1
1
1
1
1
1
1
1
1
1
1
1
1
1
1
1
1
1
1
1
1
1
1
1
1
1
1
1
1
1
1
1
1
1
1
1
1
1
1
1
1
1
1
1
1
1
1
1
1
1
1
1
1
1
1
1
1
1
1
1
1
1
1
1
1
1
1
1
1
1
1
1
1
1
1
1
1
1
1
1
1
1
1
1
1
1
1
1
1
1
1
1
1
1
1
1
1
1
1
1
1
1
1
1
1
1
1
1
1
1
1
1
1
1
1
1
1
1
1
1
1
1
1
1
1
1
1
1
1
1
1
1
1
1
1
1
1
1
1
1
1
1
1
1
1
1
1
1
1
1
1
1
1
1
1
1
1
1
1
1
1
1
1
1
1
1
1
1
1
1
1
1
1
1
1
1
1
1
1
1
1
1
1
1
1
1
1
1
1
1
1
1
1
1
1
1
1
1
1
1
1
1
1
1
1
1
1
1
1
1
1
1
1
1
1
1
1
1
1
1
1
1
1
1
1
1
1
1
1
1
1
1
1
1
1
1
1
1
1
1
1
1
1
1
1
1
1
1
1
1
1
1
1
1
1
1
1
1
1
1
1
1
1
1
1
1.02437
1.04873
1.02437
1
1
1
1
1
1
1
1
1
1
1
1
1
1
1
1
1
1
1
1
1
1
1
1
1
1
1
1
1
1
1
1
1
1
1
1
1
1
1
1
1
1
1
1
1
1
1
1
1
1
1
1
1
1
1
1
1
1
1
1
1
1
1
1
1
1
1
1
1
1
1
1
1
1
1
1
1
1
1
1
1
1
1
1
1
1
1
1
1
1
1
1
1
1
1
1
1
1
1
1
1
1
1
1
1
1
1
1
1
1
1
1
1
1
1
1
1
1
1
1
1
1
1
1
1
1
1
1
1
1
1
1
1
1
1
1
1
1
1
1
1
1
1
1
1
1
1
1
1
1
1
1
1
1
1
1
1
1
1
1
1
1
1
1
1
1
1
1
1
1
1
1
1
1
1
1
1
1
1
1
1
1
1
1
1
1
1
1
1
1
1
1
1
1
1
1
1
1
1
1
1
1
1
1
1
1
1
1
1
1
1
1
1
1
1
1
1
1
1
1
1
1
1
1
1
1
1
1
1
1
1
1
1
1
1
1
1
1
1
1
1
1
1
1
1
1
1
1
1
1
1
1
1
1
1
1
1
1
1
1
1
1
1
1
1
1
1
1
1
1
1
1
1
1
1
1
1
1
1
1
1
1
1
1
1
1
1
1
1
1
1
1
1
1
1
1
1
1
1
1.02589
1.05178
1.02589
1
1
1
1
1
1
1
1
1
1
1
1
1
1
1
1
1
1
1
1
1
1
1
1
1
1
1
1
1
1
1
1
1
1
1
1
1
1
1
1
1
1
1
1
1
1
1
1
1
1
1
1
1
1
1
1
1
1
1
1
1
1
1
1
1
1
1
1
1
1
1
1
1
1
1
1
1
1
1
1
1
1
1
1
1
1
1
1
1
1
1
1
1
1
1
1
1
1
1
1
1
1
1
1
1
1
1
1
1
1
1
1
1
1
1
1
1
1
1
1
1
1
1
1
1
1
1
1
1
1
1
1
1
1
1
1
1
1
1
1
1
1
1
1
1
1
1
1
1
1
1
1
1
1
1
1
1
1
1
1
1
1
1
1
1
1
1
1
1
1
1
1
1
1
1
1
1
1
1
1
1
1
1
1
1
1
1
1
1
1
1
1
1
1
1
1
1
1
1
1
1
1
1
1
1
1
1
1
1
1
1
1
1
1
1
1
1
1
1
1
1
1
1
1
1
1
1
1
1
1
1
1
1
1
1
1
1
1
1
1
1
1
1
1
1
1
1
1
1
1
1
1
1
1
1
1
1
1
1
1
1
1
1
1
1
1
1
1
1
1
1
1
1
1
1
1
1
1
1
1
1
1
1
1
1
1
1
1
1
1
1
1
1
1
1
1
1
1
1
1.02761
1
1
1
1
1
1
1
1
1
1
1
1
1
1
1
1
1
1
1
1
1
1
1
1
1
1
1
1
1
1
1
1
1
1
1
1
1
1
1
1
1
1
1
1
1
1
1
1
1
1
1
1
1
1
1
1
1
1
1
1
1
1
1
1
1
1
1
1
1
1
1
1
1
1
1
1
1
1
1
1
1
1
1
1
1
1
1
1
1
1
1
1
1
1
1
1
1
1
1
1
1
1
1
1
1
1
1
1
1
1
1
1
1
1
1
1
1
1
1
1
1
1
1
1
1
1
1
1
1
1
1
1
1
1
1
1
1
1
1
1
1
1
1
1
1
1
1
1
1
1
1
1
1
1
1
1
1
1
1
1
1
1
1
1
1
1
1
1
1
1
1
1
1
1
1
1
1
1
1
1
1
1
1
1
1
1
1
1
1
1
1
1
1
1
1
1
1
1
1
1
1
1
1
1
1
1
1
1
1
1
1
1
1
1
1
1
1
1
1
1
1
1
1
1
1
1
1
1
1
1
1
1
1
1
1
1
1
1
1
1
1
1
1
1
1
1
1
1
1
1
1
1
1
1
1
1
1
1
1
1
1
1
1
1
1
1
1
1
1
1
1
1
1
1
1
1
1
1
1
1
1
1
1
1
1
1
1
1
1
1
1
1
1
1
1
1
1
1
1
1.02959
1
1
1
1
1
1
1
1
1
1
1
1
1
1
1
1
1
1
1
1
1
1
1
1
1
1
1
1
1
1
1
1
1
1
1
1
1
1
1
1
1
1
1
1
1
1
1
1
1
1
1
1
1
1
1
1
1
1
1
1
1
1
1
1
1
1
1
1
1
1
1
1
1
1
1
1
1
1
1
1
1
1
1
1
1
1
1
1
1
1
1
1
1
1
1
1
1
1
1
1
1
1
1
1
1
1
1
1
1
1
1
1
1
1
1
1
1
1
1
1
1
1
1
1
1
1
1
1
1
1
1
1
1
1
1
1
1
1
1
1
1
1
1
1
1
1
1
1
1
1
1
1
1
1
1
1
1
1
1
1
1
1
1
1
1
1
1
1
1
1
1
1
1
1
1
1
1
1
1
1
1
1
1
1
1
1
1
1
1
1
1
1
1
1
1
1
1
1
1
1
1
1
1
1
1
1
1
1
1
1
1
1
1
1
1
1
1
1
1
1
1
1
1
1
1
1
1
1
1
1
1
1
1
1
1
1
1
1
1
1
1
1
1
1
1
1
1
1
1
1
1
1
1
1
1
1
1
1
1
1
1
1
1
1
1
1
1
1
1
1
1
1
1
1
1
1
1
1
1
1
1
1
1
1
1
1
1
1
1
1
1
1
1
1
1
1
1
1
1
1.03186
1
1
1
1
1
1
1
1
1
1
1
1
1
1
1
1
1
1
1
1
1
1
1
1
1
1
1
1
1
1
1
1
1
1
1
1
1
1
1
1
1
1
1
1
1
1
1
1
1
1
1
1
1
1
1
1
1
1
1
1
1
1
1
1
1
1
1
1
1
1
1
1
1
1
1
1
1
1
1
1
1
1
1
1
1
1
1
1
1
1
1
1
1
1
1
1
1
1
1
1
1
1
1
1
1
1
1
1
1
1
1
1
1
1
1
1
1
1
1
1
1
1
1
1
1
1
1
1
1
1
1
1
1
1
1
1
1
1
1
1
1
1
1
1
1
1
1
1
1
1
1
1
1
1
1
1
1
1
1
1
1
1
1
1
1
1
1
1
1
1
1
1
1
1
1
1
1
1
1
1
1
1
1
1
1
1
1
1
1
1
1
1
1
1
1
1
1
1
1
1
1
1
1
1
1
1
1
1
1
1
1
1
1
1
1
1
1
1
1
1
1
1
1
1
1
1
1
1
1
1
1
1
1
1
1
1
1
1
1
1
1
1
1
1
1
1
1
1
1
1
1
1
1
1
1
1
1
1
1
1
1
1
1
1
1
1
1
1
1
1
1
1
1
1
1
1
1
1
1
1
1
1
1
1
1
1
1
1
1
1
1
1
1
1
1
1
1
1
1
1.03452
1
1
1
1
1
1
1
1
1
1
1
1
1
1
1
1
1
1
1
1
1
1
1
1
1
1
1
1
1
1
1
1
1
1
1
1
1
1
1
1
1
1
1
1
1
1
1
1
1
1
1
1
1
1
1
1
1
1
1
1
1
1
1
1
1
1
1
1
1
1
1
1
1
1
1
1
1
1
1
1
1
1
1
1
1
1
1
1
1
1
1
1
1
1
1
1
1
1
1
1
1
1
1
1
1
1
1
1
1
1
1
1
1
1
1
1
1
1
1
1
1
1
1
1
1
1
1
1
1
1
1
1
1
1
1
1
1
1
1
1
1
1
1
1
1
1
1
1
1
1
1
1
1
1
1
1
1
1
1
1
1
1
1
1
1
1
1
1
1
1
1
1
1
1
1
1
1
1
1
1
1
1
1
1
1
1
1
1
1
1
1
1
1
1
1
1
1
1
1
1
1
1
1
1
1
1
1
1
1
1
1
1
1
1
1
1
1
1
1
1
1
1
1
1
1
1
1
1
1
1
1
1
1
1
1
1
1
1
1
1
1
1
1
1
1
1
1
1
1
1
1
1
1
1
1
1
1
1
1
1
1
1
1
1
1
1
1
1
1
1
1
1
1
1
1
1
1
1
1
1
1
1
1
1
1
1
1
1
1
1
1
1
1
1
1
1
1
1
1
1.03766
1
1
1
1
1
1
1
1
1
1
1
1
1
1
1
1
1
1
1
1
1
1
1
1
1
1
1
1
1
1
1
1
1
1
1
1
1
1
1
1
1
1
1
1
1
1
1
1
1
1
1
1
1
1
1
1
1
1
1
1
1
1
1
1
1
1
1
1
1
1
1
1
1
1
1
1
1
1
1
1
1
1
1
1
1
1
1
1
1
1
1
1
1
1
1
1
1
1
1
1
1
1
1
1
1
1
1
1
1
1
1
1
1
1
1
1
1
1
1
1
1
1
1
1
1
1
1
1
1
1
1
1
1
1
1
1
1
1
1
1
1
1
1
1
1
1
1
1
1
1
1
1
1
1
1
1
1
1
1
1
1
1
1
1
1
1
1
1
1
1
1
1
1
1
1
1
1
1
1
1
1
1
1
1
1
1
1
1
1
1
1
1
1
1
1
1
1
1
1
1
1
1
1
1
1
1
1
1
1
1
1
1
1
1
1
1
1
1
1
1
1
1
1
1
1
1
1
1
1
1
1
1
1
1
1
1
1
1
1
1
1
1
1
1
1
1
1
1
1
1
1
1
1
1
1
1
1
1
1
1
1
1
1
1
1
1
1
1
1
1
1
1
1
1
1
1
1
1
1
1
1
1
1
1
1
1
1
1
1
1
1
1
1
1
1
1
1
1
1
1.04142
1
1
1
1
1
1
1
1
1
1
1
1
1
1
1
1
1
1
1
1
1
1
1
1
1
1
1
1
1
1
1
1
1
1
1
1
1
1
1
1
1
1
1
1
1
1
1
1
1
1
1
1
1
1
1
1
1
1
1
1
1
1
1
1
1
1
1
1
1
1
1
1
1
1
1
1
1
1
1
1
1
1
1
1
1
1
1
1
1
1
1
1
1
1
1
1
1
1
1
1
1
1
1
1
1
1
1
1
1
1
1
1
1
1
1
1
1
1
1
1
1
1
1
1
1
1
1
1
1
1
1
1
1
1
1
1
1
1
1
1
1
1
1
1
1
1
1
1
1
1
1
1
1
1
1
1
1
1
1
1
1
1
1
1
1
1
1
1
1
1
1
1
1
1
1
1
1
1
1
1
1
1
1
1
1
1
1
1
1
1
1
1
1
1
1
1
1
1
1
1
1
1
1
1
1
1
1
1
1
1
1
1
1
1
1
1
1
1
1
1
1
1
1
1
1
1
1
1
1
1
1
1
1
1
1
1
1
1
1
1
1
1
1
1
1
1
1
1
1
1
1
1
1
1
1
1
1
1
1
1
1
1
1
1
1
1
1
1
1
1
1
1
1
1
1
1
1
1
1
1
1
1
1
1
1
1
1
1
1
1
1
1
1
1
1
1
1
1
1
1.04602
1
1
1
1
1
1
1
1
1
1
1
1
1
1
1
1
1
1
1
1
1
1
1
1
1
1
1
1
1
1
1
1
1
1
1
1
1
1
1
1
1
1
1
1
1
1
1
1
1
1
1
1
1
1
1
1
1
1
1
1
1
1
1
1
1
1
1
1
1
1
1
1
1
1
1
1
1
1
1
1
1
1
1
1
1
1
1
1
1
1
1
1
1
1
1
1
1
1
1
1
1
1
1
1
1
1
1
1
1
1
1
1
1
1
1
1
1
1
1
1
1
1
1
1
1
1
1
1
1
1
1
1
1
1
1
1
1
1
1
1
1
1
1
1
1
1
1
1
1
1
1
1
1
1
1
1
1
1
1
1
1
1
1
1
1
1
1
1
1
1
1
1
1
1
1
1
1
1
1
1
1
1
1
1
1
1
1
1
1
1
1
1
1
1
1
1
1
1
1
1
1
1
1
1
1
1
1
1
1
1
1
1
1
1
1
1
1
1
1
1
1
1
1
1
1
1
1
1
1
1
1
1
1
1
1
1
1
1
1
1
1
1
1
1
1
1
1
1
1
1
1
1
1
1
1
1
1
1
1
1
1
1
1
1
1
1
1
1
1
1
1
1
1
1
1
1
1
1
1
1
1
1
1
1
1
1
1
1
1
1
1
1
1
1
1
1
1
1
1
1.05178
1
1
1
1
1
1
1
1
1
1
1
1
1
1
1
1
1
1
1
1
1
1
1
1
1
1
1
1
1
1
1
1
1
1
1
1
1
1
1
1
1
1
1
1
1
1
1
1
1
1
1
1
1
1
1
1
1
1
1
1
1
1
1
1
1
1
1
1
1
1
1
1
1
1
1
1
1
1
1
1
1
1
1
1
1
1
1
1
1
1
1
1
1
1
1
1
1
1
1
1
1
1
1
1
1
1
1
1
1
1
1
1
1
1
1
1
1
1
1
1
1
1
1
1
1
1
1
1
1
1
1
1
1
1
1
1
1
1
1
1
1
1
1
1
1
1
1
1
1
1
1
1
1
1
1
1
1
1
1
1
1
1
1
1
1
1
1
1
1
1
1
1
1
1
1
1
1
1
1
1
1
1
1
1
1
1
1
1
1
1
1
1
1
1
1
1
1
1
1
1
1
1
1
1
1
1
1
1
1
1
1
1
1
1
1
1
1
1
1
1
1
1
1
1
1
1
1
1
1
1
1
1
1
1
1
1
1
1
1
1
1
1
1
1
1
1
1
1
1
1
1
1
1
1
1
1
1
1
1
1
1
1
1
1
1
1
1
1
1
1
1
1
1
1
1
1
1
1
1
1
1
1
1
1
1
1
1
1
1
1
1
1
1
1
1
1
1
1
1
1
1
1
1
1
1
1
1
1
1
1
1
1
1
1
1
1
1
1
1
1
1
1
1
1
1
1
1
1
1
1
1
1
1
1
1
1
1
1
1
1
1
1
1
1
1
1
1
1
1
1
1
1
1
1
1
1
1
1
1
1
1
1
1
1
1
1
1
1
1
1
1
1
1
1
1
1
1
1
1
1
1
1
1
1
1
1
1
1
1
1
1
1
1
1
1
1
1
1
1
1
1
1
1
1
1
1
1
1
1
1
1
1
1
1
1
1
1
1
1
1
1
1
1
1
1
1
1
1
1
1
1
1
1
1
1
1
1
1
1
1
1
1
1
1
1
1
1
1
1
1
1
1
1
1
1
1
1
1
1
1
1
1
1
1
1
1
1
1
1
1
1
1
1
1
1
1
1
1
1
1
1
1
1
1
1
1
1
1
1
1
1
1
1
1
1
1
1
1
1
1
1
1
1
1
1
1
1
1
1
1
1
1
1
1
1
1
1
1
1
1
1
1
1
1
1
1
1
1
1
1
1
1
1
1
1
1
1
1
1
1
1
1
1
1
1
1
1
1
1
1
1
1
1
1
1
1
1
1
1
1
1
1
1
1
1
1
1
1
1
1
1
1
1
1
1
1
1
1
1
1
1
1
1
1
1
1
1
1
1
1
1
1
1
1
1
1
1
1
1
1
1
1
1
1
1
1
1
1
1
1
1
1
1
1
1
1
1
1
1
1
1
1
1
1
1
1
1
1
1
1
1
1
1
1
1
1
1
1
1
1
1
1
1
1
1
1
1
1
1
1
1
1
1
1
1
1
1
1
1
1
1
1
1
1
1
1
1
1
1
1
1
1
1
1
1
1
1
1
1
1
1
1
1
1
1
1
1
1
1
1
1
1
1
1
1
1
1
1
1
1
1
1
1
1
1
1
1
1
1
1
1
1
1
1
1
1
1
1
1
1
1
1
1
1
1
1
1
1
1
1
1
1
1
1
1
1
1
1
1
1
1
1
1
1
1
1
1
1
1
1
1
1
1
1
1
1
1
1
1
1
1
1
1
1
1
1
1
1
1
1
1
1
1
1
1
1
1
1
1
1
1
1
1
1
1
1
1
1
1
1
1
1
1
1
1
1
1
1
1
1
1
1
1
1
1
1
1
1
1
1
1
1
1
1
1
1
1
1
1
1
1
1
1
1
1
1
1
1
1
1
1
1
1
1
1
1
1
1
1
1
1
1
1
1
1
1
1
1
1
1
1
1
1
1
1
1
1
1
1
1
1
1
1
1
1
1
1
1
1
1
1
1
1
1
1
1
1
1
1
1
1
1
1
1
1
1
1
1
1
1
1
1
1
1
1
1
1
1
1
1
1
1
1
1
1
1
1
1
1
1
1
1
1
1
1
1
1
1
1
1
1
1
1
1
1
1
1
1
1
1
1
1
1
1
1
1
1
1
1
1
1
1
1
1
1
1
1
1
1
1
1
1
1
1
1
1
1
1
1
1
1
1
1
1
1
1
1
1
1
1
1
1
1
1
1
1
1
1
1
1
1
1
1
1
1
1
1
1
1
1
1
1
1
1
1
1
1
1
1
1
1
1
1
1
1
1
1
1
1
1
1
1
1
1
1
1
1
1
1
1
1
1
1
1
1
1
1
1
1
1
1
1
1
1
1
1
1
1
1
1
1
1
1
1
1
1
1
1
1
1
1
1
1
1
1
1
1
1
1
1
1
1
1
1
1
1
1
1
1
1
1
1
1
1
1
1
1
1
1
1
1
1
1
1
1
1
1
1
1
1
1
1
1
1
1
1
1
1
1
1
1
1
1
1
1
1
1
1
1
1
1
1
1
1
1
1
1
1
1
1
1
1
1
1
1
1
1
1
1
1
1
1
1
1
1
1
1
1
1
1
1
1
1
1
1
1
1
1
1
1
1
1
1
1
1
1
1
1
1
1
1
1
1
1
1
1
1
1
1
1
1
1
1
1
1
1
1
1
1
1
1
1
1
1
1
1
1
1
1
1
1
1
1
1
1
1
1
1
1
1
1
1
1
1
1
1
1
1
1
1
1
1
1
1
1
1
1
1
1
1
1
1
1
1
1
1
1
1
1
1
1
1
1
1
1
1
1
1
1
1
1
1
1
1
1
1
1
1
1
1
1
1
1
1
1
1
1
1
1
1
1
1
1
1
1
1
1
1
1
1
1
1
1
1
1
1
1
1
1
1
1
1
1
1
1
1
1
1
1
1
1
1
1
1
1
1
1
1
1
1
1
1
1
1
1
1
1
1
1
1
1
1
1
1
1
1
1
1
1
1
1
1
1
1
1
1
1
1
1
1
1
1
1
1
1
1
1
1
1
1
1
1
1
1
1
1
1
1
1
1
1
1
1
1
1
1
1
1
1
1
1
1
1
1
1
1
1
1
1
1
1
1
1
1
1
1
1
1
1
1
1
1
1
1
1
1
1
1
1
1
1
1
1
1
1
1
1
1
1
1
1
1
1
1
1
1
1
1
1
1
1
1
1
1
1
1
1
1
1
1
1
1
1
1
1
1
1
1
1
1
1
1
1
1
1
1
1
1
1
1
1
1
1
1
1
1
1
1
1
1
1
1
1
1
1
1
1
1
1
1
1
1
1
1
1
1
1
1
1
1
1
1
1
1
1
1
1
1
1
1
1
1
1
1
1
1
1
1
1
1
1
1
1
1
1
1
1
1
1
1
1
1
1
1
1
1
1
1
1
1
1
1
1
1
1
1
1
1
1
1
1
1
1
1
1
1
1
1
1
1
1
1
1
1
1
1
1
1
1
1
1
1
1
1
1
1
1
1
1
1
1
1
1
1
1
1
1
1
1
1
1
1
1
1
1
1
1
1
1
1
1
1
1
1
1
1
1
1
1
1
1
1
1
1
1
1
1
1
1
1
1
1
1
1
1
1
1
1
1
1
1
1
1
1
1
1
1
1
1
1
1
1
1
1
1
1
1
1
1
1
1
1
1
1
1
1
1
1
1
1
1
1
1
1
1
1
1
1
1
1
1
1
1
1
1
1
1
1
1
1
1
1
1
1
1
1
1
1
1
1
1
1
1
1
1
1
1
1
1
1
1
1
1
1
1
1
1
1
1
1
1
1
1
1
1
1
1
1
1
1
1
1
1
1
1
1
1
1
1
1
1
1
1
1
1
1
1
1
1
1
1
1
1
1
1
1
1
1
1
1
1
1
1
1
1
1
1
1
1
1
1
1
1
1
1
1
1
1
1
1
1
1
1
1
1
1
1
1
1
1
1
1
1
1
1
1
1
1
1
1
1
1
1
1
1
1
1
1
1
1
1
1
1
1
1
1
1
1
1
1
1
1
1
1
1
1
1
1
1
1
1
1
1
1
1
1
1
1
1
1
1
1
1
1
1
1
1
1
1
1
1
1
1
1
1
1
1
1
1
1
1
1
1
1
1
1
1
1
1
1
1
1
1
1
1
1
1
1
1
1
1
1
1
1
1
1
1
1
1
1
1
1
1
1
1
1
1
1
1
1
1
1
1
1
1
1
1
1
1
1
1
1
1
1
1
1
1
1
1
1
1
1
1
1
1
1
1
1
1
1
1
1
1
1
1
1
1
1
1
1
1
1
1
1
1
1
1
1
1
1
1
1
1
1
1
1
1
1
1
1
1
1
1
1
1
1
1
1
1
1
1
1
1
1
1
1
1
1
1
1
1
1
1
1
1
1
1
1
1
1
1
1
1
1
1
1
1
1
1
1
1
1
1
1
1
1
1
1
1
1
1
1
1
1
1
1
1
1
1
1
1
1
1
1
1
1
1
1
1
1
1
1
1
1
1
1
1
1
1
1
1
1
1
1
1
1
1
1
1
1
1
1
1
1
1
1
1
1
1
1
1
1
1
1
1
1
1
1
1
1
1
1
1
1
1
1
1
1
1
1
1
1
1
1
1
1
1
1
1
1
1
1
1
1
1
1
1
1
1
1
1
1
1
1
1
1
1
1
1
1
1
1
1
1
1
1
1
1
1
1
1
1
1
1
1
1
1
1
1
1
1
1
1
1
1
1
1
1
1
1
1
1
1
1
1
1
1
1
1
1
1
1
1
1
1
1
1
1
1
1
1
1
1
1
1
1
1
1
1
1
1
1
1
1
1
1
1
1
1
1
1
1
1
1
1
1
1
1
1
1
1
1
1
1
1
1
1
1
1
1
1
1
1
1
1
1
1
1
1
1
1
1
1
1
1
1
1
1
1
1
1
1
1
1
1
1
1
1
1
1
1
1
1
1
1
1
1
1
1
1
1
1
1
1
1
1
1
1
1
1
1
1
1
1
1
1
1
1
1
1
1
1
1
1
1
1
1
1
1
1
1
1
1
1
1
1
1
1
1
1
1
1
1
1
1
1
1
1
1
1
1
1
1
1
1
1
1
1
1
1
1
1
1
1
1
1
1
1
1
1
1
1
1
1
1
1
1
1
1
1
1
1
1
1
1
1
1
1
1
1
1
1
1
1
1
1
1
1
1
1
1
1
1
1
1
1
1
1
1
1
1
1
1
1
1
1
1
1
1
1
1
1
1
1
1
1
1
1
1
1
1
1
1
1
1
1
1
1
1
1
1
1
1
1
1
1
1
1
1
1
1
1
1
1
1
1
1
1
1
1
1
1
1
1
1
1
1
1
1
1
1
1
1
1
1
1
1
1
1
1
1
1
1
1
1
1
1
1
1
1
1
1
1
1
1
1
1
1
1
1
1
1
1
1
1
1
1
1
1
1
1
1
1
1
1
1
1
1
1
1
1
1
1
1
1
1
1
1
1
1
1
1
1
1
1
1
1
1
1
1
1
1
1
1
1
1
1
1
1
1
1
1
1
1
1
1
1
1
1
1
1
1
1
1
1
1
1
1
1
1
1
1
1
1
1
1
1
1
1
1
1
1
1
1
1
1
1
1
1
1
1
1
1
1
1
1
1
1
1
1
1
1
1
1
1
1
1
1
1
1
1
1
1
1
1
1
1
1
1
1
1
1
1
1
1
1
1
1
1
1
1
1
1
1
1
1
1
1
1
1
1
1
1
1
1
1
1
1
1
1
1
1
1
1
1
1
1
1
1
1
1
1
1
1
1
1
1
1
1
1
1
1
1
1
1
1
1
1
1
1
1
1
1
1
1
1
1
1
1
1
1
1
1
1
1
1
1
1
1
1
1
1
1
1
1
1
1
1
1
1
1
1
1
1
1
1
1
1
1
1
1
1
1
1
1
1
1
1
1
1
1
1
1
1
1
1
1
1
1
1
1
1
1
1
1
1
1
1
1
1
1
1
1
1
1
1
1
1
1
1
1
1
1
1
1
1
1
1
1
1
1
1
1
1
1
1
1
1
1
1
1
1
1
1
1
1
1
1
1
1
1
1
1
1
1
1
1
1
1
1
1
1
1
1
1
1
1
1
1
1
1
1
1
1
1
1
1
1
1
1
1
1
1
1
1
1
1
1
1
1
1
1
1
1
1
1
1
1
1
1
1
1
1
1
1
1
1
1
1
1
1
1
1
1
1
1
1
1
1
1
1
1
1
1
1
1
1
1
1
1
1
1
1
1
1
1
1
1
1
1
1
1
1
1
1
1
1
1
1
1
1
1
1
1
1
1
1
1
1
1
1
1
1
1
1
1
1
1
1
1
1
1
1
1
1
1
1
1
1
1
1
1
1
1
1
1
1
1
1
1
1
1
1
1
1
1
1
1
1
1
1
1
1
1
1
1
1
1
1
1
1
1
1
1
1
1
1
1
1
1
1
1
1
1
1
1
1
1
1
1
1
1
1
1
1
1
1
1
1
1
1
1
1
1
1
1
1
1
1
1
1
1
1
1
1
1
1
1
1
1
1
1
1
1
1
1
1
1
1
1
1
1
1
1
1
1
1
1
1
1
1
1
1
1
1
1
1
1
1
1
1
1
1
1
1
1
1
1
1
1
1
1
1
1
1
1
1
1
1
1
1
1
1
1
1
1
1
1
1
1
1
1
1
1
1
1
1
1
1
1
1
1
1
1
1
1
1
1
1
1
1
1
1
1
1
1
1
1
1
1
1
1
1
1
1
1
1
1
1
1
1
1
1
1
1
1
1
1
1
1
1
1
1
1
1
1
1
1
1
1
1
1
1
1
1
1
1
1
1
1
1
1
1
1
1
1
1
1
1
1
1
1
1
1
1
1
1
1
1
1
1
1
1
1
1
1
1
1
1
1
1
1
1
1
1
1
1
1
1
1
1
1
1
1
1
1
1
1
1
1
1
1
1
1
1
1
1
1
1
1
1
1
1
1
1
1
1
1
1
1
1
1
1
1
1
1
1
1
1
1
1
1
1
1
1
1
1
1
1
1
1
1
1
1
1
1
1
1
1
1
1
1
1
1
1
1
1
1
1
1
1
1
1
1
1
1
1
1
1
1
1
1
1
1
1
1
1
1
1
1
1
1
1
1
1
1
1
1
1
1
1
1
1
1
1
1
1
1
1
1
1
1
1
1
1
1
1
1
1
1
1
1
1
1
1
1
1
1
1
1
1
1
1
1
1
1
1
1
1
1
1
1
1
1
1
1
1
1
1
1
1
1
1
1
1
1
1
1
1
1
1
1
1
1
1
1
1
1
1
1
1
1
1
1
1
1
1
1
1
1
1
1
1
1
1
1
1
1
1
1
1
1
1
1
1
1
1
1
1
1
1
1
1
1
1
1
1
1
1
1
1
1
1
1
1
1
1
1
1
1
1
1
1
1
1
1
1
1
1
1
1
1
1
1
1
1
1
1
1
1
1
1
1
1
1
1
1
1
1
1
1
1
1
1
1
1
1
1
1
1
1
1
1
1
1
1
1
1
1
1
1
1
1
1
1
1
1
1
1
1
1
1
1
1
1
1
1
1
1
1
1
1
1
1
1
1
1
1
1
1
1
1
1
1
1
1
1
1
1
1
1
1
1
1
1
1
1
1
1
1
1
1
1
1
1
1
1
1
1
1
1
1
1
1
1
1
1
1
1
1
1
1
1
1
1
1
1
1
1
1
1
1
1
1
1
1
1
1
1
1
1
1
1
1
1
1
1
1
1
1
1
1
1
1
1
1
1
1
1
1
1
1
1
1
1
1
1
1
1
1
1
1
1
1
1
1
1
1
1
1
1
1
1
1
1
1
1
1
1
1
1
1
1
1
1
1
1
1
1
1
1
1
1
1
1
1
1
1
1
1
1
1
1
1
1
1
1
1
1
1
1
1
1
1
1
1
1
1
1
1
1
1
1
1
1
1
1
1
1
1
1
1
1
1
1
1
1
1
1
1
1
1
1
1
1
1
1
1
1
1
1
1
1
1
1
1
1
1
1
1
1
1
1
1
1
1
1
1
1
1
1
1
1
1
1
1
1
1
1
1
1
1
1
1
1
1
1
1
1
1
1
1
1
1
1
1
1
1
1
1
1
1
1
1
1
1
1
1
1
1
1
1
1
1
1
1
1
1
1
1
1
1
1
1
1
1
1
1
1
1
1
1
1
1
1
1
1
1
1
1
1
1
1
1
1
1
1
1
1
1
1
1
1
1
1
1
1
1
1
1
1
1
1
1
1
1
1
1
1
1
1
1
1
1
1
1
1
1
1
1
1
1
1
1
1
1
1
1
1
1
1
1
1
1
1
1
1
1
1
1
1
1
1
1
1
1
1
1
1
1
1
1
1
1
1
1
1
1
1
1
1
1
1
1
1
1
1
1
1
1
1
1
1
1
1
1
1
1
1
1
1
1
1
1
1
1
1
1
1
1
1
1
1
1
1
1
1
1
1
1
1
1
1
1
1
1
1
1
1
1
1
1
1
1
1
1
1
1
1
1
1
1
1
1
1
1
1
1
1
1
1
1
1
1
1
1
1
1
1
1
1
1
1
1
1
1
1
1
1
1
1
1
1
1
1
1
1
1
1
1
1
1
1
1
1
1
1
1
1
1
1
1
1
1
1
1
1
1
1
1
1
1
1
1
1
1
1
1
1
1
1
1
1
1
1
1
1
1
1
1
1
1
1
1
1
1
1
1
1
1
1
1
1
1
1
1
1
1
1
1
1
1
1
1
1
1
1
1
1
1
1
1
1
1
1
1
1
1
1
1
1
1
1
1
1
1
1
1
1
1
1
1
1
1
1
1
1
1
1
1
1
1
1
1
1
1
1
1
1
1
1
1
1
1
