336.108
335.108
334.108
333.108
332.108
331.108
330.108
329.108
328.108
327.108
326.108
325.108
324.108
323.108
322.694
322.279
321.865
321.451
321.037
320.622
335.694
334.694
319.622
334.279
318.622
333.865
317.622
333.451
332.451
316.622
332.037
315.622
315.208
331.622
330.622
329.622
314.208
329.208
328.208
313.208
327.794
326.794
312.794
311.794
310.794
326.38
325.38
310.38
309.38
324.966
323.966
322.966
308.966
307.966
322.551
321.551
307.551
306.551
305.551
321.137
320.137
319.137
305.137
304.137
318.723
303.723
302.723
302.309
318.309
317.309
316.309
301.309
315.895
314.895
300.895
299.895
298.895
314.48
298.48
297.48
296.48
314.066
313.066
296.066
295.066
294.066
293.066
312.652
311.652
310.652
292.652
291.652
290.652
289.652
288.652
310.238
309.238
288.238
287.238
286.238
285.238
308.823
307.823
284.823
283.823
282.823
281.823
280.823
279.823
278.823
277.823
276.823
275.823
274.823
273.823
272.823
271.823
270.823
269.823
268.823
267.823
266.823
265.823
264.823
263.823
262.823
261.823
260.823
259.823
258.823
257.823
256.823
255.823
254.823
253.823
252.823
251.823
250.823
249.823
307.409
249.409
248.409
247.409
246.409
245.409
244.409
243.409
306.995
242.995
241.995
240.995
239.995
238.995
238.581
306.581
305.581
237.581
305.167
304.167
303.167
237.167
236.167
235.167
234.167
233.167
232.167
302.752
301.752
231.752
230.752
229.752
228.752
227.752
226.752
225.752
301.338
300.338
225.338
224.338
223.338
222.338
221.338
220.338
219.338
299.924
298.924
297.924
296.924
218.924
217.924
216.924
215.924
214.924
213.924
212.924
296.51
295.51
212.51
211.51
210.51
209.51
208.51
207.51
295.096
294.096
293.096
292.096
207.096
206.096
205.096
204.096
203.096
202.096
201.096
291.681
200.681
199.681
198.681
198.267
291.267
290.267
289.267
288.267
197.267
287.853
286.853
285.853
284.853
283.853
196.853
195.853
194.853
193.853
163.853
162.853
161.853
160.853
159.853
158.853
157.853
283.439
282.439
281.439
280.439
279.439
278.439
277.439
276.439
275.439
254.439
253.439
252.439
251.439
250.439
249.439
248.439
247.439
246.439
245.439
244.439
243.439
242.439
241.439
240.439
239.439
238.439
237.439
236.439
235.439
234.439
233.439
232.439
193.439
192.439
191.439
190.439
189.439
165.439
164.439
163.439
157.439
156.439
155.439
154.439
153.439
275.853
274.853
273.853
272.853
271.853
270.853
269.853
268.853
267.853
266.853
265.853
264.853
263.853
262.853
261.853
260.853
259.853
258.853
257.853
256.853
255.853
254.853
232.024
231.024
230.024
229.024
228.024
227.024
226.024
225.024
189.024
188.024
187.024
168.024
167.024
166.024
165.024
153.024
152.024
151.024
224.61
223.61
222.61
221.61
220.61
186.61
185.61
184.61
183.61
182.61
171.61
170.61
169.61
168.61
167.61
150.61
149.61
148.61
147.61
220.196
219.196
218.196
182.196
181.196
180.196
179.196
178.196
177.196
176.196
175.196
174.196
173.196
172.196
171.196
147.196
146.196
217.782
216.782
215.782
214.782
145.782
144.782
143.782
214.368
213.368
212.368
143.368
142.368
141.953
211.953
140.953
140.539
211.539
210.539
209.539
208.539
139.539
208.125
207.125
206.125
139.125
138.125
137.125
136.125
205.711
204.711
203.711
202.711
135.711
134.711
202.297
201.297
134.297
133.297
78.2426
78.6569
79.0711
200.882
199.882
198.882
197.882
132.882
131.882
130.882
129.882
77.6569
77.2426
76.8284
76.4142
76
76.4142
76.8284
77.2426
78.0711
78.4853
78.8995
79.3137
79.7279
80.1422
80.5564
80.9706
81.3848
81.799
197.468
196.468
195.468
129.468
128.468
77.4853
77.0711
76.6569
80.799
81.2132
81.6274
82.0417
82.4559
82.8701
83.2843
84.2843
85.2843
195.054
194.054
193.054
192.054
191.054
128.054
127.054
126.054
77.3137
76.8995
76.4853
84.8701
85.8701
86.8701
87.8701
87.6691
87.2549
87.6691
88.0833
88.4975
88.9117
89.3259
89.7401
90.1544
90.5686
190.64
125.64
124.64
123.64
123.225
76.7279
76.3137
89.5686
89.9828
90.397
90.8112
91.2254
91.6396
92.0539
190.225
189.225
188.225
187.225
186.225
122.225
75.7279
91.0539
185.811
184.811
183.811
182.811
181.811
180.811
179.811
178.811
177.811
176.811
175.811
174.811
173.811
172.811
171.811
170.811
169.811
168.811
167.811
166.811
165.811
164.811
163.811
162.811
161.811
160.811
159.811
158.811
157.811
156.811
155.811
154.811
153.811
152.811
151.811
150.811
149.811
148.811
121.811
120.811
119.811
118.811
75.1421
74.7279
90.0539
90.4681
90.8823
91.2965
91.7107
148.397
147.397
146.397
145.397
144.397
143.397
118.397
117.397
116.397
115.397
74.5564
74.1421
90.7107
91.7107
92.7107
93.7107
142.983
141.983
140.983
139.983
138.983
114.983
113.983
112.983
111.983
73.5564
93.2965
94.2965
138.569
137.569
136.569
111.569
110.569
109.569
108.569
73.3848
72.9706
72.5564
93.8823
94.8823
95.8823
136.154
135.154
134.154
133.154
108.154
107.154
106.154
105.154
72.3848
95.4681
96.4681
97.4681
132.74
131.74
130.74
129.74
104.74
103.74
102.74
101.74
71.3848
97.0539
98.0539
99.0539
129.326
128.326
127.326
101.326
100.326
99.326
70.799
70.3848
98.6396
99.6396
126.912
98.9117
97.9117
96.9117
95.9117
95.4975
69.799
99.2254
100.225
101.225
126.498
125.498
94.4975
68.799
100.811
125.083
124.083
123.083
122.083
94.0833
93.0833
92.0833
91.0833
67.799
100.397
101.397
121.669
120.669
119.669
90.6691
89.6691
88.6691
87.6691
86.6691
66.799
65.4853
66.4853
67.4853
68.4853
69.4853
100.983
101.983
119.255
118.255
117.255
86.2549
85.2549
84.2549
65.799
62.0711
63.0711
64.0711
65.0711
69.8995
70.8995
71.8995
72.8995
101.569
102.569
103.569
68.1127
68.5269
68.9411
69.3554
116.841
115.841
114.841
83.8407
82.8407
81.8407
80.8407
79.8407
78.8407
64.799
60.2426
60.6569
61.6569
73.3137
74.3137
75.3137
77.1544
78.1544
79.1544
103.154
104.154
87.8112
86.8112
85.8112
84.8112
83.8112
82.8112
81.8112
80.8112
79.8112
65.4559
65.8701
66.2843
66.6985
67.1127
68.3554
68.7696
69.1838
114.426
113.426
112.426
111.426
110.426
78.4264
77.4264
76.4264
75.4264
74.4264
73.4264
63.799
59.2426
75.397
74.9828
73.3259
73.7401
74.7401
75.7401
76.7401
79.5686
80.5686
81.5686
82.5686
83.5686
104.569
105.569
89.397
88.397
87.397
79.397
78.397
77.397
76.397
75.397
74.9828
63.2132
63.6274
64.0416
64.4559
68.1838
68.598
69.0122
69.4264
110.012
109.012
108.012
107.012
73.0122
72.0122
71.0122
70.0122
69.0122
68.598
68.1838
67.7696
67.3554
66.9412
66.5269
66.1127
62.799
57.8284
58.8284
73.9828
73.5686
71.9117
72.3259
83.9828
84.9828
85.9828
86.9828
105.983
106.983
91.9828
90.9828
89.9828
88.9828
73.9828
73.5686
73.1544
72.7402
61.799
62.2132
68.4264
68.8407
106.598
105.598
104.598
103.598
102.598
65.1127
64.6985
64.2843
63.8701
63.4559
63.0416
62.6274
62.2132
61.799
56
56.4142
57.4142
72.5686
70.4975
70.9117
87.397
88.397
107.397
108.397
109.397
92.5686
91.5686
71.7402
71.3259
70.9117
60.3848
60.799
67.8407
102.184
61.2132
60.799
60.3848
59.9706
59.5564
60.799
55
71.5686
69.4975
88.8112
109.811
92.1544
69.9117
69.4975
69.0833
68.6691
59.3848
66.8407
101.77
100.77
99.7696
58.5564
59.799
54
70.5686
70.1544
67.6691
68.0833
69.0833
89.8112
90.2254
110.225
91.7402
67.6691
57.9706
58.3848
65.8407
99.3554
98.3554
97.3554
96.3554
95.3554
57.5564
57.1421
56.7279
56.3137
58.799
58.3848
53
69.1544
66.6691
91.2254
110.64
111.64
93.3259
92.3259
91.3259
66.6691
66.2549
65.8406
56.1421
56.5564
56.9706
64.8407
65.8407
94.9412
93.9412
92.9412
91.9412
90.9412
55.3137
54.8995
54.4853
57.3848
52
68.1544
65.6691
92.2254
92.6396
93.0539
112.054
113.054
92.9117
64.8406
64.4264
64.0122
63.598
54.7279
55.1421
64.4264
65.4264
90.5269
89.5269
88.5269
87.5269
86.5269
53.4853
53.0711
52.6569
52.2426
56.3848
51
67.1544
64.2549
64.6691
94.0539
94.4681
113.468
92.4975
62.598
62.1838
53.7279
64.0122
86.1127
85.1127
84.1127
83.1127
82.1127
81.1127
80.1127
79.1127
78.1127
77.1127
76.1127
75.1127
74.1127
73.1127
72.1127
71.1127
70.1127
69.1127
68.1127
67.1127
66.1127
51.2426
50.8284
55.3848
50
66.1544
63.2549
95.4681
113.882
114.882
115.882
92.0833
61.1838
60.7696
60.3554
59.9411
52.3137
52.7279
63.598
65.6985
64.6985
63.6985
62.6985
61.6985
49.8284
49.4142
54.9706
53.9706
53.5564
49
65.1544
62.2549
96.4681
96.8823
116.297
91.6691
90.6691
89.6691
58.9411
58.5269
58.1127
50.4853
50.8995
51.3137
62.1838
63.1838
61.2843
60.2843
59.2843
48.4142
48
48
52.5564
48
64.1544
61.2549
60.8406
97.8823
116.711
89.2549
57.1127
56.6985
56.2843
55.8701
61.4975
61.0833
60.6691
60.2549
59.8406
59.4264
59.0122
49.4853
61.7696
58.8701
47
47
51.5564
47
63.1544
59.8406
98.8823
117.125
88.8406
54.8701
54.4558
60.4975
58.0122
48.4853
59.3554
60.3554
61.3554
58.4559
57.4559
56.4559
55.4559
46
50.5564
46
62.7401
58.8406
99.8823
100.297
117.539
88.4264
87.4264
53.4558
62.0833
61.0833
60.0833
57.0122
56.598
56.1838
47.0711
47.4853
57.9411
58.9411
55.0416
54.0416
53.0416
45
49.5564
49.1421
45
62.3259
57.8406
101.297
101.711
102.125
115.953
116.953
117.953
87.0122
86.0122
85.0122
84.0122
52.4558
52.0416
51.6274
51.2132
62.6691
61.6691
55.1838
54.7696
54.3554
46.0711
56.5269
57.5269
52.6274
51.6274
50.6274
44
44
48.1421
44
61.9117
56.8406
56.4264
56.0122
103.125
103.539
116.368
83.598
82.598
50.2132
49.799
49.3848
64.2549
63.2549
62.2549
53.3554
52.9411
44.6569
45.0711
55.1127
56.1127
50.2132
49.2132
43
43
47.1421
43
61.4975
55.0122
104.539
104.953
115.782
116.782
82.1838
81.1838
80.1838
48.3848
47.9706
47.5563
64.8406
63.8406
51.9411
51.5269
43.2426
43.6569
52.6985
53.6985
54.6985
51.5269
51.1127
50.6985
50.2843
49.8701
49.4558
49.0416
48.799
47.799
42
46.1421
45.7279
42
42
42
61.0833
54.0122
53.598
105.953
106.368
115.196
116.196
79.7696
78.7696
77.7696
76.7696
46.5563
46.1421
45.7279
65.4264
64.4264
50.5269
50.1127
41.4142
41.8284
42.2426
50.2843
51.2843
52.2843
51.3554
50.9411
50.5269
48.0416
47.6274
47.2132
46.799
47.3848
46.3848
45.9706
41
44.7279
41
60.6691
52.598
52.1838
107.368
107.782
108.196
108.61
112.61
113.61
114.61
115.61
76.3554
75.3554
67.3554
66.3554
65.3554
64.3554
63.3554
62.3554
61.3554
60.3554
59.3554
58.3554
44.7279
44.3137
43.8995
43.4853
67.0122
66.0122
65.0122
49.1127
48.6985
48.2843
40
40.4142
47.8701
48.8701
49.8701
51.9411
50.9411
45.799
45.3848
44.9706
44.9706
44.5564
40
40
40
43.7279
40
60.2549
51.1838
50.7696
109.61
110.024
111.024
112.024
113.024
75.7696
74.7696
69.7696
68.7696
67.7696
57.9411
56.9411
55.9411
42.4853
42.0711
67.598
66.598
47.2843
46.8701
39
39
46.4559
47.4559
51.5269
43.9706
43.5563
43.1421
43.5564
43.1421
39
42.7279
42.3137
39
39
59.8406
58.8406
57.8406
49.7696
75.1838
70.1838
55.5269
54.5269
53.5269
52.5269
41.0711
40.6569
40.2426
68.1838
67.1838
45.8701
45.4558
38
38
38
38
46.0416
51.1127
42.1421
41.7279
41.3137
42.1421
38
38
41.3137
38
57.4264
48.7696
48.3553
47.9411
75.598
71.1838
52.1127
39.2426
38.8284
38.4142
67.7696
44.4558
37
44.6274
45.6274
50.6985
40.3137
41.1421
40.7279
37
40.3137
37
57.0122
46.9411
76.0122
72.1838
51.6985
50.6985
37.4142
67.3553
43.4558
43.0416
42.6274
39.3137
38.8995
38.4853
38.0711
37.6569
37.2426
36.8284
36.4142
36
36
36
36
36
36
36
36
43.2132
44.2132
50.2843
39.3137
38.8995
39.7279
36
39.3137
36
56.598
45.9411
45.5269
76.4264
73.1838
50.2843
49.2843
48.2843
47.2843
36.4142
36
67.9411
66.9411
41.6274
41.2132
39.5563
39.1421
38.7279
38.3137
40.799
41.799
42.799
49.8701
37.8995
37.4853
37.0711
39.3137
38.3137
37.8995
35
38.8995
37.8995
37.4853
35
35
56.1838
55.1838
44.5269
44.1127
77.8406
76.8406
74.1838
74.598
46.8701
45.8701
35
35
70.5269
69.5269
68.5269
67.5269
40.2132
39.799
39.3848
38.9706
38.5563
39.3848
40.3848
38.1421
38.5563
38.9706
39.3848
39.799
40.2132
40.6274
41.0416
41.4558
41.8701
42.2843
42.6985
43.6985
44.6985
45.6985
49.4558
48.4558
36.0711
35.6569
35.2426
36.8995
34
34
36.4853
34
54.7696
43.1127
42.6985
42.2843
41.8701
79.2549
78.2549
75.598
76.0122
45.4558
44.4558
34
34
34
34
71.1127
70.1127
38.799
38.3848
37.9706
37.5563
38.3848
37.9706
38.9706
34.2426
34.6569
35.0711
35.4853
35.8995
36.3137
36.7279
37.1421
45.2843
46.2843
47.2843
48.2843
49.2843
49.1127
48.1127
47.1127
46.1127
45.1127
44.1127
43.1127
42.1127
41.6985
41.2843
40.8701
40.4558
48.0416
47.0416
46.0416
34.2426
33.8284
33.4142
35.8995
35.4853
33
35.4853
33
33
54.3553
53.3553
40.8701
40.4558
80.6691
79.6691
77.0122
44.0416
43.0416
42.0416
33
33
73.6985
72.6985
71.6985
70.6985
36.5563
36.1421
35.7279
35.3137
37.799
37.3848
36.5564
37.5564
32.4142
32.8284
33.2426
39.4558
39.0416
38.6274
38.2132
37.799
37.3848
36.9706
36.5563
45.6274
44.6274
32.4142
32
34.4853
32
34.4853
34.0711
32
52.9411
39.4558
39.0416
81.0833
78.0122
78.4264
41.6274
40.6274
39.6274
32
32
75.2843
74.2843
73.2843
34.3137
33.8995
33.4853
33.0711
32.6569
36.799
34.7279
35.1421
36.1421
31
31
31
31.4142
35.5563
35.1421
34.7279
34.3137
33.8995
33.4853
44.2132
43.2132
42.2132
31
31
33.4853
33.0711
31
33.0711
31
31
31
52.5269
51.5269
50.5269
38.0416
37.6274
37.2132
36.799
83.4975
82.4975
81.4975
79.4264
79.8406
80.8406
39.2132
38.2132
31
77.8701
76.8701
75.8701
74.8701
31.6569
31.2426
30.8284
30.4142
30
35.799
33.7279
30
30
32.4853
32.0711
31.6569
31.2426
41.799
30
30
30
30
32.0711
30
30
30
32.0711
30
50.1127
35.799
35.3848
34.9706
34.5563
83.9117
81.2549
37.799
30
30
30
77.4558
29
34.799
32.3137
32.7279
29
30.2426
41.3848
40.3848
39.3848
38.3848
29
31.0711
29
31.0711
29
49.6985
33.5563
84.3259
82.2549
37.3848
36.3848
35.3848
29
82.0416
81.0416
80.0416
79.0416
78.0416
77.0416
28
28
28
28
28
33.799
31.3137
28
28
29.2426
28.8284
28.4142
37.9706
36.9706
35.9706
34.9706
28
28
30.0711
28
30.0711
29.6569
28
28
49.2843
48.2843
32.5563
32.1421
31.7279
85.3259
83.2549
34.9706
33.9706
28
28
89.6274
88.6274
87.6274
86.6274
85.6274
84.6274
83.6274
82.6274
81.6274
27
27
27
27
32.799
32.3848
29.8995
30.3137
27
27
27
27.4142
27
27
27
34.5563
33.5563
32.5563
27
29.6569
28.6569
28.2426
27
28.6569
27
47.8701
46.8701
30.7279
30.3137
29.8995
29.4853
86.3259
84.2549
84.6691
33.5563
32.5563
27
27
101.213
100.213
99.2132
98.2132
97.2132
96.2132
95.2132
94.2132
93.2132
92.2132
91.2132
90.2132
89.2132
26
26
31.3848
28.8995
26
26
26
26
32.1421
31.1421
30.1421
29.7279
26
26
27.2426
26
27.6569
26
26
46.4558
45.4558
28.4853
28.0711
27.6569
87.3259
86.9117
86.4975
85.2549
32.1421
31.1421
30.1421
26
117.799
116.799
115.799
114.799
113.799
112.799
111.799
110.799
109.799
108.799
107.799
106.799
105.799
104.799
103.799
102.799
101.799
100.799
54.799
53.799
52.799
51.799
50.799
49.799
48.799
47.799
46.799
45.799
44.799
43.799
42.799
41.799
40.799
25
25
25
30.9706
29.9706
27.0711
27.4853
28.4853
25
25
25
25
28.7279
28.3137
25
25
26.2426
25
26.6569
26.2426
25
45.0416
26.6569
26.2426
25.8284
25.4142
87.4975
86.2549
29.7279
28.7279
25
25
25
118.213
59.2132
58.2132
57.2132
56.2132
55.2132
40.3848
39.3848
38.3848
37.3848
36.3848
35.3848
24
24
24
29.5563
28.5563
26.0711
24
24
24
24
24
27.3137
26.8995
24
25.2426
24.8284
24
24
25.2426
24
24
24
44.6274
43.6274
42.6274
24.4142
24
88.4975
88.0833
86.4264
86.8406
87.2549
28.3137
27.3137
24
118.627
63.6274
62.6274
61.6274
60.6274
59.6274
34.9706
33.9706
32.9706
23
23
28.1421
27.1421
26.7279
24.6569
25.0711
23
23
23
23
23
25.8995
25.4853
23
23
23
23.8284
23
24.2426
23
23
42.2132
41.2132
23
23
23
23
89.0833
88.6691
88.2549
86.598
87.0122
87.4264
26.8995
25.8995
23
23
119.042
66.0416
65.0416
64.0416
32.5563
31.5563
30.5563
29.5563
28.5563
22
22
25.7279
25.3137
23.6569
22
22
22
24.4853
22
22.8284
22
23.2426
22
22
40.799
39.799
22
22
22
89.2549
88.8406
88.4264
88.0122
87.598
87.1838
87.598
25.4853
24.4853
24.0711
22
119.456
66.4558
28.1421
21
24.3137
22.6569
21
21
21
23.4853
21
21
21.8284
21
22.2426
21
39.3848
21
21
21
21
23.0711
21
119.87
69.8701
68.8701
67.8701
67.4558
27.7279
26.7279
25.7279
24.7279
20
23.8995
22.8995
21.2426
21.6569
20
24.8995
25.8995
26.8995
27.8995
28.8995
29.8995
30.8995
31.8995
32.8995
33.8995
34.8995
35.8995
20
23.0711
22.0711
21.6569
20
20.8284
20
21.8284
20.8284
20.4142
20
38.9706
37.9706
20
22.0711
20
120.284
72.2843
71.2843
70.2843
24.3137
23.3137
19
19
22.4853
21.4853
20.2426
19
19
21.4853
22.4853
23.4853
24.4853
36.3137
37.3137
38.3137
39.3137
40.3137
19
19
20.6569
20.2426
19
19.8284
19.4142
19
19.4142
19
19
37.5563
36.5563
35.5563
34.5563
19
19
19
19
19
21.0711
20.6569
19
19
120.698
75.6985
74.6985
73.6985
72.6985
22.8995
21.8995
20.8995
18
21.0711
20.0711
19.6569
19.2426
18
20.0711
21.0711
40.7279
41.7279
42.7279
43.7279
43.8995
42.8995
33.8995
32.8995
31.8995
30.8995
29.8995
28.8995
27.8995
26.8995
25.8995
24.8995
23.8995
18
18
18
19.2426
18
18.4142
18
18.4142
18
18
18
34.1421
33.1421
18
18
18
19.6569
19.2426
18
121.113
79.1127
78.1127
77.1127
76.1127
20.4853
19.4853
19.0711
17
17
17
18.6569
17.8284
18.2426
17
17
17
18.2426
18.6569
19.6569
43.3137
42.3137
41.3137
40.3137
39.3137
38.3137
37.3137
36.3137
35.3137
34.3137
23.4853
22.4853
21.4853
20.4853
19.4853
17
18.2426
17.8284
17
17
17.4142
17
17.4142
17
32.7279
31.7279
30.7279
29.7279
17
17
17
17
18.2426
17
121.527
82.5269
81.5269
80.5269
79.5269
18.0711
17.6569
16
17.6569
17.2426
16.8284
16
16.8284
17.2426
19.0711
18.0711
16
16
16.8284
16
16.4142
16
16.4142
16
16
29.3137
28.3137
27.3137
16
16
16
16
17.2426
16.8284
16
16
121.941
120.941
119.941
118.941
117.941
116.941
115.941
114.941
113.941
88.9411
87.9411
86.9411
85.9411
84.9411
83.9411
82.9411
16.6569
16.2426
15
16.2426
15.8284
15
15
15.4142
15.8284
17.6569
16.6569
15
15.8284
15
15.4142
15
15.4142
15
15
15
26.8995
25.8995
24.8995
23.8995
22.8995
15
15
15
15
15
15
15
15
15
15.8284
15
114.355
113.355
112.355
111.355
110.355
109.355
108.355
107.355
106.355
105.355
104.355
103.355
102.355
101.355
100.355
99.3553
98.3553
97.3553
96.3553
95.3553
94.3553
93.3553
92.3553
91.3553
90.3553
89.3553
15.2426
14
14
15.2426
14.8284
14.8284
14
14.4142
16.2426
15.2426
14.8284
14
14
14.8284
14
14.4142
14
14
14
22.4853
21.4853
20.4853
19.4853
18.4853
17.4853
14
14
14
14
14
14
14
14
14
14
14
14
14
14
14
14
15.4142
14.4142
14
14
13
13
13
13
13
13
13
13
14.2426
13
13.8284
13.8284
13
13.4142
13.8284
13
13.8284
13
13.4142
13
13
13
17.0711
13
13
13
13
13
13
13
13
13
13
13
13
13
13
13
13
12
12
13.8284
12.8284
12.4142
12
12.8284
12.8284
12
12
12.4142
12.8284
12.4142
12
13.4142
12.4142
12
12
12.4142
12
12
12
12
16.6569
15.6569
14.6569
13.6569
12
12
12
12
12
11
11
11
11
11.4142
11
11.8284
11.8284
11
11
11
11.4142
11
11
11
11
11
11
11
11
11
13.2426
12.2426
11.8284
11
11
11
11
11
11
11
11
11
11
11
11
11
11
10
10
10
10
10
10.4142
10
10.8284
10
10.4142
11.4142
10
10
10.4142
10
10
10
10
10
10
10
10.8284
10
10
10
10
10
9
9
9
9.41421
9
9
9.82843
9
9
9
9.41421
9
9
9
9
9
9
9
9
10.4142
9.41421
9
9
9
9
8
8
8
8
8
9.41421
8.41421
8
8
8
8
8
8
8
8
8
8
8
8
8
8
8
8
8
7
7
7
7
7
7
7
7
7
7
7
7
7
7
7
7
7
7
7
7
6
6
6
6
6
6
6
6
6
6
6
6
6
6
6
6
6
6
6
6
6
6
6
6
6
6
6
6
6
6
6
6
6
6
6
6
6
6
6
6
6
6
6
6
6
6
6
6
6
6
6
6
6
6
6
6
6
6
6
6
6
6
6
6
6
6
6
6
6
6
6
6
6
6
6
6
6
6
6
6
6
6
6
6
6
6
6
6
6
6
6
6
6
6
6
6
6
6
6
6
6
6
6
6
6
6
6
6
6
6
6
6
6
6
6
6
6
6
6
6
6
6
6
6
6
6
6
6
6
6
6
6
6
6
6
6
6
6
6
6
6
6
6
6
6
6
6
6
6
6
6
6
6
6
6
6
6
6
6
6
6
6
6
6
6
6
6
6
6
6
6
6
6
6
6
6
6
6
6
6
6
6
6
6
6
6
6
6
6
6
6
6
6
6
6
6
6
6
6
6
6
6
6
6
6
6
6
6
6
6
6
6
6
6
6
6
6
6
6
6
6
6
6
6
6
6
6
6
6
6
6
6
6
6
6
6
6
6
6
6
6
6
6
6
6
6
6
6
6
6
6
6
6
6
6
6
6
6
6
6
6
6
6
6
6
6
6
6
6
6
6
6
6
6
6
6
6
6
6
6
6
6
6
6
6
6
6
6
6
6
6
6
6
6
6
6
6
6
6
6
6
6
6
6
6
6
6
6
6
6
6
6
6
6
6
6
6
6
6
6
6
6
6
6
6
6
6
6
