133.64
132.64
131.64
130.64
129.64
128.64
127.64
126.64
125.64
124.64
123.64
122.64
121.64
120.64
119.64
118.64
117.64
116.64
115.64
114.64
142.225
141.225
140.225
139.225
138.225
137.225
136.225
135.225
134.225
133.225
114.225
113.225
112.811
112.397
111.983
111.569
145.811
144.811
143.811
142.811
141.811
110.569
110.154
109.74
109.326
108.912
108.498
149.397
148.397
147.397
146.397
145.397
107.498
107.083
106.669
106.255
105.841
150.983
149.983
148.983
104.841
104.426
104.012
103.598
103.184
149.238
150.238
151.238
150.569
102.184
101.77
101.355
100.941
100.527
100.113
146.409
146.823
147.823
148.823
99.1127
98.6985
98.2843
97.8701
145.409
96.8701
143.995
144.995
95.8701
95.4559
95.0417
94.6274
94.2132
141.581
142.581
143.581
93.2132
92.799
92.3848
139.167
140.167
141.167
91.3848
90.9706
90.5564
90.1422
92.0416
92.4559
92.8701
93.2843
93.6985
94.1127
94.5269
94.9412
95.3554
95.7696
96.1838
96.598
97.0122
97.4264
97.8407
136.752
137.752
138.752
89.1422
88.7279
88.9706
89.3848
89.799
90.2132
90.6274
91.0416
96.8407
97.2549
97.6691
98.0833
98.4975
99.4975
100.498
135.338
136.338
87.7279
87.3137
86.8995
86.3137
86.7279
87.1421
87.5564
87.9706
100.083
101.083
102.083
103.083
131.924
132.924
133.924
134.924
85.8995
85.4853
85.0711
83.6569
84.0711
84.4853
84.8995
85.3137
102.669
103.669
104.669
105.669
129.096
129.51
130.51
131.51
84.0711
83.6569
82.6569
82.2426
82.6569
105.255
106.255
107.255
127.681
128.096
82.6569
82.2426
81.6569
106.841
126.681
81.2426
81.0711
80.6569
106.426
107.426
108.426
124.267
125.267
126.267
80.2426
81.3137
80.8995
80.4853
80.0711
108.012
109.012
120.853
121.853
122.853
123.853
79.2426
78.8284
78.4142
80.7279
80.3137
108.598
109.598
116.439
117.439
118.439
119.439
120.439
121.77
120.77
119.77
118.77
117.77
116.77
115.77
114.77
113.77
112.77
111.77
110.77
109.77
108.77
107.77
106.77
105.77
104.77
77.4142
77
80.5563
80.1421
79.7279
109.184
110.184
111.184
112.024
113.024
114.024
115.024
116.024
127.184
126.184
125.184
124.184
123.184
122.184
104.355
103.355
102.355
101.355
100.355
76
79.9706
79.5563
110.77
111.77
108.61
109.61
110.61
111.61
131.598
130.598
129.598
128.598
127.598
99.9412
98.9412
97.9412
96.9412
95.9412
75
75
79.3848
78.9706
111.355
112.355
104.196
105.196
106.196
107.196
108.196
135.012
134.012
133.012
132.012
95.5269
94.5269
93.5269
92.5269
74
78.799
78.3848
111.941
112.941
100.368
100.782
101.782
102.782
103.782
135.426
92.1127
73
73
77.799
112.527
99.3676
138.841
137.841
136.841
136.426
91.6985
90.6985
89.6985
72
76.799
112.113
95.9534
96.9534
97.9534
98.9534
142.255
141.255
140.255
139.255
89.2843
88.2843
71
76.6274
76.2132
75.799
111.699
112.699
113.699
93.5392
94.5392
95.5392
145.539
144.669
143.669
142.669
87.8701
86.8701
85.8701
84.8701
70
70
70
75.6274
113.284
90.1249
91.1249
92.1249
93.1249
143.125
144.125
145.125
84.4559
83.4559
69
75.0416
74.6274
112.87
113.87
88.7107
89.7107
138.711
139.711
140.711
141.711
142.711
83.0417
82.0417
81.0417
80.0417
68
74.0416
113.456
86.4681
86.8823
87.2965
88.2965
135.297
136.297
137.297
138.297
79.6274
78.6274
67
73.0416
113.042
85.0539
85.4681
131.882
132.882
133.882
134.882
78.2132
77.2132
66
72.0416
112.627
113.627
83.6397
84.0539
128.468
129.468
130.468
131.468
76.799
75.799
74.799
73.799
65
65
71.0416
113.213
82.2254
82.6397
128.054
73.3848
64
70.0416
112.799
81.2254
123.64
124.64
125.64
126.64
127.64
72.9706
71.9706
63
69.4558
69.0416
112.385
79.397
79.8112
80.2254
119.225
120.225
121.225
122.225
123.225
71.5564
70.5564
69.5564
62
70.5269
70.1127
69.6985
69.2843
68.8701
68.4559
68.0417
67.6274
67.2132
68.4558
67.9706
68.9706
69.9706
70.9706
71.9706
72.9706
73.9706
74.9706
75.9706
76.9706
111.971
77.9828
78.397
115.811
116.811
117.811
118.811
69.1422
68.1422
67.1422
61
69.5269
66.2132
65.799
65.3848
64.9706
64.5564
64.1422
67.4558
67.0416
64.5564
65.5564
66.5564
67.5564
77.3848
78.3848
79.3848
80.3848
112.385
76.5686
76.9828
112.397
113.397
114.397
115.397
66.7279
65.7279
60
60
68.5269
63.1422
62.7279
62.3137
61.8995
66.0416
63.1421
64.1421
80.799
81.799
82.799
83.799
112.799
74.7402
75.1544
75.5686
107.983
108.983
109.983
110.983
111.983
65.3137
64.3137
63.3137
59
67.5269
60.8995
60.4853
60.0711
65.0416
61.3137
61.7279
62.7279
84.2132
85.2132
113.213
73.7402
105.569
106.569
107.569
62.8995
61.8995
58
66.5269
59.0711
58.6569
58.2426
57.8284
64.0416
59.8995
60.3137
85.6274
86.6274
112.627
113.627
72.3259
72.7402
102.154
103.154
104.154
105.154
61.4853
60.4853
59.4853
57
57
57
66.1127
56.8284
56.4142
56
63.0416
58.4853
58.8995
87.0416
88.0416
113.042
70.9117
71.3259
99.7402
100.74
101.74
59.0711
58.0711
57.6569
56
65.6985
55
55
55
62.0416
57.4853
88.4559
113.456
69.4975
69.9117
99.3259
55.4142
55
55
55
55
55
55
55
56.6569
55
55
65.2843
54
61.0416
56.0711
56.4853
89.4559
89.8701
90.8701
113.87
68.4975
96.9117
97.9117
98.9117
54.4142
54
55.6569
54
64.8701
53
53
53
60.0416
55.0711
91.2843
92.2843
113.284
114.284
66.6691
67.0833
67.4975
94.4975
95.4975
96.4975
54.2426
53.8284
53.4142
53
53
53
53
53
54.6569
54.2426
53
53
64.4559
52
52
59.0416
54.0711
92.6985
93.6985
94.6985
95.6985
111.699
112.699
113.699
65.2549
65.6691
92.0833
93.0833
94.0833
54.0711
53.6569
53.2426
52
52
53.2426
52.8284
52
52.4142
64.0417
51
51
51
58.4558
58.0416
52.2426
52.6569
53.6569
96.1127
97.1127
111.113
112.113
63.8406
64.2549
90.6691
91.6691
53.4853
53.0711
51
51
51.8284
51.4142
51.8284
52.2426
63.6274
50
50
50
57.4558
51.2426
97.5269
98.5269
99.5269
109.527
110.527
111.527
61.598
62.0122
62.4264
62.8406
88.2549
89.2549
90.2549
52.8995
52.4853
50
50
51.4142
50.4142
50
51.2426
51.6569
63.2132
49
49
56.4558
50.2426
99.9412
100.941
101.941
102.941
103.941
104.941
105.941
106.941
107.941
108.941
109.941
54.3848
53.9706
53.5563
53.1421
52.7279
52.3137
60.1838
60.598
85.8406
86.8406
87.8406
52.7279
52.3137
51.8995
49
49
49
49
50.6569
51.0711
51.4853
62.799
48
48
48
55.4558
49.2426
55.4558
55.0416
54.6274
54.2132
53.799
53.3848
51.3137
50.8995
50.4853
50.0711
49.6569
49.2426
48.8284
57.9411
58.3554
58.7696
59.1838
84.4264
85.4264
51.7279
48
48
48
50.4853
50.8995
51.3137
51.7279
52.1421
62.3848
47
47
88.4975
87.4975
86.4975
85.4975
84.4975
83.4975
82.4975
81.4975
81.0833
55.2843
54.8701
54.4558
48.2426
55.2843
54.8701
54.4558
47.8284
47.4142
47
47
47
47
56.1127
56.5269
56.9411
84.0122
50.7279
47
47
51.1421
51.5563
51.9706
52.3848
52.799
61.9706
46
88.0833
80.0833
54.2843
47.2426
54.2843
46
55.1127
82.598
83.598
49.7279
46
46
51.799
61.0122
45
45
45
45
90.6691
89.6691
88.6691
87.6691
79.6691
78.6691
77.6691
76.6691
75.6691
74.6691
53.2843
46.2426
45.8284
46.2426
46.6569
47.0711
47.4853
47.8995
53.6985
53.2843
45
45
45
45
45
52.8701
53.2843
53.6985
54.1127
81.1838
82.1838
49.1421
48.7279
45
45
45
50.799
51.2132
51.6274
52.0416
52.4558
52.8701
53.2843
53.6985
54.1127
54.5269
60.598
60.1422
59.1422
58.1422
57.1422
56.1422
55.1422
44
44
93.2549
92.2549
91.2549
90.2549
74.2549
73.2549
72.2549
71.2549
52.6985
52.2843
45.2426
44
44
44
44.4142
44.8284
46.8995
47.3137
47.7279
48.1421
48.5563
53.5269
53.1127
52.6985
44
44
44
44.4142
44.8284
45.2426
45.6569
49.799
50.2132
50.6274
51.0416
51.4559
51.8701
78.7696
79.7696
80.7696
48.1421
44
44
53.5269
53.9411
54.3554
54.7696
55.1838
55.598
56.598
57.598
58.598
59.598
54.7279
53.7279
52.7279
51.7279
50.7279
49.7279
43
43
95.8406
94.8406
93.8406
92.8406
70.8406
69.8406
68.8406
52.1127
51.6985
44.2426
43
43
47.5563
47.9706
48.3848
48.799
52.9411
52.5269
44.6569
45.0711
45.4853
45.8995
46.3137
46.7279
47.1421
47.5563
47.9706
48.3848
48.799
77.3554
78.3554
47.1421
43
43
43
59.1838
49.3137
48.3137
47.3137
46.3137
42
42.4142
42.8284
43.2426
96.4264
95.4264
68.4264
67.4264
66.4264
65.4264
51.5269
51.1127
43.2426
42
42
42
42
47.799
48.2132
52.3554
51.9411
76.9411
46.1421
42
42
58.7696
45.8995
44.8995
43.8995
43.4853
42.2426
42.6569
97.0122
96.0122
65.0122
64.0122
63.0122
62.0122
61.0122
52.1838
51.7696
51.3554
50.9411
50.5269
42.2426
41.8284
41.4142
41
41
47.2132
47.6274
51.3554
75.5269
76.5269
45.1421
41
41
58.3554
42.4853
42.0711
41.6569
42.0711
97.598
96.598
60.598
59.598
58.598
57.598
56.598
55.598
54.598
53.598
52.598
51.598
51.1838
40.4142
40
40
46.6274
51.1838
50.7696
50.3554
73.1127
74.1127
75.1127
44.1421
43.7279
40
40
57.9411
41.0711
40.6569
41.0711
41.4853
41.8995
99.1838
98.1838
97.1838
39.4142
39
39
39
45.6274
46.0416
50.1838
71.6985
72.6985
42.7279
39
39.4142
39.8284
39
57.5269
39.6569
40.8995
41.3137
99.7696
98.7696
38.4142
38
38
38
45.0416
49.7696
71.2843
41.7279
38.8284
38
57.1127
38.6569
38.2426
40.3137
99.3553
37
37
44.0416
49.3554
69.8701
70.8701
40.7279
37.8284
37
56.6985
37.2426
39.3137
39.7279
98.9411
36
36
43.0416
48.9411
68.4558
69.4558
39.7279
36.8284
36
56.2843
36.8284
35.8284
35.4142
38.7279
39.1421
98.5269
35
35
35
42.0416
48.5269
66.0416
67.0416
68.0416
39.3137
38.3137
37.8995
35.8284
35
35
35
55.8701
34.4142
38.1421
98.1127
34
34
34
34
41.0416
48.1127
63.6274
64.6274
65.6274
36.8995
34.8284
34
55.4558
33.4142
37.1421
97.6985
96.6985
33
33
33
40.0416
47.6985
46.6985
45.6985
61.2132
62.2132
63.2132
35.8995
35.4853
33.8284
33
55.0416
32.4142
32
35.7279
36.1421
96.2843
95.2843
94.2843
32
32
32
32
39.0416
45.2843
58.799
59.799
60.799
34.4853
32.8284
32
54.6274
31
34.7279
93.8701
92.8701
31
31
31
31
31
38.0416
44.8701
43.8701
55.3848
56.3848
57.3848
58.3848
33.4853
31.8284
31
54.2132
30
33.7279
92.4558
30
30
30
37.0416
43.4558
54.9706
32.4853
30.8284
30
53.799
29
32.3137
32.7279
92.0416
91.0416
29
29
36.0416
43.0416
51.5563
52.5563
53.5563
54.5563
31.4853
31.0711
29.8284
29
43.3848
44.3848
45.3848
46.3848
47.3848
48.3848
49.3848
50.3848
51.3848
52.3848
53.3848
28
31.3137
90.6274
89.6274
28
28
28
28
34.6274
35.6274
42.6274
41.6274
39.1421
40.1421
41.1421
42.1421
43.1421
44.1421
45.1421
46.1421
47.1421
48.1421
49.1421
50.1421
51.1421
30.0711
28.8284
28
28
37.9706
38.9706
39.9706
40.9706
41.9706
42.9706
27
29.8995
30.3137
89.2132
88.2132
87.2132
86.2132
27
27
34.2132
41.2132
40.2132
39.2132
33.7279
34.7279
35.7279
36.7279
37.7279
38.7279
29.6569
28.6569
28.2426
27.8284
27
34.5563
35.5563
36.5563
37.5563
26
26
28.8995
85.799
84.799
26
26
26
26
26
26
32.799
33.799
38.799
37.799
36.799
30.3137
31.3137
32.3137
33.3137
27.2426
26.8284
26
32.1421
33.1421
34.1421
25
27.0711
27.4853
28.4853
84.3848
83.3848
82.3848
81.3848
25
25
25
31.3848
32.3848
36.3848
35.3848
27.8995
28.8995
29.8995
26.2426
25.8284
25
29.7279
30.7279
31.7279
24
25.6569
26.0711
80.9706
79.9706
78.9706
24
24
24
24
30.9706
34.9706
33.9706
32.9706
31.9706
26.4853
27.4853
25.2426
24.8284
24.8284
24
27.3137
28.3137
29.3137
23
23
23
24.6569
78.5563
77.5563
76.5563
75.5563
74.5563
44.5563
43.5563
42.5563
41.5563
40.5563
39.5563
38.5563
37.5563
36.5563
35.5563
34.5563
33.5563
32.5563
31.5563
30.5563
29.5563
23
23
23
28.5563
29.5563
30.5563
31.5563
30.5563
29.5563
24.6569
25.0711
26.0711
23.8284
23.8284
23
25.4853
25.8995
26.8995
22
23.2426
23.6569
74.9706
73.9706
72.9706
71.9706
70.9706
49.9706
48.9706
47.9706
46.9706
45.9706
44.9706
29.1421
28.1421
27.1421
26.1421
25.7279
22
22
22
22
22
26.1421
27.1421
28.1421
29.1421
28.1421
27.1421
26.1421
23.6569
22.8284
22.8284
22
24.4853
21
22.2426
71.3848
50.3848
24.7279
21
21
21
21
25.7279
25.7279
22.6569
21.8284
21.8284
21
21
23.4853
20
21.2426
71.799
70.799
69.799
68.799
67.799
66.799
65.799
58.799
57.799
56.799
55.799
54.799
53.799
52.799
51.799
51.3848
24.3137
23.3137
20
20
24.3137
25.3137
25.3137
24.3137
21.2426
21.6569
20.8284
20.4142
20.8284
20
22.0711
22.4853
19
19
20.2426
66.2132
65.2132
64.2132
63.2132
62.2132
61.2132
60.2132
59.2132
22.8995
21.8995
19
19
19
21.8995
22.8995
23.8995
23.8995
22.8995
21.8995
21.4853
20.2426
19
19
19
19
19
19
19.4142
19.8284
19
20.6569
21.0711
18
18.4142
18.8284
19.8284
21.4853
20.4853
20.0711
18
18
18
18
20.4853
21.4853
20.4853
20.0711
18.8284
19.2426
18
18
18
18
18
18
18
18
18
18
18.4142
18.8284
18
19.2426
19.6569
17
17
17.4142
19.0711
18.6569
17
17
17
19.0711
20.0711
19.0711
17.8284
17
17
17
17
17
17
17
17
17.4142
17
17.4142
18.4142
17
18.2426
16
16.4142
17.6569
17.2426
16
16
16
16
17.2426
17.6569
18.6569
18.6569
17.6569
16.8284
16
16
16
16
16.4142
16
16
16
16.4142
16.8284
17.8284
15
15
15
15.4142
16.2426
15
15
15
15.8284
16.2426
17.2426
16.2426
15.8284
15.8284
15
15
15
15
15
15
15
15.4142
14
14
15.2426
14.8284
14
14
14
14.8284
14.8284
14
14.4142
15.4142
14
14
14
14
14
14
14.4142
13
13
13.8284
13
13
13.8284
13.8284
13
13
13
13
13
13
13
13.4142
12
12
12.8284
12
12
12.4142
12.8284
12.8284
12.4142
12
12
12
12
12
12
12
12.4142
11
11
11
11
11.8284
11
11
11
11.4142
11.4142
11
11
11
11
11
11
11
11
11
11
11
10
10
11.4142
10.4142
10
10
10
10
10.4142
10
10
10
10
10
10.4142
10
10
10
10
10
10
10
9
9
9
9
9
9
9.41421
9
9
9
9
9.41421
9
9
9
9
9
9
9
8
8
8
8
8
8
8
8
8.41421
8
8
8
8
8
8
8
8
7
7
7
7
7
7
7
7
7
7
7
7
7
7
7
7
7
7
6
6
6
6
6
6
6
6
6
6
6
6
6
6
6
6
6
6
6
6
6
6
6
6
6
6
6
6
6
6
6
6
6
6
6
6
6
6
6
6
6
6
6
6
6
6
6
6
6
6
6
6
6
6
6
6
6
6
6
6
6
6
6
6
6
6
6
6
6
6
6
6
6
6
6
6
6
6
6
6
6
6
6
6
6
6
6
6
6
6
6
6
6
6
6
6
6
6
6
6
6
6
6
6
6
6
6
6
6
6
6
6
6
6
6
6
6
6
6
6
6
6
6
6
6
6
6
6
6
6
6
6
6
6
6
6
6
6
6
6
6
6
6
6
6
6
6
6
6
6
6
6
6
6
6
6
6
6
6
6
6
6
6
6
6
6
6
6
6
6
6
6
6
6
6
6
6
6
6
6
6
6
6
6
6
6
6
6
6
6
6
6
6
6
6
6
6
6
6
6
6
6
6
6
6
6
6
6
6
6
6
6
6
6
6
6
6
6
6
6
6
6
6
6
6
6
6
6
6
6
6
6
6
6
6
6
6
6
6
6
6
6
6
6
6
6
6
6
6
6
6
6
6
6
6
6
6
6
6
6
6
6
6
6
6
6
6
6
6
6
6
6
6
6
6
6
6
6
6
6
6
6
6
6
6
6
6
6
6
6
6
6
6
6
6
6
6
6
6
6
6
6
6
6
6
6
6
6
6
6
6
6
6
6
6
6
6
6
6
6
6
6
6
6
6
6
6
6
6
6
6
6
6
6
6
6
6
6
6
6
6
6
6
6
6
6
6
6
6
6
6
6
6
6
6
6
6
6
6
6
6
6
6
6
6
6
6
6
6
6
