125.426
125.841
126.255
126.669
127.083
127.498
127.912
128.326
124.426
127.326
127.74
128.154
128.569
123.426
127.569
127.983
128.397
128.811
122.426
127.811
128.225
121.426
127.225
127.64
128.054
120.426
127.054
127.468
119.426
126.468
126.882
118.426
125.882
117.426
124.882
125.297
116.426
124.297
115.426
123.297
114.426
122.297
122.711
123.711
113.426
123.297
112.426
122.882
111.426
122.468
110.426
122.054
109.426
121.64
108.426
121.225
107.426
118.811
119.811
120.811
106.426
118.397
107.669
107.255
106.841
106.426
106.012
116.983
117.983
108.326
107.912
107.498
107.083
106.669
116.569
107.74
107.326
115.154
116.154
107.154
106.74
114.74
106.983
106.569
106.154
114.326
105.983
112.912
113.912
105.397
104.983
110.498
111.498
112.498
104.811
104.397
109.083
110.083
103.811
105.669
106.669
107.669
108.669
102.811
104.255
105.255
102.64
102.225
101.811
101.841
102.841
103.841
102.225
94.4264
95.4264
96.4264
97.4264
98.4264
99.4264
100.426
101.426
101.811
94.0122
101.397
93.0122
100.983
92.0122
100.569
91.0122
100.154
99.1544
98.1544
90.0122
97.7402
89.0122
97.3259
88.0122
96.9117
95.9117
87.0122
95.4975
94.4975
86.0122
94.0833
85.0122
93.6691
92.6691
91.6691
84.0122
91.2549
90.2549
83.0122
89.8406
88.8406
87.8406
82.0122
87.4264
86.4264
85.4264
84.4264
83.4264
81.0122
79.598
80.0122
80.4264
80.8406
81.2549
81.6691
83.0122
82.0122
81.0122
80.0122
78.598
80.6691
81.0833
81.4975
81.9117
82.3259
77.598
81.3259
81.7402
76.598
80.7402
81.1544
81.5686
81.9828
75.598
80.9828
81.397
74.598
80.397
73.598
79.397
79.8112
80.2254
72.598
79.2254
71.598
78.2254
78.6397
70.598
77.6397
78.6397
69.598
78.2254
68.598
77.8112
67.598
77.397
78.397
66.598
77.9828
65.598
77.5686
64.598
77.1544
63.598
76.7402
62.598
76.3259
61.598
75.9117
60.598
74.4975
75.4975
49
49
49
54.3848
54.799
55.2132
55.6274
56.0416
56.4558
56.8701
57.2843
57.6985
58.1127
58.5269
58.9411
59.3554
59.7696
60.1838
74.0833
48.4142
48
48
48
48
48
48
48
48
48
48
48
51.3137
51.7279
52.1421
52.5563
52.9706
53.3848
73.6691
48.2426
47.8284
47.4142
47
47
47
47
47
47
47
47
47
47
47
47
48.6569
49.0711
49.4853
49.8995
50.3137
73.2549
47.2426
46
46
46
47.6569
71.8406
72.8406
47.0711
46.6569
46.2426
45
45
45
45
45
45
45
45
45
45
45
45.4142
45.8284
46.2426
46.6569
70.4264
71.4264
46.4853
46.0711
44
44
44
44
44
44
44
44
44
44
44.4142
70.0122
45.4853
43
43
43
43
43
43
43
43
43
43
43
66.598
67.598
68.598
69.598
44.8995
44.4853
42
42
42.8284
42.4142
42
42
42
42
42
65.1838
66.1838
43.8995
41
42.2426
41.8284
41
41
41
41
61.7696
62.7696
63.7696
64.7696
43.3137
42.8995
40
40
41.2426
40
40
40
40
40
40
56.3554
57.3554
58.3554
59.3554
60.3554
61.3554
42.3137
39
39
40.6569
40.2426
39
39
39
55.9411
41.3137
38
39.6569
38
38.4142
38
38
51.5269
52.5269
53.5269
54.5269
55.5269
40.3137
37
38.6569
37.4142
37
50.5269
39.3137
36
36
36
36.8284
36.4142
36
37.6569
36.4142
36
50.1127
35
35
35
35
35
35
35
35
35
38.3137
35
37.0711
36.6569
36.2426
35.8284
35
35
35
35
35
37.4853
37.0711
36.6569
35.4142
35
35
35
49.6985
34
34
34
34
34
34
34
34
34
34
34
34
34
34
37.3137
34
34
36.8995
36.4853
36.0711
34
34
36.4853
34.4142
34
34
49.2843
33
33
33
33
33
33
33
33
33
33
33
33
33
33
36.3137
33
36.3137
35.8995
33
33
33
33
35.4853
33.4142
33.8284
33
48.8701
32
32
32
32
32
32
32
32
32
32
35.3137
32
32
35.7279
35.3137
32
32
34.4853
32.8284
32
32
48.4558
31
31
31
31
31
31
31
34.3137
33.8995
31
34.7279
31
31
33.4853
31.8284
31
48.0416
30
30
30
30
30
30
30
30
32.8995
30
33.7279
30
32.4853
30.8284
30
47.6274
29
29
29
29
31.8995
29
32.7279
29
31.4853
29.8284
29
47.2132
28
28
28
28
28
28
28
28
28
30.8995
28
31.7279
28
28
28
31.0711
30.0711
29.6569
28.8284
28
28
40.799
41.799
42.799
43.799
44.799
45.799
46.799
27
27
27
27
27
27
29.8995
29.4853
27
27
27
30.7279
27
27
28.6569
27.8284
27
36.3848
37.3848
38.3848
39.3848
40.3848
26
26
26
26
26
26.4142
26.8284
28.4853
26
29.7279
26
26
27.6569
26.8284
26
32.9706
33.9706
34.9706
35.9706
25
25
25
25
25
25
25
25.8284
27.4853
27.0711
25
28.7279
28.3137
25
26.6569
25.4142
25.8284
25
30.5563
31.5563
32.5563
24
24
24
24.8284
26.0711
24
27.3137
24
24
25.6569
25.2426
24.4142
24
28.1421
29.1421
30.1421
23
23
23
23
23
23
23
23.8284
25.0711
23
26.3137
25.8995
23
23
23
24.2426
23.4142
23
23
23
26.3137
26.7279
27.7279
22
22
22
22.8284
24.6569
23.6569
23.2426
22
24.8995
22
23.2426
22.4142
22
24.8995
25.3137
21
21
21
21
21.8284
22.2426
21
23.8995
21
21
22.2426
21.4142
21
23.8995
20
20
20
20.8284
21.2426
20
23.4853
22.4853
22.0711
20
21.2426
20.4142
20
22.0711
22.4853
23.4853
19
19
19
19
19
19
19
19
19
19
19
19
19
19
19
19
19
19
19
19
19
19.8284
20.2426
19.8284
19
21.0711
19
20.2426
19.8284
19.4142
19
21.0711
18
18
18
18
18
18
18
18
18
18
18
18
18
18
18.8284
18.8284
18
20.0711
19.6569
18
18
18.8284
18.4142
18
19.6569
20.0711
17
17
17
17
17
17
17
17
17
17
17
17
17
17
17.8284
17.8284
17
18.6569
17
17
17.8284
17.4142
17
18.6569
16
16
16
16
16
16
16
16
16
16
16
16
16
16
16
16.8284
16.8284
16.4142
16
17.6569
17.2426
16
16.8284
16.4142
16
17.2426
17.6569
15
15
15
15
15
15
15
15
15
15
15
15
15
15.8284
15.4142
15
16.2426
15
16.4142
15.4142
15
15
15.4142
15
16.2426
14
14
14
14
14
14.4142
15.4142
14.4142
14
15.2426
14.8284
14
14
14
14
14
14
14.4142
14.8284
15.8284
13
13
13
13
13
13
13.4142
13
13.8284
13
13
13
13
13.4142
12
12
12
12
12.4142
12
12.8284
12
12
12
12
12.4142
11
11
11
11
11.4142
11
11
11.8284
11
11
11
11
11.4142
10
10
10
10
10
10
10
10
10
10.8284
10
10
10
10
10.4142
9
9
9
9
9
9
9.82843
9
9
9
9
9
9.41421
8
8
8
8
8
8
9.41421
8.41421
8
8
8
8
8
8
8.41421
7
7
7
7
7
7
7
7
7
7
7
7
6
6
6
6
6
6
6
6
6
6
6
6
6
6
6
6
6
6
6
6
6
6
6
6
6
6
6
6
6
6
6
6
6
6
6
6
6
6
6
6
6
6
6
6
6
6
6
6
6
6
6
6
6
6
6
6
6
6
6
6
6
6
6
6
6
6
6
6
6
6
6
6
6
6
6
6
6
6
6
6
6
6
6
6
6
6
6
6
6
6
6
6
6
6
6
6
6
6
6
6
6
6
6
6
6
6
6
6
6
6
6
6
6
6
6
6
6
6
6
6
6
6
6
6
6
6
6
6
6
6
6
6
6
6
6
6
6
6
6
6
6
6
6
6
6
6
6
6
6
6
6
6
6
6
6
6
6
6
6
6
6
6
6
6
6
6
6
6
6
6
6
6
6
6
6
6
6
6
6
6
6
6
6
6
6
6
6
6
6
6
6
6
6
6
6
6
6
6
6
6
6
6
6
6
6
6
6
6
6
6
6
6
6
6
6
6
6
6
6
6
6
6
6
6
6
6
6
6
6
6
6
6
6
6
6
6
6
6
6
6
6
6
6
6
6
6
6
6
6
6
6
6
6
6
6
6
6
6
6
6
6
6
6
6
6
6
6
6
6
6
6
6
6
6
6
6
6
6
6
6
6
6
6
6
6
6
6
6
6
6
6
6
6
6
6
6
6
6
6
6
6
6
6
6
6
6
6
6
