6
6
6
6
6
6
6
6
6
6
6
6
6
6
6
6
6
6
6
6
6
6
6
6
6
6
6
6
6
6
6
6
6
6
6
6
6
6
6
6
6
6
6
6
6
6
6
6
6
6
6
6
6
6
6
6
6
6
6
6
6
6
6
6
6
6
6
6
6
6
6
6
6
6
6
6
6
6
6
6
6
6
6
6
6
6
6
6
6
6
6
6
6
6
6
6
6
6
6
6
6
6
6
6
6
6
6
6
6
6
6
6
6
6
6
6
6
6
6
6
6
6
6
6
6
6
6
6
6
6
6
6
6
6
6
6
6
6
6
6
6
6
6
6
6
6
6
6
6
6
6
6
6
6
6
6
6
6
6
6
6
6
6
6
6
6
6
6
6
6
6
6
6
6
6
6
6
6
6
6
6
6
6
6
6
6
6
6
6
6
6
6
6
6
6
6
6
6
6
6
6
6
6
6
6
6
6
6
6
6
6
6
6
6
6
6
6
6
6
6
6
6
6
6
6
6
6
6
6
6
6
6
6
6
6
6
6
6
6
6
6
6
6
6
6
6
6
6
6
6
6
6
6
6
6
6
6
6
6
6
6
6
6
6
6
6
6
6
6
6
6
6
6
6
6
6
6
6
6
6
6
6
6
6
6
6
6
6
6
6
6
6
6
6
6
6
6
6
6
6
6
6
6
6
6
6
6
6
6
6
6
6
6
6
7
7
7
7
7
7
7
7
7
7
7
7
7
7
7
7
8
8
8
8
8
8
8
8
8
8
8
8
8
8
8
8
8
8
9
9
9
9
9.41421
9
9
9
9
9
9
9
9
9
9
9
9
9
9
9
10
10
10
10.4142
10
10
10
10
10
10
10
10
10
10
10
10
10
10
10
10
11
11
11
11
11.4142
11
11
11
11
11
11
11
11
11
11
11
11
11
12
12.4142
12
12
12.4142
13.8284
12.8284
12.4142
12
12
12
12
12
12.4142
13.4142
12
12
12
12
12
12
12
13
13
13
13.4142
13.4142
14.2426
13
13
13
13
13.8284
13
13
13
13
13
13
13
13
13
13
13
14
14
14
14.4142
14.4142
14.8284
15.8284
15.6569
15.2426
14
14
14
14
14.8284
14
14
14
14
14
14
14
14
14
14
15
15
15
15
15.4142
16.2426
17.2426
61.5564
60.5564
59.5564
58.5564
57.5564
56.5564
17.0711
16.6569
15
15
15
15
15
15.8284
16.2426
15
15
15
15
15
15
15
15
15
15
15
15
15
16.4142
17.6569
18.6569
53.1421
54.1421
55.1421
56.1421
57.1421
58.1421
59.1421
60.1421
61.1421
61.1421
56.1421
55.1421
54.1421
53.1421
52.1421
51.1421
50.1421
49.1421
48.1421
47.1421
18.4853
18.0711
16
16
16
16.4142
16
17.2426
16
16
16
16
16
16
16
16
16
16
16
16
16
16
16
17.8284
17.4142
19.0711
20.0711
21.0711
22.0711
45.7279
46.7279
47.7279
48.7279
49.7279
50.7279
51.7279
52.7279
46.7279
45.7279
44.7279
43.7279
42.7279
41.7279
40.7279
39.7279
22.8995
21.8995
20.8995
19.8995
19.4853
17
17
17
17
17.4142
17
18.2426
18.6569
17
17
17
17
17
17
17
17
17
17
17
17
17
17
17
17
17
17
17
17
18.8284
22.4853
23.4853
24.4853
39.3137
40.3137
41.3137
42.3137
43.3137
44.3137
45.3137
39.3137
38.3137
37.3137
36.3137
35.3137
34.3137
33.3137
32.3137
31.3137
30.3137
29.3137
28.3137
27.3137
26.3137
25.3137
24.3137
23.3137
18
18
18.4142
18
19.6569
20.0711
18
18
18
18
18
18
18
18
18
18
18
18
18
18
18
18
18
18
18
19.8284
24.8995
25.8995
26.8995
27.8995
28.8995
29.8995
30.8995
31.8995
32.8995
33.8995
34.8995
35.8995
36.8995
37.8995
38.8995
19
19
19
19
19.4142
19
21.0711
21.4853
22.4853
23.4853
19
19
19
19
19
19
19
19
19
19
19
19
19
19
19
19
19
22.2426
21.2426
20.8284
20
20
20.4142
20.8284
21.8284
20
23.8995
24.8995
20
20
20
20
20
20
22.6569
21
21
22.2426
21
25.3137
21
21
21
21
21
21
21
21
23.6569
22
22
22
22
23.2426
22.4142
22
25.7279
26.7279
27.7279
28.7279
29.7279
22
22
22
22
22
25.0711
24.6569
23
23
23
24.2426
24.6569
23.4142
30.1421
31.1421
32.1421
33.1421
34.1421
35.1421
36.1421
46.9706
47.9706
48.9706
49.9706
50.9706
51.9706
52.9706
53.9706
54.9706
55.9706
56.9706
57.9706
58.9706
59.9706
60.9706
61.9706
62.9706
63.9706
23
23
23
23
26.4853
26.0711
24
24
24
24
24
24
25.6569
24.4142
36.5563
37.5563
38.5563
39.5563
40.5563
41.5563
42.5563
43.5563
44.5563
45.5563
46.5563
63.5563
64.5563
65.5563
66.5563
67.5563
68.5563
69.5563
70.5563
71.5563
24
24
24
24
24
27.4853
25
25
25
26.6569
27.0711
25.8284
25.4142
71.9706
72.9706
73.9706
74.9706
75.9706
76.9706
25
25
25
25
25
25
29.8995
28.8995
28.4853
26
26
26
28.0711
28.4853
26.8284
77.3848
78.3848
79.3848
80.3848
81.3848
82.3848
26
26
26
26
26
31.3137
30.3137
27
27
27
27
27
27
29.4853
29.8995
30.8995
28.2426
27.8284
82.799
83.799
84.799
85.799
86.799
87.799
27
27
27
27
27
32.7279
31.7279
28
28
28
28
28
31.3137
32.3137
30.6569
29.6569
29.2426
88.2132
89.2132
90.2132
91.2132
92.2132
93.2132
28
28
28.4142
28
28
28
28
28
34.1421
33.1421
29
29
32.7279
33.7279
34.7279
35.7279
33.0711
32.0711
31.0711
93.6274
94.6274
95.6274
96.6274
97.6274
98.6274
99.6274
100.627
29
29.4142
29
29
34.5563
36.2132
35.799
35.3848
34.9706
34.5563
34.1421
33.7279
30
30
30
30
30
30
36.1421
33.4853
101.042
30
30.4142
30
30
30
36.9706
35.9706
35.5563
46.6985
45.6985
44.6985
43.6985
42.6985
41.6985
40.6985
39.6985
39.2843
38.8701
38.4558
38.0416
37.6274
37.2132
34.7279
34.3137
33.8995
33.4853
33.0711
32.6569
32.2426
31.8284
31.4142
31
31
31
31
31
31
31
31
31
31
31
31
31
31
31
31
31
31
31
31
36.5564
37.5564
38.5564
39.5564
37.8995
36.8995
35.8995
34.8995
33.8995
101.456
102.456
103.456
104.456
105.456
106.456
107.456
31
31.4142
31
31
31
31
31
31
38.3848
37.3848
57.1127
56.1127
55.1127
54.1127
53.1127
52.1127
51.1127
50.1127
49.1127
48.1127
47.1127
32
32
32
39.9706
40.9706
40.3137
39.3137
38.3137
107.87
108.87
109.87
110.87
111.87
112.87
113.87
114.87
115.87
116.87
117.87
32
32.4142
32
32
32
32
32
39.799
38.799
57.6985
58.6985
59.6985
60.6985
61.6985
62.6985
63.6985
64.6985
65.6985
66.5269
65.5269
64.5269
63.5269
62.5269
61.5269
60.5269
59.5269
58.5269
57.5269
33
33
118.284
119.284
118.77
117.77
116.77
115.77
114.77
113.77
112.77
33
33.4142
33.8284
34.8284
43.2132
42.2132
41.2132
40.2132
43.1127
44.1127
45.1127
46.1127
47.1127
48.1127
49.1127
50.1127
51.1127
52.1127
53.1127
54.1127
55.1127
56.1127
57.1127
58.1127
34
34
112.355
111.355
110.355
109.355
108.355
107.355
34
35.2426
45.6274
44.6274
43.6274
41.2132
41.6274
42.0416
42.4558
42.8701
43.2843
43.6985
44.1127
35
35
106.941
105.941
104.941
103.941
102.941
35.4142
35
36.2426
49.0416
48.0416
47.0416
46.0416
40.9706
41.3848
41.799
42.2132
36
36
36
102.527
101.527
100.527
99.5269
98.5269
36.4142
37.2426
37.6569
51.4559
50.4559
49.4559
41.9706
37
98.1127
97.1127
96.6985
37.4142
38.6569
39.0711
51.8701
41.3137
41.7279
42.1421
42.5563
42.9706
38
38
95.6985
38.4142
40.0711
58.2843
57.2843
56.2843
55.2843
54.2843
53.2843
52.2843
41.0711
41.4853
41.8995
42.3137
39
39
39
39
95.2843
94.2843
93.2843
92.2843
91.2843
40.8284
39.8284
39.4142
41.0711
69.6985
68.6985
67.6985
66.6985
65.6985
64.6985
63.6985
62.6985
61.6985
60.6985
59.6985
58.6985
41.2426
41.6569
42.0711
40
40
50.7696
51.1838
52.1838
53.1838
54.1838
55.1838
56.1838
90.8701
89.8701
88.8701
87.8701
42.2426
41.2426
42.0711
42.4853
70.1127
41
41.4142
41.8284
42.2426
41
41.4142
41.8284
50.1127
50.5269
50.9411
51.3554
51.7696
56.598
57.598
58.598
59.598
60.598
87.4559
86.4559
85.4559
42.6569
43.4853
43.8995
44.8995
70.5269
42
42
42
42.8284
43.2426
43.6569
44.0711
44.4853
49.8701
50.2843
50.6985
51.1127
61.0122
62.0122
63.0122
85.0417
84.0417
83.0417
82.0417
44.0711
43.6569
45.3137
46.3137
70.9411
43
43
43
45.4853
45.8995
46.3137
46.7279
50.4558
50.8701
63.4264
64.4264
65.4264
66.4264
81.6274
80.6274
79.6274
46.4853
45.4853
45.0711
46.7279
47.7279
71.3554
44
44
44
47.7279
48.1421
48.5564
48.9706
49.3848
51.0416
51.4558
66.8406
67.8406
68.8406
79.2132
78.2132
77.2132
76.2132
48.8995
47.8995
46.8995
48.1422
49.1422
50.1422
71.7696
45
45
45
50.3848
50.799
51.2132
50.799
52.0416
69.2549
70.2549
71.2549
75.799
74.799
73.799
72.799
50.3137
49.3137
50.5564
51.5564
52.5564
72.1838
46
51.799
53.0416
71.6691
72.3848
71.3848
70.3848
69.3848
68.3848
67.9706
54.7279
53.7279
52.7279
51.7279
50.7279
52.9706
53.9706
54.9706
55.9706
72.598
47
47
47
52.799
52.3848
51.9706
51.5564
53.6274
54.0416
72.6691
73.0833
74.0833
66.9706
55.1422
56.3848
73.0122
48
48
52.5564
52.1421
51.7279
51.3137
53.799
54.2132
54.6274
74.4975
75.4975
76.4975
77.4975
66.5564
65.5564
64.5564
63.5564
62.5564
61.5564
60.5564
59.5564
58.5564
57.5564
56.5564
55.5564
56.799
57.799
58.799
73.4264
49
49
49
52.3137
51.8995
51.4853
54.799
77.9117
78.9117
79.9117
59.2132
60.2132
61.2132
62.2132
73.8406
50
50
50
52.4853
52.0711
51.6569
51.2426
55.3848
55.799
80.3259
81.3259
82.3259
83.3259
62.6274
63.6274
74.2549
51
51
52.2426
51.8284
51.4142
55.9706
56.3848
83.7401
84.7401
85.7401
86.7401
64.0417
65.0417
66.0417
67.0417
74.6691
52
52
52
52
52.4142
52
52
52
56.9706
87.1544
88.1544
89.1544
90.1544
91.1544
92.1544
67.4559
68.4559
75.0833
53
53
53
53
57.5563
57.9706
92.5686
93.5686
94.5686
95.5686
68.8701
69.8701
75.4975
54
54
58.5563
95.9828
70.2843
71.2843
75.9117
55
55
55
55
55
55
55
58.7279
59.1421
59.5563
96.9828
97.397
98.397
99.397
100.397
101.397
102.397
103.397
71.6985
76.3259
56.8284
56.4142
56
56
56
56
59.3137
59.7279
103.811
104.811
105.811
106.811
107.811
108.811
109.811
110.811
111.811
72.1127
73.1127
74.1127
76.7402
58.2426
57.8284
57
57
57
57
59.0711
59.4853
59.8995
60.3137
112.225
113.225
114.225
115.225
116.225
117.225
118.225
74.5269
75.5269
77.1544
60.4853
60.0711
59.6569
59.2426
58
58
58
58
58
58
58
58.4142
58.8284
59.2426
59.6569
60.0711
118.64
119.64
120.64
121.64
122.64
123.64
122.699
75.9412
77.5686
62.7279
62.3137
61.8995
61.4853
59
59
123.113
122.113
121.113
120.113
119.113
118.113
117.113
116.113
76.3554
77.3554
77.9828
64.1421
63.7279
116.527
115.527
114.527
113.527
112.527
111.527
77.7696
78.397
65.9706
65.5563
65.1421
111.941
110.941
109.941
108.941
107.941
106.941
78.1838
79.397
68.2132
67.799
67.3848
66.9706
107.355
106.355
105.355
104.355
103.355
102.355
78.598
80.397
69.2132
102.77
79.0122
80.0122
81.0122
81.397
71.8701
71.4558
71.0416
70.6274
70.2132
103.184
102.184
101.184
100.184
99.1838
98.1838
97.1838
96.1838
95.1838
81.4265
82.397
73.6985
73.2843
72.8701
95.598
94.598
93.598
92.598
91.598
90.598
89.598
88.598
87.598
86.598
85.598
84.598
83.598
81.8407
83.397
76.3554
75.9411
75.5269
75.1127
74.6985
84.0122
83.0122
82.0122
81.0122
80.0122
79.0122
78.0122
77.598
77.1838
76.7696
76.3554
75.9412
75.5269
75.1127
74.6985
74.2843
73.8701
73.4559
73.0417
72.6274
72.2132
71.799
71.3848
70.9706
70.5564
70.1422
82.2549
84.397
80.2549
79.8406
79.4264
79.0122
78.598
78.1838
77.7696
77.3554
71.1422
70.7279
70.3137
69.8995
69.4853
69.0711
68.6569
68.2426
82.6691
85.397
84.9828
84.5686
84.1544
83.7402
83.3259
82.9117
82.4975
82.0833
81.6691
81.2549
69.2426
68.8284
68.4142
68
68
68
83.0833
69
69
69
69
69
83.4975
84.4975
70
70
70
70
70
84.9117
71
71
71
71
71
85.9117
86.326
72
87.326
73
73
73
88.326
74
74
74
74.4142
74.8284
89.326
89.7402
75.8284
76.2426
76.6569
77.0711
90.7402
91.1544
92.1544
78.0711
78.4853
78.8995
92.5686
93.5686
79.8995
80.3137
80.7279
93.9828
94.9828
95.9828
96.9828
97.9828
98.9828
81.7279
82.1422
82.5564
99.397
83.5564
83.9706
84.3848
84.799
99.8112
85.799
100.225
86.799
87.2132
87.6274
100.64
88.6274
89.0417
89.4559
101.054
90.4559
90.8701
91.2843
102.054
92.2843
92.6985
93.1127
93.5269
103.054
94.5269
94.9412
95.3554
104.054
105.468
106.468
107.468
108.468
109.468
110.468
111.468
112.468
113.468
114.468
115.468
116.468
117.468
118.468
119.468
120.468
121.468
122.468
123.468
124.468
125.468
126.468
127.468
128.468
129.468
130.468
131.468
132.468
133.468
134.468
135.468
136.468
137.468
138.468
139.468
140.468
141.468
142.468
143.468
144.468
96.3554
96.7696
97.1838
97.598
105.054
144.882
145.882
146.882
147.882
148.882
149.882
150.882
98.598
99.0122
99.4265
151.297
152.297
153.297
154.297
155.297
100.426
100.841
101.255
101.669
155.711
156.711
157.711
102.669
158.125
103.669
104.083
104.498
104.912
105.326
158.539
159.539
160.539
161.539
106.326
106.74
107.154
107.569
107.983
108.397
108.811
109.225
111.468
161.953
162.953
110.225
110.64
111.054
112.468
163.368
164.368
113.468
164.782
165.782
166.782
114.468
167.196
115.468
167.61
168.61
116.468
169.024
117.468
169.439
118.468
169.853
170.853
119.468
171.267
120.468
171.681
121.468
172.096
122.468
172.51
123.468
172.924
124.468
124.882
125.297
125.711
126.125
126.539
126.953
127.368
127.782
172.338
173.338
128.782
172.752
129.782
130.196
130.61
131.024
131.439
131.853
132.267
132.681
133.096
133.51
173.167
134.51
134.924
135.338
135.752
136.167
136.581
172.581
173.581
137.581
137.995
138.995
139.995
140.995
172.995
141.409
142.409
143.409
144.409
171.409
172.409
173.409
144.823
145.823
146.823
147.823
148.823
170.823
171.823
149.238
150.238
151.238
152.238
153.238
169.238
170.238
171.238
153.652
154.652
155.652
156.652
157.652
158.652
165.652
166.652
167.652
168.652
169.652
159.066
166.066
160.066
160.48
161.48
162.48
163.48
164.48
165.48
166.48
