6
6
6
6
6
6
6
6
6
6
6
6
6
6
6
6
6
6
6
6
6
6
6
6
6
6
6
6
6
6
6
6
6
6
6
6
6
6
6
6
6
6
6
6
6
6
6
6
6
6
6
6
6
6
6
6
6
6
6
6
6
6
6
6
6
6
6
6
6
6
6
6
6
6
6
6
6
6
6
6
6
6
6
6
6
6
6
6
6
6
6
6
6
6
6
6
6
6
6
6
6
6
6
6
6
6
6
6
6
6
6
6
6
6
6
6
6
6
6
6
6
6
6
6
6
6
6
6
6
6
6
6
6
6
6
6
6
6
6
6
6
6
6
6
6
6
6
6
6
6
6
6
6
6
6
6
6
6
6
6
6
6
6
6
6
6
6
6
6
6
6
6
6
6
6
6
6
6
6
6
6
6
6
6
6
6
6
6
6
6
6
6
6
6
6
6
6
6
6
6
6
6
6
6
7
7
7
7
8
8
8
8
9
9
9
9
10
10
10
10
11
11
11
11
12
12
12
12
13
13
13
13
13
14
14
14
14
15
15
15
15
15
16
17.4142
16.4142
16
16
16
16
16
17
17.8284
17
17
18
18.8284
18
18
19
19.8284
19
19
20
20.8284
20
20
21
21
21.8284
21
21
22
22.8284
22
22
22
23
24.2426
23.8284
23
23
23
24
25.2426
24
24
25
25
25
26.2426
25
25
26
27.2426
26
26
26
27
28.6569
28.2426
27
27
27
28
29.6569
28
28
29
30.6569
29
29
30
30
31.6569
30
30
30
31
34.0711
33.0711
32.6569
31
31
31
31
32
32
34.4853
32
32
32
32
33
35.4853
33
33
34
36.8995
36.4853
34
34
34
34
35
35
37.8995
35
35
36
38.8995
36
36
36
37
40.3137
39.8995
37
37
38
38
38
41.3137
38
38
38
39
42.3137
39
39
39
39
40
40
43.7279
43.3137
40
40
40
41
44.7279
41
41
41
41
42
42
47.1421
46.1421
45.7279
42
42
42
43
47.5564
43
43
43
43
44
44
48.9706
48.5564
44
44
45
45
45
49.9706
45
45
45
45
45
46
51.3848
50.9706
46
46
47
52.3848
47
47
47
48
48
53.3848
48
48
48
48
49
49
54.799
54.3848
49
49
49
50
55.799
50
50
50
50
50
50
51
51
51
58.2132
57.2132
56.799
51
51
51
52
52
58.6274
52
52
52
52
53
53
60.0416
59.6274
53
53
53
53
54
61.0416
54
54
55
55
62.0416
55
55
55
55
55
56
63.4559
63.0416
56
56
56
57
57
57
65.8701
64.8701
64.4559
57
57
57
57
57
58
58
66.2843
58
58
58
58
59
59
67.6985
67.2843
59
59
59
59
59
59
59
60
60
60
68.6985
60
60
60
61
61
70.1127
69.6985
61
61
61
61
61
61
61
62
62
62
71.5269
71.1127
62
62
62
62
63
72.5269
63
63
64
64
64
73.5269
64
64
64
64
64
64
64
65
65
75.9412
74.9412
74.5269
65
65
65
65
65
65
66
66
77.3554
76.3554
66
66
66
66
66
66
66
66
66
67
67
67
67
67
77.7696
67
67
67
67
67
67
67
67
67
67
67
67
67
67
67
68
68
68
79.1838
78.7696
68
69
69
69
80.1838
69
69
70
70
70
70
70
82.598
81.598
81.1838
70
71
71
71
71
84.0122
83.0122
71
71
72
72
84.4264
72
73
73
73
73
85.4264
73
74
74
74
74
86.8407
86.4264
74
74
74
75
75
75
75
75
87.8407
75
76
76
76
76
89.2549
88.8407
76
76
77
77
77
77
77
90.2549
77
78
78
78
78
78
78
92.6691
91.6691
91.2549
78
78
79
79
79
79
94.0833
93.0833
79
80
80
94.4975
80
81
81
81
81
81
81
95.4975
81
81
81
82
82
82
82
82
82
96.9117
96.4975
82
83
83
83
83
83
83
83
97.9117
83
83
84
84
84
84
84
84
84
99.326
98.9117
84
85
85
85
85
85
85
85
85
85
100.326
85
85
86
86
86
86
86
86
86
86
86
102.74
101.74
101.326
86
87
87
87
87
87
87
87
87
87
87
87
87
87
87
87
103.154
87
88
88
88
88
88
88
88
88
88
88
88
88
88
88
104.154
88
88
105.569
105.154
89
106.569
90
107.569
91
108.983
108.569
92
92
92
109.983
93
112.397
111.397
110.983
94
94
112.811
95
113.811
96
115.225
114.811
97
116.225
98
117.225
99
99
118.225
100
119.225
101
120.64
120.225
102
121.64
103
103
122.64
104
123.64
105
125.054
124.64
106
126.054
107
127.054
108
128.054
109
109
109
129.054
110
130.054
111
131.054
112
132.054
113
134.468
133.468
133.054
114
134.882
115
135.882
116
136.882
117
137.882
118
138.882
119
139.882
139.468
139.054
138.64
138.225
137.811
137.397
136.983
136.569
136.154
135.74
135.326
134.912
134.498
134.083
133.669
133.255
132.841
132.426
132.012
131.598
131.184
130.77
130.355
129.941
129.527
129.113
128.699
128.284
127.87
127.456
127.042
126.627
126.213
125.799
125.385
124.971
124.556
124.142
123.728
123.314
122.899
122.485
122.071
121.657
121.243
120.828
120.414
120
120
120
120
120
120
120
120
120
120
120
120
120
120
120
120
120
120
120
120
120
120
120
120
120
120
120
120
120
120
120
120
120
120
120
120
120
120
120
120
120
120
120
120
120
120
120
120
120
120
120
120
120
120
120
120
120
120
120
120
120
120
120
120
120
120
120
120
120
120
120
120
120
120
120
120
120
120
120
120
120
