151.895
151.48
151.066
150.652
150.238
149.823
149.409
148.995
148.581
148.167
147.752
147.338
146.924
146.51
146.096
145.681
145.267
144.853
144.439
144.024
143.61
143.196
142.782
142.368
141.953
141.539
141.125
140.711
140.297
139.882
139.468
139.054
138.64
138.225
137.811
137.397
136.983
136.569
136.154
135.74
135.326
134.912
134.498
134.083
133.669
133.255
132.841
132.426
132.012
131.598
131.184
130.77
130.355
129.941
129.527
129.113
128.699
128.284
127.87
127.456
127.042
126.627
150.895
125.627
149.895
124.627
148.895
123.627
147.895
122.627
146.895
121.627
145.895
120.627
145.48
144.48
144.066
119.627
143.066
118.627
142.066
117.627
141.066
116.627
116.213
140.066
139.652
115.213
138.652
114.213
131.853
131.439
131.024
130.61
130.196
129.782
129.368
128.953
128.539
128.125
127.711
127.297
126.882
126.468
126.054
125.64
125.225
124.811
124.397
123.983
123.569
123.154
137.652
113.213
112.799
130.853
122.154
136.652
111.799
131.924
131.51
131.096
130.681
130.267
129.853
121.154
120.74
120.326
119.912
119.498
119.083
135.652
110.799
132.167
131.752
131.338
130.924
118.083
117.669
117.255
116.841
116.426
134.652
134.238
109.799
131.995
131.581
131.167
115.426
115.012
114.598
114.184
113.77
133.238
108.799
108.385
132.238
131.823
131.409
130.995
112.77
112.355
111.941
132.823
131.823
107.385
131.652
131.238
110.941
110.527
110.113
109.698
131.409
106.385
131.066
130.652
108.698
108.284
107.87
130.995
129.995
128.995
105.385
104.971
104.556
131.309
130.895
130.48
130.066
106.87
106.456
106.042
105.627
128.581
103.556
130.723
130.309
104.627
104.213
103.799
128.167
102.556
102.142
129.723
102.799
127.752
126.752
101.142
130.309
129.309
101.799
101.385
100.971
100.556
126.338
100.142
99.7279
129.895
99.5563
99.1421
98.7279
125.924
124.924
98.7279
131.48
130.48
129.48
97.7279
97.3137
96.8995
124.51
97.7279
97.3137
96.8995
132.066
131.066
95.8995
95.4853
95.0711
124.096
123.096
122.096
95.8995
95.4853
131.652
94.0711
93.6569
93.2426
121.681
120.681
94.4853
132.238
131.238
92.2426
91.8284
91.4142
120.267
93.4853
93.0711
131.823
90.4142
90
119.853
92.0711
91.6569
131.409
89
119.439
118.439
90.6569
131.995
130.995
88
88
88
88
118.024
117.024
89.6569
89.2426
88.8284
131.581
87
87
116.61
115.61
114.61
87.8284
133.167
132.167
131.167
86
86
114.196
86.8284
86.4142
132.752
85
85
85
113.782
112.782
85.4142
85
132.338
84
84
84
112.368
111.368
84
84
84
131.924
83
83
83
110.953
109.953
83
83
131.51
82
82
109.539
108.539
107.539
82
82
132.096
131.096
81
81
107.125
81
81
131.681
80
106.711
105.711
80
131.267
79
79
105.297
104.297
79
79
79
79
130.853
78
78
78
103.882
102.882
101.882
78
78
130.439
77
77
101.468
100.468
77
77
130.024
129.024
76
76
100.054
99.0539
76
76
76
128.61
75
75
75
98.6397
97.6397
75
75
75
128.196
74
74
97.2255
96.2255
95.2255
74
74
74
127.782
73
73
94.8112
73
73
127.368
72
94.397
93.397
72
126.953
71
71
92.9828
91.9828
71
71
71
126.539
125.539
124.539
70
70
70
91.5686
90.5686
89.5686
70
70
70
124.125
69
69
89.1544
88.1544
69
69
69
123.711
68
68
87.7402
86.7402
85.7402
68
68
123.297
122.297
67
67
85.326
84.326
83.326
67
67
67
121.882
66
66
66
82.9117
81.9117
66
66
66
121.468
120.468
65
65
81.4975
80.4975
65
65
65
120.054
64
80.0833
64
64
64
119.64
118.64
63
79.6691
78.6691
63
118.225
62
62
78.2549
77.2549
76.2549
62
62
117.811
116.811
115.811
61
61
61
75.8407
74.8407
61
61
61
61
115.397
114.397
60
60
74.4264
73.4264
60
60
113.983
112.983
59
73.0122
72.0122
71.0122
59
59
59
112.569
111.569
58
58
70.598
69.598
58
58
58
111.154
110.154
109.154
57
57
69.1838
68.1838
57
57
108.74
107.74
56
67.7696
66.7696
56
56
56
107.326
55
55
55
66.3554
55
55
55
106.912
105.912
54
65.9412
64.9412
63.9412
54
105.498
104.498
103.498
102.498
53
53
63.5269
62.5269
53
53
102.083
101.083
52
62.1127
61.1127
52
52
52
100.669
99.6691
98.6691
97.6691
51
51
60.6985
59.6985
59.2843
51
51
97.2549
96.2549
95.2549
50
50
50
58.2843
57.8701
50
50
94.8406
93.8406
92.8406
91.8406
49
56.8701
56.4559
49
49
49
91.4264
90.4264
89.4264
48
48
55.4559
55.0416
48
48
89.0122
47
54.0416
47
47
88.598
87.598
86.598
85.598
84.598
46
53.0416
46
84.1838
83.1838
82.1838
81.1838
80.1838
45
45
52.6274
51.6274
51.2132
45
45
79.7696
78.7696
77.7696
76.7696
75.7696
44
50.2132
49.799
44
44
44
75.3554
74.3554
73.3554
72.3554
71.3554
43
43
48.799
48.3848
43
43
70.9411
69.9411
68.9411
67.9411
66.9411
42
47.3848
42
66.5269
65.5269
64.5269
63.5269
62.5269
61.5269
41
41
41
46.9706
45.9706
41
41
61.1127
60.1127
59.1127
40
45.5564
44.5564
44.1421
40
40
40
58.6985
57.6985
56.6985
55.6985
54.6985
39
39
43.1421
39
39
54.2843
38
42.1421
38
53.8701
52.8701
51.8701
50.8701
37
41.1421
40.7279
37
50.4559
49.4559
48.4559
36
39.7279
36
36
48.0416
47.0416
46.0416
45.0416
35
35
39.3137
38.3137
35
35
44.6274
43.6274
42.6274
34
37.8995
36.8995
36.4853
34
42.2132
41.2132
40.2132
33
35.4853
33
33
33
39.799
38.799
37.799
32
32
34.4853
32
37.3848
36.3848
31
33.4853
33.0711
31
31
35.9706
30
32.0711
30
35.5563
34.5563
33.5563
29
31.0711
29
33.1421
32.1421
28
28
28
30.0711
29.6569
28
28
31.7279
30.7279
27
28.6569
27
30.3137
29.3137
26
27.6569
26
26
28.8995
27.8995
27.4853
25
26.6569
26.2426
25
26.4853
26.0711
24
24
25.2426
24
25.0711
23
24.2426
23
23
23
24.0711
23.6569
22
23.8284
22.8284
22.4142
22
22.6569
21
21.4142
21
21.6569
20
20.4142
20
21.2426
20.2426
19.8284
19
19.4142
19
19
18.8284
18
18
18.4142
18
17.8284
17.4142
17
17.4142
17
17
16.4142
16
16
16
15.4142
15
15
15
14.4142
14
14
14
14
14
13
13
13
13
12
12
12
12
11
11
11
11
10
10
10
10
9
9
9
9
8
8
8
8
7
7
7
7
6
6
6
6
6
6
6
6
6
6
6
6
6
6
6
6
6
6
6
6
6
6
6
6
6
6
6
6
6
6
6
6
6
6
6
6
6
6
6
6
6
6
6
6
6
6
6
6
6
6
6
6
6
6
6
6
6
6
6
6
6
6
6
6
6
6
6
6
6
6
6
6
6
6
6
6
6
6
6
6
6
6
6
6
6
6
6
6
6
6
6
6
6
6
6
6
6
6
6
6
6
6
6
6
6
6
6
6
6
6
6
6
6
6
6
6
6
6
6
6
6
6
6
6
6
6
6
6
6
6
6
6
6
6
6
6
6
6
6
6
6
6
6
6
6
6
6
6
6
6
6
6
6
6
6
6
6
6
6
6
6
6
6
6
6
6
6
6
6
6
6
6
6
6
6
6
6
6
6
6
6
6
6
6
6
6
6
6
6
6
6
6
6
6
6
6
6
6
6
6
6
6
6
6
6
6
6
6
6
6
6
6
6
6
6
6
6
6
6
6
6
6
6
6
6
6
6
6
6
6
6
6
6
6
6
6
6
6
6
6
6
6
6
6
6
6
6
6
6
6
6
6
6
6
6
6
6
6
6
6
6
6
6
6
6
6
6
6
6
6
6
6
6
6
6
6
6
6
6
6
6
6
6
6
6
6
6
6
6
6
6
6
6
6
6
6
6
6
6
6
6
6
6
6
6
6
6
6
6
6
6
6
6
6
6
6
6
6
6
6
6
6
6
6
6
6
6
6
6
6
6
6
6
6
6
6
6
6
6
6
6
6
6
6
6
6
6
6
6
6
6
6
6
6
6
6
6
6
6
6
6
6
6
6
6
6
6
6
6
6
6
6
6
6
6
6
6
6
6
6
6
6
6
6
6
