1.39208
1.38166
1.37125
1.36083
1.35041
1.34
1.32958
1.31916
1.30875
1.29833
1.28791
1.2775
1.26708
1.25666
1.24625
1.23583
1.22541
1.215
1.20458
1.19416
1.49711
1.48658
1.47606
1.46553
1.455
1.44448
1.43395
1.42343
1.4129
1.40237
1.39185
1.38132
1.37079
1.36027
1.34974
1.33922
1.32869
1.31816
1.30764
1.29711
1.28658
1.27606
1.26553
1.255
1.24448
1.23395
1.22343
1.2129
1.20237
1.19185
1.18749
1.18313
1.17877
1.17441
1.55118
1.54055
1.52991
1.51927
1.50863
1.49799
1.48735
1.47672
1.46608
1.45544
1.4448
1.43416
1.42352
1.41289
1.40225
1.39161
1.38097
1.37033
1.35969
1.34906
1.33842
1.32778
1.31714
1.3065
1.29586
1.28523
1.27459
1.26395
1.25331
1.24267
1.23203
1.2214
1.21076
1.20012
1.18948
1.18507
1.18067
1.17626
1.17186
1.16745
1.16304
1.15864
1.15423
1.60642
1.59567
1.58491
1.57416
1.56341
1.55266
1.5419
1.53115
1.5204
1.50965
1.49889
1.48814
1.47739
1.46663
1.45588
1.44513
1.43438
1.42362
1.41287
1.40212
1.39137
1.38061
1.36986
1.35911
1.34836
1.3376
1.32685
1.3161
1.30534
1.29459
1.28384
1.27309
1.26233
1.25158
1.24083
1.23008
1.21932
1.20857
1.19782
1.18706
1.18261
1.17816
1.1737
1.16925
1.1648
1.16034
1.15589
1.15143
1.14698
1.14253
1.13807
1.64112
1.63025
1.61938
1.60851
1.59764
1.58677
1.5759
1.56503
1.55416
1.54329
1.53242
1.52155
1.51068
1.49981
1.48894
1.47807
1.4672
1.45633
1.44547
1.4346
1.42373
1.41286
1.40199
1.39112
1.38025
1.36938
1.35851
1.34764
1.33677
1.3259
1.31503
1.30416
1.29329
1.28242
1.27155
1.26068
1.24981
1.23894
1.22807
1.2172
1.20633
1.19547
1.1846
1.18009
1.17559
1.17109
1.16659
1.16208
1.15758
1.15308
1.14858
1.14407
1.13957
1.13507
1.13057
1.12607
1.12156
1.63997
1.65096
1.66195
1.6546
1.64361
1.63262
1.62163
1.61064
1.59965
1.58867
1.57768
1.56669
1.5557
1.54471
1.53372
1.52273
1.51174
1.50075
1.48976
1.47878
1.46779
1.4568
1.44581
1.43482
1.42383
1.41284
1.40185
1.39086
1.37987
1.36889
1.3579
1.34691
1.33592
1.32493
1.31394
1.30295
1.29196
1.28097
1.26998
1.259
1.24801
1.23702
1.22603
1.21504
1.20405
1.19306
1.18207
1.17752
1.17297
1.16842
1.16387
1.15931
1.15476
1.15021
1.14566
1.14111
1.13655
1.132
1.12745
1.1229
1.11835
1.1138
1.10924
1.10469
1.10014
1.62677
1.63137
1.64248
1.65359
1.66471
1.67582
1.66838
1.65727
1.64616
1.63505
1.62394
1.61283
1.60172
1.5906
1.57949
1.56838
1.55727
1.54616
1.53505
1.52394
1.51283
1.50172
1.4906
1.47949
1.46838
1.45727
1.44616
1.43505
1.42394
1.41283
1.40172
1.3906
1.37949
1.36838
1.35727
1.34616
1.33505
1.32394
1.31283
1.30172
1.2906
1.27949
1.26838
1.25727
1.24616
1.23505
1.22394
1.21283
1.20172
1.1906
1.17949
1.17489
1.17029
1.16569
1.16108
1.15648
1.15188
1.14728
1.14267
1.13807
1.13347
1.12887
1.12426
1.11966
1.11506
1.11046
1.10585
1.10125
1.09665
1.09205
1.08745
1.63381
1.64505
1.65628
1.66752
1.67876
1.68999
1.68247
1.67124
1.66
1.64877
1.63753
1.62629
1.61506
1.60382
1.59259
1.58135
1.57011
1.55888
1.54764
1.53641
1.52517
1.51393
1.5027
1.49146
1.48023
1.46899
1.45775
1.44652
1.43528
1.42405
1.41281
1.40157
1.39034
1.3791
1.36787
1.35663
1.3454
1.33416
1.32292
1.31169
1.30045
1.28922
1.27798
1.26674
1.25551
1.24427
1.23304
1.2218
1.21056
1.19933
1.18809
1.17686
1.1722
1.16755
1.16289
1.15824
1.15359
1.14893
1.14428
1.13962
1.13497
1.13031
1.12566
1.12101
1.11635
1.1117
1.10704
1.10239
1.09774
1.09308
1.08843
1.63631
1.64767
1.65903
1.6704
1.68176
1.69313
1.70449
1.69689
1.68552
1.67416
1.66279
1.65143
1.64007
1.6287
1.61734
1.60598
1.59461
1.58325
1.57189
1.56052
1.54916
1.53779
1.52643
1.51507
1.5037
1.49234
1.48098
1.46961
1.45825
1.44689
1.43552
1.42416
1.41279
1.40143
1.39007
1.3787
1.36734
1.35598
1.34461
1.33325
1.32189
1.31052
1.29916
1.28779
1.27643
1.26507
1.2537
1.24234
1.23098
1.21961
1.20825
1.19689
1.18552
1.17416
1.16945
1.16474
1.16004
1.15533
1.15062
1.14592
1.14121
1.1365
1.1318
1.12709
1.12238
1.11767
1.11297
1.10826
1.10355
1.09885
1.09414
1.08943
1.08473
1.08002
1.07531
1.0706
1.62737
1.63886
1.65035
1.66185
1.67334
1.68484
1.69633
1.70783
1.71932
1.71163
1.70013
1.68864
1.67715
1.66565
1.65416
1.64266
1.63117
1.61968
1.60818
1.59669
1.58519
1.5737
1.5622
1.55071
1.53922
1.52772
1.51623
1.50473
1.49324
1.48174
1.47025
1.45876
1.44726
1.43577
1.42427
1.41278
1.40128
1.38979
1.3783
1.3668
1.35531
1.34381
1.33232
1.32082
1.30933
1.29784
1.28634
1.27485
1.26335
1.25186
1.24036
1.22887
1.21738
1.20588
1.19439
1.18289
1.1714
1.16664
1.16188
1.15712
1.15235
1.14759
1.14283
1.13807
1.13331
1.12855
1.12379
1.11903
1.11427
1.10951
1.10474
1.09998
1.09522
1.09046
1.0857
1.08094
1.07618
1.07142
1.06666
1.06189
1.61822
1.62984
1.64147
1.6531
1.66473
1.67636
1.68798
1.69961
1.71124
1.72287
1.7345
1.72672
1.71509
1.70346
1.69183
1.6802
1.66858
1.65695
1.64532
1.63369
1.62206
1.61044
1.59881
1.58718
1.57555
1.56392
1.5523
1.54067
1.52904
1.51741
1.50579
1.49416
1.48253
1.4709
1.45927
1.44765
1.43602
1.42439
1.41276
1.40113
1.38951
1.37788
1.36625
1.35462
1.34299
1.33137
1.31974
1.30811
1.29648
1.28485
1.27323
1.2616
1.24997
1.23834
1.22672
1.21509
1.20346
1.19183
1.1802
1.16858
1.16376
1.15894
1.15413
1.14931
1.14449
1.13968
1.13486
1.13004
1.12523
1.12041
1.11559
1.11078
1.10596
1.10115
1.09633
1.09151
1.0867
1.08188
1.07706
1.07225
1.06743
1.06261
1.0578
1.05298
1.04816
1.08284
1.08772
1.09259
1.09746
1.10234
1.10721
1.11208
1.11695
1.12183
1.1267
1.13157
1.13645
1.14132
1.14619
1.15107
1.60885
1.62062
1.63238
1.64415
1.65591
1.66768
1.67944
1.6912
1.70297
1.71473
1.7265
1.73826
1.75003
1.74216
1.73039
1.71863
1.70686
1.6951
1.68333
1.67157
1.6598
1.64804
1.63627
1.62451
1.61274
1.60098
1.58922
1.57745
1.56569
1.55392
1.54216
1.53039
1.51863
1.50686
1.4951
1.48333
1.47157
1.4598
1.44804
1.43627
1.42451
1.41274
1.40098
1.38922
1.37745
1.36569
1.35392
1.34216
1.33039
1.31863
1.30686
1.2951
1.28333
1.27157
1.2598
1.24804
1.23627
1.22451
1.21274
1.20098
1.18922
1.17745
1.16569
1.16081
1.15594
1.15107
1.14619
1.14132
1.13645
1.13157
1.1267
1.12183
1.11695
1.11208
1.10721
1.10234
1.09746
1.09259
1.08772
1.08284
1.07797
1.0731
1.06822
1.06335
1.05848
1.0536
1.04873
1.04386
1.05917
1.0641
1.06904
1.07397
1.0789
1.08383
1.08876
1.09369
1.09862
1.10355
1.10848
1.11342
1.11835
1.12328
1.12821
1.13314
1.13807
1.143
1.14793
1.15287
1.1578
1.16273
1.16766
1.17259
1.18449
1.1964
1.61117
1.62307
1.63498
1.64688
1.65879
1.67069
1.6826
1.6945
1.70641
1.71831
1.73022
1.74212
1.75403
1.76593
1.75797
1.74606
1.73416
1.72225
1.71035
1.69844
1.68654
1.67463
1.66273
1.65082
1.63892
1.62701
1.61511
1.6032
1.5913
1.57939
1.56749
1.55558
1.54368
1.53177
1.51987
1.50797
1.49606
1.48416
1.47225
1.46035
1.44844
1.43654
1.42463
1.41273
1.40082
1.38892
1.37701
1.36511
1.3532
1.3413
1.32939
1.31749
1.30558
1.29368
1.28177
1.26987
1.25797
1.24606
1.23416
1.22225
1.21035
1.19844
1.18654
1.17463
1.16273
1.1578
1.15287
1.14793
1.143
1.13807
1.13314
1.12821
1.12328
1.11835
1.11342
1.10848
1.10355
1.09862
1.09369
1.08876
1.08383
1.0789
1.07397
1.06904
1.0641
1.05917
1.05424
1.04931
1.04438
1.03945
1.03452
1.03992
1.04491
1.04991
1.0549
1.05989
1.06488
1.06987
1.07486
1.07985
1.08484
1.08983
1.09482
1.09981
1.1048
1.10979
1.11478
1.11977
1.12476
1.12975
1.13474
1.13974
1.14473
1.14972
1.15471
1.1597
1.16469
1.16968
1.18173
1.19377
1.20582
1.21787
1.22992
1.24197
1.58945
1.60149
1.61354
1.62559
1.63764
1.64969
1.66173
1.67378
1.68583
1.69788
1.70993
1.72198
1.73402
1.74607
1.75812
1.77017
1.78222
1.77416
1.76211
1.75006
1.73801
1.72596
1.71391
1.70187
1.68982
1.67777
1.66572
1.65367
1.64163
1.62958
1.61753
1.60548
1.59343
1.58138
1.56934
1.55729
1.54524
1.53319
1.52114
1.50909
1.49705
1.485
1.47295
1.4609
1.44885
1.43681
1.42476
1.41271
1.40066
1.38861
1.37656
1.36452
1.35247
1.34042
1.32837
1.31632
1.30428
1.29223
1.28018
1.26813
1.25608
1.24403
1.23199
1.21994
1.20789
1.19584
1.18379
1.17175
1.1597
1.15471
1.14972
1.14473
1.13974
1.13474
1.12975
1.12476
1.11977
1.11478
1.10979
1.1048
1.09981
1.09482
1.08983
1.08484
1.07985
1.07486
1.06987
1.06488
1.05989
1.0549
1.04991
1.04491
1.03992
1.03493
1.02994
1.02495
1.02021
1.02526
1.03031
1.03536
1.04041
1.04546
1.05051
1.05557
1.06062
1.06567
1.07072
1.07577
1.08082
1.08587
1.09093
1.09598
1.10103
1.10608
1.11113
1.11618
1.12123
1.12628
1.13134
1.13639
1.14144
1.14649
1.15154
1.15659
1.16164
1.1667
1.17889
1.19109
1.20328
1.21548
1.22767
1.23987
1.25206
1.26426
1.27645
1.28865
1.57434
1.57939
1.59158
1.60378
1.61597
1.62817
1.64036
1.65256
1.66475
1.67695
1.68914
1.70134
1.71353
1.72573
1.73792
1.75012
1.76231
1.77451
1.7867
1.7989
1.79074
1.77854
1.76635
1.75415
1.74196
1.72976
1.71757
1.70537
1.69318
1.68098
1.66879
1.65659
1.6444
1.6322
1.62001
1.60781
1.59562
1.58342
1.57123
1.55903
1.54684
1.53464
1.52245
1.51025
1.49806
1.48586
1.47367
1.46147
1.44928
1.43708
1.42489
1.41269
1.4005
1.3883
1.37611
1.36391
1.35172
1.33952
1.32733
1.31513
1.30293
1.29074
1.27854
1.26635
1.25415
1.24196
1.22976
1.21757
1.20537
1.19318
1.18098
1.16879
1.15659
1.15154
1.14649
1.14144
1.13639
1.13134
1.12629
1.12123
1.11618
1.11113
1.10608
1.10103
1.09598
1.09093
1.08587
1.08082
1.07577
1.07072
1.06567
1.06062
1.05557
1.05051
1.04546
1.04041
1.03536
1.03031
1.02526
1.02021
1.02045
1.01534
1.02045
1.02557
1.03068
1.0358
1.04091
1.04602
1.05114
1.05625
1.06137
1.06648
1.07159
1.07671
1.08182
1.08693
1.09205
1.09716
1.10228
1.10739
1.1125
1.11762
1.12273
1.12784
1.13296
1.13807
1.14319
1.1483
1.15341
1.15853
1.16364
1.17599
1.18833
1.20068
1.21302
1.22537
1.23771
1.25006
1.26241
1.27475
1.2871
1.29944
1.31179
1.32413
1.57631
1.58143
1.59377
1.60612
1.61846
1.63081
1.64315
1.6555
1.66785
1.68019
1.69254
1.70488
1.71723
1.72957
1.74192
1.75427
1.76661
1.77896
1.7913
1.80365
1.81599
1.80773
1.79539
1.78304
1.7707
1.75835
1.74601
1.73366
1.72131
1.70897
1.69662
1.68428
1.67193
1.65959
1.64724
1.63489
1.62255
1.6102
1.59786
1.58551
1.57317
1.56082
1.54847
1.53613
1.52378
1.51144
1.49909
1.48675
1.4744
1.46205
1.44971
1.43736
1.42502
1.41267
1.40033
1.38798
1.37564
1.36329
1.35094
1.3386
1.32625
1.31391
1.30156
1.28922
1.27687
1.26452
1.25218
1.23983
1.22749
1.21514
1.2028
1.19045
1.1781
1.16576
1.15341
1.1483
1.14319
1.13807
1.13296
1.12784
1.12273
1.11762
1.1125
1.10739
1.10228
1.09716
1.09205
1.08693
1.08182
1.07671
1.07159
1.06648
1.06137
1.05625
1.05114
1.04602
1.04091
1.0358
1.03068
1.02557
1.02046
1.01534
1.02071
1.01553
1.02071
1.02589
1.03107
1.03624
1.04142
1.0466
1.05178
1.05695
1.06213
1.06731
1.07249
1.07767
1.08284
1.08802
1.0932
1.09838
1.10355
1.10873
1.11391
1.11909
1.12426
1.12944
1.13462
1.1398
1.14498
1.15015
1.15533
1.16051
1.17301
1.18551
1.19801
1.21051
1.22301
1.23551
1.24801
1.26051
1.27301
1.28551
1.29801
1.31051
1.32301
1.33551
1.58352
1.59602
1.60852
1.62102
1.63352
1.64602
1.65852
1.67102
1.68352
1.69602
1.70852
1.72102
1.73352
1.74602
1.75852
1.77102
1.78352
1.79602
1.80852
1.82102
1.83352
1.82515
1.81265
1.80015
1.78765
1.77515
1.76265
1.75015
1.73765
1.72515
1.71265
1.70015
1.68765
1.67515
1.66265
1.65015
1.63765
1.62515
1.61265
1.60015
1.58765
1.57515
1.56265
1.55015
1.53765
1.52515
1.51265
1.50015
1.48765
1.47515
1.46265
1.45015
1.43765
1.42515
1.41265
1.40015
1.38765
1.37515
1.36265
1.35015
1.33765
1.32515
1.31265
1.30015
1.28765
1.27515
1.26265
1.25015
1.23765
1.22515
1.21265
1.20015
1.18765
1.17515
1.16265
1.15015
1.14498
1.1398
1.13462
1.12944
1.12426
1.11909
1.11391
1.10873
1.10355
1.09838
1.0932
1.08802
1.08284
1.07767
1.07249
1.06731
1.06213
1.05695
1.05178
1.0466
1.04142
1.03624
1.03107
1.02589
1.02071
1.01553
1.02622
1.02097
1.01573
1.02097
1.02622
1.03146
1.0367
1.04195
1.04719
1.05243
1.05768
1.06292
1.06816
1.07341
1.07865
1.08389
1.08913
1.09438
1.09962
1.10486
1.11011
1.11535
1.12059
1.12584
1.13108
1.13632
1.14157
1.14681
1.15205
1.1573
1.16996
1.18261
1.19527
1.20793
1.22059
1.23325
1.2459
1.25856
1.27122
1.28388
1.29654
1.3092
1.32185
1.33451
1.34717
1.35983
1.37249
1.573
1.58566
1.59832
1.61098
1.62363
1.63629
1.64895
1.66161
1.67427
1.68693
1.69958
1.71224
1.7249
1.73756
1.75022
1.76287
1.77553
1.78819
1.80085
1.81351
1.82617
1.83882
1.85148
1.84301
1.83035
1.8177
1.80504
1.79238
1.77972
1.76706
1.75441
1.74175
1.72909
1.71643
1.70377
1.69111
1.67846
1.6658
1.65314
1.64048
1.62782
1.61516
1.60251
1.58985
1.57719
1.56453
1.55187
1.53922
1.52656
1.5139
1.50124
1.48858
1.47592
1.46327
1.45061
1.43795
1.42529
1.41263
1.39997
1.38732
1.37466
1.362
1.34934
1.33668
1.32403
1.31137
1.29871
1.28605
1.27339
1.26073
1.24808
1.23542
1.22276
1.2101
1.19744
1.18479
1.17213
1.15947
1.14681
1.14157
1.13632
1.13108
1.12584
1.12059
1.11535
1.11011
1.10486
1.09962
1.09438
1.08913
1.08389
1.07865
1.07341
1.06816
1.06292
1.05768
1.05243
1.04719
1.04195
1.0367
1.03146
1.02622
1.02097
1.01573
1.04248
1.03717
1.03186
1.02655
1.02124
1.01593
1.02124
1.02655
1.03186
1.03717
1.04248
1.04779
1.0531
1.05841
1.06373
1.06904
1.07435
1.07966
1.08497
1.09028
1.09559
1.1009
1.10621
1.11152
1.11683
1.12214
1.12745
1.13276
1.13807
1.14338
1.14869
1.154
1.16682
1.17964
1.19246
1.20528
1.21811
1.23093
1.24375
1.25657
1.26939
1.28221
1.29503
1.30785
1.32067
1.33349
1.34631
1.35913
1.37195
1.38477
1.39759
1.5494
1.56222
1.57504
1.58786
1.60068
1.6135
1.62632
1.63914
1.65196
1.66478
1.6776
1.69042
1.70324
1.71606
1.72888
1.7417
1.75452
1.76734
1.78017
1.79299
1.80581
1.81863
1.83145
1.84427
1.85709
1.86991
1.86133
1.84851
1.83569
1.82287
1.81005
1.79723
1.78441
1.77159
1.75877
1.74595
1.73313
1.72031
1.70748
1.69466
1.68184
1.66902
1.6562
1.64338
1.63056
1.61774
1.60492
1.5921
1.57928
1.56646
1.55364
1.54082
1.528
1.51518
1.50236
1.48954
1.47672
1.46389
1.45107
1.43825
1.42543
1.41261
1.39979
1.38697
1.37415
1.36133
1.34851
1.33569
1.32287
1.31005
1.29723
1.28441
1.27159
1.25877
1.24595
1.23313
1.22031
1.20748
1.19466
1.18184
1.16902
1.1562
1.14338
1.13807
1.13276
1.12745
1.12214
1.11683
1.11152
1.10621
1.1009
1.09559
1.09028
1.08497
1.07966
1.07435
1.06904
1.06373
1.05841
1.0531
1.04779
1.04248
1.03717
1.03186
1.02655
1.02124
1.01593
1.01062
1
1.04841
1.04304
1.03766
1.03228
1.0269
1.02152
1.01614
1.02152
1.0269
1.03228
1.03766
1.04304
1.04841
1.05379
1.05917
1.06455
1.06993
1.07531
1.08069
1.08607
1.09145
1.09683
1.10221
1.10759
1.11297
1.11835
1.12373
1.12911
1.13449
1.13986
1.14524
1.15062
1.16361
1.1766
1.18958
1.20257
1.21556
1.22855
1.24153
1.25452
1.26751
1.28049
1.29348
1.30647
1.31945
1.33244
1.34543
1.35842
1.3714
1.38439
1.39738
1.41036
1.42335
1.51219
1.52518
1.53816
1.55115
1.56414
1.57713
1.59011
1.6031
1.61609
1.62907
1.64206
1.65505
1.66803
1.68102
1.69401
1.707
1.71998
1.73297
1.74596
1.75894
1.77193
1.78492
1.7979
1.81089
1.82388
1.83687
1.84985
1.86284
1.87583
1.88881
1.88012
1.86714
1.85415
1.84116
1.82818
1.81519
1.8022
1.78922
1.77623
1.76324
1.75025
1.73727
1.72428
1.71129
1.69831
1.68532
1.67233
1.65935
1.64636
1.63337
1.62038
1.6074
1.59441
1.58142
1.56844
1.55545
1.54246
1.52948
1.51649
1.5035
1.49051
1.47753
1.46454
1.45155
1.43857
1.42558
1.41259
1.39961
1.38662
1.37363
1.36064
1.34766
1.33467
1.32168
1.3087
1.29571
1.28272
1.26973
1.25675
1.24376
1.23077
1.21779
1.2048
1.19181
1.17883
1.16584
1.15285
1.13986
1.13449
1.12911
1.12373
1.11835
1.11297
1.10759
1.10221
1.09683
1.09145
1.08607
1.08069
1.07531
1.06993
1.06455
1.05917
1.05379
1.04841
1.04304
1.03766
1.03228
1.0269
1.02152
1.01614
1.01076
1
1
1.05995
1.0545
1.04905
1.0436
1.03815
1.0327
1.02725
1.0218
1.01635
1.0218
1.02725
1.0327
1.03815
1.0436
1.04905
1.0545
1.05995
1.0654
1.07085
1.0763
1.08175
1.0872
1.09265
1.0981
1.10355
1.109
1.11445
1.1199
1.12535
1.1308
1.13625
1.14171
1.14716
1.16031
1.17347
1.18663
1.19979
1.21294
1.2261
1.23926
1.25242
1.26558
1.27873
1.29189
1.30505
1.31821
1.33137
1.34452
1.35768
1.37084
1.384
1.39716
1.41031
1.42347
1.43663
1.44979
1.46294
1.47401
1.48716
1.50032
1.51348
1.52664
1.5398
1.55295
1.56611
1.57927
1.59243
1.60558
1.61874
1.6319
1.64506
1.65822
1.67137
1.68453
1.69769
1.71085
1.72401
1.73716
1.75032
1.76348
1.77664
1.7898
1.80295
1.81611
1.82927
1.84243
1.85558
1.86874
1.8819
1.89506
1.90822
1.91031
1.89716
1.884
1.87084
1.85768
1.84452
1.83137
1.81821
1.80505
1.79189
1.77873
1.76558
1.75242
1.73926
1.7261
1.71294
1.69979
1.68663
1.67347
1.66031
1.64716
1.634
1.62084
1.60768
1.3731
1.35994
1.34678
1.33362
1.32047
1.30731
1.29415
1.28099
1.26783
1.25468
1.24152
1.22836
1.2152
1.20204
1.18889
1.17573
1.16257
1.14941
1.13625
1.1308
1.12535
1.1199
1.11445
1.109
1.10355
1.0981
1.09265
1.0872
1.08175
1.0763
1.07085
1.0654
1.05995
1.0545
1.04905
1.0436
1.03815
1.0327
1.02725
1.0218
1.01635
1.0109
1
1
1.06627
1.06075
1.05523
1.04971
1.04418
1.03866
1.03314
1.02761
1.02209
1.01657
1.02209
1.02761
1.03314
1.03866
1.04418
1.04971
1.05523
1.06075
1.06627
1.0718
1.07732
1.08284
1.08837
1.09389
1.09941
1.10493
1.11046
1.11598
1.1215
1.12703
1.13255
1.13807
1.14359
1.15693
1.17026
1.18359
1.19693
1.21026
1.22359
1.23693
1.25026
1.26359
1.27693
1.29026
1.30359
1.31693
1.33026
1.34359
1.35693
1.37026
1.38359
1.39693
1.41026
1.42359
1.43693
1.45026
1.46359
1.47693
1.49026
1.44814
1.46147
1.4748
1.48814
1.50147
1.5148
1.52814
1.54147
1.5548
1.56814
1.58147
1.5948
1.60814
1.62147
1.6348
1.64814
1.66147
1.6748
1.68814
1.70147
1.7148
1.72814
1.74147
1.7548
1.76814
1.78147
1.7948
1.80814
1.82147
1.8348
1.84814
1.86147
1.8748
1.88814
1.90147
1.9148
1.92814
1.94131
1.92797
1.91464
1.90131
1.88797
1.87464
1.86131
1.84797
1.83464
1.82131
1.80797
1.79464
1.78131
1.76797
1.75464
1.74131
1.72797
1.71464
1.70131
1.33255
1.31922
1.30588
1.29255
1.27922
1.26588
1.25255
1.23922
1.22588
1.21255
1.19922
1.18588
1.17255
1.15922
1.14588
1.13255
1.12703
1.1215
1.11598
1.11046
1.10493
1.09941
1.09389
1.08837
1.08284
1.07732
1.0718
1.06627
1.06075
1.05523
1.04971
1.04418
1.03866
1.03314
1.02761
1.02209
1.01657
1.01105
1
1
1
1.07277
1.06717
1.06157
1.05597
1.05038
1.04478
1.03918
1.03358
1.02799
1.02239
1.01679
1.02239
1.02799
1.03358
1.03918
1.04478
1.05038
1.05597
1.06157
1.06717
1.07277
1.07836
1.08396
1.08956
1.09516
1.10075
1.10635
1.11195
1.11755
1.12314
1.12874
1.13434
1.13994
1.15345
1.16696
1.18048
1.19399
1.2075
1.22102
1.23453
1.24805
1.26156
1.27507
1.28859
1.3021
1.31561
1.32913
1.34264
1.35615
1.36967
1.38318
1.39669
1.41021
1.42372
1.43723
1.45075
1.46426
1.47778
1.49129
1.5048
1.51832
1.40805
1.42157
1.43508
1.44859
1.46211
1.47562
1.48914
1.50265
1.51616
1.52968
1.54319
1.5567
1.57022
1.58373
1.59724
1.61076
1.62427
1.63778
1.6513
1.66481
1.67832
1.69184
1.70535
1.71887
1.73238
1.74589
1.75941
1.77292
1.78643
1.79995
1.81346
1.82697
1.84049
1.854
1.86751
1.88103
1.89454
1.90805
1.92157
1.93508
1.94859
1.96211
1.95962
1.94611
1.9326
1.91908
1.90557
1.89206
1.87854
1.86503
1.85152
1.838
1.82449
1.81098
1.79746
1.78395
1.2909
1.27739
1.26388
1.25036
1.23685
1.22334
1.20982
1.19631
1.1828
1.16928
1.15577
1.14226
1.12874
1.12315
1.11755
1.11195
1.10635
1.10076
1.09516
1.08956
1.08396
1.07837
1.07277
1.06717
1.06157
1.05598
1.05038
1.04478
1.03918
1.03359
1.02799
1.02239
1.01679
1.0112
1
1
1
1.07944
1.07376
1.06809
1.06242
1.05674
1.05107
1.04539
1.03972
1.03404
1.02837
1.0227
1.01702
1.0227
1.02837
1.03404
1.03972
1.04539
1.05107
1.05674
1.06242
1.06809
1.07376
1.07944
1.08511
1.09079
1.09646
1.10214
1.10781
1.11348
1.11916
1.12483
1.13051
1.13618
1.14988
1.16358
1.17728
1.19097
1.20467
1.21837
1.23207
1.24577
1.25947
1.27317
1.28687
1.30056
1.31426
1.32796
1.34166
1.35536
1.36906
1.38276
1.39645
1.41015
1.42385
1.43755
1.45125
1.46495
1.47865
1.49234
1.50604
1.51974
1.53344
1.54714
1.3749
1.38057
1.39427
1.40797
1.42167
1.43537
1.44907
1.46276
1.47646
1.49016
1.50386
1.51756
1.53126
1.54496
1.55865
1.57235
1.58605
1.59975
1.61345
1.62715
1.64085
1.65455
1.66824
1.68194
1.69564
1.70934
1.72304
1.73674
1.75044
1.76413
1.77783
1.79153
1.80523
1.81893
1.83263
1.84633
1.86002
1.87372
1.88742
1.90112
1.91482
1.92852
1.94222
1.95592
1.96961
1.98331
1.99214
1.97844
1.96475
1.95105
1.93735
1.92365
1.90995
1.89625
1.88255
1.86886
1.85516
1.26182
1.24812
1.23442
1.22072
1.20702
1.19333
1.17963
1.16593
1.15223
1.13853
1.12483
1.11916
1.11348
1.10781
1.10214
1.09646
1.09079
1.08511
1.07944
1.07376
1.06809
1.06242
1.05674
1.05107
1.04539
1.03972
1.03405
1.02837
1.0227
1.01702
1.01135
1
1
1
1
1.08054
1.07479
1.06904
1.06328
1.05753
1.05178
1.04602
1.04027
1.03452
1.02876
1.02301
1.01726
1.02301
1.02876
1.03452
1.04027
1.04602
1.05178
1.05753
1.06328
1.06904
1.07479
1.08054
1.08629
1.09205
1.0978
1.10355
1.10931
1.11506
1.12081
1.12657
1.13232
1.14621
1.1601
1.17399
1.18787
1.20176
1.21565
1.22954
1.24343
1.25732
1.27121
1.2851
1.29899
1.31287
1.32676
1.34065
1.35454
1.36843
1.38232
1.39621
1.4101
1.42399
1.43787
1.45176
1.46565
1.47954
1.49343
1.50732
1.52121
1.5351
1.54899
1.56287
1.38011
1.39399
1.40788
1.42177
1.43566
1.44955
1.46344
1.47733
1.49122
1.50511
1.51899
1.53288
1.54677
1.56066
1.57455
1.58844
1.60233
1.61622
1.63011
1.64399
1.65788
1.67177
1.68566
1.69955
1.71344
1.72733
1.74122
1.75511
1.76899
1.78288
1.79677
1.81066
1.82455
1.83844
1.85233
1.86622
1.88011
1.89399
1.90788
1.92177
1.93566
1.94955
1.96344
1.97733
1.99122
2.00511
2.01899
2.01168
1.99779
1.9839
1.97001
1.95612
1.94223
1.92834
1.91445
1.90056
1.89481
1.27359
1.2597
1.24581
1.23192
1.21803
1.20415
1.19026
1.17637
1.16248
1.14859
1.1347
1.12081
1.11506
1.10931
1.10355
1.0978
1.09205
1.08629
1.08054
1.07479
1.06904
1.06328
1.05753
1.05178
1.04602
1.04027
1.03452
1.02876
1.02301
1.01726
1.01151
1
1
1
1
1.08168
1.07584
1.07001
1.06417
1.05834
1.05251
1.04667
1.04084
1.035
1.02917
1.02334
1.0175
1.02334
1.02917
1.035
1.04084
1.04667
1.05251
1.05834
1.06417
1.07001
1.07584
1.08168
1.08751
1.09334
1.09918
1.10501
1.11085
1.11668
1.12251
1.12835
1.14243
1.15652
1.1706
1.18469
1.19877
1.21286
1.22694
1.24102
1.25511
1.26919
1.28328
1.29736
1.31145
1.32553
1.33962
1.3537
1.36778
1.38187
1.39595
1.41004
1.42412
1.43821
1.45229
1.46638
1.48046
1.49455
1.50863
1.52271
1.5368
1.55088
1.56497
1.57905
1.35146
1.36554
1.37963
1.39371
1.40779
1.42188
1.43596
1.45005
1.46413
1.47822
1.4923
1.50639
1.52047
1.53455
1.54864
1.56272
1.57681
1.59089
1.60498
1.61906
1.63315
1.64723
1.66132
1.6754
1.68948
1.70357
1.71765
1.73174
1.74582
1.75991
1.77399
1.78808
1.80216
1.81624
1.83033
1.84441
1.8585
1.87258
1.88667
1.90075
1.91484
1.92892
1.94301
1.95709
1.97117
1.98526
1.99934
2.01343
2.02751
2.0416
2.04584
2.03176
2.01767
2.00359
1.98951
1.97542
1.96134
1.25753
1.24344
1.22936
1.21527
1.20119
1.1871
1.17302
1.15893
1.14485
1.13076
1.11668
1.11085
1.10501
1.09918
1.09334
1.08751
1.08168
1.07584
1.07001
1.06417
1.05834
1.05251
1.04667
1.04084
1.035
1.02917
1.02334
1.0175
1.01167
1
1
1
1
1.09468
1.08876
1.08284
1.07693
1.07101
1.06509
1.05917
1.05326
1.04734
1.04142
1.0355
1.02959
1.02367
1.01775
1.02367
1.02959
1.0355
1.04142
1.04734
1.05326
1.05917
1.06509
1.07101
1.07693
1.08284
1.08876
1.09468
1.10059
1.10651
1.11243
1.11835
1.12426
1.13855
1.15284
1.16712
1.18141
1.19569
1.20998
1.22426
1.23855
1.25284
1.26712
1.28141
1.29569
1.30998
1.32426
1.33855
1.35284
1.36712
1.38141
1.39569
1.40998
1.42426
1.43855
1.45284
1.46712
1.48141
1.49569
1.50998
1.52426
1.53855
1.55284
1.56712
1.58141
1.59569
1.60998
1.62426
1.33627
1.35056
1.36485
1.37913
1.39342
1.4077
1.42199
1.43627
1.45056
1.46485
1.47913
1.49342
1.5077
1.52199
1.53627
1.55056
1.56485
1.57913
1.59342
1.6077
1.62199
1.63627
1.65056
1.66485
1.67913
1.69342
1.7077
1.72199
1.73627
1.75056
1.76485
1.77913
1.79342
1.8077
1.82199
1.83627
1.85056
1.86485
1.87913
1.89342
1.9077
1.92199
1.93627
1.95056
1.96485
1.97913
1.99342
2.0077
2.02199
2.03627
2.05056
2.06485
2.07913
2.0667
2.05242
2.03813
1.25529
1.241
1.22672
1.21243
1.19814
1.18386
1.16957
1.15529
1.141
1.12672
1.11243
1.10651
1.1006
1.09468
1.08876
1.08284
1.07693
1.07101
1.06509
1.05917
1.05326
1.04734
1.04142
1.0355
1.02959
1.02367
1.01775
1.01183
1
1
1
1
1
1
1.09605
1.09005
1.08404
1.07804
1.07204
1.06603
1.06003
1.05403
1.04802
1.04202
1.03602
1.03002
1.02401
1.01801
1.02401
1.03002
1.03602
1.04202
1.04802
1.05403
1.06003
1.06603
1.07204
1.07804
1.08404
1.09005
1.09605
1.10205
1.10806
1.11406
1.12006
1.13455
1.14905
1.16354
1.17803
1.19253
1.20702
1.22151
1.236
1.2505
1.26499
1.27948
1.29398
1.30847
1.32296
1.33745
1.35195
1.36644
1.38093
1.39542
1.40992
1.42441
1.4389
1.4534
1.46789
1.48238
1.49687
1.51137
1.52586
1.54035
1.55484
1.56934
1.58383
1.59832
1.61282
1.62731
1.6418
1.30616
1.32065
1.33514
1.34964
1.36413
1.37862
1.39312
1.40761
1.4221
1.43659
1.45109
1.46558
1.48007
1.49456
1.50906
1.52355
1.53804
1.55254
1.56703
1.58152
1.59601
1.61051
1.625
1.63949
1.65398
1.66848
1.68297
1.69746
1.71196
1.72645
1.74094
1.75543
1.76993
1.78442
1.79891
1.81341
1.8279
1.84239
1.85688
1.87138
1.88587
1.90036
1.91485
1.92935
1.94384
1.95833
1.97283
1.98732
2.00181
2.0163
2.0308
2.04529
2.05978
2.07427
2.08877
2.10326
1.224
1.20951
1.19501
1.18052
1.16603
1.15153
1.13704
1.12255
1.10806
1.10205
1.09605
1.09005
1.08404
1.07804
1.07204
1.06603
1.06003
1.05403
1.04802
1.04202
1.03602
1.03002
1.02401
1.01801
1.01201
1
1
1
1
1
1
1.10355
1.09746
1.09137
1.08528
1.07919
1.0731
1.06701
1.06091
1.05482
1.04873
1.04264
1.03655
1.03046
1.02437
1.01827
1.02437
1.03046
1.03655
1.04264
1.04873
1.05482
1.06091
1.06701
1.0731
1.07919
1.08528
1.09137
1.09746
1.10355
1.10965
1.11574
1.13044
1.14515
1.15985
1.17456
1.18927
1.20397
1.21868
1.23338
1.24809
1.2628
1.2775
1.29221
1.30691
1.32162
1.33632
1.35103
1.36574
1.38044
1.39515
1.40985
1.42456
1.43927
1.45397
1.46868
1.48338
1.49809
1.5128
1.5275
1.54221
1.55691
1.57162
1.58632
1.60103
1.61574
1.63044
1.64515
1.65985
1.67456
1.30457
1.31928
1.33398
1.34869
1.36339
1.3781
1.3928
1.40751
1.42222
1.43692
1.45163
1.46633
1.48104
1.49575
1.51045
1.52516
1.53986
1.55457
1.56928
1.58398
1.59869
1.61339
1.6281
1.6428
1.65751
1.67222
1.68692
1.70163
1.71633
1.73104
1.74575
1.76045
1.77516
1.78986
1.80457
1.81928
1.83398
1.84869
1.86339
1.8781
1.8928
1.90751
1.92222
1.93692
1.95163
1.96633
1.98104
1.99575
2.01045
2.02516
2.03986
2.05457
2.06928
2.08398
2.09869
1.2212
1.20649
1.19179
1.17708
1.16238
1.14767
1.13297
1.11826
1.10355
1.09746
1.09137
1.08528
1.07919
1.0731
1.06701
1.06091
1.05482
1.04873
1.04264
1.03655
1.03046
1.02437
1.01827
1.01218
1
1
1
1
1
1
1.1051
1.09892
1.09273
1.08655
1.08037
1.07419
1.06801
1.06182
1.05564
1.04946
1.04328
1.03709
1.03091
1.02473
1.01855
1.02473
1.03091
1.03709
1.04328
1.04946
1.05564
1.06182
1.06801
1.07419
1.08037
1.08655
1.09273
1.09892
1.1051
1.11128
1.12621
1.14113
1.15606
1.17098
1.18591
1.20083
1.21576
1.23068
1.24561
1.26054
1.27546
1.29039
1.30531
1.32024
1.33516
1.35009
1.36501
1.37994
1.39486
1.40979
1.42471
1.43964
1.45457
1.46949
1.48442
1.49934
1.51427
1.52919
1.54412
1.55904
1.57397
1.58889
1.60382
1.61874
1.63367
1.64859
1.66352
1.67845
1.69337
1.29057
1.29675
1.30293
1.31786
1.33278
1.34771
1.36263
1.37756
1.39249
1.40741
1.42234
1.43726
1.45219
1.46711
1.48204
1.49696
1.51189
1.52681
1.54174
1.55666
1.57159
1.58652
1.60144
1.61637
1.63129
1.64622
1.66114
1.67607
1.69099
1.70592
1.72084
1.73577
1.75069
1.76562
1.78055
1.79547
1.8104
1.82532
1.84025
1.85517
1.8701
1.88502
1.89995
1.91487
1.9298
1.94472
1.95965
1.97457
1.9895
2.00443
2.01935
2.03428
2.0492
2.06413
1.18847
1.17354
1.15862
1.14369
1.12877
1.11384
1.09892
1.09273
1.08655
1.08037
1.07419
1.06801
1.06182
1.05564
1.04946
1.04328
1.03709
1.03091
1.02473
1.01855
1.01236
1
1
1
1
1
1
1.10669
1.10042
1.09414
1.08786
1.08159
1.07531
1.06904
1.06276
1.05648
1.05021
1.04393
1.03766
1.03138
1.0251
1.01883
1.0251
1.03138
1.03766
1.04393
1.05021
1.05648
1.06276
1.06904
1.07531
1.08159
1.08786
1.09414
1.10042
1.10669
1.12184
1.13699
1.15215
1.1673
1.18245
1.1976
1.21275
1.2279
1.24306
1.25821
1.27336
1.28851
1.30366
1.31881
1.33396
1.34912
1.36427
1.37942
1.39457
1.40972
1.42487
1.44002
1.45518
1.47033
1.48548
1.50063
1.51578
1.53093
1.54609
1.56124
1.57639
1.59154
1.60669
1.62184
1.63699
1.65215
1.6673
1.68245
1.6976
1.71275
1.2887
1.29497
1.30125
1.3164
1.33155
1.3467
1.36185
1.377
1.39216
1.40731
1.42246
1.43761
1.45276
1.46791
1.48307
1.49822
1.51337
1.52852
1.54367
1.55882
1.57397
1.58913
1.60428
1.61943
1.63458
1.64973
1.66488
1.68003
1.69519
1.71034
1.72549
1.74064
1.75579
1.77094
1.7861
1.80125
1.8164
1.83155
1.8467
1.86185
1.877
1.89216
1.90731
1.92246
1.93761
1.95276
1.96791
1.98307
1.99822
2.01337
2.02852
2.04367
1.18505
1.1699
1.15475
1.13959
1.12444
1.10929
1.09414
1.08786
1.08159
1.07531
1.06904
1.06276
1.05648
1.05021
1.04393
1.03766
1.03138
1.0251
1.01883
1.01255
1
1
1
1
1
1
1.10833
1.10196
1.09559
1.08922
1.08284
1.07647
1.0701
1.06373
1.05735
1.05098
1.04461
1.03824
1.03186
1.02549
1.01912
1.02549
1.03186
1.03824
1.04461
1.05098
1.05735
1.06373
1.0701
1.07647
1.08284
1.08922
1.09559
1.10196
1.11735
1.13273
1.14811
1.1635
1.17888
1.19427
1.20965
1.22504
1.24042
1.25581
1.27119
1.28658
1.30196
1.31735
1.33273
1.34811
1.3635
1.37888
1.39427
1.40965
1.42504
1.44042
1.45581
1.47119
1.48658
1.50196
1.51735
1.53273
1.54811
1.5635
1.57888
1.59427
1.60965
1.62504
1.64042
1.65581
1.67119
1.68658
1.70196
1.71735
1.73273
1.74811
1.28676
1.29314
1.29951
1.31489
1.33028
1.34566
1.36105
1.37643
1.39182
1.4072
1.42259
1.43797
1.45336
1.46874
1.48412
1.49951
1.51489
1.53028
1.54566
1.56105
1.57643
1.59182
1.6072
1.62259
1.63797
1.65336
1.66874
1.68412
1.69951
1.71489
1.73028
1.74566
1.76105
1.77643
1.79182
1.8072
1.82259
1.83797
1.85336
1.86874
1.88412
1.89951
1.91489
1.93028
1.94566
1.96105
1.97643
1.99182
2.0072
2.02259
1.18152
1.16614
1.15075
1.13537
1.11998
1.1046
1.08922
1.08284
1.07647
1.0701
1.06373
1.05735
1.05098
1.04461
1.03824
1.03186
1.02549
1.01912
1.01275
1
1
1
1
1
1
1
1.11003
1.10355
1.09708
1.09061
1.08414
1.07766
1.07119
1.06472
1.05825
1.05178
1.0453
1.03883
1.03236
1.02589
1.01942
1.02589
1.03236
1.03883
1.0453
1.05178
1.05825
1.06472
1.07119
1.07767
1.08414
1.09061
1.09708
1.11271
1.12833
1.14396
1.15958
1.17521
1.19083
1.20646
1.22208
1.23771
1.25333
1.26896
1.28458
1.30021
1.31583
1.33146
1.34708
1.36271
1.37833
1.39396
1.40958
1.42521
1.44083
1.45646
1.47208
1.48771
1.50333
1.51896
1.53458
1.55021
1.56583
1.58146
1.59708
1.61271
1.62833
1.64396
1.65958
1.67521
1.69083
1.70646
1.72208
1.73771
1.75333
1.76896
1.28477
1.29124
1.29772
1.31334
1.32897
1.34459
1.36022
1.37584
1.39147
1.40709
1.42272
1.43834
1.45397
1.46959
1.48522
1.50084
1.51647
1.53209
1.54772
1.56334
1.57897
1.59459
1.61022
1.62584
1.64147
1.65709
1.67272
1.68834
1.70397
1.71959
1.73522
1.75084
1.76647
1.78209
1.79772
1.81334
1.82897
1.84459
1.86022
1.87584
1.89147
1.90709
1.92272
1.93834
1.95397
1.96959
1.98522
2.00084
1.14664
1.13101
1.11539
1.09976
1.08414
1.07767
1.07119
1.06472
1.05825
1.05178
1.0453
1.03883
1.03236
1.02589
1.01942
1.01294
1
1
1
1
1
1
1
1.11177
1.1052
1.09862
1.09205
1.08547
1.0789
1.07232
1.06575
1.05917
1.0526
1.04602
1.03945
1.03287
1.0263
1.01972
1.0263
1.03287
1.03945
1.04602
1.0526
1.05917
1.06575
1.07232
1.0789
1.08547
1.09205
1.10792
1.12379
1.13967
1.15554
1.17141
1.18729
1.20316
1.21903
1.2349
1.25078
1.26665
1.28252
1.2984
1.31427
1.33014
1.34602
1.36189
1.37776
1.39363
1.40951
1.42538
1.44125
1.45713
1.473
1.48887
1.50475
1.52062
1.53649
1.55237
1.56824
1.58411
1.59998
1.61586
1.63173
1.6476
1.66348
1.67935
1.69522
1.7111
1.72697
1.74284
1.75871
1.77459
1.79046
1.28929
1.29587
1.31174
1.32761
1.34349
1.35936
1.37523
1.39111
1.40698
1.42285
1.43872
1.4546
1.47047
1.48634
1.50222
1.51809
1.53396
1.54984
1.56571
1.58158
1.59745
1.61333
1.6292
1.64507
1.66095
1.67682
1.69269
1.70857
1.72444
1.74031
1.75619
1.77206
1.78793
1.8038
1.81968
1.83555
1.85142
1.8673
1.88317
1.89904
1.91492
1.93079
1.94666
1.96253
1.97841
1.99428
2.01015
2.02603
1.15826
1.14239
1.12652
1.11064
1.09477
1.0789
1.07232
1.06575
1.05917
1.0526
1.04602
1.03945
1.03287
1.0263
1.01972
1.01315
1
1
1
1
1
1
1
1.12026
1.11357
1.10689
1.10021
1.09353
1.08685
1.08017
1.07349
1.06681
1.06013
1.05345
1.04677
1.04009
1.0334
1.02672
1.02004
1.02672
1.0334
1.04009
1.04677
1.05345
1.06013
1.06681
1.07349
1.08017
1.08685
1.10298
1.11911
1.13524
1.15137
1.1675
1.18363
1.19975
1.21588
1.23201
1.24814
1.26427
1.2804
1.29653
1.31266
1.32879
1.34492
1.36104
1.37717
1.3933
1.40943
1.42556
1.44169
1.45782
1.47395
1.49008
1.50621
1.52234
1.53846
1.55459
1.57072
1.58685
1.60298
1.61911
1.63524
1.65137
1.6675
1.68363
1.69975
1.71588
1.73201
1.74814
1.76427
1.7804
1.79653
1.81266
1.2806
1.28728
1.29396
1.31009
1.32622
1.34235
1.35847
1.3746
1.39073
1.40686
1.42299
1.43912
1.45525
1.47138
1.48751
1.50364
1.51977
1.53589
1.55202
1.56815
1.58428
1.60041
1.61654
1.63267
1.6488
1.66493
1.68106
1.69718
1.71331
1.72944
1.74557
1.7617
1.77783
1.79396
1.81009
1.82622
1.84235
1.85847
1.8746
1.89073
1.90686
1.92299
1.93912
1.95525
1.97138
1.98751
1.15413
1.13801
1.12188
1.10575
1.08962
1.07349
1.06681
1.06013
1.05345
1.04677
1.04009
1.0334
1.02672
1.02004
1.01336
1
1
1
1
1
1
1
1.15618
1.14939
1.1426
1.13581
1.12902
1.12223
1.11544
1.10865
1.10186
1.12223
1.11544
1.10865
1.10186
1.09507
1.08827
1.08148
1.07469
1.0679
1.06111
1.05432
1.04753
1.04074
1.03395
1.02716
1.02037
1.02716
1.03395
1.04074
1.04753
1.05432
1.06111
1.0679
1.07469
1.08148
1.09788
1.11427
1.13067
1.14706
1.16345
1.17985
1.19624
1.21263
1.22903
1.24542
1.26181
1.27821
1.2946
1.31099
1.32739
1.34378
1.36017
1.37657
1.39296
1.40935
1.42575
1.44214
1.45853
1.47493
1.49132
1.50771
1.52411
1.5405
1.55689
1.57329
1.58968
1.60607
1.62247
1.63886
1.65526
1.67165
1.68804
1.70444
1.72083
1.73722
1.75362
1.77001
1.7864
1.8028
1.81919
1.83558
1.27841
1.2852
1.29199
1.30838
1.32477
1.34117
1.35756
1.37395
1.39035
1.40674
1.42313
1.43953
1.45592
1.47232
1.48871
1.5051
1.5215
1.53789
1.55428
1.57068
1.58707
1.60346
1.61986
1.63625
1.65264
1.66904
1.68543
1.70182
1.71822
1.73461
1.751
1.7674
1.78379
1.80018
1.81658
1.83297
1.84936
1.86576
1.88215
1.89854
1.91494
1.93133
1.94773
1.13348
1.11708
1.10069
1.0843
1.0679
1.06111
1.05432
1.04753
1.04074
1.03395
1.02716
1.02037
1.01358
1
1
1
1
1
1
1
1.15878
1.15188
1.14498
1.13807
1.13117
1.12426
1.11736
1.11046
1.10355
1.09665
1.08975
1.08284
1.07594
1.06904
1.12426
1.11736
1.11046
1.10355
1.09665
1.08975
1.08284
1.07594
1.06904
1.06213
1.05523
1.04832
1.04142
1.03452
1.02761
1.02071
1.02761
1.03452
1.04142
1.04832
1.05523
1.06213
1.06904
1.07594
1.09261
1.10927
1.12594
1.28975
1.30641
1.32308
1.33975
1.35641
1.37308
1.38975
1.40641
1.42308
1.43975
1.45641
1.47308
1.48975
1.50641
1.52308
1.53975
1.55641
1.57308
1.58975
1.60641
1.62308
1.63975
1.65641
1.67308
1.68975
1.70641
1.72308
1.73975
1.75641
1.77308
1.78975
1.80641
1.82308
1.83975
1.85641
1.87308
1.27614
1.28305
1.28995
1.30662
1.32328
1.33995
1.35662
1.37328
1.38995
1.40662
1.42328
1.43995
1.45662
1.47328
1.48995
1.50662
1.52328
1.53995
1.55662
1.57328
1.58995
1.60662
1.62328
1.63995
1.65662
1.67328
1.68995
1.70662
1.72328
1.73995
1.75662
1.77328
1.78995
1.80662
1.82328
1.83995
1.85662
1.87328
1.88995
1.90662
1.92328
1.11213
1.09547
1.0788
1.06213
1.05523
1.04833
1.04142
1.03452
1.02761
1.02071
1.01381
1
1
1
1
1
1
1
1
1.16147
1.15445
1.14743
1.14041
1.13339
1.12637
1.11935
1.11233
1.10531
1.09829
1.09127
1.08425
1.07723
1.07021
1.06319
1.05616
1.04914
1.11935
1.11233
1.10531
1.09829
1.09127
1.08425
1.07723
1.07021
1.06319
1.05616
1.04914
1.04212
1.0351
1.02808
1.02106
1.02808
1.0351
1.04212
1.04914
1.05616
1.06319
1.07021
1.08715
1.36947
1.38642
1.40337
1.42032
1.43727
1.45422
1.47117
1.48812
1.50507
1.52202
1.53897
1.55592
1.57286
1.58981
1.60676
1.62371
1.64066
1.65761
1.67456
1.69151
1.70846
1.72541
1.74236
1.75931
1.77625
1.7932
1.81015
1.8271
1.84405
1.861
1.87795
1.8949
1.91185
1.26678
1.2738
1.28082
1.28784
1.30479
1.32174
1.33869
1.35564
1.37259
1.38954
1.40649
1.42344
1.44039
1.45734
1.47428
1.49123
1.50818
1.52513
1.54208
1.55903
1.57598
1.59293
1.60988
1.62683
1.64378
1.66073
1.67767
1.69462
1.71157
1.72852
1.74547
1.76242
1.77937
1.79632
1.81327
1.83022
1.84717
1.86412
1.88106
1.89801
1.10701
1.09006
1.07311
1.05616
1.04914
1.04212
1.0351
1.02808
1.02106
1.01404
1
1
1
1
1
1
1
1
1.16426
1.15712
1.14997
1.14283
1.13569
1.12855
1.12141
1.11427
1.10712
1.09998
1.09284
1.0857
1.07856
1.07142
1.06427
1.05713
1.04999
1.04285
1.03571
1.12141
1.11427
1.10712
1.09998
1.09284
1.0857
1.07856
1.07142
1.06427
1.05713
1.04999
1.04285
1.03571
1.02857
1.02142
1.02857
1.03571
1.04285
1.04999
1.05713
1.06427
1.08152
1.45195
1.46919
1.48643
1.50368
1.52092
1.53816
1.5554
1.57264
1.58988
1.60712
1.62437
1.64161
1.65885
1.67609
1.69333
1.71057
1.72781
1.74506
1.7623
1.77954
1.79678
1.81402
1.83126
1.8485
1.86575
1.88299
1.90023
1.91747
1.93471
1.95195
1.27138
1.27852
1.28567
1.30291
1.32015
1.33739
1.35463
1.37187
1.38911
1.40635
1.4236
1.44084
1.45808
1.47532
1.49256
1.5098
1.52704
1.54429
1.56153
1.57877
1.59601
1.61325
1.63049
1.64773
1.66498
1.68222
1.69946
1.7167
1.73394
1.75118
1.76842
1.78567
1.80291
1.82015
1.83739
1.85463
1.08447
1.06723
1.04999
1.04285
1.03571
1.02857
1.02142
1.01428
1
1
1
1
1
1
1
1
1.16714
1.15987
1.15261
1.14534
1.13807
1.1308
1.12354
1.11627
1.109
1.10174
1.09447
1.0872
1.07994
1.07267
1.0654
1.05814
1.05087
1.0436
1.03633
1.02907
1.0218
1.01453
1.12354
1.11627
1.109
1.10174
1.09447
1.0872
1.07994
1.07267
1.0654
1.05814
1.05087
1.0436
1.03633
1.02907
1.0218
1.02907
1.03633
1.0436
1.05087
1.05814
1.50224
1.51978
1.53732
1.55487
1.57241
1.58995
1.6075
1.62504
1.64259
1.66013
1.67767
1.69522
1.71276
1.73031
1.74785
1.76539
1.78294
1.80048
1.81803
1.83557
1.85311
1.87066
1.8882
1.90574
1.92329
1.94083
1.95838
1.97592
1.99346
1.26888
1.27614
1.28341
1.30095
1.3185
1.33604
1.35359
1.37113
1.38867
1.40622
1.42376
1.4413
1.45885
1.47639
1.49394
1.51148
1.52902
1.54657
1.56411
1.58166
1.5992
1.61674
1.63429
1.65183
1.66937
1.68692
1.70446
1.72201
1.73955
1.75709
1.77464
1.79218
1.80973
1.82727
1.84481
1.07869
1.06115
1.0436
1.03633
1.02907
1.0218
1.01453
1
1
1
1
1
1
1
1
1
1
1.18058
1.16273
1.15533
1.14793
1.14054
1.13314
1.12574
1.11835
1.11095
1.10355
1.09616
1.08876
1.08136
1.07397
1.06657
1.05917
1.05178
1.04438
1.03698
1.02959
1.02219
1.01479
1
1
1.12574
1.11835
1.11095
1.10355
1.09616
1.08876
1.08136
1.07397
1.06657
1.05917
1.05178
1.04438
1.03698
1.02959
1.02219
1.02959
1.03698
1.04438
1.05178
1.55432
1.57217
1.59003
1.60789
1.62574
1.6436
1.66146
1.67932
1.69717
1.71503
1.73289
1.75074
1.7686
1.78646
1.80432
1.82217
1.84003
1.85789
1.87574
1.8936
1.91146
1.92932
1.94717
1.96503
1.98289
2.00074
2.0186
1.26628
1.27368
1.28107
1.29893
1.31679
1.33465
1.3525
1.37036
1.38822
1.40607
1.42393
1.44179
1.45965
1.4775
1.49536
1.51322
1.53107
1.54893
1.56679
1.58465
1.6025
1.62036
1.63822
1.65607
1.67393
1.69179
1.70965
1.7275
1.74536
1.76322
1.78107
1.79893
1.81679
1.05484
1.03698
1.02959
1.02219
1.01479
1
1
1
1
1
1
1
1
1
1
1.19452
1.17634
1.15815
1.15062
1.14309
1.13556
1.12803
1.1205
1.11297
1.10544
1.09791
1.09037
1.08284
1.07531
1.06778
1.06025
1.05272
1.04519
1.03766
1.03012
1.02259
1.01506
1
1
1
1
1.12803
1.1205
1.11297
1.10544
1.0979
1.09037
1.08284
1.07531
1.06778
1.06025
1.05272
1.04519
1.03766
1.03012
1.02259
1.03012
1.03766
1.04519
1.60829
1.62647
1.64465
1.66283
1.68102
1.6992
1.71738
1.73556
1.75374
1.77192
1.79011
1.80829
1.82647
1.84465
1.86283
1.88102
1.8992
1.91738
1.93556
1.95374
1.97192
1.99011
2.00829
2.02647
2.04465
2.06283
1.26359
1.27112
1.27865
1.29684
1.31502
1.3332
1.35138
1.36956
1.38774
1.40593
1.42411
1.44229
1.46047
1.47865
1.49684
1.51502
1.5332
1.55138
1.56956
1.58774
1.60593
1.62411
1.64229
1.66047
1.67865
1.69684
1.71502
1.7332
1.75138
1.76956
1.78774
1.80593
1
1
1
1
1
1
1
1
1.03012
1.02259
1.01506
1
1
1
1
1
1
1
1
1
1
1
1.20897
1.19045
1.17193
1.15341
1.14574
1.13807
1.1304
1.12273
1.11506
1.10739
1.09972
1.09205
1.08438
1.07671
1.06904
1.06137
1.05369
1.04602
1.03835
1.03068
1.02301
1.01534
1
1
1
1
1.1304
1.12273
1.11506
1.10739
1.09972
1.09205
1.08438
1.07671
1.06904
1.06136
1.05369
1.04602
1.03835
1.03068
1.02301
1.03068
1.03835
1.04602
1.65659
1.66426
1.68278
1.7013
1.71982
1.73833
1.75685
1.77537
1.79389
1.81241
1.83093
1.84945
1.86796
1.88648
1.905
1.92352
1.94204
1.96056
1.97908
1.99759
2.01611
2.03463
2.05315
2.07167
2.09019
2.10871
1.26847
1.27614
1.29466
1.31318
1.3317
1.35022
1.36874
1.38725
1.40577
1.42429
1.44281
1.46133
1.47985
1.49837
1.51688
1.5354
1.55392
1.57244
1.59096
1.60948
1.62799
1.64651
1.66503
1.68355
1.70207
1.72059
1.73911
1.75762
1.77614
1.79466
1.81318
1.8317
1
1
1
1
1
1
1
1
1.03068
1.02301
1.01534
1
1
1
1
1
1
1
1
1
1
1
1.22396
1.2051
1.18623
1.16736
1.14849
1.14068
1.13286
1.12505
1.11723
1.10942
1.1016
1.09378
1.08597
1.07815
1.07034
1.06252
1.05471
1.04689
1.03908
1.03126
1.02345
1.01563
1.00782
1
1
1
1
1
1.13286
1.12505
1.11723
1.10941
1.1016
1.09378
1.08597
1.07815
1.07034
1.06252
1.05471
1.04689
1.03908
1.03126
1.02345
1.03126
1.03908
1.72235
1.74121
1.76008
1.77895
1.79782
1.81668
1.83555
1.85442
1.87329
1.89216
1.91102
1.92989
1.94876
1.96763
1.9865
2.00536
2.02423
2.0431
2.06197
2.08084
2.0997
2.11857
2.13744
2.15631
1.25791
1.26572
1.27354
1.29241
1.31127
1.33014
1.34901
1.36788
1.38675
1.40561
1.42448
1.44335
1.46222
1.48109
1.49995
1.51882
1.53769
1.55656
1.57542
1.59429
1.61316
1.63203
1.6509
1.66976
1.68863
1.7075
1.72637
1.74524
1.7641
1.78297
1.80184
1.82071
1.02345
1.01563
1.00782
1
1
1
1
1
1
1
1
1
1
1
1.03126
1.02345
1.01563
1.00782
1
1
1
1
1
1
1
1
1
1
1
1.23954
1.22031
1.20107
1.18184
1.16261
1.14338
1.13542
1.12745
1.11949
1.11152
1.10355
1.09559
1.08762
1.07966
1.07169
1.06373
1.05576
1.04779
1.03983
1.03186
1.0239
1.01593
1.00797
1
1
1
1
1
1
1.13542
1.12745
1.11948
1.11152
1.10355
1.09559
1.08762
1.07966
1.07169
1.06373
1.05576
1.04779
1.03983
1.03186
1.0239
1.03186
1.03983
1.78266
1.80189
1.82113
1.84036
1.85959
1.87882
1.89805
1.91728
1.93651
1.95574
1.97497
1.9942
2.01343
2.03266
2.05189
2.07113
2.09036
2.10959
2.12882
2.14805
2.16728
2.18651
1.2549
1.26287
1.27083
1.29006
1.30929
1.32852
1.34776
1.36699
1.38622
1.40545
1.42468
1.44391
1.46314
1.48237
1.5016
1.52083
1.54006
1.55929
1.57852
1.59776
1.61699
1.63622
1.65545
1.67468
1.69391
1.71314
1.73237
1.7516
1.77083
1.79006
1.80929
1.03983
1.03186
1.0239
1.01593
1.00797
1
1
1
1
1
1
1
1
1
1
1
1
1.0239
1.01593
1.00797
1
1
1
1
1
1
1
1
1
1
1
1.00797
1.25572
1.23611
1.2165
1.1969
1.17729
1.15768
1.13807
1.12995
1.12183
1.11371
1.10558
1.09746
1.08934
1.08122
1.0731
1.06497
1.05685
1.04873
1.04061
1.03249
1.02437
1.01624
1.00812
1
1
1
1
1
1
1
1
1.14619
1.13807
1.12995
1.12183
1.11371
1.10558
1.09746
1.08934
1.08122
1.0731
1.06497
1.05685
1.04873
1.04061
1.03249
1.02437
1.03249
1.0521
1.88456
1.90417
1.92378
1.94339
1.96299
1.9826
2.00221
2.02182
2.04143
2.06103
2.08064
2.10025
2.11986
2.13947
2.15907
2.17868
2.19829
1.25178
1.2599
1.26802
1.28763
1.30724
1.32684
1.34645
1.36606
1.38567
1.40528
1.42488
1.44449
1.4641
1.48371
1.50332
1.52292
1.54253
1.56214
1.58175
1.60135
1.62096
1.64057
1.66018
1.67979
1.69939
1.719
1.73861
1.75822
1.77783
1.79743
1.04873
1.04061
1.03249
1.02437
1.01624
1.00812
1
1
1
1
1
1
1
1
1
1
1
1
1
1.01624
1.00812
1
1
1
1
1
1
1
1
1
1
1
1.00812
1.01624
1.02437
1.27255
1.25255
1.23255
1.21255
1.19255
1.17255
1.15255
1.13255
1.12426
1.11598
1.1077
1.09941
1.09113
1.08284
1.07456
1.06627
1.05799
1.04971
1.04142
1.03314
1.02485
1.01657
1.00828
1
1
1
1
1
1
1
1
1
1
1.14912
1.14083
1.13255
1.12426
1.11598
1.1077
1.09941
1.09113
1.08284
1.07456
1.06627
1.05799
1.04971
1.04142
1.03314
1.02485
1.95054
1.97054
1.99054
2.01054
2.03054
2.05054
2.07054
2.09054
2.11054
2.13054
2.15054
2.17054
2.19054
2.21054
2.23054
1.23196
1.24024
1.24853
1.25681
1.2651
1.2851
1.3051
1.3251
1.3451
1.3651
1.3851
1.4051
1.4251
1.4451
1.4651
1.4851
1.5051
1.5251
1.5451
1.5651
1.5851
1.6051
1.6251
1.6451
1.6651
1.6851
1.7051
1.7251
1.7451
1.7651
1.7851
1.8051
1.05799
1.04971
1.04142
1.03314
1.02485
1.01657
1.00828
1
1
1
1
1
1
1
1
1
1
1
1
1
1
1.02828
1.00828
1
1
1
1
1
1
1
1
1
1
1
1.00828
1.01657
1.02485
1.03314
1.29007
1.26966
1.24925
1.22884
1.20843
1.18803
1.16762
1.14721
1.1268
1.11835
1.10989
1.10144
1.09299
1.08453
1.07608
1.06763
1.05917
1.05072
1.04227
1.03381
1.02536
1.01691
1.00845
1
1
1
1
1
1
1
1
1
1
1
1.15216
1.14371
1.13525
1.1268
1.11835
1.10989
1.10144
1.09299
1.08453
1.07608
1.06763
1.05917
1.05072
1.04227
1.03381
1.02536
2.03962
2.06002
2.08043
2.10084
2.12125
2.14166
2.16206
2.18247
2.20288
2.22329
2.2437
1.10989
1.10144
1.09299
1.08453
1.07608
1.06763
1.22824
1.23669
1.24515
1.2536
1.26205
1.28246
1.30287
1.32328
1.34369
1.36409
1.3845
1.40491
1.42532
1.44573
1.46614
1.48654
1.50695
1.52736
1.54777
1.56818
1.58858
1.60899
1.6294
1.64981
1.67022
1.69063
1.71103
1.73144
1.75185
1.77226
1.79267
1.07608
1.06763
1.05917
1.05072
1.04227
1.03381
1.02536
1.01691
1.00845
1
1
1
1
1
1
1
1
1
1
1
1
1
1
1
1
1
1
1
1
1
1
1
1
1
1
1
1.00845
1.01691
1.02536
1.03381
1.04227
1.05072
1.30831
1.28748
1.26665
1.24581
1.22498
1.20415
1.18331
1.16248
1.14165
1.12081
1.11218
1.10355
1.09492
1.08629
1.07767
1.06904
1.06041
1.05178
1.04315
1.03452
1.02589
1.01726
1.00863
1
1
1
1
1
1
1
1
1
1
1
1
1
1.15533
1.1467
1.13807
1.12944
1.12081
1.11218
1.10355
1.09492
1.08629
1.07767
1.06904
1.06041
1.05178
1.04315
1.03452
1.02589
1.15533
1.1467
1.13807
1.12944
1.12081
1.11218
1.10355
1.09492
1.08629
1.07767
1.06904
1.06041
1.05178
1.04315
1.03452
1.02589
1.01726
1.20711
1.21574
1.22437
1.233
1.24163
1.25025
1.25888
1.27972
1.30055
1.32138
1.34222
1.36305
1.38388
1.40472
1.42555
1.44638
1.46722
1.48805
1.50888
1.52972
1.55055
1.57138
1.59222
1.61305
1.63388
1.65472
1.67555
1.69638
1.71722
1.73805
1.75888
1.77972
1.07767
1.06904
1.06041
1.05178
1.04315
1.03452
1.02589
1.01726
1.00863
1
1
1
1
1
1
1
1
1
1
1
1
1
1
1
1
1
1
1
1
1
1
1
1
1
1
1
1
1.00863
1.01726
1.02589
1.03452
1.04315
1.05178
1.06041
1.06904
1.07767
1.08629
1.32734
1.30606
1.28478
1.26351
1.24223
1.22095
1.19968
1.1784
1.15712
1.13585
1.11457
1.10576
1.09694
1.08813
1.07932
1.0705
1.06169
1.05288
1.04407
1.03525
1.02644
1.01763
1.00881
1
1
1
1
1
1
1
1
1
1
1
1
1
1
1.88293
1.86165
1.84037
1.8191
1.79782
1.77654
1.75527
1.73399
1.72518
1.17626
1.16745
1.15863
1.14982
1.14101
1.1322
1.12338
1.11457
1.10576
1.09694
1.08813
1.07932
1.0705
1.06169
1.05288
1.04407
1.03525
1.02644
1.17626
1.16745
1.15863
1.14982
1.14101
1.1322
1.12338
1.11457
1.10576
1.09694
1.08813
1.07932
1.0705
1.06169
1.05288
1.04407
1.03525
1.02644
1.01763
1.00881
1
1
1
1
1.19389
1.2027
1.21151
1.22033
1.22914
1.23795
1.24677
1.25558
1.27686
1.29813
1.31941
1.34069
1.36196
1.38324
1.40452
1.42579
1.44707
1.46834
1.48962
1.5109
1.53217
1.55345
1.57473
1.596
1.61728
1.63856
1.65983
1.68111
1.70239
1.72366
1.74494
1.76622
1.78749
1.07932
1.0705
1.06169
1.05288
1.04407
1.03525
1.02644
1.01763
1.00881
1
1
1
1
1
1
1
1
1
1
1
1
1
1
1
1
1
1
1
1
1
1
1
1
1
1
1
1
1.00881
1.01763
1.02644
1.03525
1.04407
1.05288
1.06169
1.0705
1.07932
1.08813
1.09694
1.10576
1.11457
1.12338
1.34719
1.32545
1.30371
1.28197
1.26023
1.23849
1.21675
1.19501
1.17327
1.15153
1.1298
1.10806
1.09905
1.09005
1.08104
1.07204
1.06303
1.05403
1.04502
1.03602
1.02701
1.01801
1.009
1
1
1
1
1
1
1
1
1
1
1
1
1
1
1.91485
1.89311
1.87138
1.84964
1.8279
1.80616
1.78442
1.76268
1.74094
1.18009
1.17109
1.16208
1.15308
1.14407
1.13507
1.12606
1.11706
1.10806
1.09905
1.09005
1.08104
1.07204
1.06303
1.05403
1.04502
1.03602
1.02701
1.18009
1.17109
1.16208
1.15308
1.14407
1.13507
1.12606
1.11706
1.10806
1.09905
1.09005
1.08104
1.07204
1.06303
1.05403
1.04502
1.03602
1.02701
1.01801
1.009
1
1
1
1
1.1981
1.20711
1.21611
1.22512
1.23412
1.24313
1.25213
1.27387
1.29561
1.31735
1.33909
1.36083
1.38257
1.4043
1.42604
1.44778
1.46952
1.49126
1.513
1.53474
1.55648
1.57822
1.59996
1.6217
1.64343
1.66517
1.68691
1.70865
1.73039
1.75213
1.77387
1.79561
1.81735
1.08104
1.07204
1.06303
1.05403
1.04502
1.03602
1.02701
1.01801
1.009
1
1
1
1
1
1
1
1
1
1
1
1
1
1
1
1
1
1
1
1
1
1
1
1
1
1
1
1
1.009
1.01801
1.02701
1.03602
1.04502
1.05403
1.06303
1.07204
1.08104
1.09005
1.09905
1.10806
1.11706
1.12606
1.35583
1.3457
1.32347
1.30125
1.27903
1.25681
1.23459
1.21236
1.19014
1.16792
1.1457
1.12347
1.10125
1.09205
1.08284
1.07364
1.06443
1.05523
1.04602
1.03682
1.02761
1.01841
1.0092
1
1
1
1
1
1
1
1
1
1
1
1
1
1
1
1
1
2.01487
1.99265
1.97042
1.9482
1.92598
1.90376
1.88153
1.85931
1.83709
1.81487
1.79265
1.77042
1.7482
1.72598
1.70376
1.68153
1.65931
1.1841
1.17489
1.16569
1.15648
1.14728
1.13807
1.12887
1.11966
1.11046
1.10125
1.09205
1.08284
1.07364
1.06443
1.05523
1.04602
1.03682
1.02761
1.01841
1.02761
1.03682
1.04602
1.05523
1.06443
1.1933
1.1841
1.17489
1.16569
1.15648
1.14728
1.13807
1.12887
1.11966
1.11046
1.10125
1.09205
1.08284
1.07364
1.06443
1.05523
1.04602
1.03682
1.02761
1.01841
1.0092
1
1
1
1
1
1
1
1
1.17489
1.1841
1.1933
1.2025
1.21171
1.22091
1.23012
1.23932
1.24853
1.27075
1.29297
1.3152
1.33742
1.35964
1.38186
1.40408
1.42631
1.44853
1.47075
1.49297
1.5152
1.53742
1.55964
1.58186
1.60408
1.62631
1.64853
1.67075
1.69297
1.7152
1.73742
1.75964
1.78186
1.80408
1.82631
1.09205
1.08284
1.07364
1.06443
1.05523
1.04602
1.03682
1.02761
1.01841
1.0092
1
1
1
1
1
1
1
1
1
1
1
1
1
1
1
1
1
1
1
1
1
1
1
1
1
1
1
1
1
1.0092
1.01841
1.02761
1.03682
1.04602
1.05523
1.06443
1.07364
1.08284
1.09205
1.10125
1.11046
1.11966
1.12887
1.13807
1.14728
1.15648
1.16569
1.17489
1.1841
1.1933
1.2025
1.21171
1.37723
1.36687
1.34414
1.32141
1.29869
1.27596
1.25323
1.2305
1.20778
1.18505
1.16232
1.13959
1.11687
1.09414
1.08473
1.07531
1.0659
1.05648
1.04707
1.03766
1.02824
1.01883
1.00941
1
1
1
1
1
1
1
1
1
1
1
1
1
1
1
1
1
1
2.11943
2.0967
2.07397
2.05125
2.02852
2.00579
1.98306
1.96034
1.93761
1.91488
1.89216
1.86943
1.8467
1.82397
1.80125
1.77852
1.75579
1.73306
1.71034
1.68761
1.66488
1.64216
1.61943
1.19769
1.18828
1.17886
1.16945
1.16004
1.15062
1.14121
1.1318
1.12238
1.11297
1.10355
1.09414
1.08473
1.07531
1.0659
1.05648
1.04707
1.03766
1.02824
1
1
1
1.00941
1.01883
1.02824
1.03766
1.04707
1.05648
1.0659
1.07531
1.08473
1.09414
1.10355
1.21652
1.20711
1.19769
1.18828
1.17886
1.16945
1.16004
1.15062
1.14121
1.1318
1.12238
1.11297
1.10355
1.09414
1.08473
1.07531
1.0659
1.05648
1.04707
1.03766
1.02824
1.01883
1.00941
1
1
1
1
1
1
1
1
1
1
1.00941
1.01883
1.02824
1.03766
1.1318
1.14121
1.15062
1.16004
1.16945
1.17887
1.18828
1.19769
1.20711
1.21652
1.22594
1.23535
1.24476
1.26749
1.29022
1.31294
1.33567
1.3584
1.38113
1.40385
1.42658
1.44931
1.47204
1.49476
1.51749
1.54022
1.56294
1.58567
1.6084
1.63113
1.65385
1.67658
1.69931
1.72204
1.74476
1.76749
1.79022
1.81294
1.83567
1.09414
1.08473
1.07531
1.0659
1.05648
1.04707
1.03766
1.02824
1.01883
1.00941
1
1
1
1
1
1
1
1
1
1
1
1
1
1
1
1
1
1
1
1
1
1
1
1
1
1
1
1
1
1.00941
1.01883
1.02824
1.03766
1.04707
1.05648
1.0659
1.07531
1.08473
1.09414
1.10355
1.11297
1.12238
1.1318
1.14121
1.15062
1.16004
1.16945
1.17887
1.18828
1.19769
1.20711
1.21652
1.22593
1.23535
1.24476
1.25418
1.26359
1.28632
1.30905
1.33177
1.3545
1.27274
1.24949
1.22623
1.20298
1.17972
1.15646
1.13321
1.10995
1.0867
1.07706
1.06743
1.0578
1.04816
1.03853
1.0289
1.01927
1.00963
1
1
1
1
1
1
1
1
1
1
1
1
1
1
1
1
1
1
1
2.22885
2.2056
2.18234
2.15908
2.13583
2.11257
2.08932
2.06606
2.04281
2.01955
1.99629
1.97304
1.94978
1.92653
1.90327
1.88001
1.85676
1.8335
1.81025
1.78699
1.76374
1.74048
1.71722
1.69397
1.67071
1.64746
1.6242
1.60095
1.21192
1.20229
1.19266
1.18302
1.17339
1.16376
1.15413
1.14449
1.13486
1.12523
1.11559
1.10596
1.09633
1.0867
1.07706
1.06743
1.0578
1.04816
1.03853
1.0289
1
1
1
1
1.00963
1.01927
1.0289
1.03853
1.04816
1.0578
1.06743
1.07706
1.0867
1.09633
1.10596
1.11559
1.12523
1.13486
1.23119
1.22156
1.21192
1.20229
1.19266
1.18302
1.17339
1.16376
1.15413
1.14449
1.13486
1.12523
1.11559
1.10596
1.09633
1.0867
1.07706
1.06743
1.0578
1.04816
1.03853
1.0289
1.01927
1.00963
1
1
1
1
1
1
1
1
1
1
1.00963
1.01927
1.0289
1.03853
1.04816
1.0578
1.06743
1.07706
1.0867
1.09633
1.10596
1.11559
1.12523
1.13486
1.14449
1.15413
1.16376
1.17339
1.18302
1.19266
1.20229
1.21192
1.22156
1.23119
1.24082
1.26408
1.28733
1.31059
1.33385
1.3571
1.38036
1.40361
1.42687
1.45012
1.47338
1.49664
1.51989
1.54315
1.5664
1.58966
1.61292
1.63617
1.65943
1.68268
1.70594
1.72919
1.75245
1.77571
1.79896
1.82222
1.09633
1.0867
1.07706
1.06743
1.0578
1.04816
1.03853
1.0289
1.01927
1.00963
1
1
1
1
1
1
1
1
1
1
1
1
1
1
1
1
1
1
1
1
1
1
1
1
1
1
1
1
1
1
1.00963
1.01927
1.0289
1.03853
1.04816
1.0578
1.06743
1.07706
1.0867
1.09633
1.10596
1.11559
1.12523
1.13486
1.14449
1.15413
1.16376
1.17339
1.18302
1.19266
1.20229
1.21192
1.22156
1.23119
1.24082
1.25046
1.26009
1.28334
1.3066
1.32986
1.35311
1.37637
1.17414
1.15033
1.12652
1.10271
1.0789
1.06904
1.05917
1.04931
1.03945
1.02959
1.01972
1.00986
1
1
1
1
1
1
1
1
1
1
1
1
1
1
1
1
1
1
1
1.00986
1.01972
1.02959
2.29587
2.27206
2.24825
2.22444
2.20063
2.17682
2.15301
2.1292
2.10539
2.08158
2.05777
2.03396
2.01015
1.98634
1.96253
1.93872
1.91491
1.89111
1.8673
1.84349
1.81968
1.79587
1.77206
1.74825
1.72444
1.70063
1.67682
1.65301
1.6292
1.60539
1.58158
1.55777
1.22683
1.21697
1.20711
1.19724
1.18738
1.17752
1.16766
1.1578
1.14793
1.13807
1.12821
1.11835
1.10848
1.09862
1.08876
1.0789
1.06904
1.05917
1.04931
1.03945
1.02959
1
1
1
1
1
1
1
1.00986
1.01972
1.02959
1.03945
1.04931
1.05917
1.06904
1.0789
1.08876
1.09862
1.10848
1.11835
1.12821
1.13807
1.14793
1.24656
1.23669
1.22683
1.21697
1.20711
1.19724
1.18738
1.17752
1.16766
1.1578
1.14793
1.13807
1.12821
1.11835
1.10848
1.09862
1.08876
1.0789
1.06904
1.05917
1.04931
1.03945
1.02959
1.01972
1.00986
1
1
1
1
1
1
1
1
1
1
1.00986
1.01972
1.02959
1.03945
1.04931
1.05917
1.06904
1.0789
1.08876
1.09862
1.10848
1.11835
1.12821
1.13807
1.14793
1.1578
1.16766
1.17752
1.18738
1.19724
1.20711
1.21697
1.22683
1.23669
1.2605
1.28431
1.30812
1.33193
1.35574
1.37955
1.40336
1.42717
1.45098
1.47479
1.4986
1.52241
1.54622
1.57003
1.59384
1.61765
1.64146
1.66527
1.68907
1.71288
1.73669
1.7605
1.78431
1.80812
1.83193
1.09862
1.08876
1.0789
1.06904
1.05917
1.04931
1.03945
1.02959
1.01972
1.00986
1
1
1
1
1
1
1
1
1
1
1
1
1
1
1
1
1
1
1
1
1
1
1
1
1
1
1
1
1
1
1.00986
1.01972
1.02959
1.03945
1.04931
1.05917
1.06904
1.0789
1.08876
1.09862
1.10848
1.11835
1.12821
1.13807
1.14793
1.1578
1.16766
1.17752
1.18738
1.19724
1.20711
1.21697
1.22683
1.23669
1.24656
1.25642
1.28023
1.30404
1.32785
1.35166
1.37547
1.39928
1.1195
1.09511
1.07072
1.06062
1.05051
1.04041
1.03031
1.02021
1.0101
1
1
1
1
1
1
1
1
1
1
1
1
1
1
1
1
1
1
1
1.0101
1.02021
1.03031
1.04041
2.36615
2.34176
2.31737
2.29298
2.26859
2.2442
2.21981
2.19542
2.17103
2.14664
2.12225
2.09786
2.07347
2.04908
2.02469
2.0003
1.97591
1.95152
1.92713
1.90274
1.87835
1.85396
1.82957
1.80518
1.78079
1.7564
1.73201
1.70761
1.68322
1.65883
1.63444
1.61005
1.58566
1.56127
1.53688
1.51249
1.4881
1.27278
1.26267
1.25257
1.24247
1.23236
1.22226
1.21216
1.20206
1.19195
1.18185
1.17175
1.16164
1.15154
1.14144
1.13134
1.12123
1.11113
1.10103
1.09092
1.08082
1.07072
1.06062
1.05051
1.04041
1.03031
1.02021
1.0101
1
1
1
1
1
1
1
1
1.0101
1.02021
1.03031
1.04041
1.05051
1.06062
1.07072
1.08082
1.09092
1.10103
1.11113
1.12123
1.13134
1.14144
1.15154
1.16164
1.25257
1.24247
1.23236
1.22226
1.21216
1.20206
1.19195
1.18185
1.17175
1.16164
1.15154
1.14144
1.13134
1.12123
1.11113
1.10103
1.09092
1.08082
1.07072
1.06062
1.05051
1.04041
1.03031
1.02021
1.0101
1
1
1
1
1
1
1
1
1
1
1.0101
1.02021
1.03031
1.04041
1.05051
1.06062
1.07072
1.08082
1.09092
1.10103
1.11113
1.12123
1.13134
1.14144
1.15154
1.16164
1.17175
1.18185
1.19195
1.20206
1.21216
1.22226
1.23236
1.25675
1.28114
1.30553
1.32993
1.35432
1.37871
1.4031
1.42749
1.45188
1.47627
1.50066
1.52505
1.54944
1.57383
1.59822
1.62261
1.647
1.67139
1.69578
1.72017
1.74456
1.76895
1.79334
1.81773
1.84212
1.86651
1.10103
1.09092
1.08082
1.07072
1.06062
1.05051
1.04041
1.03031
1.02021
1.0101
1
1
1
1
1
1
1
1
1
1
1
1
1
1
1
1
1
1
1
1
1
1
1
1
1
1
1
1
1
1
1.0101
1.02021
1.03031
1.04041
1.05051
1.06062
1.07072
1.08082
1.09092
1.10103
1.11113
1.12123
1.13134
1.14144
1.15154
1.16164
1.17175
1.18185
1.19195
1.20206
1.21216
1.22226
1.23236
1.24247
1.25257
1.27696
1.30135
1.32574
1.35013
1.37452
1.39891
1.4233
1.06213
1.05178
1.04142
1.03107
1.02071
1.01036
1
1
1
1
1
1
1
1
1
1
1
1
1
1
1
1
1
1
1
1.01036
1.02071
1.03107
1.04142
1.05178
2.43995
2.41495
2.38995
2.36495
2.33995
2.31495
2.28995
2.26495
2.23995
2.21495
2.18995
2.16495
2.13995
2.11495
2.08995
2.06495
2.03995
2.01495
1.98995
1.96495
1.93995
1.91495
1.88995
1.86495
1.83995
1.81495
1.78995
1.76495
1.73995
1.71495
1.68995
1.66495
1.63995
1.61495
1.58995
1.56495
1.53995
1.51495
1.48995
1.46495
1.43995
1.41495
1.38995
1.36495
1.33995
1.31495
1.28995
1.27959
1.26924
1.25888
1.24853
1.23817
1.22782
1.21746
1.20711
1.19675
1.1864
1.17604
1.16569
1.15533
1.14497
1.13462
1.12426
1.11391
1.10355
1.0932
1.08284
1.07249
1.06213
1.05178
1.04142
1.03107
1.02071
1.01036
1
1
1
1
1
1
1
1
1
1.01036
1.02071
1.03107
1.04142
1.05178
1.06213
1.07249
1.08284
1.0932
1.10355
1.11391
1.12426
1.13462
1.14497
1.15533
1.16569
1.27959
1.26924
1.25888
1.24853
1.23817
1.22782
1.21746
1.20711
1.19675
1.1864
1.17604
1.16569
1.15533
1.14497
1.13462
1.12426
1.11391
1.10355
1.0932
1.08284
1.07249
1.06213
1.05178
1.04142
1.03107
1.02071
1.01036
1
1
1
1
1
1
1
1
1
1
1.01036
1.02071
1.03107
1.04142
1.05178
1.06213
1.07249
1.08284
1.0932
1.10355
1.11391
1.12426
1.13462
1.14497
1.15533
1.16569
1.17604
1.1864
1.19675
1.20711
1.21746
1.22782
1.25282
1.27782
1.30282
1.32782
1.35282
1.37782
1.40282
1.42782
1.45282
1.47782
1.50282
1.52782
1.55282
1.57782
1.60282
1.62782
1.65282
1.67782
1.70282
1.72782
1.75282
1.77782
1.80282
1.82782
1.85282
1.87782
1.10355
1.0932
1.08284
1.07249
1.06213
1.05178
1.04142
1.03107
1.02071
1.01036
1
1
1
1
1
1
1
1
1
1
1
1
1
1
1
1
1
1
1
1
1
1
1
1
1
1
1
1
1
1
1.01036
1.02071
1.03107
1.04142
1.05178
1.06213
1.07249
1.08284
1.0932
1.10355
1.11391
1.12426
1.13462
1.14497
1.15533
1.16569
1.17604
1.1864
1.19675
1.20711
1.21746
1.22782
1.23817
1.24853
1.27353
1.29853
1.32353
1.34853
1.37353
1.39853
1.42353
1.44853
1.0531
1.04248
1.03186
1.02124
1.01062
1
1
1
1
1
1
1
1
1
1
1
1
1
1
1
1
1
1
1
1.01062
1.02124
1.03186
1.04248
1.0531
1.06373
1.07435
2.54317
2.51753
2.49189
2.46625
2.44061
2.41497
2.38933
2.36369
2.33805
2.3124
2.28676
2.26112
2.23548
2.20984
2.1842
2.15856
2.13292
2.10728
2.08164
2.05599
2.03035
2.00471
1.97907
1.95343
1.92779
1.90215
1.87651
1.85087
1.82523
1.79958
1.77394
1.7483
1.72266
1.69702
1.67138
1.64574
1.6201
1.59446
1.56881
1.54317
1.51753
1.49189
1.46625
1.44061
1.41497
1.38933
1.36369
1.33805
1.3124
1.28676
1.27614
1.26552
1.2549
1.24428
1.23366
1.22304
1.21242
1.2018
1.19118
1.18055
1.16993
1.15931
1.14869
1.13807
1.12745
1.11683
1.10621
1.09559
1.08497
1.07435
1.06373
1.0531
1.04248
1.03186
1.02124
1.01062
1
1
1
1
1
1
1
1
1
1
1
1.01062
1.02124
1.03186
1.04248
1.0531
1.06373
1.07435
1.08497
1.09559
1.10621
1.11683
1.12745
1.13807
1.14869
1.15931
1.16993
1.18055
1.28676
1.27614
1.26552
1.2549
1.24428
1.23366
1.22304
1.21242
1.2018
1.19118
1.18055
1.16993
1.15931
1.14869
1.13807
1.12745
1.11683
1.10621
1.09559
1.08497
1.07435
1.06373
1.0531
1.04248
1.03186
1.02124
1.01062
1
1
1
1
1
1
1
1
1
1
1.01062
1.02124
1.03186
1.04248
1.0531
1.06373
1.07435
1.08497
1.09559
1.10621
1.11683
1.12745
1.13807
1.14869
1.15931
1.16993
1.18055
1.19118
1.2018
1.21242
1.22304
1.24868
1.27432
1.29996
1.3256
1.35124
1.37688
1.40253
1.42817
1.45381
1.47945
1.50509
1.53073
1.55637
1.58201
1.60765
1.63329
1.65894
1.68458
1.71022
1.73586
1.7615
1.78714
1.81278
1.83842
1.86406
1.09559
1.08497
1.07435
1.06373
1.0531
1.04248
1.03186
1.02124
1.01062
1
1
1
1
1
1
1
1
1
1
1
1
1
1
1
1
1
1
1
1.01062
1.02124
1
1
1
1
1
1
1
1
1
1
1
1.01062
1.02124
1.03186
1.04248
1.0531
1.06373
1.07435
1.08497
1.09559
1.10621
1.11683
1.12745
1.13807
1.14869
1.15931
1.16993
1.18055
1.19118
1.2018
1.21242
1.22304
1.23366
1.24428
1.26992
1.29556
1.3212
1.34684
1.37249
1.39813
1.42377
1.44941
1.47505
1.0436
1.0327
1.0218
1.0109
1
1
1
1
1
1
1
1
1
1
1
1
1
1
1
1
1
1
1
1.0109
1.0218
1.0327
1.0436
1.0545
1.0654
1.0763
1.0872
2.62551
2.5992
2.57288
2.54657
2.52025
2.49394
2.46762
2.4413
2.41499
2.38867
2.36236
2.33604
2.30973
2.28341
2.25709
2.23078
2.20446
2.17815
2.15183
2.12551
2.0992
2.07288
2.04657
2.02025
1.99394
1.96762
1.9413
1.91499
1.88867
1.86236
1.83604
1.80973
1.78341
1.75709
1.73078
1.70446
1.67815
1.65183
1.62551
1.5992
1.57288
1.54657
1.52025
1.49394
1.46762
1.4413
1.41499
1.38867
1.36236
1.33604
1.30973
1.28341
1.27251
1.26161
1.25071
1.23981
1.22891
1.21801
1.20711
1.19621
1.18531
1.17441
1.16351
1.1526
1.1417
1.1308
1.1199
1.109
1.0981
1.0872
1.0763
1.0654
1.0545
1.0436
1.0327
1.0218
1.0109
1
1
1
1
1
1
1
1
1
1
1
1
1
1.0109
1.0218
1.0327
1.0436
1.0545
1.0654
1.0763
1.0872
1.0981
1.109
1.1199
1.1308
1.1417
1.1526
1.16351
1.17441
1.18531
1.30973
1.28341
1.27251
1.26161
1.25071
1.23981
1.22891
1.21801
1.20711
1.19621
1.18531
1.17441
1.16351
1.1526
1.1417
1.1308
1.1199
1.109
1.0981
1.0872
1.0763
1.0654
1.0545
1.0436
1.0327
1.0218
1.0109
1
1
1
1
1
1
1
1
1
1
1.0109
1.0218
1.0327
1.0436
1.0545
1.0654
1.0763
1.0872
1.0981
1.109
1.1199
1.1308
1.1417
1.15261
1.16351
1.17441
1.18531
1.19621
1.20711
1.21801
1.24432
1.27064
1.29695
1.32327
1.34959
1.3759
1.40222
1.42853
1.45485
1.48117
1.50748
1.5338
1.56011
1.58643
1.61274
1.63906
1.66538
1.69169
1.71801
1.74432
1.77064
1.79695
1.82327
1.84959
1.8759
1.0981
1.0872
1.0763
1.0654
1.0545
1.0436
1.0327
1.0218
1.0109
1
1
1
1
1
1
1
1
1
1
1
1
1
1
1
1
1
1
1
1.0109
1.0218
1
1
1
1
1
1
1
1
1
1
1
1.0109
1.0218
1.0327
1.0436
1.0545
1.0654
1.0763
1.0872
1.0981
1.109
1.1199
1.1308
1.1417
1.1526
1.16351
1.17441
1.18531
1.19621
1.20711
1.21801
1.22891
1.23981
1.26612
1.29244
1.31876
1.34507
1.37139
1.3977
1.42402
1.45033
1.47665
1.50297
1.04478
1.03359
1.02239
1.0112
1
1
1
1
1
1
1
1
1
1
1
1
1
1
1
1
1
1
1
1.0112
1.02239
1.03358
1.04478
1.05597
1.06717
1.07836
1.08956
2.68528
2.65825
2.63123
2.6042
2.57717
2.55014
2.52312
2.49609
2.46906
2.44204
2.41501
2.38798
2.36096
2.33393
2.3069
2.27987
2.25285
2.22582
2.19879
2.17177
2.14474
2.11771
2.09069
2.06366
2.03663
2.0096
1.98258
1.95555
1.92852
1.9015
1.87447
1.84744
1.82041
1.79339
1.76636
1.73933
1.71231
1.68528
1.65825
1.63123
1.6042
1.57717
1.55014
1.52312
1.49609
1.46906
1.44204
1.41501
1.38798
1.36096
1.33393
1.3069
1.27987
1.26868
1.25748
1.24629
1.23509
1.2239
1.2127
1.20151
1.19031
1.17912
1.16792
1.15673
1.14553
1.13434
1.12314
1.11195
1.10075
1.08956
1.07836
1.06717
1.05597
1.04478
1.03358
1.02239
1.0112
1
1
1
1
1
1
1
1
1
1
1
1
1
1.0112
1.02239
1.03358
1.04478
1.05597
1.06717
1.07836
1.08956
1.10075
1.11195
1.12314
1.13434
1.14553
1.15673
1.16792
1.17912
1.19031
1.33393
1.3069
1.27987
1.26868
1.25748
1.24629
1.23509
1.2239
1.2127
1.20151
1.19031
1.17912
1.16792
1.15673
1.14553
1.13434
1.12314
1.11195
1.10075
1.08956
1.07836
1.06717
1.05597
1.04478
1.03358
1.02239
1.0112
1
1
1
1
1
1
1
1
1
1
1.0112
1.02239
1.03358
1.04478
1.05597
1.06717
1.07836
1.08956
1.10075
1.11195
1.12314
1.13434
1.14553
1.15673
1.16792
1.17912
1.19031
1.20151
1.2127
1.23973
1.26676
1.29379
1.32081
1.34784
1.37487
1.40189
1.42892
1.45595
1.48297
1.51
1.53703
1.56406
1.59108
1.61811
1.64514
1.67216
1.69919
1.72622
1.75324
1.78027
1.8073
1.83433
1.86135
1.88838
1.91541
1.10075
1.08956
1.07836
1.06717
1.05597
1.04478
1.03358
1.02239
1.0112
1
1
1
1
1
1
1
1
1
1
1
1
1
1
1
1
1
1
1
1.0112
1.02239
1
1
1
1
1
1
1
1
1
1
1
1.0112
1.02239
1.03358
1.04478
1.05597
1.06717
1.07836
1.08956
1.10075
1.11195
1.12314
1.13434
1.14553
1.15673
1.16792
1.17912
1.19031
1.20151
1.2127
1.2239
1.23509
1.26212
1.28915
1.31618
1.3432
1.37023
1.39726
1.42428
1.45131
1.47834
1.50536
1.53239
1.03452
1.02301
1.01151
1
1
1
1
1
1
1
1
1
1
1
1
1
1
1
1
1
1
1
1.01151
1.02301
1.03452
1.04602
1.05753
1.06904
1.08054
1.09205
1.10355
2.74836
2.72059
2.69281
2.66503
2.63725
2.60948
2.5817
2.55392
2.52614
2.49836
2.47059
2.44281
2.41503
2.38725
2.35948
2.3317
2.30392
2.27614
2.24836
2.22059
2.19281
2.16503
2.13725
2.10948
2.0817
2.05392
2.02614
1.99836
1.97059
1.94281
1.91503
1.88725
1.85948
1.8317
1.80392
1.77614
1.74836
1.72059
1.69281
1.66503
1.63725
1.60948
1.5817
1.55392
1.52614
1.49836
1.47059
1.44281
1.41503
1.38725
1.35948
1.3317
1.30392
1.27614
1.26464
1.25313
1.24162
1.23012
1.21861
1.20711
1.1956
1.18409
1.17259
1.16108
1.14958
1.13807
1.12657
1.11506
1.10355
1.09205
1.08054
1.06904
1.05753
1.04602
1.03452
1.02301
1.01151
1
1
1
1
1
1
1
1
1
1
1
1
1
1.01151
1.02301
1.03452
1.04602
1.05753
1.06904
1.08054
1.09205
1.10355
1.11506
1.12657
1.13807
1.14958
1.16108
1.17259
1.18409
1.1956
1.35948
1.3317
1.30392
1.27614
1.26464
1.25313
1.24162
1.23012
1.21861
1.20711
1.1956
1.18409
1.17259
1.16108
1.14958
1.13807
1.12657
1.11506
1.10355
1.09205
1.08054
1.06904
1.05753
1.04602
1.03452
1.02301
1.01151
1
1
1
1
1
1
1
1
1
1
1.01151
1.02301
1.03452
1.04602
1.05753
1.06904
1.08054
1.09205
1.10355
1.11506
1.12657
1.13807
1.14958
1.16108
1.17259
1.1841
1.1956
1.20711
1.23488
1.26266
1.29044
1.31822
1.346
1.37377
1.40155
1.42933
1.45711
1.48488
1.51266
1.54044
1.56822
1.596
1.62377
1.65155
1.67933
1.70711
1.73488
1.76266
1.79044
1.81822
1.846
1.87377
1.90155
1.92933
1.10355
1.09205
1.08054
1.06904
1.05753
1.04602
1.03452
1.02301
1.01151
1
1
1
1
1
1
1
1
1
1
1
1
1
1
1
1
1
1
1
1.01151
1.02301
1
1
1
1
1
1
1
1
1
1
1
1.01151
1.02301
1.03452
1.04602
1.05753
1.06904
1.08054
1.09205
1.10355
1.11506
1.12657
1.13807
1.14958
1.16108
1.17259
1.18409
1.1956
1.20711
1.21861
1.23012
1.2579
1.28567
1.31345
1.34123
1.36901
1.39679
1.42456
1.45234
1.48012
1.5079
1.53567
1.56345
1.05224
1.02367
1.01183
1
1
1
1
1
1
1
1
1
1
1
1
1
1
1
1
1
1
1
1.01183
1.02367
1.0355
1.04734
1.05917
1.07101
1.08284
1.09468
1.10651
1.11835
2.81505
2.78648
2.75791
2.72934
2.70077
2.6722
2.64363
2.61505
2.58648
2.55791
2.52934
2.50077
2.4722
2.44363
2.41505
2.38648
2.35791
2.32934
2.30077
2.2722
2.24363
2.21505
2.18648
2.15791
2.12934
2.10077
2.0722
2.04363
2.01505
1.98648
1.95791
1.92934
1.90077
1.8722
1.84363
1.81505
1.78648
1.75791
1.72934
1.70077
1.6722
1.64363
1.61505
1.58648
1.55791
1.52934
1.50077
1.4722
1.44363
1.41505
1.38648
1.35791
1.32934
1.30077
1.2722
1.26036
1.24853
1.23669
1.22486
1.21302
1.20119
1.18935
1.17752
1.16569
1.15385
1.14202
1.13018
1.11835
1.10651
1.09468
1.08284
1.07101
1.05917
1.04734
1.0355
1.02367
1.01183
1
1
1
1
1
1
1
1
1
1
1
1
1
1
1.01183
1.02367
1.0355
1.04734
1.05917
1.07101
1.08284
1.09468
1.10651
1.11835
1.13018
1.14202
1.15385
1.16569
1.17752
1.18935
1.20119
1.38648
1.35791
1.32934
1.30077
1.2722
1.26036
1.24853
1.23669
1.22486
1.21302
1.20119
1.18935
1.17752
1.16569
1.15385
1.14202
1.13018
1.11835
1.10651
1.09468
1.08284
1.07101
1.05917
1.04734
1.0355
1.02367
1.01183
1
1
1
1
1
1
1
1
1
1
1.01183
1.02367
1.0355
1.04734
1.05917
1.07101
1.08284
1.09468
1.10651
1.11835
1.13018
1.14202
1.15385
1.16569
1.17752
1.18935
1.20119
1.22976
1.25833
1.2869
1.31548
1.34405
1.37262
1.40119
1.42976
1.45833
1.4869
1.51548
1.54405
1.57262
1.60119
1.62976
1.65833
1.6869
1.71548
1.74405
1.77262
1.80119
1.82976
1.85833
1.8869
1.91548
1.94405
1.12325
1.09468
1.08284
1.07101
1.05917
1.04734
1.0355
1.02367
1.01183
1
1
1
1
1
1
1
1
1
1
1
1
1
1
1
1
1
1
1
1.01183
1.02367
1
1
1
1
1
1
1
1
1
1
1
1
1
1.01183
1.02367
1.0355
1.04734
1.05917
1.07101
1.08284
1.09468
1.10651
1.11835
1.13018
1.14202
1.15385
1.16569
1.17752
1.18935
1.20119
1.21302
1.22486
1.25343
1.282
1.31057
1.33914
1.36772
1.39629
1.42486
1.45343
1.482
1.51057
1.53914
1.56772
1.59629
1.01218
1
1
1
1
1
1
1
1
1
1
1
1
1
1
1
1
1
1
1
1.01218
1.02437
1.03655
1.04873
1.06091
1.0731
1.08528
1.09746
1.10964
1.12183
2.88567
2.85626
2.82684
2.79743
2.76802
2.73861
2.7092
2.67979
2.65037
2.62096
2.59155
2.56214
2.53273
2.50331
2.4739
2.44449
2.41508
2.38567
2.35626
2.32684
2.29743
2.26802
2.23861
2.2092
2.17979
2.15037
2.12096
2.09155
2.06214
2.03273
2.00331
1.9739
1.94449
1.91508
1.88567
1.85626
1.82684
1.79743
1.76802
1.73861
1.7092
1.67979
1.65037
1.62096
1.59155
1.56214
1.53273
1.50331
1.4739
1.44449
1.41508
1.38567
1.35626
1.32684
1.29743
1.26802
1.25584
1.24366
1.23147
1.21929
1.20711
1.19492
1.18274
1.17056
1.15838
1.14619
1.13401
1.12183
1.10964
1.09746
1.08528
1.0731
1.06091
1.04873
1.03655
1.02437
1.01218
1
1
1
1
1
1
1
1
1
1
1
1
1
1
1
1
1.01218
1.02437
1.03655
1.04873
1.06091
1.0731
1.08528
1.09746
1.10964
1.12183
1.13401
1.14619
1.15838
1.17056
1.18274
1.19492
1.20711
1.41508
1.38567
1.35626
1.32684
1.29743
1.26802
1.25584
1.24366
1.23147
1.21929
1.20711
1.19492
1.18274
1.17056
1.15838
1.14619
1.13401
1.12183
1.10964
1.09746
1.08528
1.0731
1.06091
1.04873
1.03655
1.02437
1.01218
1
1
1
1
1
1
1
1
1
1
1.01218
1.02437
1.03655
1.04873
1.06091
1.0731
1.08528
1.09746
1.10964
1.12183
1.13401
1.14619
1.15838
1.17056
1.18274
1.19492
1.22434
1.25375
1.28316
1.31257
1.34198
1.37139
1.40081
1.43022
1.45963
1.48904
1.51845
1.54787
1.57728
1.60669
1.6361
1.66551
1.69492
1.72434
1.75375
1.78316
1.81257
1.84198
1.87139
1.90081
1.93022
1.08528
1.0731
1.06091
1.04873
1.03655
1.02437
1.01218
1
1
1
1
1
1
1
1
1
1
1
1
1
1
1
1
1
1
1
1.01218
1.02437
1
1
1
1
1
1
1
1
1
1
1
1
1
1.01218
1.02437
1.03655
1.04873
1.06091
1.0731
1.08528
1.09746
1.10964
1.12183
1.13401
1.14619
1.15838
1.17056
1.18274
1.19492
1.20711
1.21929
1.2487
1.27811
1.30752
1.33694
1.36635
1.39576
1.42517
1.45458
1.484
1.51341
1.54282
1.57223
1.60164
1.63105
1.01255
1
1
1
1
1
1
1
1
1
1
1
1
1
1
1
1
1
1
1
1.01255
1.0251
1.03766
1.05021
1.06276
1.07531
1.08786
1.10042
1.11297
1.12552
2.96056
2.93026
2.89995
2.86965
2.83935
2.80905
2.77874
2.74844
2.71814
2.68783
2.65753
2.62723
2.59692
2.56662
2.53632
2.50601
2.47571
2.44541
2.41511
2.3848
2.3545
2.3242
2.29389
2.26359
2.23329
2.20298
2.17268
2.14238
2.11208
2.08177
2.05147
2.02117
1.99086
1.96056
1.93026
1.89995
1.86965
1.83935
1.80905
1.77874
1.74844
1.71814
1.68783
1.65753
1.62723
1.59692
1.56662
1.53632
1.50601
1.47571
1.44541
1.41511
1.3848
1.3545
1.3242
1.29389
1.26359
1.25104
1.23849
1.22593
1.21338
1.20083
1.18828
1.17573
1.16317
1.15062
1.13807
1.12552
1.11297
1.10042
1.08786
1.07531
1.06276
1.05021
1.03766
1.0251
1.01255
1
1
1
1
1
1
1
1
1
1
1
1
1
1
1
1
1
1.01255
1.0251
1.03766
1.05021
1.06276
1.07531
1.08786
1.10042
1.11297
1.12552
1.13807
1.15062
1.16317
1.17573
1.18828
1.20083
1.21338
1.44541
1.41511
1.3848
1.3545
1.3242
1.29389
1.26359
1.25104
1.23849
1.22593
1.21338
1.20083
1.18828
1.17573
1.16317
1.15062
1.13807
1.12552
1.11297
1.10042
1.08786
1.07531
1.06276
1.05021
1.03766
1.0251
1.01255
1
1
1
1
1
1
1
1
1
1
1.01255
1.0251
1.03766
1.05021
1.06276
1.07531
1.08786
1.10042
1.11297
1.12552
1.13807
1.15062
1.16318
1.17573
1.18828
1.21858
1.24889
1.27919
1.30949
1.33979
1.3701
1.4004
1.4307
1.46101
1.49131
1.52161
1.55192
1.58222
1.61252
1.64282
1.67313
1.70343
1.73373
1.76404
1.79434
1.82464
1.85495
1.88525
1.91555
1.08786
1.07531
1.06276
1.05021
1.03766
1.0251
1.01255
1
1
1
1
1
1
1
1
1
1
1
1
1
1
1
1
1
1
1
1.01255
1.0251
1
1
1
1
1
1
1
1
1
1
1
1
1
1.01255
1.0251
1.03766
1.05021
1.06276
1.07531
1.08786
1.10042
1.11297
1.12552
1.13807
1.15062
1.16317
1.17573
1.18828
1.20083
1.21338
1.24369
1.27399
1.30429
1.33459
1.3649
1.3952
1.4255
1.45581
1.48611
1.51641
1.54672
1.57702
1.60732
1.63763
1.66793
1.01294
1
1
1
1
1
1
1
1
1
1
1
1
1
1
1
1
1
1
1
1.01294
1.02589
1.03883
1.05178
1.06472
1.07766
1.09061
1.10355
1.1165
1.12944
3.00888
2.97763
2.94638
2.91513
2.88388
2.85263
2.82138
2.79013
2.75888
2.72763
2.69638
2.66513
2.63388
2.60263
2.57138
2.54013
2.50888
2.47763
2.44638
2.41513
2.38388
2.35263
2.32138
2.29013
2.25888
2.22763
2.19638
2.16513
2.13388
2.10263
2.07138
2.04013
2.00888
1.97763
1.94638
1.91513
1.88388
1.85263
1.82138
1.79013
1.75888
1.72763
1.69638
1.66513
1.63388
1.60263
1.57138
1.54013
1.50888
1.47763
1.44638
1.41513
1.38388
1.35263
1.32138
1.29013
1.25888
1.24594
1.233
1.22005
1.20711
1.19416
1.18122
1.16827
1.15533
1.14239
1.12944
1.1165
1.10355
1.09061
1.07766
1.06472
1.05178
1.03883
1.02589
1.01294
1
1
1
1
1
1
1
1
1
1
1
1
1
1
1
1
1
1
1
1.01294
1.02589
1.03883
1.05178
1.06472
1.07766
1.09061
1.10355
1.1165
1.12944
1.14239
1.15533
1.16827
1.18122
1.19416
1.20711
1.22005
1.41513
1.38388
1.35263
1.32138
1.29013
1.25888
1.24594
1.233
1.22005
1.20711
1.19416
1.18122
1.16827
1.15533
1.14239
1.12944
1.1165
1.10355
1.09061
1.07766
1.06472
1.05178
1.03883
1.02589
1.01294
1
1
1
1
1
1
1
1
1
1
1.01294
1.02589
1.03883
1.05178
1.06472
1.07766
1.09061
1.10355
1.1165
1.12944
1.14239
1.15533
1.16827
1.18122
1.21247
1.24372
1.27497
1.30622
1.33747
1.36872
1.39997
1.43122
1.46247
1.49372
1.52497
1.55622
1.58747
1.61872
1.64997
1.68122
1.71247
1.74372
1.77497
1.80622
1.83747
1.86872
1.89997
1.07766
1.06472
1.05178
1.03883
1.02589
1.01294
1
1
1
1
1
1
1
1
1
1
1
1
1
1
1
1
1
1
1
1.01294
1.02589
1
1
1
1
1
1
1
1
1
1
1
1
1
1.01294
1.02589
1.03883
1.05178
1.06472
1.07766
1.09061
1.10355
1.1165
1.12944
1.14239
1.15533
1.16827
1.18122
1.19416
1.20711
1.23836
1.26961
1.30086
1.33211
1.36336
1.39461
1.42586
1.45711
1.48836
1.51961
1.55086
1.58211
1.61336
1.64461
1.67586
1.70711
1
1
1
1
1
1
1
1
1
1
1
1
1
1
1
1
1
1
1
1.01336
1.02672
1.04009
1.05345
1.06681
1.08017
1.09353
1.10689
1.12026
3.02807
2.99581
2.96355
2.93129
2.89903
2.86678
2.83452
2.80226
2.77
2.73774
2.70549
2.67323
2.64097
2.60871
2.57645
2.5442
2.51194
2.47968
2.44742
2.41516
2.38291
2.35065
2.31839
2.28613
2.25387
2.22161
2.18936
2.1571
2.12484
2.09258
2.06032
2.02807
1.99581
1.96355
1.93129
1.89903
1.86678
1.83452
1.80226
1.77
1.73774
1.70549
1.67323
1.64097
1.60871
1.57645
1.5442
1.51194
1.47968
1.44742
1.41516
1.38291
1.35065
1.31839
1.28613
1.25387
1.24051
1.22715
1.21379
1.20043
1.18706
1.1737
1.16034
1.14698
1.13362
1.12026
1.10689
1.09353
1.08017
1.06681
1.05345
1.04009
1.02672
1.01336
1
1
1
1
1
1
1
1
1
1
1
1
1
1
1
1
1
1
1
1
1
1
1.01336
1.02672
1.04009
1.05345
1.06681
1.08017
1.09353
1.10689
1.12026
1.13362
1.14698
1.16034
1.1737
1.18706
1.20043
1.21379
1.22715
1.44742
1.41516
1.38291
1.35065
1.31839
1.28613
1.25387
1.24051
1.22715
1.21379
1.20043
1.18706
1.1737
1.16034
1.14698
1.13362
1.12026
1.10689
1.09353
1.08017
1.06681
1.05345
1.04009
1.02672
1.01336
1
1
1
1
1
1
1
1
1
1
1.01336
1.02672
1.04009
1.05345
1.06681
1.08017
1.09353
1.10689
1.12026
1.13362
1.14698
1.16034
1.1737
1.20596
1.23822
1.27048
1.30273
1.33499
1.36725
1.39951
1.43177
1.46403
1.49628
1.52854
1.5608
1.59306
1.62532
1.65757
1.68983
1.72209
1.75435
1.78661
1.81886
1.85112
1.88338
1.08017
1.06681
1.05345
1.04009
1.02672
1.01336
1
1
1
1
1
1
1
1
1
1
1
1
1
1
1
1
1
1
1
1.01336
1.02672
1
1
1
1
1
1
1
1
1
1
1
1
1
1.01336
1.02672
1.04009
1.05345
1.06681
1.08017
1.09353
1.10689
1.12026
1.13362
1.14698
1.16034
1.1737
1.18706
1.20043
1.23268
1.26494
1.2972
1.32946
1.36172
1.39397
1.42623
1.45849
1.49075
1.52301
1.55526
1.58752
1.61978
1.65204
1.6843
1.71655
1.74881
1
1
1
1
1
1
1
1
1
1
1
1
1
1
1
1
1
1
1
1.01381
1.02761
1.04142
1.05523
1.06904
1.08284
1.09665
1.11046
1.12426
3.08186
3.04853
3.01519
2.98186
2.94853
2.91519
2.88186
2.84853
2.81519
2.78186
2.74853
2.71519
2.68186
2.64853
2.61519
2.58186
2.54853
2.51519
2.48186
2.44853
2.41519
2.38186
2.34853
2.31519
2.28186
2.24853
2.21519
2.18186
2.14853
2.11519
2.08186
2.04853
2.01519
1.98186
1.94853
1.91519
1.88186
1.84853
1.81519
1.78186
1.74853
1.71519
1.68186
1.64853
1.61519
1.58186
1.54853
1.51519
1.48186
1.44853
1.41519
1.38186
1.34853
1.31519
1.28186
1.24853
1.23472
1.22091
1.20711
1.1933
1.17949
1.16569
1.15188
1.13807
1.12426
1.11046
1.09665
1.08284
1.06904
1.05523
1.04142
1.02761
1.01381
1
1
1
1
1
1
1
1
1
1
1
1
1
1
1
1
1
1
1
1
1
1
1
1.01381
1.02761
1.04142
1.05523
1.06904
1.08284
1.09665
1.11046
1.12426
1.13807
1.15188
1.16569
1.17949
1.1933
1.20711
1.22091
1.23472
1.44853
1.41519
1.38186
1.34853
1.31519
1.28186
1.24853
1.23472
1.22091
1.20711
1.1933
1.17949
1.16569
1.15188
1.13807
1.12426
1.11046
1.09665
1.08284
1.06904
1.05523
1.04142
1.02761
1.01381
1
1
1
1
1
1
1
1
1
1
1.01381
1.02761
1.04142
1.05523
1.06904
1.08284
1.09665
1.11046
1.12426
1.13807
1.15188
1.16569
1.19902
1.23235
1.26569
1.29902
1.33235
1.36569
1.39902
1.43235
1.46569
1.49902
1.53235
1.56569
1.59902
1.63235
1.66569
1.69902
1.73235
1.76569
1.79902
1.83235
1.08284
1.06904
1.05523
1.04142
1.02761
1.01381
1
1
1
1
1
1
1
1
1
1
1
1
1
1
1
1
1
1
1
1.01381
1.02761
1
1
1
1
1
1
1
1
1
1
1
1
1
1.01381
1.02761
1.04142
1.05523
1.06904
1.08284
1.09665
1.11046
1.12426
1.13807
1.15188
1.16569
1.17949
1.1933
1.22663
1.25997
1.2933
1.32663
1.35997
1.3933
1.42663
1.45997
1.4933
1.52663
1.55997
1.5933
1.62663
1.65997
1.6933
1.72663
1.75997
1.7933
1
1
1
1
1
1
1
1
1
1
1
1
1
1
1
1
1
1
1
1.01428
1.02857
1.04285
1.05713
1.07142
1.0857
1.09998
1.11427
1.12855
3.17385
3.13937
3.10488
3.0704
3.03592
3.00144
2.96695
2.93247
2.89799
2.8635
2.82902
2.79454
2.76006
2.72557
2.69109
2.65661
2.62213
2.58764
2.55316
2.51868
2.48419
2.44971
2.41523
2.38075
2.34626
2.31178
2.2773
2.24281
2.20833
2.17385
2.13937
2.10488
2.0704
2.03592
2.00144
1.96695
1.93247
1.89799
1.8635
1.82902
1.79454
1.76006
1.72557
1.69109
1.65661
1.62213
1.58764
1.55316
1.51868
1.48419
1.44971
1.41523
1.38075
1.34626
1.31178
1.2773
1.24281
1.22853
1.21425
1.19996
1.18568
1.1714
1.15712
1.14283
1.12855
1.11427
1.09998
1.0857
1.07142
1.05713
1.04285
1.02857
1.01428
1
1
1
1
1
1
1
1
1
1
1
1
1
1
1
1
1
1
1
1
1
1
1
1.01428
1.02857
1.04285
1.05713
1.07142
1.0857
1.09998
1.11427
1.12855
1.14283
1.15712
1.1714
1.18568
1.19996
1.21425
1.22853
1.24281
1.48419
1.44971
1.41523
1.38075
1.34626
1.31178
1.2773
1.24281
1.22853
1.21425
1.19996
1.18568
1.1714
1.15712
1.14283
1.12855
1.11427
1.09998
1.0857
1.07142
1.05713
1.04285
1.02857
1.01428
1
1
1
1
1
1
1
1
1
1
1.01428
1.02857
1.04285
1.05713
1.07142
1.0857
1.09998
1.11427
1.12855
1.14283
1.15712
1.1916
1.22608
1.26056
1.29505
1.32953
1.36401
1.39849
1.43298
1.46746
1.50194
1.53643
1.57091
1.60539
1.63987
1.67436
1.70884
1.74332
1.77781
1.81229
1.84677
1.88125
1.0857
1.07142
1.05713
1.04285
1.02857
1.01428
1
1
1
1
1
1
1
1
1
1
1
1
1
1
1
1
1
1
1
1.01428
1.02857
1
1
1
1
1
1
1
1
1
1
1
1
1
1.01428
1.02857
1.04285
1.05713
1.07142
1.0857
1.09998
1.11427
1.12855
1.14283
1.15712
1.1714
1.18568
1.22016
1.25465
1.28913
1.32361
1.3581
1.39258
1.42706
1.46154
1.49603
1.53051
1.56499
1.59947
1.63396
1.66844
1.70292
1.73741
1.77189
1.80637
1.84085
1
1
1
1
1
1
1
1
1
1
1
1
1
1
1
1
1
1
1
1.01479
1.02959
1.04438
1.05917
1.07397
1.08876
1.10355
1.11835
3.23669
3.20098
3.16526
3.12955
3.09384
3.05812
3.02241
2.98669
2.95098
2.91526
2.87955
2.84384
2.80812
2.77241
2.73669
2.70098
2.66526
2.62955
2.59384
2.55812
2.52241
2.48669
2.45098
2.41526
2.37955
2.34384
2.30812
2.27241
2.23669
2.20098
2.16526
2.12955
2.09384
2.05812
2.02241
1.98669
1.95098
1.91526
1.87955
1.84384
1.80812
1.77241
1.73669
1.70098
1.66526
1.62955
1.59384
1.55812
1.52241
1.48669
1.45098
1.41526
1.37955
1.34384
1.30812
1.27241
1.23669
1.2219
1.20711
1.19231
1.17752
1.16273
1.14793
1.13314
1.11835
1.10355
1.08876
1.07397
1.05917
1.04438
1.02959
1.01479
1
1
1
1
1
1
1
1
1
1
1
1
1
1
1
1
1
1
1
1
1
1
1
1
1
1.01479
1.02959
1.04438
1.05917
1.07397
1.08876
1.10355
1.11835
1.13314
1.14793
1.16273
1.17752
1.19231
1.20711
1.2219
1.23669
1.27241
1.52241
1.48669
1.45098
1.41526
1.37955
1.34384
1.30812
1.27241
1.23669
1.2219
1.20711
1.19231
1.17752
1.16273
1.14793
1.13314
1.11835
1.10355
1.08876
1.07397
1.05917
1.04438
1.02959
1.01479
1
1
1
1
1
1
1
1
1
1
1.01479
1.02959
1.04438
1.05917
1.07397
1.08876
1.10355
1.11835
1.13314
1.14793
1.18365
1.21936
1.25508
1.29079
1.3265
1.36222
1.39793
1.43365
1.46936
1.50508
1.54079
1.5765
1.61222
1.64793
1.68365
1.71936
1.75508
1.79079
1.8265
1.07397
1.05917
1.04438
1.02959
1.01479
1
1
1
1
1
1
1
1
1
1
1
1
1
1
1
1
1
1
1
1.01479
1.02959
1
1
1
1
1
1
1
1
1
1
1
1
1
1
1.01479
1.02959
1.04438
1.05917
1.07397
1.08876
1.10355
1.11835
1.13314
1.14793
1.16273
1.17752
1.21323
1.24895
1.28466
1.32038
1.35609
1.39181
1.42752
1.46323
1.49895
1.53466
1
1
1
1
1
1
1
1
1
1
1
1
1
1
1
1
1
1
1
1.01534
1.03068
1.04602
1.06136
1.07671
1.09205
1.10739
1.12273
3.30419
3.26716
3.23012
3.19308
3.15604
3.11901
3.08197
3.04493
3.0079
2.97086
2.93382
2.89679
2.85975
2.82271
2.78567
2.74864
2.7116
2.67456
2.63753
2.60049
2.56345
2.52641
2.48938
2.45234
2.4153
2.37827
2.34123
2.30419
2.26716
2.23012
2.19308
2.15604
2.11901
2.08197
2.04493
2.0079
1.97086
1.93382
1.89679
1.85975
1.82271
1.78567
1.74864
1.7116
1.67456
1.63753
1.60049
1.56345
1.52641
1.48938
1.45234
1.4153
1.37827
1.34123
1.30419
1.26716
1.23012
1.21478
1.19944
1.18409
1.16875
1.15341
1.13807
1.12273
1.10739
1.09205
1.07671
1.06136
1.04602
1.03068
1.01534
1
1
1
1
1
1
1
1
1
1
1
1
1
1
1
1
1
1
1
1
1
1
1
1
1
1.01534
1.03068
1.04602
1.06136
1.07671
1.09205
1.10739
1.12273
1.13807
1.15341
1.16875
1.18409
1.19944
1.21478
1.23012
1.26716
1.52641
1.48938
1.45234
1.4153
1.37827
1.34123
1.30419
1.26716
1.23012
1.21478
1.19944
1.18409
1.16875
1.15341
1.13807
1.12273
1.10739
1.09205
1.07671
1.06136
1.04602
1.03068
1.01534
1
1
1
1
1
1
1
1
1
1
1.01534
1.03068
1.04602
1.06136
1.07671
1.09205
1.10739
1.12273
1.13807
1.17511
1.21215
1.24918
1.28622
1.32326
1.36029
1.39733
1.43437
1.0984
1.06136
1.04602
1.03068
1.01534
1
1
1
1
1
1
1
1
1
1
1
1
1
1
1
1
1
1
1
1.01534
1.03068
1
1
1
1
1
1
1
1
1
1
1
1
1
1
1.01534
1.03068
1.04602
1.06136
1.07671
1.09205
1.10739
1.12273
1.13807
1.15341
1.16875
1.20579
1.24283
1.27986
1.3169
1.35394
1.39098
1
1
1
1
1
1
1
1
1
1
1
1
1
1
1
1
1
1
1
1
1.01593
1.03186
1.04779
1.06373
1.07966
1.09559
1.11152
3.29996
3.2615
3.22304
3.18458
3.14611
3.10765
3.06919
3.03073
2.99227
2.95381
2.91535
2.87688
2.83842
2.79996
2.7615
2.72304
2.68458
2.64611
2.60765
2.56919
2.53073
2.49227
2.45381
2.41535
2.37688
2.33842
2.29996
2.2615
2.22304
2.18458
2.14611
2.10765
2.06919
2.03073
1.99227
1.95381
1.91535
1.87688
1.83842
1.79996
1.7615
1.72304
1.68458
1.64611
1.60765
1.56919
1.53073
1.49227
1.45381
1.41535
1.37688
1.33842
1.29996
1.2615
1.22304
1.20711
1.19118
1.17524
1.15931
1.14338
1.12745
1.11152
1.09559
1.07966
1.06373
1.04779
1.03186
1.01593
1
1
1
1
1
1
1
1
1
1
1
1
1
1
1
1
1
1
1
1
1
1
1
1
1
1
1
1
1
1.01593
1.03186
1.04779
1.06373
1.07966
1.09559
1.11152
1.12745
1.14338
1.15931
1.17524
1.19118
1.20711
1.22304
1.2615
1.29996
1.49227
1.45381
1.41535
1.37688
1.33842
1.29996
1.2615
1.22304
1.20711
1.19118
1.17524
1.15931
1.14338
1.12745
1.11152
1.09559
1.07966
1.06373
1.04779
1.03186
1.01593
1
1
1
1
1
1
1
1
1
1
1.01593
1.03186
1.04779
1.06373
1.07966
1.09559
1.11152
1.12745
1.16591
1.20437
1.24283
1.2813
1.04779
1.03186
1.01593
1
1
1
1
1
1
1
1
1
1
1
1
1
1
1
1
1
1
1
1.01593
1.03186
1
1
1
1
1
1
1
1
1
1
1
1
1
1
1.01593
1.03186
1.04779
1.06373
1.07966
1.09559
1.11152
1.12745
1.14338
1.15931
1.19777
1.23624
1.2747
1.31316
1
1
1
1
1
1
1
1
1
1
1
1
1
1
1
1
1
1
1
1
1.01657
1.03314
1.04971
1.06627
1.08284
1.09941
1.13941
3.37539
3.33539
3.29539
3.25539
3.21539
3.17539
3.13539
3.09539
3.05539
3.01539
2.97539
2.93539
2.89539
2.85539
2.81539
2.77539
2.73539
2.69539
2.65539
2.61539
2.57539
2.53539
2.49539
2.45539
2.41539
2.37539
2.33539
2.29539
2.25539
2.21539
2.17539
2.13539
2.09539
2.05539
2.01539
1.97539
1.93539
1.89539
1.85539
1.81539
1.77539
1.73539
1.69539
1.65539
1.61539
1.57539
1.53539
1.49539
1.45539
1.41539
1.37539
1.33539
1.29539
1.25539
1.21539
1.19882
1.18225
1.16569
1.14912
1.13255
1.11598
1.09941
1.08284
1.06627
1.04971
1.03314
1.01657
1
1
1
1
1
1
1
1
1
1
1
1
1
1
1
1
1
1
1
1
1
1
1
1
1
1
1
1
1
1
1.01657
1.03314
1.04971
1.06627
1.08284
1.09941
1.11598
1.13255
1.14912
1.16569
1.18225
1.19882
1.21539
1.25539
1.29539
1.45539
1.41539
1.37539
1.33539
1.29539
1.25539
1.21539
1.19882
1.18225
1.16569
1.14912
1.13255
1.11598
1.09941
1.08284
1.06627
1.04971
1.03314
1.01657
1
1
1
1
1
1
1
1
1
1
1.01657
1.03314
1.04971
1.06627
1.08284
1.09941
1.11598
1.15598
1.19598
1.04971
1.03314
1.01657
1
1
1
1
1
1
1
1
1
1
1
1
1
1
1
1
1
1
1
1.01657
1.03314
1
1
1
1
1
1
1
1
1
1
1
1
1
1
1.01657
1.03314
1.04971
1.06627
1.08284
1.09941
1.11598
1.13255
1.14912
1.18912
1.22912
1.26912
1
1
1
1
1
1
1
1
1
1
1
1
1
1
1
1
1
1
1
1
1.01726
1.03452
1.05178
1.06904
1.08629
3.37377
3.33211
3.29044
3.24877
3.20711
3.16544
3.12377
3.08211
3.04044
2.99877
2.95711
2.91544
2.87377
2.83211
2.79044
2.74877
2.70711
2.66544
2.62377
2.58211
2.54044
2.49877
2.45711
2.41544
2.37377
2.33211
2.29044
2.24877
2.20711
2.16544
2.12377
2.08211
2.04044
1.99877
1.95711
1.91544
1.87377
1.83211
1.79044
1.74877
1.70711
1.66544
1.62377
1.58211
1.54044
1.49877
1.45711
1.41544
1.37377
1.33211
1.29044
1.24877
1.20711
1.18985
1.17259
1.15533
1.13807
1.12081
1.10355
1.08629
1.06904
1.05178
1.03452
1.01726
1
1
1
1
1
1
1
1
1
1
1
1
1
1
1
1
1
1
1
1
1
1
1
1
1
1
1
1
1
1
1
1
1.01726
1.03452
1.05178
1.06904
1.08629
1.10355
1.12081
1.13807
1.15533
1.17259
1.18985
1.20711
1.24877
1.29044
1.45711
1.41544
1.37377
1.33211
1.29044
1.24877
1.20711
1.18985
1.17259
1.15533
1.13807
1.12081
1.10355
1.08629
1.06904
1.05178
1.03452
1.01726
1
1
1
1
1
1
1
1
1
1
1.01726
1.03452
1.05178
1.06904
1.08629
1.10355
1.14522
1.05178
1.03452
1.01726
1
1
1
1
1
1
1
1
1
1
1
1
1
1
1
1
1
1
1
1.01726
1.03452
1
1
1
1
1
1
1
1
1
1
1
1
1
1
1.01726
1.03452
1.05178
1.06904
1.08629
1.10355
1.12081
1.13807
1.17974
1.2214
1
1
1
1
1
1
1
1
1
1
1
1
1
1
1
1
1
1
1
1
1
1
1.01801
1.03602
1.05403
1.07204
3.41549
3.37201
3.32854
3.28506
3.24158
3.1981
3.15462
3.11115
3.06767
3.02419
2.98071
2.93723
2.89375
2.85028
2.8068
2.76332
2.71984
2.67636
2.63288
2.58941
2.54593
2.50245
2.45897
2.41549
2.37201
2.32854
2.28506
2.24158
2.1981
2.15462
2.11115
2.06767
2.02419
1.98071
1.93723
1.89375
1.85028
1.8068
1.76332
1.71984
1.67636
1.63288
1.58941
1.54593
1.50245
1.45897
1.41549
1.37201
1.32854
1.28506
1.24158
1.1981
1.18009
1.16208
1.14407
1.12606
1.10806
1.09005
1.07204
1.05403
1.03602
1.01801
1
1
1
1
1
1
1
1
1
1
1
1
1
1
1
1
1
1
1
1
1
1
1
1
1
1
1
1
1
1
1
1
1
1.01801
1.03602
1.05403
1.07204
1.09005
1.10806
1.12606
1.14407
1.16208
1.18009
1.1981
1.24158
1.28506
1.32854
1.37201
1.32854
1.28506
1.24158
1.1981
1.18009
1.16208
1.14407
1.12606
1.10806
1.09005
1.07204
1.05403
1.03602
1.01801
1
1
1
1
1
1
1
1
1
1
1.01801
1.03602
1.05403
1.07204
1.09005
1.13352
1.03602
1.01801
1
1
1
1
1
1
1
1
1
1
1
1
1
1
1
1
1
1
1
1.01801
1.03602
1
1
1
1
1
1
1
1
1
1
1
1
1
1
1.01801
1.03602
1.05403
1.07204
1.09005
1.10806
1.12606
1.16954
1
1
1
1
1
1
1
1
1
1
1
1
1
1
1
1
1
1
1
1
1
1
1.01883
1.03766
1.05648
1.07531
3.40775
3.3623
3.31684
3.27139
3.22593
3.18048
3.13503
3.08957
3.04412
2.99866
2.95321
2.90775
2.8623
2.81684
2.77139
2.72593
2.68048
2.63503
2.58957
2.54412
2.49866
2.45321
2.40775
2.3623
2.31684
2.27139
2.22593
2.18048
2.13503
2.08957
2.04412
1.32464
1.27919
1.23373
1.18828
1.16945
1.15062
1.1318
1.11297
1.09414
1.07531
1.05648
1.03766
1.01883
1
1
1
1
1
1
1
1
1
1
1
1
1
1
1
1
1
1
1
1
1
1
1
1
1
1
1
1
1
1
1
1
1
1
1
1
1.01883
1.03766
1.05648
1.07531
1.09414
1.11297
1.1318
1.15062
1.16945
1.18828
1.23373
1.27919
1.32464
1.27919
1.23373
1.18828
1.16945
1.15062
1.1318
1.11297
1.09414
1.07531
1.05648
1.03766
1.01883
1
1
1
1
1
1
1
1
1
1
1.01883
1.03766
1.05648
1.07531
1.03766
1.01883
1
1
1
1
1
1
1
1
1
1
1
1
1
1
1
1
1
1
1
1.01883
1.03766
1
1
1
1
1
1
1
1
1
1
1
1
1
1
1.01883
1.03766
1.05648
1.07531
1.09414
1.11297
1
1
1
1
1
1
1
1
1
1
1
1
1
1
1
1
1
1
1
1
1
1
1.01972
1.03945
1.05917
3.39927
3.35166
3.30404
3.25642
3.2088
3.16118
3.11356
3.06594
3.01832
2.9707
2.92308
2.87547
2.82785
2.78023
2.73261
2.68499
2.63737
2.58975
2.54213
2.49451
2.44689
2.39927
1.17752
1.1578
1.13807
1.11835
1.09862
1.0789
1.05917
1.03945
1.01972
1
1
1
1
1
1
1
1
1
1
1
1
1
1
1
1
1
1
1
1
1
1
1
1
1
1
1
1
1
1
1
1
1
1
1
1
1
1
1.01972
1.03945
1.05917
1.0789
1.09862
1.11835
1.13807
1.1578
1.17752
1.22514
1.22514
1.17752
1.1578
1.13807
1.11835
1.09862
1.0789
1.05917
1.03945
1.01972
1
1
1
1
1
1
1
1
1
1
1.01972
1.03945
1.05917
1.0789
1.03945
1.01972
1
1
1
1
1
1
1
1
1
1
1
1
1
1
1
1
1
1
1
1.01972
1.03945
1
1
1
1
1
1
1
1
1
1
1
1
1
1
1
1.01972
1.03945
1.05917
1.0789
1.09862
1.11835
1
1
1
1
1
1
1
1
1
1
1
1
1
1
1
1
1
1
1
1
1
1
1.02071
1.04142
1.06213
3.58995
3.53995
3.48995
3.43995
3.38995
3.33995
3.28995
3.23995
3.18995
3.13995
3.08995
3.03995
2.98995
2.93995
2.88995
2.83995
2.78995
2.73995
2.68995
2.63995
2.58995
2.56924
1.21569
1.16569
1.14497
1.12426
1.10355
1.08284
1.06213
1.04142
1.02071
1
1
1
1
1
1
1
1
1
1
1
1
1
1
1
1
1
1
1
1
1
1
1
1
1
1
1
1
1
1
1
1
1
1
1
1
1
1
1.02071
1.04142
1.06213
1.08284
1.10355
1.12426
1.14497
1.16569
1.21569
1.26569
1.26569
1.21569
1.16569
1.14497
1.12426
1.10355
1.08284
1.06213
1.04142
1.02071
1
1
1
1
1
1
1
1
1
1
1.02071
1.04142
1.06213
1.08284
1.04142
1.02071
1
1
1
1
1
1
1
1
1
1
1
1
1
1
1
1
1
1
1
1.02071
1.04142
1
1
1
1
1
1
1
1
1
1
1
1
1
1
1
1.02071
1.04142
1.06213
1.08284
1.10355
1.12426
1
1
1
1
1
1
1
1
1
1
1
1
1
1
1
1
1
1
1
1
1
1
1
1.0218
1.0436
1.0654
3.48491
3.43227
3.37964
3.32701
3.27438
3.22175
3.16912
3.11648
1.20524
1.1526
1.1308
1.109
1.0872
1.0654
1.0436
1.0218
1
1
1
1
1
1
1
1
1
1
1
1
1
1
1
1
1
1
1
1
1
1
1
1
1
1
1
1
1
1
1
1
1
1
1
1
1
1
1
1.0218
1.0436
1.0654
1.0872
1.109
1.1308
1.1526
1.20524
1.25787
1.25787
1.20524
1.1526
1.1308
1.109
1.0872
1.0654
1.0436
1.0218
1
1
1
1
1
1
1
1
1
1
1.0218
1.0436
1.0654
1
1
1
1
1
1
1.0218
1
1
1
1
1
1
1
1
1
1
1
1
1
1
1
1
1
1
1
1.0218
1.0436
1
1
1
1
1
1
1
1
1
1
1
1
1
1
1
1.0218
1.0436
1.0654
1.0872
1.109
1
1
1
1
1
1
1
1
1
1
1
1
1
1
1
1
1
1
1
1
1
1
1
1.02301
1.04602
1.10158
1.19363
1.13807
1.11506
1.09205
1.06904
1.04602
1.02301
1
1
1
1
1
1
1
1
1
1
1
1
1
1
1
1
1
1
1
1
1
1
1
1
1
1
1
1
1
1
1
1
1
1
1
1
1
1
1
1
1
1.02301
1.04602
1.06904
1.09205
1.11506
1.13807
1.19363
1.13807
1.11506
1.09205
1.06904
1.04602
1.02301
1
1
1
1
1
1
1
1
1
1
1.02301
1.04602
1.06904
1
1
1
1
1
1
1
1
1
1
1
1
1
1
1.02301
1
1
1
1
1
1
1
1
1
1
1
1
1
1
1
1
1
1
1
1.02301
1.04602
1
1
1
1
1
1
1
1
1
1
1
1
1
1
1
1.02301
1.04602
1.06904
1.09205
1
1
1
1
1
1
1
1
1
1
1
1
1
1
1
1
1
1
1
1
1
1
1
1
1.02437
1.12183
1.09746
1.0731
1.04873
1.02437
1
1
1
1
1
1
1
1
1
1
1
1
1
1
1
1
1
1
1
1
1
1
1
1
1
1
1
1
1
1
1
1
1
1
1
1
1
1
1
1
1
1
1.02437
1.04873
1.0731
1.09746
1.12183
1.18065
1.12183
1.09746
1.0731
1.04873
1.02437
1
1
1
1
1
1
1
1
1
1
1.02437
1.04873
1
1
1
1
1
1
1
1
1
1
1
1
1
1
1
1
1
1
1
1
1.02437
1
1
1
1
1
1
1
1
1
1
1
1
1
1
1
1
1
1
1
1.02437
1.08319
1
1
1
1
1
1
1
1
1
1
1
1
1
1
1
1.02437
1.04873
1.0731
1
1
1
1
1
1
1
1
1
1
1
1
1
1
1
1
1
1
1
1
1
1
1
1
1.02589
1.10355
1.07766
1.05178
1.02589
1
1
1
1
1
1
1
1
1
1
1
1
1
1
1
1
1
1
1
1
1
1
1
1
1
1
1
1
1
1
1
1
1
1
1
1
1
1
1
1
1
1
1
1
1.02589
1.05178
1.07766
1.10355
1.16605
1.16605
1.10355
1.07766
1.05178
1.02589
1
1
1
1
1
1
1
1
1
1
1.02589
1.05178
1
1
1
1
1
1
1
1
1
1
1
1
1
1
1
1
1
1
1
1
1
1
1.02589
1
1
1
1
1
1
1
1
1
1
1
1
1
1
1
1
1
1
1
1
1
1
1
1
1
1
1
1
1
1
1
1
1
1
1.02589
1.05178
1.11428
1
1
1
1
1
1
1
1
1
1
1
1
1
1
1
1
1
1
1
1
1
1
1
1
1
1.02761
1.08284
1.05523
1.02761
1
1
1
1
1
1
1
1
1
1
1
1
1
1
1
1
1
1
1
1
1
1
1
1
1
1
1
1
1
1
1
1
1
1
1
1
1
1
1
1
1
1
1
1
1
1.02761
1.05523
1.08284
1.14951
1.08284
1.05523
1.02761
1
1
1
1
1
1
1
1
1
1
1.02761
1.05523
1
1
1
1
1
1
1
1
1
1
1
1
1
1
1
1
1
1
1
1
1
1
1
1
1
1
1
1
1
1
1
1
1
1
1
1
1
1
1
1
1
1
1
1
1
1
1
1
1
1
1
1
1
1
1
1
1
1
1.02761
1
1
1
1
1
1
1
1
1
1
1
1
1
1
1
1
1
1
1
1
1
1
1
1
1
1.08876
1.05917
1.02959
1
1
1
1
1
1
1
1
1
1
1
1
1
1
1
1
1
1
1
1
1
1
1
1
1
1
1
1
1
1
1
1
1
1
1
1
1
1
1
1
1
1
1
1
1
1
1.02959
1.05917
1.05917
1.02959
1
1
1
1
1
1
1
1
1
1
1.02959
1.10102
1
1
1
1
1
1
1
1
1
1
1
1
1
1
1
1
1
1
1
1
1
1
1
1
1
1
1
1
1
1
1
1
1
1
1
1
1
1
1
1
1
1
1
1
1
1
1
1
1
1
1
1
1
1
1
1
1
1
1
1.02959
1
1
1
1
1
1
1
1
1
1
1
1
1
1
1
1
1
1
1
1
1
1
1
1
1
1.06373
1.03186
1
1
1
1
1
1
1
1
1
1
1
1
1
1
1
1
1
1
1
1
1
1
1
1
1
1
1
1
1
1
1
1
1
1
1
1
1
1
1
1
1
1
1
1
1
1
1.03186
1.06373
1.06373
1.03186
1
1
1
1
1
1
1
1
1
1
1
1
1
1
1
1
1
1
1
1
1
1
1
1
1
1
1
1
1
1
1
1
1
1
1
1
1
1
1
1
1
1
1
1
1
1
1
1
1
1
1
1
1
1
1
1
1
1
1
1
1
1
1
1
1
1
1
1
1
1
1.03186
1
1
1
1
1
1
1
1
1
1
1
1
1
1
1
1
1
1
1
1
1
1
1
1
1
1.06904
1.03452
1
1
1
1
1
1
1
1
1
1
1
1
1
1
1
1
1
1
1
1
1
1
1
1
1
1
1
1
1
1
1
1
1
1
1
1
1
1
1
1
1
1
1
1
1
1
1.03452
1.06904
1.06904
1.03452
1
1
1
1
1
1
1
1
1
1
1
1
1
1
1
1
1
1
1
1
1
1
1
1
1
1
1
1
1
1
1
1
1
1
1
1
1
1
1
1
1
1
1
1
1
1
1
1
1
1
1
1
1
1
1
1
1
1
1
1
1
1
1
1
1
1
1
1
1
1
1.03452
1
1
1
1
1
1
1
1
1
1
1
1
1
1
1
1
1
1
1
1
1
1
1
1
1
1
1
1.07531
1.03766
1
1
1
1
1
1
1
1
1
1
1
1
1
1
1
1
1
1
1
1
1
1
1
1
1
1
1
1
1
1
1
1
1
1
1
1
1
1
1
1
1
1
1
1
1
1
1
1.03766
1.03766
1
1
1
1
1
1
1
1
1
1
1
1
1
1
1
1
1
1
1
1
1
1
1
1
1
1
1
1
1
1
1
1
1
1
1
1
1
1
1
1
1
1
1
1
1
1
1
1
1
1
1
1
1
1
1
1
1
1
1
1
1
1
1
1
1
1
1
1
1
1
1
1
1
1
1
1
1
1
1
1
1
1
1
1
1
1
1
1
1
1
1
1
1
1
1
1
1
1
1
1
1
1.14142
1.04142
1
1
1
1
1
1
1
1
1
1
1
1
1
1
1
1
1
1
1
1
1
1
1
1
1
1
1
1
1
1
1
1
1
1
1
1
1
1
1
1
1
1
1
1
1
1
1
1
1.04142
1
1
1
1
1
1.04142
1
1
1
1
1
1
1
1
1
1
1
1
1
1
1
1
1
1
1
1
1
1
1
1
1
1
1
1
1
1
1
1
1
1
1
1
1
1
1
1
1
1
1
1
1
1
1
1
1
1
1
1
1
1
1
1
1
1
1
1
1
1
1
1
1
1
1
1
1
1
1
1
1
1
1
1
1
1
1
1
1
1
1
1
1
1
1
1
1
1
1
1
1
1
1
1
1
1
1
1
1
1
1
1
1
1
1
1
1
1
1
1
1
1
1
1
1
1
1
1
1
1
1
1
1
1
1
1
1
1
1
1
1
1
1
1
1
1
1
1
1
1
1
1
1
1
1
1
1
1.04602
1
1
1
1
1
1
1
1.04602
1
1
1
1
1
1
1
1
1
1
1
1
1
1
1
1
1
1
1
1
1
1
1
1
1
1
1
1
1
1
1
1
1
1
1
1
1
1
1
1
1
1
1
1
1
1
1
1
1
1
1
1
1
1
1
1
1
1
1
1
1
1
1
1
1
1
1
1
1
1
1
1
1
1
1
1
1
1
1
1
1
1
1
1
1
1
1
1
1
1
1
1
1
1
1
1
1
1
1
1
1
1
1
1
1
1
1
1
1
1
1
1
1
1
1
1
1
1
1
1
1
1
1
1
1
1
1
1
1
1
1
1
1
1
1
1
1
1
1
1
1
1
1
1
1
1
1
1
1
1
1
1
1
1
1
1
1.05178
1
1
1
1
1
1
1
1
1
1
1
1
1
1
1
1
1
1
1
1
1
1
1
1
1
1
1
1
1
1
1
1
1
1
1
1
1
1
1
1
1
1
1
1
1
1
1
1
1
1
1
1
1
1
1
1
1
1
1
1
1
1
1
1
1
1
1
1
1
1
1
1
1
1
1
1
1
1
1
1
1
1
1
1
1
1
1
1
1
1
1
1
1
1
1
1
1
1
1
1
1
1
1
1
1
1
1
1
1
1
1
1
1
1
1
1
1
1
1
1
1
1
1
1
1
1
1
1
1
1
1
1
1
1
1
1
1
1
1
1
1
1
1
1
1
1
1
1
1
1
1
1
1
1
1
1
1
1
1
1
1
1
1
1
1
1
1
1
1
1
1
1
1
1
1
1
1
1
1
1
1
1
1
1
1
1
1
1
1
1
1
1
1
1
1
1
1
1
1
1
1
1
1
1
1
1
1
1
1
1
1
1
1
1
1
1
1
1
1
1
1
1
1
1
1
1
1
1
1
1
1
1
1
1
1
1
1
1
1
1
1
1
1
1
1
1
1
1
1
1
1
1
1
1
1
1
1
1
1
1
1
1
1
1
1
1
1
1
1
1
1
1
1
1
1
1
1
1
1
1
1
1
1
1
1
1
1
1
1
1
1
1
1
1
1
1
1
1
1
1
1
1
1
1
1
1
1
1
1
1
1
1
1
1
1
1
1
1
1
1
1
1
1
1
1
1
1
1
1
1
1
1
1
1
1
1
1
1
1
1
1
1
1
1
1
1
1
1
1
1
1
1
1
1
1
1
1
1
1
1
1
1
1
1
1
1
1
1
1
1
1
1
1
1
1
1
1
1
1
1
1
1
1
1
1
1
1
1
1
1
1
1
1
1
1
1
1
1
1
1
1
1
1
1
1
1
1
1
1
1
1
1
1
1
1
1
1
1
1
1
1
1
1
1
1
1
1
1
1
1
1
1
1
1
1
1
1
1
1
1
1
1
1
1
1
1
1
1
1
1
1
1
1
1
1
1
1
1
1
1
1
1
1
1
1
1
1
1
1
1
1
1
1
1
1
1
1
1
1
1
1
1
1
1
1
1
1
1
1
1
1
1
1
1
1
1
1
1
1
1
1
1
1
1
1
1
1
1
1
1
1
1
1
1
1
1
1
1
1
1
1
1
1
1
1
1
1
1
1
1
1
1
1
1
1
1
1
1
1
1
1
1
1
1
1
1
1
1
1
1
1
1
1
1
1
1
1
1
1
1
1
1
1
1
1
1
1
1
1
1
1
1
1
1
1
1
1
1
1
1
1
1
1
1
1
1
1
1
1
1
1
1
1
1
1
1
1
1
1
1
1
1
1
1
1
1
1
1
1
1
1
1
1
1
1
1
1
1
1
1
1
1
1
1
1
1
1
1
1
1
1
1
1
1
1
1
1
1
1
1
1
1
1
1
1
1
1
1
1
1
1
1
1
1
1
1
1
1
1
1
1
1
1
1
1
1
1
1
1
1
1
1
1
1
1
1
1
1
1
1
1
1
1
1
1
1
1
1
1
1
1
1
1
1
1
1
1
1
1
1
1
1
1
1
1
1
1
1
1
1
1
1
1
1
1
1
1
1
1
1
1
1
1
1
1
1
1
1
1
1
1
1
1
1
1
1
1
1
1
1
1
1
1
1
1
1
1
1
1
1
1
1
1
1
1
1
1
1
1
1
1
1
1
1
1
1
1
1
1
1
1
1
1
1
1
1
1
1
1
1
1
1
1
1
1
1
1
1
1
1
1
1
1
1
1
1
1
1
1
1
1
1
1
1
1
1
1
1
1
1
1
1
1
1
1
1
1
1
1
1
1
1
1
1
1
1
1
1
1
1
1
1
1
1
1
1
1
1
1
1
1
1
1
1
1
1
1
1
1
1
1
1
1
1
1
1
1
1
1
1
1
1
1
1
1
1
1
1
1
1
1
1
1
1
1
1
1
1
1
1
1
1
1
1
1
1
1
1
1
1
1
1
1
1
1
1
1
1
1
1
1
1
1
1
1
1
1
1
1
1
1
1
1
1
1
1
1
1
1
1
1
1
1
1
1
1
1
1
1
1
1
1
1
1
1
1
1
1
1
1
1
1
1
1
1
1
1
1
1
1
1
1
1
1
1
1
1
1
1
1
1
1
1
1
1
1
1
1
1
1
1
1
1
1
1
1
1
1
1
1
1
1
1
1
1
1
1
1
1
1
1
1
1
1
1
1
1
1
1
1
1
1
1
1
1
1
1
1
1
1
1
1
1
1
1
1
1
1
1
1
1
1
1
1
1
1
1
1
1
1
1
1
1
1
1
1
1
1
1
1
1
1
1
1
1
1
1
1
1
1
1
1
1
1
1
1
1
1
1
1
1
1
1
1
1
1
1
1
1
1
1
1
1
1
1
1
1
1
1
1
1
1
1
1
1
1
1
1
1
1
1
1
1
1
1
1
1
1
1
1
1
1
1
1
1
1
1
1
1
1
1
1
1
1
1
1
1
1
1
1
1
1
1
1
1
1
1
1
1
1
1
1
1
1
1
1
1
1
1
1
1
1
1
1
1
1
1
1
1
1
1
1
1
1
1
1
1
1
1
1
1
1
1
1
1
1
1
1
1
1
1
1
1
1
1
1
1
1
1
1
1
1
1
1
1
1
1
1
1
1
1
1
1
1
1
1
1
1
1
1
1
1
1
1
1
1
1
1
1
1
1
1
1
1
1
1
1
1
1
1
1
1
1
1
1
1
1
1
1
1
1
1
1
1
1
1
1
1
1
1
1
1
1
1
1
1
1
1
1
1
1
1
1
1
1
1
1
1
1
1
1
1
1
1
1
1
1
1
1
1
1
1
1
1
1
1
1
1
1
1
1
1
1
1
1
1
1
1
1
1
1
1
1
1
1
1
1
1
1
1
1
1
1
1
1
1
1
1
1
1
1
1
1
1
1
1
1
1
1
1
1
1
1
1
1
1
1
1
1
1
1
1
1
1
1
1
1
1
1
1
1
1
1
1
1
1
1
1
1
1
1
1
1
1
1
1
1
1
1
1
1
1
1
1
1
1
1
1
1
1
1
1
1
1
1
1
1
1
1
1
1
1
1
1
1
1
1
1
1
1
1
1
1
1
1
1
1
1
1
1
1
1
1
1
1
1
1
1
1
1
1
1
1
1
1
1
1
1
1
1
1
1
1
1
1
1
1
1
1
1
1
1
1
1
1
1
1
1
1
1
1
1
1
1
1
1
1
1
1
1
1
1
1
1
1
1
1
1
1
1
1
1
1
1
1
1
1
1
1
1
1
1
1
1
1
1
1
1
1
1
1
1
1
1
1
1
1
1
1
1
1
1
1
1
1
1
1
1
1
1
1
1
1
1
1
1
1
1
1
1
1
1
1
1
1
1
1
1
1
1
1
1
1
1
1
1
1
1
1
1
1
1
1
1
1
1
1
1
1
1
1
1
1
1
1
1
1
1
1
1
1
1
1
1
1
1
1
1
1
1
1
1
1
1
1
1
1
1
1
1
1
1
1
1
1
1
1
1
1
1
1
1
1
1
1
1
1
1
1
1
1
1
1
1
1
1
1
1
1
1
1
1
1
1
1
1
1
1
1
1
1
1
1
1
1
1
1
1
1
1
1
1
1
1
1
1
1
1
1
1
1
1
1
1
1
1
1
1
1
1
1
1
1
1
1
1
1
1
1
1
1
1
1
1
1
1
1
1
1
1
1
1
1
1
1
1
1
1
1
1
1
1
1
1
1
1
1
1
1
1
1
1
1
1
1
1
1
1
1
1
1
1
1
1
1
1
1
1
1
1
1
1
1
1
1
1
1
1
1
1
1
1
1
1
1
1
1
1
1
1
1
1
1
1
1
1
1
1
1
1
1
1
1
1
1
1
1
1
1
1
1
1
1
1
1
1
1
1
1
1
1
1
1
1
1
1
1
1
1
1
1
1
1
1
1
1
1
1
1
1
1
1
1
1
1
1
1
1
1
1
1
1
1
1
1
1
1
1
1
1
1
1
1
1
1
1
1
1
1
1
1
1
1
1
1
1
1
1
1
1
1
1
1
1
1
1
1
1
1
1
1
1
1
1
1
1
1
1
1
1
1
1
1
1
1
1
1
1
1
1
1
1
1
1
1
1
1
1
1
1
1
1
1
1
1
1
1
1
1
1
1
1
1
1
1
1
1
1
1
1
1
1
1
1
1
1
1
1
1
1
1
1
1
1
1
1
1
1
1
1
1
1
1
1
1
1
1
1
1
1
1
1
1
1
1
1
1
1
1
1
1
1
1
1
1
1
1
1
1
1
1
1
1
1
1
1
1
1
1
1
1
1
1
1
1
1
1
1
1
1
1
1
1
1
1
1
1
1
1
1
1
1
1
1
1
1
1
1
1
1
1
1
1
1
1
1
1
1
1
1
1
1
1
1
1
1
1
1
1
1
1
1
1
1
1
1
1
1
1
1
1
1
1
1
1
1
1
1
1
1
1
1
1
1
1
1
1
1
1
1
1
1
1
1
1
1
1
1
1
1
1
1
1
1
1
1
1
1
1
1
1
1
1
1
1
1
1
1
1
1
1
1
1
1
1
1
1
1
1
1
1
1
1
1
1
1
1
1
1
1
1
1
1
1
1
1
1
1
1
1
1
1
1
1
1
1
1
1
1
1
1
1
1
1
1
1
1
1
1
1
1
1
1
1
1
1
1
1
1
1
1
1
1
1
1
1
1
1
1
1
1
1
1
1
1
1
1
1
1
1
1
1
1
1
1
1
1
1
1
1
1
1
1
1
1
1
1
1
1
1
1
1
1
1
1
1
1
1
1
1
1
1
1
1
1
1
1
1
1
1
1
1
1
1
1
1
1
1
1
1
1
1
1
1
1
1
1
1
1
1
1
1
1
1
1
1
1
1
1
1
1
1
1
1
1
1
1
1
1
1
1
1
1
1
1
1
1
1
1
1
1
1
1
1
1
1
1
1
1
1
1
1
1
1
1
1
1
1
1
1
1
1
1
1
1
1
1
1
1
1
1
1
1
1
1
1
1
1
1
1
1
1
1
1
1
1
1
1
1
1
1
1
1
1
1
1
1
1
1
1
1
1
1
1
1
1
1
1
1
1
1
1
1
1
1
1
1
1
1
1
1
1
1
1
1
1
1
1
1
1
1
1
1
1
1
1
1
1
1
1
1
1
1
1
1
1
1
1
1
1
1
1
1
1
1
1
1
1
1
1
1
1
1
1
1
1
1
1
1
1
1
1
1
1
1
1
1
1
1
1
1
1
1
1
1
1
1
1
1
1
1
1
1
1
1
1
1
1
1
1
1
1
1
1
1
1
1
1
1
1
1
1
1
1
1
1
1
1
1
1
1
1
1
1
1
1
1
1
1
1
1
1
1
1
1
1
1
1
1
1
1
1
1
1
1
1
1
1
1
1
1
1
1
1
1
1
1
1
1
1
1
1
1
1
1
1
1
1
1
1
1
1
1
1
1
1
1
1
1
1
1
1
1
1
1
1
1
1
1
1
1
1
1
1
1
1
1
1
1
1
1
1
1
1
1
1
1
1
1
1
1
1
1
1
1
1
1
1
1
1
1
1
1
1
1
1
1
1
1
1
1
1
1
1
1
1
1
1
1
1
1
1
1
1
1
1
1
1
1
1
1
1
1
1
1
1
1
1
1
1
1
1
1
1
1
1
1
1
1
1
1
1
1
1
1
1
1
1
1
1
1
1
1
1
1
1
1
1
1
1
1
1
1
1
1
1
1
1
1
1
1
1
1
1
1
1
1
1
1
1
1
1
1
1
1
1
1
1
1
1
1
1
1
1
1
1
1
1
1
1
1
1
1
1
1
1
1
1
1
1
1
1
1
1
1
1
1
1
1
1
1
1
1
1
1
1
1
1
1
1
1
1
1
1
1
1
1
1
1
1
1
1
1
1
1
1
1
1
1
1
1
1
1
1
1
1
1
1
1
1
1
1
1
1
1
1
1
1
1
1
1
1
1
1
1
1
1
1
1
1
1
1
1
1
1
1
1
1
1
1
1
1
1
1
1
1
1
1
1
1
1
1
1
1
1
1
1
1
1
1
1
1
1
1
1
1
1
1
1
1
1
1
1
1
1
1
1
1
1
1
1
1
1
1
1
1
1
1
1
1
1
1
1
1
1
1
1
1
1
1
1
1
1
1
1
1
1
1
1
1
1
1
1
1
1
1
1
1
1
1
1
1
1
1
1
1
1
1
1
1
1
1
1
1
1
1
1
1
1
1
1
1
1
1
1
1
1
1
1
1
1
1
1
1
1
1
1
1
1
1
1
1
1
1
1
1
1
1
1
1
1
1
1
1
1
1
1
1
1
1
1
1
1
1
1
1
1
1
1
1
1
1
1
1
1
1
1
1
1
1
1
1
1
1
1
1
1
1
1
1
1
1
1
1
1
1
1
1
1
1
1
1
1
1
1
1
1
1
1
1
1
1
1
1
1
1
1
1
1
1
1
1
1
1
1
1
1
1
1
1
1
1
1
1
1
1
1
1
1
1
1
1
1
1
1
1
1
1
1
1
1
1
1
1
1
1
1
1
1
1
1
1
1
1
1
1
1
1
1
1
1
1
1
1
1
1
1
1
1
1
1
1
1
1
1
1
1
1
1
1
1
1
1
1
1
1
1
1
1
1
1
1
1
1
1
1
1
1
1
1
1
1
1
1
1
1
1
1
1
1
1
1
1
1
1
1
1
1
1
1
1
1
1
1
1
1
1
1
1
1
1
1
1
1
1
1
1
1
1
1
1
1
1
1
1
1
1
1
1
1
1
1
1
1
1
1
1
1
1
1
1
1
1
1
1
1
1
1
1
1
1
1
1
1
1
1
1
1
1
1
1
1
1
1
1
1
1
1
1
1
1
1
1
1
1
1
1
1
1
1
1
1
1
1
1
1
1
1
1
1
1
1
1
1
1
1
1
1
1
1
1
1
1
1
1
1
1
1
1
1
1
1
1
1
1
1
1
1
1
1
1
1
1
1
1
1
1
1
1
1
1
1
1
1
1
1
1
1
1
1
1
1
1
1
1
1
1
1
1
1
1
1
1
1
1
1
1
1
1
1
1
1
1
1
1
1
1
1
1
1
1
1
1
1
1
1
1
1
1
1
1
1
1
1
1
1
1
1
1
1
1
1
1
1
1
1
1
1
1
1
1
1
1
1
1
1
1
1
1
1
1
1
1
1
1
1
1
1
1
1
1
1
1
1
1
1
1
1
1
1
1
1
1
1
1
1
1
1
1
1
1
1
1
1
1
1
1
1
1
1
1
1
1
1
1
1
1
1
1
1
1
1
1
1
1
1
1
1
1
1
1
1
1
1
1
1
1
1
1
1
1
1
1
1
1
1
1
1
1
1
1
1
1
1
1
1
1
1
1
1
1
1
1
1
1
1
1
1
1
1
1
1
1
1
1
1
1
1
1
1
1
1
1
1
1
1
1
1
1
1
1
1
1
1
1
1
1
1
1
1
1
1
1
1
1
1
1
1
1
1
1
1
1
1
1
1
1
1
1
1
1
1
1
1
1
1
1
1
1
1
1
1
1
1
1
1
1
1
1
1
1
1
1
1
1
1
1
1
1
1
1
1
1
1
1
1
1
1
1
1
1
1
1
1
1
1
1
1
1
1
1
1
1
1
1
1
1
1
1
1
1
1
1
1
1
1
1
1
1
1
1
1
1
1
1
1
1
1
1
1
1
1
1
1
1
1
1
1
1
1
1
1
1
1
1
1
1
1
1
1
1
1
1
1
1
1
1
1
1
1
1
1
1
1
1
1
1
1
1
1
1
1
1
1
1
1
1
1
1
1
1
1
1
1
1
1
1
1
1
1
1
1
1
1
1
1
1
1
1
1
1
1
1
1
1
1
1
1
1
1
1
1
1
1
1
1
1
1
1
1
1
1
1
1
1
1
1
1
1
1
1
1
1
1
1
1
1
1
1
1
1
1
1
1
1
1
1
1
1
1
1
1
1
1
1
1
1
1
1
1
1
1
1
1
1
1
1
1
1
1
1
1
1
1
1
1
1
1
1
1
1
1
1
1
1
1
1
1
1
1
1
1
1
1
1
1
1
1
1
1
1
1
1
1
1
1
1
1
1
1
1
1
1
1
1
1
1
1
1
1
1
1
1
1
1
1
1
1
1
1
1
1
1
1
1
1
1
1
1
1
1
1
1
1
1
1
1
1
1
1
1
1
1
1
1
1
1
1
1
1
1
1
1
1
1
1
1
1
1
1
1
1
1
1
1
1
1
1
1
1
1
1
1
1
1
1
1
1
1
1
1
1
1
1
1
1
1
1
1
1
1
1
1
1
1
1
1
1
1
1
1
1
1
1
1
1
1
1
1
1
1
1
1
1
1
1
1
1
1
1
1
1
1
1
1
1
1
1
1
1
1
1
1
1
1
1
1
1
1
1
1
1
1
1
1
1
1
1
1
1
1
1
1
1
1
1
1
1
1
1
1
1
1
1
1
1
1
1
1
1
1
1
1
1
1
1
1
1
1
1
1
1
1
1
1
1
1
1
1
1
1
1
1
1
1
1
