6
6
6
6
6
6
6
6
6
6
6
6
6
6
6
6
6
6
6
6
6
6
6
6
6
6
6
6
6
6
6
6
6
6
6
6
6
6
6
6
6
6
6
6
6
6
6
6
6
6
6
6
6
6
6
6
6
6
6
6
6
6
6
6
6
6
6
6
6
6
6
6
6
6
6
6
6
6
6
6
6
6
6
6
6
6
6
6
6
6
6
6
6
6
6
6
6
6
6
6
6
6
6
6
6
6
6
6
6
6
6
6
6
6
6
6
6
6
6
6
6
6
6
6
6
6
6
6
6
6
6
6
6
6
6
6
6
6
6
6
6
6
6
6
6
6
6
6
6
6
6
6
6
6
6
6
6
6
6
6
6
6
6
6
6
6
6
6
6
6
6
6
6
6
6
6
6
6
6
6
6
6
6
6
6
6
6
6
6
6
6
6
6
6
6
6
6
6
6
6
6
6
6
6
6
6
6
6
6
6
6
6
6
6
6
6
6
6
6
6
6
6
6
6
6
6
6
6
6
6
6
6
6
6
6
6
6
6
6
6
6
6
6
6
6
6
6
6
6
6
6
6
6
6
6
6
6
6
6
6
6
6
6
6
6
6
6
6
6
6
6
6
6
6
6
6
6
6
7
7
7
7
7
7
7
7
7
7
7
7
7
7
7
7
7
7
7
7
7
7
8
8
8
8
8
8
8
8
8
8
8
8
8
8
8
8
8
8
8
8
8
8
9
9
9.41421
9.41421
9
9
9
9
9
9
9
9
9
9
9
9
9
9
9
9
9
9
9
9
9
9
10
10.4142
10.4142
10
10
10
10
10
10
10
10.4142
10
10
10
10
10
10
10
10
10
10
10
12.4142
11.4142
11
11.4142
11.8284
11.4142
11
11.4142
12.4142
11
11
11
11
11
11.4142
11
11
11
11
11
11
11
11
11
11
11
11
11
11
11
11
12.8284
12.4142
12.8284
12.8284
12.8284
12
12
12.4142
12
12
12.4142
12
12.4142
12.4142
12
12
12
12
12
12
12
12
12
12
13.8284
13.8284
13.8284
13.8284
13
13
13.4142
13
13
13.4142
13.4142
13.4142
13
13
13
13
13
13
13
13
13
13
13
13
13
14.8284
14.8284
15.2426
16.2426
16.2426
15.2426
14.8284
14.8284
14
14.4142
14.4142
14
14
14
14
14
14.4142
14.4142
14.4142
14.8284
14.4142
14
14
14
14
14
14
14
14
14
14
14
14
14
14
15.8284
16.6569
17.6569
18.6569
18.6569
17.6569
16.6569
15.8284
16.2426
15
15
15.4142
15.4142
15
15
15
15
15
15
15
15
15
15
15
15.4142
15.4142
15.8284
16.2426
15.8284
15.4142
15
15
15
15
15
15
15
15
15
15.4142
16.4142
15
15
16.8284
19.0711
20.0711
21.0711
22.0711
23.0711
23.0711
22.0711
21.0711
20.0711
19.0711
17.2426
16
16.4142
16.8284
16.4142
16
16
16
16
16
16.4142
16.4142
17.2426
17.6569
18.6569
18.2426
17.2426
16.8284
16
16
16
16
16
16
16
16
16
16.8284
16
16
16
18.2426
17.8284
18.2426
18.6569
17
17
17
17.8284
17.8284
17.4142
17
17
17
17
17.4142
17.8284
18.8284
17.8284
17.4142
19.0711
20.0711
19.6569
18.6569
17
17
17
17
17
17
17
17
17
17
17
17
17
17.8284
17
17
17
19.2426
19.6569
18
18.8284
19.2426
20.2426
20.2426
19.2426
18.8284
18
18
18
18
18
18.8284
19.2426
20.4853
21.4853
21.0711
20.0711
18
18
18
18
18
18
18
18
18
18
18
18
18
18
18.8284
19.2426
18
18
18
18
18
20.6569
20.2426
20.6569
21.0711
19
19
20.6569
21.6569
20.6569
19
19
19.8284
20.2426
21.2426
20.2426
21.8995
22.8995
23.8995
24.8995
24.4853
23.4853
22.4853
21.4853
19
19
19
19
19
19.4142
19
19
19
19
19
20.2426
19
19
19
19
19
21.6569
22.0711
20
22.0711
23.0711
22.0711
21.6569
20
20
21.6569
21.6569
21.2426
25.3137
26.3137
27.3137
27.8995
26.8995
25.8995
24.8995
20
20
20.4142
20
21.2426
20
20
22.6569
23.0711
21
23.4853
23.0711
21
21
21
22.6569
22.6569
27.7279
28.3137
21
21
21.4142
21
22.2426
21
21
21
21
24.0711
23.6569
24.0711
24.4853
25.4853
22
22
24.4853
24.8995
24.4853
24.0711
22
22
22
22
23.6569
24.0711
23.6569
28.1421
29.1421
30.1421
31.1421
32.1421
33.1421
34.1421
35.1421
35.7279
34.7279
33.7279
32.7279
31.7279
30.7279
29.7279
28.7279
22
22
22
22.4142
22
23.2426
23.6569
22
22
22
22
22
22
22
22
22
26.4853
25.4853
25.0711
25.8995
23
25.8995
26.3137
27.3137
27.8995
26.8995
25.8995
25.4853
23
23
25.0711
25.4853
25.0711
24.6569
35.5563
36.5563
37.5563
38.5563
39.1421
38.1421
37.1421
36.1421
23
23
23.4142
23
24.6569
25.0711
27.8995
26.8995
26.8995
27.3137
24
24
27.7279
28.7279
29.7279
30.3137
29.3137
28.3137
24
24
26.4853
26.8995
27.8995
26.0711
24
24
24.4142
24
26.0711
31.3137
30.3137
29.3137
28.3137
25
25
25
25
25
25
25
28.3137
28.7279
25
30.1421
31.1421
32.1421
33.1421
34.1421
35.1421
36.1421
36.7279
35.7279
34.7279
33.7279
32.7279
31.7279
30.7279
25
25
28.3137
29.3137
28.4853
27.4853
27.0711
25
25.4142
25
25.4142
25.8284
25
27.0711
27.4853
28.4853
52.5563
51.5563
50.5563
49.5563
48.5563
47.5563
46.5563
45.5563
44.5563
43.5563
37.7279
36.7279
35.7279
34.7279
33.7279
32.7279
31.7279
26.4142
26
26
26
26
26
26
26
26
26
29.7279
26
26
26.4142
27.4142
26
29.7279
30.7279
29.8995
28.8995
26
26.4142
26.8284
26
28.8995
29.8995
52.1421
43.1421
42.1421
41.1421
40.1421
39.1421
38.1421
28.2426
27.8284
27.4142
27
27
27
27
30.7279
31.1421
32.1421
27
27
27
27.8284
27.4142
27
31.1421
32.1421
31.3137
30.3137
27
27.4142
27.8284
27
30.3137
31.3137
52.5563
30.0711
29.6569
29.2426
28
28
32.5563
28
28.8284
28.4142
32.5563
33.5563
34.5563
35.5563
34.7279
33.7279
32.7279
31.7279
28
28.4142
28.8284
28
28
31.7279
32.7279
33.7279
52.9706
31.0711
29
33.5563
33.9706
29
29.8284
30.2426
30.8284
29.8284
29.4142
35.9706
36.9706
37.9706
36.1421
35.1421
29
29.8284
29.4142
29.8284
30.2426
29
34.1421
35.1421
53.3848
32.4853
32.0711
30
30
34.9706
30
31.2426
31.2426
38.3848
36.5563
30
30.8284
31.2426
30
35.5563
53.799
33.8995
33.4853
31
31
35.9706
31
32.2426
32.6569
32.6569
32.2426
38.799
39.799
40.799
41.799
42.799
43.799
44.799
40.9706
39.9706
38.9706
37.9706
36.9706
31
31.4142
33.2426
32.2426
31.8284
32.2426
31
35.9706
36.9706
37.9706
54.2132
35.3137
34.8995
32
36.9706
37.3848
32
33.6569
34.0711
35.0711
34.0711
33.6569
45.2132
46.2132
47.2132
46.3848
45.3848
44.3848
43.3848
42.3848
41.3848
32.4142
33.6569
33.2426
32
38.3848
39.3848
40.3848
54.6274
37.1421
36.7279
36.3137
33
33
33
38.3848
38.799
33
35.4853
36.4853
37.4853
38.4853
39.4853
40.4853
39.4853
38.4853
37.4853
36.4853
35.4853
35.0711
33.4142
33.8284
34.8284
35.0711
34.6569
34.2426
34.6569
35.6569
33
40.799
41.799
42.799
43.799
55.0416
38.1421
38.1421
34
39.799
34
35.2426
36.2426
36.4853
36.0711
36.0711
34.4142
34
44.2132
45.2132
46.2132
47.2132
48.2132
49.2132
50.2132
55.4559
38.7279
39.1421
35
40.799
41.2132
42.2132
35
36.6569
37.6569
39.8995
38.8995
37.8995
37.4853
37.0711
35.4142
50.6274
51.6274
52.6274
53.6274
54.6274
55.6274
56.6274
57.6274
58.6274
59.6274
60.6274
61.6274
62.6274
63.4559
62.4559
61.4559
60.4559
59.4559
58.4559
57.4559
56.4559
39.3137
39.7279
36
42.6274
43.6274
36
38.0711
39.0711
40.0711
41.0711
42.3137
41.3137
40.3137
38.0711
38.4853
36.4142
40.3137
37
44.0416
45.0416
37
41.4853
42.4853
43.4853
44.4853
45.4853
46.4853
49.7279
48.7279
47.7279
46.7279
45.7279
44.7279
43.7279
42.7279
39.4853
37.4142
40.4853
40.8995
41.3137
38
38
45.4559
38
46.2843
46.6985
47.1127
47.1127
46.6985
46.2843
45.8701
45.4558
45.0416
44.6274
44.2132
43.799
46.8995
49.7279
40.4853
38.4142
41.0711
41.4853
39
46.4559
39
41.8995
41.4853
41.0711
40.6569
40.2426
39.8284
39.4142
39
39
39
39
44.799
45.2132
45.6274
46.0416
46.4558
46.8701
47.2843
44.799
44.3848
43.9706
43.5563
43.1421
47.3137
48.3137
49.3137
41.4853
41.8995
39.4142
42.0711
40
47.4559
47.8701
48.8701
40
44.1421
43.7279
43.3137
42.8995
40
40
40
40
40.4142
40.8284
41.2426
41.6569
42.0711
42.4853
42.8995
43.3137
43.7279
44.1421
44.5563
44.9706
43.7279
44.1421
44.5563
44.9706
45.3848
45.799
44.1421
43.7279
43.3137
42.8995
42.8995
40.4142
42.6569
43.0711
41.4142
41
49.2843
50.2843
41
45.5563
45.1421
41
41
41
41
41
41
41
41
41
45.9706
46.3848
46.799
47.2132
47.6274
42.2426
42.6569
43.0711
43.4853
43.8995
44.3137
44.7279
43.8995
43.4853
43.8995
44.3137
45.3137
41.8284
41.4142
42.8284
43.2426
43.6569
42.4142
50.6985
51.6985
42
46.9706
46.5563
42
42
42
42
48.6274
49.0416
49.4559
49.8701
42.4142
42.8284
43.2426
44.4853
44.0711
45.7279
46.7279
42.8284
43.4142
43.8284
43.4142
52.1127
43
48.799
48.3848
47.9706
43
43.4142
43
43
43
43
50.8701
51.2843
43
43
43
43.4142
45.0711
47.1421
44.2426
43.8284
44
44.4142
44.4142
53.1127
53.5269
44
50.2132
49.799
44.4142
44
52.2843
52.6985
44
44
44
46.0711
45.6569
48.1421
48.5564
45.2426
45
45.4142
54.5269
45
45
51.2132
45.4142
45.8284
46.2426
45
45
53.6985
54.1127
54.5269
54.5269
45
45
46.6569
49.5564
49.9706
47.6569
46.6569
46.2426
46
47.8284
46.8284
46.4142
55.5269
55.9411
56.9411
46
52.2132
47.2426
46
55.5269
46
47.6569
50.9706
51.3848
52.3848
48.0711
47
47
48.2426
57.3554
47
53.6274
53.2132
48.2426
47
47
56.5269
47
47
47
48.6569
52.799
49.0711
60.8406
60.4264
60.0122
59.598
59.1838
58.7696
48
48
48
49.2426
58.3554
48
54.6274
49.2426
49.6569
48
57.5269
57.1127
48
48
49.6569
53.799
54.2132
50.4853
50.0711
55.0416
55.4559
55.8701
56.2843
56.6985
57.1127
57.5269
57.9411
61.8406
59.7696
59.3554
58.9411
58.5269
58.1127
49
50.6569
50.2426
59.3554
59.7696
49
49
55.6274
50.6569
49
49
49
58.1127
57.6985
49
49
50.6569
55.2132
55.6274
51.8995
51.4853
54.799
55.2132
55.6274
56.0416
58.9411
59.3554
59.7696
60.1838
60.598
61.0122
62.2549
59.1127
58.6985
58.2843
50
50
52.0711
51.6569
60.7696
50
57.0416
56.6274
51.6569
50
58.6985
50
51.6569
54.1422
54.5564
54.9706
55.3848
55.799
56.2132
56.6274
56.6274
56.2132
55.799
55.3848
54.9706
54.5564
54.1421
53.7279
56.6274
57.0416
58.0416
59.0416
55.3137
54.3137
53.3137
52.8995
54.9706
55.3848
55.799
62.0122
62.4264
62.8406
63.8406
64.8406
63.2549
59.2843
58.8701
58.4559
51
51
53.0711
61.7696
51
51
51
58.0416
52.6569
51
59.6985
59.2843
58.8701
51
51
51
52.6569
53.0711
53.4853
53.8995
54.3137
54.7279
55.1422
54.7279
54.3137
53.8995
53.4853
53.0711
52.6569
52.2426
51.8284
51.4142
51
59.4559
60.4559
56.7279
55.7279
55.5563
55.9706
65.2549
66.2549
67.2549
68.2549
64.2549
59.4559
59.0416
52
54.4853
54.0711
62.7696
52
52
59.0416
53.6569
52
59.8701
52
53.6569
53.2426
53.6569
54.0711
52
52
52
52
52
52
52
52
52
60.8701
61.8701
62.8701
63.8701
64.8701
61.1422
60.1422
59.1422
58.1422
57.1422
56.5563
68.6691
69.6691
70.4975
69.4975
68.4975
67.4975
66.4975
65.2549
60.0416
59.6274
53
56.8995
55.8995
55.4853
63.7696
53
60.0416
54.6569
55.0711
53
60.8701
60.4559
53
55.0711
54.6569
53
53.4142
53.8284
54.2426
53
53
53
53
53
53
53
53
65.2843
66.2843
67.2843
68.2843
68.5564
67.5564
66.5564
65.5564
64.5564
63.5564
62.5564
61.5564
56.7279
57.1421
57.5563
67.4975
67.0833
66.6691
66.2549
60.6274
54
58.3137
57.3137
64.7696
54
61.0416
56.0711
54
61.4559
54
56.0711
54
54
57.7279
61.6274
61.2132
60.799
55
55
55
58.7279
65.7696
55
55
62.0416
57.0711
55
62.4559
55
57.0711
55
55
55
55
55
55
55
55
55
58.7279
61.799
61.3848
56
60.1422
59.7279
66.3554
66.7696
56
56
63.0416
58.0711
56
63.4559
56
58.4853
58.0711
56
56
56
56
56
56
59.7279
62.3848
57
61.5564
61.1422
67.3554
57
57
57
64.0416
59.0711
57
64.4558
57
59.8995
59.4853
57
57
57
57
57
57.4142
57.8284
60.7279
63.3848
62.9706
58
63.9706
62.9706
62.5564
68.3554
58
65.0416
60.4853
60.0711
58
65.4558
58
62.3137
61.3137
60.8995
58
58
58.8284
59.2426
61.7279
63.9706
59
65.3848
64.3848
68.5269
68.9411
69.3554
59
59
66.0416
61.4853
59
59.4142
60.4142
66.4558
59
63.7279
62.7279
59
60.2426
60.6569
61.0711
61.4853
62.7279
64.9706
64.5563
60
66.799
65.799
69.5269
60
67.0416
62.4853
60.8284
67.4558
60
60.4142
61.4142
65.1421
64.1421
60
60
62.4853
62.8995
63.7279
65.5563
61
69.2132
68.2132
67.2132
70.5269
61
61
68.0416
63.4853
61.8284
62.2426
68.8701
68.4558
61.8284
68.5564
67.5564
66.5564
65.5564
61
63.8995
64.3137
64.7279
66.5563
62
70.6274
69.6274
71.1127
71.5269
62
69.0416
64.4853
63.2426
69.8701
62.8284
63.2426
70.9706
69.9706
68.9706
62
62
65.3137
65.7279
66.1421
67.1421
67.5563
63
73.0417
72.0417
71.0417
72.1127
63
70.0416
65.4853
64.2426
64.6569
72.2843
71.2843
70.8701
64.2426
64.6569
74.3848
73.3848
72.3848
71.3848
63
66.3137
67.5564
68.5563
64
73.4559
73.1127
64
71.0416
66.4853
65.6569
72.6985
65.6569
74.799
64
67.3137
67.7279
68.1421
68.5564
69.5563
65
65.4142
66.4142
75.8701
74.8701
73.8701
74.1127
65
72.0416
67.8995
67.4853
66.6569
67.0711
68.0711
73.6985
66.6569
67.0711
68.0711
77.2132
76.2132
75.2132
65
69.1421
69.5564
69.9706
70.5563
66.8284
78.2843
77.2843
76.2843
75.1127
66
73.0416
68.8995
68.4853
75.1127
74.6985
68.4853
69.4853
81.6274
80.6274
79.6274
78.6274
77.6274
66
66
66
70.1421
70.5564
70.9706
71.5563
67.8284
68.2426
80.6985
79.6985
78.6985
76.1127
67
74.0416
69.8995
69.4853
69.8995
70.8995
76.5269
76.1127
69.8995
70.8995
71.8995
72.8995
73.8995
87.0416
86.0416
85.0416
84.0416
83.0416
82.0416
67
71.5564
67
67
67
71.9706
72.3848
72.5563
69.2426
69.6569
83.1127
82.1127
81.1127
77.1127
68
74.6274
75.0416
75.0416
72.3137
71.3137
70.8995
71.3137
72.3137
77.9411
77.5269
74.3137
75.3137
76.3137
77.3137
78.3137
79.3137
80.3137
81.3137
82.3137
83.3137
84.3137
85.3137
86.3137
87.3137
88.3137
87.4559
68
72.5564
68
68
68
68
68
68
68
68
68
68
68
68
68
68
68
68
73.3848
73.799
73.5563
70.6569
71.0711
72.0711
73.0711
85.8995
85.5269
84.5269
83.5269
78.1127
69
75.6274
72.7279
72.7279
73.7279
74.7279
80.3554
79.3554
78.9411
69
73.5564
70.2426
69.8284
69.4142
69
69
69
69.4142
69.8284
70.2426
70.6569
74.799
75.2132
76.2132
77.2132
74.5563
73.4853
74.4853
75.4853
76.4853
77.4853
78.4853
79.4853
80.4853
81.4853
82.4853
83.4853
84.4853
85.4853
79.1127
70
76.6274
73.7279
75.1422
76.1422
77.1422
82.7696
81.7696
80.7696
70
74.5564
72.4853
72.0711
71.6569
71.2426
71.6569
72.0711
72.4853
77.6274
78.6274
79.6274
75.9706
75.5563
80.1127
71
77.6274
75.1421
74.7279
77.5564
78.5564
79.5564
80.5564
81.5564
82.5564
87.1838
86.1838
85.1838
84.1838
83.1838
71
75.5564
73.8995
73.4853
73.4853
73.8995
74.3137
80.0416
81.0416
82.0416
83.0416
76.9706
81.1127
81.5269
72.4142
72
78.6274
76.1421
82.9706
83.9706
84.9706
85.9706
86.9706
87.9706
88.9706
89.598
88.598
87.598
72
76.5564
74.8995
75.3137
83.4559
84.4559
85.4559
86.4559
87.4559
77.9706
76.7279
76.3137
75.8995
75.4853
75.0711
74.6569
74.2426
73.8284
73.4142
82.5269
73.4142
79.2132
79.6274
77.1421
73
77.5564
76.3137
75.8995
76.3137
76.7279
87.8701
79.3848
78.9706
78.9706
78.5564
78.1422
77.7279
74.4142
74
74
74
74
83.5269
74.4142
80.2132
78.5564
78.1421
74
128.527
127.527
126.527
125.527
124.527
123.527
122.527
121.527
120.527
119.527
118.527
117.527
116.527
78.9706
78.5564
78.1422
77.7279
77.3137
77.7279
78.1421
88.2843
89.2843
90.2843
91.2843
92.2843
80.3848
80.799
80.3848
79.9706
75
75
84.5269
84.9411
85.9411
75.8284
75.4142
80.799
81.2132
79.5564
75
130.113
129.113
128.113
116.113
115.113
114.113
79.9706
79.5564
79.1422
79.1421
92.6985
93.6985
94.6985
95.6985
96.6985
97.6985
98.6985
99.6985
81.799
81.3848
82.6274
82.2132
81.799
76
76
86.3554
87.3554
78.2426
77.2426
76.8284
81.799
80.9706
80.5564
76
131.699
130.699
129.699
113.699
112.699
111.699
110.699
82.3848
81.3848
80.9706
80.9706
80.5564
80.1421
80.5564
80.9706
100.113
101.113
102.113
103.113
104.113
105.113
106.113
107.113
108.113
82.799
84.4559
84.0417
83.6274
77
77.4142
87.7696
88.7696
79.6569
78.6569
81.9706
82.3848
82.799
81.9706
77
77.4142
78.4142
132.284
131.284
110.284
109.284
108.284
107.284
82.799
81.9706
81.9706
108.527
85.2132
84.2132
83.799
85.8701
85.4559
78.4142
78.8284
79.2426
89.1838
90.1838
82.0711
81.0711
80.0711
82.9706
84.3848
83.3848
82.9706
82.1421
81.7279
81.3137
80.8995
80.4853
80.0711
79.6569
79.2426
78.8284
78.4142
78
78
78.8284
132.87
131.87
106.87
105.87
104.87
85.2132
84.2132
83.799
83.3848
82.9706
82.9706
83.3848
108.941
86.6274
85.6274
87.2843
86.8701
80.2426
90.598
91.598
92.598
93.598
85.4853
84.4853
83.4853
82.4853
83.5563
83.9706
85.799
84.799
84.799
84.3848
83.9706
83.5563
83.1421
79
79.4142
79.8284
80.2426
80.6569
81.0711
79.8284
132.456
104.456
103.456
102.456
101.456
87.6274
86.6274
85.6274
85.2132
84.799
84.3848
84.3848
109.355
88.0416
87.0416
88.2843
81.2426
94.0122
94.8995
93.8995
92.8995
91.8995
90.8995
89.8995
88.8995
87.8995
86.8995
85.8995
84.5563
86.2132
85.799
82.0711
80.8284
133.042
132.042
101.042
100.042
99.0416
98.0416
97.0416
96.0416
95.0416
94.0416
93.0416
92.0416
91.0416
90.0416
89.0416
88.0416
86.2132
85.3848
108.527
88.4558
89.6985
89.2843
82.2426
82.6569
85.1421
85.5563
87.2132
87.6274
87.2132
86.799
83.0711
83.4853
83.8995
84.3137
81.8284
133.456
87.2132
86.3848
107.527
91.8701
90.8701
89.8701
89.4558
91.5269
91.1127
90.6985
83.6569
85.7279
86.1421
88.6274
88.2132
89.4558
89.0416
88.6274
85.3137
85.7279
86.1422
82.8284
133.87
88.2132
87.3848
106.527
93.2843
92.2843
92.9412
92.5269
84.6569
85.0711
85.8995
86.3137
86.7279
91.0416
90.0416
89.6274
90.8701
90.4558
87.1422
87.5564
87.9706
83.8284
84.2426
136.284
135.284
134.284
89.6274
89.2132
88.3848
105.527
97.6985
96.6985
95.6985
94.6985
93.6985
94.3554
93.9412
86.0711
86.8995
91.4559
84
84
84.4142
84.8284
85.2426
85.6569
86.0711
86.4853
86.8995
87.3137
92.2843
91.8701
88.9706
89.3848
89.799
85.2426
136.699
90.6274
89.3848
104.527
103.113
102.113
101.113
100.113
99.1127
98.1127
95.6985
95.7696
95.3554
87.0711
87.4853
87.8995
92.8701
92.4559
85.8284
85.4142
85
88.3137
88.7279
89.1422
94.1127
93.6985
93.2843
90.799
91.2132
86.2426
137.113
91.6274
90.3848
104.113
94.6985
95.1127
96.1127
88.0711
88.4853
88.0711
88.4853
94.2843
93.8701
88.0711
87.6569
87.2426
86.8284
90.1422
90.5564
90.9706
95.1127
92.2132
92.6274
93.0417
87.2426
87.6569
137.527
93.0417
92.6274
91.3848
95.2843
95.6985
89.4853
88.6569
89.0711
95.2843
89.4853
89.0711
91.9706
92.3848
96.1127
94.0417
94.4559
88.6569
137.941
94.0417
92.3848
95.0417
95.4559
95.8701
96.2843
90.4853
88.8284
89.2426
89.6569
96.6985
96.2843
91.3137
90.8995
90.4853
93.3848
93.799
97.5269
97.1127
95.4559
95.8701
89.6569
138.355
95.0417
93.799
93.3848
96.0417
91.4853
89.8284
99.1127
98.1127
97.6985
92.3137
94.799
98.5269
96.8701
90.6569
91.0711
138.77
96.0417
94.799
96.6274
97.0417
92.4853
92.8995
93.3137
90.8284
99.5269
93.7279
93.3137
95.799
99.5269
97.8701
98.2843
98.6985
92.0711
139.184
97.0417
95.799
96.3848
96.799
97.2132
97.6274
94.3137
91.4142
91.8284
100.941
100.527
94.7279
96.799
97.2132
100.527
99.6985
100.113
93.0711
139.598
98.0417
98.2132
97.2132
96.799
96.5564
96.9706
97.3848
95.3137
95.7279
92
92.4142
101.941
96.1421
95.7279
98.2132
101.527
101.113
96.9706
96.5564
96.1421
95.7279
95.3137
94.8995
94.4853
94.0711
93.6569
93.2426
92.8284
94.0711
140.012
99.4559
99.0417
99.6274
98.6274
95.8995
96.3137
96.7279
97.1422
97.5564
96.7279
93
103.355
102.941
97.1421
99.2132
99.6274
100.042
102.527
102.113
102.527
98.3848
97.9706
93.8284
93.4142
95.0711
95.4853
96.4853
140.426
139.426
138.426
100.456
101.042
100.042
95.6569
96.0711
96.4853
96.8995
97.7279
98.1421
94
94
94
104.77
104.355
98.5564
98.1421
101.042
103.527
103.527
100.213
99.799
99.3848
94.4142
94
96.8995
138.841
101.456
103.456
102.456
101.456
95
95.4142
95.8284
96.2426
96.6569
99.1421
99.5563
99.9706
95
105.77
98.7279
99.1421
99.5564
102.042
104.527
104.527
104.941
101.627
101.213
95
95
95
97.8995
98.3137
139.255
107.426
107.012
106.598
106.184
105.77
105.355
104.941
104.527
104.113
103.699
103.284
102.456
105.87
104.87
103.87
96
96
96
100.971
96.4142
96
108.184
107.184
106.77
99.7279
103.042
105.527
105.941
105.941
102.627
96
99.3137
139.669
109.669
109.255
108.841
108.426
104.284
103.87
103.456
109.284
108.284
107.284
106.284
97
101.971
97.4142
109.598
108.598
100.728
104.042
106.941
106.941
103.627
97
100.314
140.083
110.669
104.87
104.456
111.699
110.699
109.699
99.6569
99.2426
98.8284
98.4142
98
102.971
103.385
98.4142
110.012
101.728
105.042
107.941
107.941
105.042
104.627
98
98
101.314
140.498
139.498
112.083
111.669
105.87
105.456
105.456
112.113
101.485
101.071
100.657
104.385
104.799
99.4142
111.426
111.012
102.314
102.728
106.042
108.941
109.355
110.355
108.941
109.355
109.77
106.042
99
102.314
102.728
139.912
113.498
113.083
106.456
106.042
105.627
106.456
115.527
114.527
113.527
112.527
103.314
102.899
102.485
105.799
106.213
100.828
100.414
112.426
103.314
107.042
110.77
111.77
110.77
107.042
100
103.728
140.326
114.912
114.498
106.627
106.213
107.456
117.941
116.941
115.941
105.142
104.728
104.314
107.213
107.627
108.042
101.828
114.841
113.841
113.426
103.899
104.314
108.042
112.184
113.184
111.77
108.042
101
104.728
140.74
139.74
115.912
107.213
106.799
108.456
121.355
120.355
119.355
118.355
106.971
106.556
106.142
109.042
109.456
102.828
115.255
104.899
109.042
113.598
114.598
115.598
112.77
109.042
102
105.728
140.154
117.74
117.326
116.912
107.799
110.284
109.87
109.456
122.77
121.77
108.799
108.385
107.971
110.456
103.828
116.669
116.255
105.899
110.042
116.012
117.012
118.012
113.77
110.042
103
106.728
107.142
140.569
118.74
108.799
111.284
124.184
123.184
110.213
109.799
111.456
111.87
105.243
104.828
118.083
117.669
106.485
106.899
111.042
118.426
119.426
120.426
121.426
114.77
115.184
111.042
104
108.142
140.983
139.983
119.74
109.799
109.385
108.971
112.284
126.598
125.598
124.598
117.841
112.042
111.627
111.213
112.87
113.284
113.698
106.243
119.083
107.485
112.042
121.841
122.841
123.841
124.841
116.184
112.042
105
109.142
140.397
120.74
109.971
113.284
128.012
127.012
117.841
118.255
118.669
119.083
119.498
119.912
120.326
120.74
120.74
120.326
119.912
119.498
119.083
118.669
118.255
118.841
113.042
114.698
107.243
120.498
120.083
108.485
113.042
125.255
126.255
127.255
128.255
129.255
117.184
113.042
113.456
106
110.142
140.811
121.74
110.971
114.284
128.426
118.841
119.841
114.042
115.698
116.113
108.243
121.498
109.485
114.042
129.669
118.184
114.456
107
111.142
141.225
123.154
122.74
111.971
115.284
128.841
116.527
116.941
117.355
117.77
118.184
118.598
119.012
119.426
119.841
120.841
115.456
115.042
117.113
117.527
109.243
122.498
110.485
110.071
110.485
115.042
130.083
131.083
132.083
133.083
134.083
119.184
115.456
108
112.142
112.556
113.556
141.64
124.154
112.971
116.284
130.255
129.255
116.699
117.113
117.527
121.841
116.87
116.456
118.527
110.243
124.912
123.912
123.498
111.485
116.042
134.497
135.497
136.497
137.497
138.497
120.184
116.456
109
113.971
142.054
141.054
140.054
125.154
113.971
113.556
117.284
132.669
131.669
130.669
116.456
116.87
117.284
117.699
122.841
117.87
119.527
119.941
111.243
125.326
112.485
117.042
138.912
139.912
121.184
117.456
110
114.971
140.468
126.154
114.556
118.284
133.083
117.042
117.456
123.841
119.698
119.284
118.87
120.941
112.243
126.326
113.485
118.042
140.326
141.326
142.326
143.326
122.184
118.456
111
115.971
140.882
127.154
115.556
119.284
133.498
117.627
118.042
124.841
120.698
121.941
122.355
122.355
113.243
127.74
127.326
114.899
114.485
119.042
143.74
144.74
123.184
119.456
119.87
112
116.971
141.297
128.154
116.556
120.284
134.912
133.912
117.799
118.213
118.627
125.841
122.113
121.698
123.355
114.243
128.74
115.899
120.042
145.154
124.184
120.87
113
117.971
141.711
129.154
117.556
121.284
135.326
118.385
118.799
126.841
123.113
124.355
115.243
129.74
116.899
122.456
121.456
121.042
145.569
146.569
125.184
121.87
114
118.971
142.125
130.154
118.556
122.284
135.74
119.385
127.841
124.113
125.355
116.243
130.74
117.899
122.87
146.983
126.184
122.87
115
119.971
142.539
131.154
119.556
123.284
136.154
120.385
128.841
125.113
126.355
125.941
117.243
131.74
118.899
123.87
147.397
148.397
149.397
127.184
123.87
116
120.971
142.953
141.953
132.154
120.556
124.284
136.569
121.385
129.841
126.113
126.941
118.243
133.154
132.74
119.899
124.87
149.811
128.184
124.87
117
121.971
122.385
142.368
133.154
121.556
125.284
136.983
122.799
122.385
130.841
127.113
127.941
119.243
134.154
120.899
125.87
150.225
129.598
129.184
125.87
118
123.385
142.782
134.154
122.556
126.284
138.397
137.397
123.799
131.841
128.113
128.941
120.243
135.154
121.899
126.87
150.64
130.598
126.87
119
124.385
143.196
135.154
123.556
127.284
138.811
124.799
132.841
132.426
132.012
131.598
131.184
130.77
130.355
129.941
129.527
129.113
129.941
129.527
129.113
128.699
128.284
127.87
127.456
127.042
126.627
126.213
125.799
125.385
124.971
124.556
124.142
123.728
123.314
122.9
122.485
122.071
121.657
121.243
136.154
135.74
135.326
134.912
134.498
134.083
133.669
133.255
132.841
132.426
132.012
131.598
131.184
130.77
130.355
129.941
129.527
129.113
128.699
128.284
127.87
127.456
127.042
126.627
126.213
125.799
125.385
124.971
124.556
124.142
123.728
123.314
122.899
127.87
127.456
127.042
127.456
127.87
128.284
128.699
129.113
129.527
129.941
130.355
130.77
131.184
131.598
132.012
132.012
131.598
131.184
130.77
130.355
129.941
129.527
129.941
130.355
130.77
131.184
131.598
132.012
132.426
132.841
133.255
133.669
134.083
134.497
134.912
135.326
135.74
136.154
136.569
136.983
137.397
137.811
138.225
138.64
139.054
140.054
141.054
142.054
143.054
144.054
145.054
146.054
147.054
148.054
149.054
150.054
151.054
131.598
131.184
131.598
131.184
130.77
130.355
129.941
129.527
129.113
128.699
128.284
127.87
127.456
127.042
127.456
127.87
120.414
120
120
120
120
120
120
120.414
120.828
121.243
121.657
122.071
122.485
122.9
123.314
123.728
124.142
124.556
124.971
125.385
143.61
143.196
142.782
142.368
141.953
141.539
141.125
140.711
140.297
139.882
139.468
139.054
138.64
138.225
137.811
137.397
136.983
136.569
136.154
124.556
124.971
125.385
125.799
126.213
126.627
127.042
127.456
127.87
128.284
128.699
129.113
129.527
129.941
130.355
129.941
129.527
129.113
128.699
128.284
139.225
138.225
137.811
137.397
136.983
136.569
136.154
135.74
135.326
134.912
134.498
134.083
133.669
133.255
132.841
132.426
132.012
131.598
131.184
130.77
130.355
129.941
129.527
129.113
128.699
128.284
127.87
127.456
127.042
126.627
126.213
125.799
