140.297
140.711
141.125
141.539
141.953
142.368
142.782
143.196
143.61
144.024
144.439
144.853
145.267
145.681
146.096
146.51
146.924
147.338
147.338
146.924
146.51
146.096
145.681
145.267
144.853
144.439
144.024
143.61
143.196
142.782
142.368
141.953
141.539
141.125
140.711
140.297
139.882
139.468
139.054
138.64
138.225
137.811
137.397
136.983
136.569
136.154
135.74
135.326
134.912
134.498
134.083
133.669
133.255
132.841
132.426
132.012
131.598
131.184
130.77
130.355
129.941
129.527
139.297
128.527
138.297
127.527
137.297
126.527
136.297
125.527
125.113
135.297
124.113
134.297
123.113
133.297
122.113
131.468
131.882
132.297
121.113
130.468
120.113
129.468
119.113
128.054
128.468
118.113
127.054
117.113
126.054
116.113
115.699
115.284
125.054
114.284
123.64
124.054
113.284
121.811
122.225
122.64
112.284
120.811
111.284
119.397
119.811
110.284
117.983
118.397
109.284
108.87
116.983
107.87
115.569
115.983
106.87
113.74
114.154
114.569
105.87
105.456
112.74
104.456
111.326
111.74
103.456
109.912
110.326
102.456
108.498
108.912
101.456
101.042
100.627
106.255
106.669
107.083
107.498
99.6274
104.841
105.255
98.6274
98.2132
103.012
103.426
103.841
97.2132
101.184
101.598
102.012
96.2132
95.799
100.184
94.799
97.9411
98.3554
98.7696
99.1838
93.799
96.1127
96.5269
96.9411
92.799
92.3848
93.8701
94.2843
94.6985
95.1127
91.3848
92.0416
92.4559
92.8701
90.3848
89.9706
89.5564
89.799
90.2132
90.6274
91.0416
88.5564
87.1421
87.5564
87.9706
88.3848
88.799
87.5564
87.1421
84.4853
84.8995
85.3137
85.7279
86.1421
86.1421
85.7279
82.2426
82.6569
83.0711
83.4853
84.7279
81.2426
83.7279
79
79
79.4142
79.8284
80.2426
82.7279
82.3137
78
78
78
78
78
81.3137
80.8995
80.4853
77
77
77
77
79.4853
79.0711
76
76
76
76
78.0711
75
75
75
75
75
77.0711
76.6569
74
74
74
74
75.6569
75.2426
74.8284
73
73
73
73
73
73.8284
73.4142
72
72.4142
71
71
71
71.4142
71
70
70
70
70
70
70
69
69
69
69
69
69
69
68
68
68
68
68
68
67
67
67
67
67
67
66
66
66
66
66
65
65
65
65
65
65
64
64
64
64
64
64
64
63
63
62
62
62
62
62
62
61
61
61
61
61
61
60
60
60
98.4975
99.4975
100.498
101.498
102.498
103.498
104.498
105.498
106.498
105.669
104.669
103.669
102.669
101.669
100.669
99.6691
98.6691
97.6691
96.6691
95.6691
60
60
60
60
59
59
59
92.0833
93.0833
94.0833
95.0833
96.0833
97.0833
98.0833
95.2549
94.2549
93.2549
92.2549
91.2549
90.2549
89.2549
88.2549
87.2549
59
59
59
59
58
58
86.6691
87.6691
88.6691
89.6691
90.6691
91.6691
86.8407
85.8407
84.8407
83.8407
58
58
58
58
58
58
58
57
57
57
82.2549
83.2549
84.2549
85.2549
86.2549
83.4264
82.4264
81.4264
80.4264
79.4264
57
57
57
57
57
57
57
57
57
57
57
57
56
56
56
56
56
56
56
56
56
56
56
56
56
56
56
56
56
56
77.8407
78.8407
79.8407
80.8407
81.8407
79.0122
78.0122
77.0122
76.0122
75.0122
56
55
55
55
55
55
55
55
55
55
55
55
55
55
55
55
55
77.4264
74.598
55
54
54
54
74.0122
75.0122
76.0122
77.0122
74.1838
73.1838
72.1838
71.1838
54
53
53
53
53
53
53
53
53
53
53
53
53
53
53
71.598
72.598
73.598
70.7696
69.7696
68.7696
53
52
52
52
52
52
52
52
52
52
52
52
68.1838
69.1838
70.1838
71.1838
68.3554
67.3554
52
51
51
51
51
51
51
51
51
51
51
51
65.7696
66.7696
67.7696
66.9411
65.9411
64.9411
63.9412
51
50
50
50
50
50
50
50
50
50
50
63.3554
64.3554
65.3554
63.5269
62.5269
61.5269
60.5269
50
49
49
49
49
49
49
49
49
49
49
60.9411
61.9411
62.9411
60.1127
59.1127
49
48
48
48
48
48
48
48
48
59.5269
60.5269
58.6985
57.6985
48
47
47
47
47
47
47
47
47
47
47
47
59.1127
57.2843
47
46
46
46
55.6985
56.6985
57.6985
58.6985
56.8701
55.8701
46
45
45
45
45
45
45
45
54.2843
55.2843
55.4559
54.4559
53.4559
45
44
44
44
44
44
44
44
44
52.8701
53.8701
53.0416
52.0416
51.0416
44
43
43
43
43
43
43
43
43
43
43
50.4559
51.4559
52.4559
50.6274
49.6274
49.2132
43
42
42
42
42
42
42
42
42
42
49.0416
50.0416
48.2132
42
41
41
41
41
41
41
41
41
47.6274
48.6274
47.2132
46.799
41
40
40
40
40
40
40
40
40
40
45.799
46.2132
47.2132
45.799
45.3848
40
39
39
39
39
39
39
39
39
39
39
44.3848
44.799
44.3848
43.9706
39
38
38
38
38
38
38
38
38
38
43.3848
42.9706
38
37
37
37
41.9706
42.3848
42.5564
41.5564
41.1421
37
36
36
36
36
36
36
36
36
36
36
36
36
40.5564
40.9706
40.1421
36
35
35
35
35
35
35
35
35
35
35
39.5564
39.1421
38.7279
35
34
34
34
34
34
34
34
34
34
34
34
34
34
34
34
37.7279
38.1421
39.1421
37.7279
37.3137
34
33
33
33
33
33
33
33
33
33
33
33
33
33
33
33
33
33
33
33
33
33
33
33
33
33
33
33
33
33
33
33
33
36.3137
36.7279
36.3137
33
32
32
35.3137
35.3137
34.8995
31
31
31
31
31
33.8995
34.3137
33.8995
30
30
30
30
32.8995
32.8995
29
29
31.8995
32.4853
31.4853
31.0711
28
28
28
30.0711
30.4853
31.4853
30.0711
27
27
27
28.6569
29.0711
29.0711
28.6569
26
26
26
27.6569
27.6569
25
25
25
26.6569
26.6569
26.2426
24
24
25.2426
25.6569
25.2426
23
23
23
23
24.2426
24.2426
22
22
22
22.8284
23.2426
23.8284
22.8284
22.4142
21
21
21.8284
21.4142
20
20
20.8284
20.4142
19
19
19
19.8284
19.4142
18
18
18
18
18.8284
18.4142
17
17
17
17.4142
18.4142
17.4142
16
16
16
16.4142
16
15
15
15
15
15
14
14
14
14
14
14
14
14
14
14
14
14
13
13
13
13
13
13
13
13
13
12
12
12
12
12
12
11
11
11
11
11
11
11
11
11
10
10
10
10
10
10
10
9
9
9
9
9
9
9
8
8
8
8
8
8
8
8
7
7
7
7
7
7
6
6
6
6
6
6
6
6
6
6
6
6
6
6
6
6
6
6
6
6
6
6
6
6
6
6
6
6
6
6
6
6
6
6
6
6
6
6
6
6
6
6
6
6
6
6
6
6
6
6
6
6
6
6
6
6
6
6
6
6
6
6
6
6
6
6
6
6
6
6
6
6
6
6
6
6
6
6
6
6
6
6
6
6
6
6
6
6
6
6
6
6
6
6
6
6
6
6
6
6
6
6
6
6
6
6
6
6
6
6
6
6
6
6
6
6
6
6
6
6
6
6
6
6
6
6
6
6
6
6
6
6
6
6
6
6
6
6
6
6
6
6
6
6
6
6
6
6
6
6
6
6
6
6
6
6
6
6
6
6
6
6
6
6
6
6
6
6
6
6
6
6
6
6
6
6
6
6
6
6
6
6
6
6
6
6
6
6
6
6
6
6
6
6
6
6
6
6
6
6
6
6
6
6
