6
6
6
6
6
6
6
6
6
6
6
6
6
6
6
6
6
6
6
6
6
6
6
6
6
6
6
6
6
6
6
6
6
6
6
6
6
6
6
6
6
6
6
6
6
6
6
6
6
6
6
6
6
6
6
6
6
6
6
6
6
6
6
6
6
6
6
6
6
6
6
6
6
6
6
6
6
6
6
6
6
6
6
6
6
6
6
6
6
6
6
6
6
6
6
6
6
6
6
6
6
6
6
6
6
6
6
6
6
6
6
6
6
6
6
6
6
6
6
6
6
6
6
6
6
6
6
6
6
6
6
6
6
6
6
6
6
6
6
6
6
6
6
6
6
6
6
6
6
6
6
6
6
6
6
6
6
6
6
6
6
6
6
6
6
6
6
6
6
6
6
6
6
6
6
6
6
6
6
6
6
6
6
6
6
6
6
6
6
6
6
6
6
6
6
6
6
6
6
6
6
6
6
6
6
6
6
6
6
6
6
6
6
6
6
6
6
6
6
6
6
6
6
6
6
6
6
6
6
6
6
6
6
6
6
6
6
6
6
6
6
6
6
6
6
6
6
6
6
6
6
6
6
6
6
6
6
6
6
6
6
6
6
6
6
6
6
6
6
6
6
6
6
6
6
6
6
6
6
6
6
6
6
6
6
6
6
6
7
7
7
7
7
7
7
7
7
7
7
7
7
7
7
7
7
7
7
7
7
7
7
7
7
7
8
8
8
8
8
8
8
8
8
8
8
8
8
8
8
8
8
8
8.41421
9.41421
8
8
8
8
8
8
8
8
8
8
9
9
9
9
9.41421
9
9
9
9
9.41421
9
9
9
9
9
9
9
9.82843
9
9
9
9
9
9
9.41421
10.4142
9
9
9
9
9
9
10
10
10
10.4142
10.4142
10
10
10
10.4142
11.4142
10.4142
10
10
10
10
10
10
10
10.8284
11.2426
10
10
10.4142
10
10
10
10.8284
11.4142
10.4142
10
10
10
10
10
10
10
10.4142
11
11
11
11.4142
11.8284
12.8284
12.8284
11.8284
11.4142
11
12.4142
11.4142
11
11.4142
11.8284
12.8284
11.8284
11
11
11
12.4142
11.4142
11
11
11
11
11
12.2426
12.6569
11
11
11
11.4142
11
11
11.8284
12.2426
13.2426
12.8284
11.8284
11
11
11
12.4142
11.4142
11
11.4142
12
12
12
13.2426
14.2426
15.2426
16.2426
17.2426
15.2426
14.2426
13.2426
12
13.8284
12.8284
13.2426
13.2426
12.8284
12
12
12
12.4142
12.8284
12
12
13.6569
14.0711
15.0711
16.0711
27.3137
27.7279
28.7279
29.7279
30.7279
31.7279
32.7279
33.7279
34.7279
35.7279
12
12.4142
12.8284
13.8284
12
13.6569
14.6569
15.6569
15.2426
14.2426
13.2426
12
13.4142
12.4142
12
12
12.8284
12.4142
12.8284
13
13
13
13
17.6569
15.6569
13
14.2426
14.2426
14.2426
13
13
13.4142
13.8284
13
13
16.4853
26.3137
35.3137
13
13
13
14.2426
13
13
13
13
13
13
13.8284
13
13
13.8284
13.8284
14
14
14
14
14
18.0711
17.0711
16.0711
14
15.6569
15.2426
15.2426
15.6569
15.2426
14
14
14.4142
15.2426
14.8284
14
14
14
16.8995
17.8995
18.8995
19.8995
20.8995
21.8995
22.8995
23.8995
24.8995
25.8995
34.8995
35.8995
36.8995
37.8995
38.8995
39.8995
14
14
14
14
15.2426
15.6569
16.6569
14
14
14
14
14
14
14
14
14
14
14
14
14
14
14.8284
14
14.8284
14.8284
15
15
15
15
15
15
17.0711
16.6569
16.6569
17.0711
16.6569
16.2426
15
15
15.4142
15.8284
16.8284
16.2426
15
15
15
40.3137
41.3137
42.3137
43.3137
44.3137
15
15
15
15
15
15
15
17.0711
18.0711
19.0711
20.0711
15
15
15
15
15
15
15
15
15
15
15
15.8284
15
15
15
15.8284
15.8284
16.2426
17.2426
16
16
16
16
16
19.4853
18.4853
18.0711
18.0711
18.4853
19.4853
20.4853
20.0711
19.0711
18.0711
17.6569
16
16
17.2426
18.2426
19.6569
18.6569
17.6569
17.2426
16
16
16
16
16
16
44.7279
45.7279
46.7279
47.7279
16
16
16
16
16
16
20.4853
21.4853
22.4853
23.4853
24.4853
16
16
16
16
16
16
16.8284
16
16
16.8284
17.6569
18.6569
17
17
17
17
17
20.8995
19.8995
20.8995
21.8995
22.8995
23.8995
24.8995
24.4853
23.4853
22.4853
21.4853
20.4853
17
17
18.6569
19.6569
21.0711
20.0711
17
17
17
17
48.1421
49.1421
50.1421
51.1421
52.1421
17
17
17
17
17
24.8995
25.8995
26.8995
27.8995
28.8995
29.8995
17
17.4142
17
17.8284
17
17
17.8284
19.0711
20.0711
18
18
18
18
18
18
23.3137
22.3137
21.3137
25.3137
26.3137
26.8995
25.8995
24.8995
18
18
20.0711
21.0711
22.0711
23.0711
24.0711
25.0711
25.4853
24.4853
23.4853
22.4853
21.4853
18
18
18
18
18
52.5563
53.5563
54.5563
55.5563
18
18
18
30.3137
31.3137
32.3137
33.3137
18.4142
18.8284
19.2426
19.6569
18
19.2426
18.8284
18
18
18.8284
20.4853
21.4853
22.4853
23.4853
19
19
19
19
19
19
19
19.4142
25.7279
24.7279
23.7279
19
19
19
19
19
19
19
19
19
55.9706
56.9706
57.9706
58.9706
59.9706
19
19
33.7279
34.7279
35.7279
36.7279
20.6569
21.0711
19
20.2426
19
19
19
19.8284
23.8995
24.8995
25.8995
26.8995
26.8284
20
20
20
20.4142
28.1421
27.1421
26.1421
20
20
20
20
60.3848
61.3848
62.3848
20
37.1421
38.1421
39.1421
40.1421
22.0711
20
21.6569
21.2426
20
20.8284
26.4142
25.4142
24.4142
23.4142
22.4142
21.4142
20.4142
21
21
21
21
21
21
21.4142
28.5563
21
21
21
21
21
21
21
21
21
62.799
21
21
21
21
40.5563
23.0711
23.4853
23.0711
21
22.6569
21
21.8284
22
22
22
22
22
22.4142
22.8284
22.4142
22.8284
23.8284
30.9706
29.9706
28.9706
22
22
22
22
22
22
22
22
22
22.4142
22.8284
23.2426
63.2132
64.2132
65.2132
22
22
22
40.9706
41.9706
42.9706
43.9706
24.0711
22
23.6569
22
22
22.8284
23
23
23.8284
24.2426
24.6569
25.0711
25.4853
24.2426
25.2426
33.3848
32.3848
31.3848
23
23
23
23
23
23
23
23
23
23
23
23
23
23
23
23
23.4142
23
23
23
23
24.2426
24.6569
25.0711
25.4853
25.8995
26.3137
65.6274
66.6274
67.6274
23
23
23
23.4142
44.3848
45.3848
46.3848
47.3848
48.3848
49.3848
25.0711
24.6569
23
23.4142
24.4142
26.0711
25.0711
24.6569
23
23
23.8284
24
24
24
26.4853
26.8995
26.4853
25.6569
26.6569
27.6569
28.6569
29.6569
30.6569
31.6569
32.6569
33.6569
34.6569
33.799
24
24
24
24
24
24
24.4142
24.8284
25.2426
25.6569
26.0711
26.4853
24
24
24
24
24
24
27.3137
27.7279
28.1421
28.5563
28.9706
29.3848
68.0416
69.0416
70.0416
71.0416
24.4142
24.8284
49.799
50.799
51.799
52.799
53.799
54.799
55.799
56.799
25.6569
25.2426
24.8284
25.8284
27.4853
26.4853
24
24
24.8284
25.6569
25.2426
24.8284
24.4142
25
25
25
25
25
27.4853
27.0711
25.4142
25
25
25
25
27.4853
27.8995
28.3137
28.7279
29.1421
25
25
28.7279
28.3137
27.8995
27.4853
27.0711
26.6569
26.2426
25.8284
25
25
25
30.3848
30.799
31.2132
31.6274
32.0416
71.4558
72.4558
25.8284
26.2426
26.6569
27.0711
57.2132
58.2132
59.2132
26.2426
25.8284
26.2426
27.2426
29.8995
28.8995
27.8995
25
25
25
25.8284
28.4853
27.4853
27.0711
26.6569
26
26
26
26
26
26
28.0711
27.6569
28.4853
28.0711
27.6569
27.2426
26.8284
26.4142
30.1421
30.5563
30.9706
31.3848
26
26
26
30.1421
30.5563
30.1421
29.7279
26.8284
26.4142
26
26
26
26
26
26
26
26
26
26
33.0416
33.4558
33.8701
34.8701
35.8701
36.8701
72.87
73.87
74.87
28.0711
28.4853
28.8995
59.6274
60.6274
61.6274
62.6274
26.8284
27.6569
28.6569
29.6569
30.6569
31.6569
32.6569
32.3137
31.3137
30.3137
26
26
26.8284
30.5563
29.8995
28.8995
28.6569
28.2426
32.3848
31.9706
31.5563
31.1421
30.7279
30.3137
29.8995
29.4853
32.3848
32.3848
31.9706
31.5563
27
27
27
27
30.7279
31.1421
37.2843
38.2843
39.2843
40.2843
41.2843
42.2843
43.2843
75.2843
76.2843
77.2843
29.8995
30.3137
30.7279
31.1421
31.5563
63.0416
64.0416
27.8284
27.4142
27
27
27
27.8284
27.4142
27
31.1421
31.3137
29.2426
34.2132
33.799
33.3848
32.5563
32.1421
31.7279
31.3137
28
28
28
28
31.3137
31.7279
43.6985
44.6985
45.6985
46.6985
47.6985
48.6985
77.6985
78.6985
79.6985
32.5563
32.9706
33.3848
33.799
64.4558
28
28
28
28
28
32.1421
30.2426
35.2132
32.3137
29
30.4142
29.4142
29
32.3137
173.468
172.468
171.468
170.468
169.468
168.468
167.468
166.468
165.468
164.468
163.468
162.468
161.468
161.054
49.1127
80.1127
81.1127
82.1127
34.799
64.8701
65.8701
66.8701
29
29
29
33.1421
31.2426
37.4558
37.0416
36.6274
36.2132
33.3137
32.8995
32.4853
32.0711
31.6569
31.2426
30.8284
30
30
30
30
30
30.8284
33.3137
173.054
160.054
50.1127
50.5269
51.5269
52.5269
53.5269
54.5269
55.5269
56.5269
57.5269
58.5269
82.5269
35.799
36.2132
36.6274
37.0416
37.4558
37.8701
67.2843
30
30
30
30
30
34.1421
32.2426
37.5564
38.4558
31.8284
31.4142
31
31
31.8284
34.3137
175.64
174.64
173.64
172.64
159.64
158.64
157.64
156.64
58.9411
59.9411
60.9411
61.9411
62.9411
63.9411
64.9411
65.9411
66.9411
82.9411
83.9411
84.9411
38.8701
39.2843
39.6985
40.6985
41.6985
67.6985
31
31
31
31
35.1421
33.2426
37.9706
32.8284
35.3137
176.225
175.225
156.225
155.225
154.225
153.225
152.225
67.3553
68.3553
69.3553
70.3553
85.3553
86.3553
87.3553
88.3553
42.1127
43.1127
44.1127
45.1127
46.1127
66.1127
67.1127
68.1127
32
32
32.4142
32
32
32
36.1421
34.2426
38.3848
33.8284
36.3137
177.811
176.811
175.811
151.811
150.811
149.811
148.811
147.811
146.811
70.7696
71.7696
88.7696
89.7696
90.7696
46.5269
47.5269
48.5269
49.5269
66.5269
33
34.2426
33.8284
33.4142
33
37.1421
35.6569
35.2426
39.3848
34.8284
37.3137
177.397
146.397
145.397
144.397
143.397
142.397
141.397
140.397
139.397
138.397
137.397
72.1838
73.1838
91.1838
92.1838
93.1838
94.1838
49.9411
50.9411
51.9411
52.9411
65.9411
66.9411
34
35.6569
35.2426
34
34
38.1421
38.5563
71.1127
70.3848
69.3848
68.3848
67.3848
66.3848
65.3848
64.3848
63.3848
62.3848
61.3848
60.3848
59.3848
37.0711
36.6569
40.3848
36.2426
35.8284
38.3137
38.7279
177.983
176.983
136.983
135.983
134.983
133.983
132.983
131.983
130.983
129.983
128.983
73.598
74.598
94.598
95.598
96.598
53.3553
54.3553
55.3553
56.3553
57.3553
58.3553
63.3553
64.3553
65.3553
66.3553
35.4142
35
37.0711
36.6569
35
35
35
39.5563
39.9706
40.9706
66.6985
67.6985
68.6985
69.6985
70.6985
58.9706
57.9706
56.9706
55.9706
54.9706
38.4853
38.0711
41.3848
37.2426
39.7279
177.569
128.569
127.569
126.569
125.569
124.569
123.569
122.569
75.0122
97.0122
98.0122
99.0122
100.012
101.012
58.7696
59.7696
60.7696
61.7696
62.7696
63.7696
36.4142
38.8995
38.4853
38.0711
36
36
41.3848
42.3848
43.3848
44.3848
62.8701
63.2843
64.2843
65.2843
66.2843
54.5564
53.5564
52.5564
51.5564
50.5564
50.1421
41.8995
40.8995
39.8995
39.4853
42.3848
38.2426
40.7279
41.1421
177.154
122.154
121.154
120.154
119.154
118.154
117.74
76.0122
101.426
102.426
103.426
104.426
105.426
37.4142
39.8995
37
44.799
45.799
46.799
47.799
61.8701
49.1421
42.3137
43.3848
39.2426
42.1421
176.74
116.74
77.0122
105.841
38.4142
41.3137
40.8995
38
38
48.2132
58.4559
59.4559
60.4559
61.4559
48.7279
47.7279
46.7279
45.7279
44.7279
43.7279
42.7279
44.3848
44.799
74.2843
75.2843
76.2843
77.2843
78.2843
79.2843
80.2843
81.2843
82.2843
83.2843
84.2843
85.2843
86.2843
87.2843
88.2843
89.2843
90.2843
91.2843
91.799
90.799
89.799
88.799
87.799
86.799
85.799
84.799
83.799
82.799
81.799
80.799
79.799
78.799
40.6569
40.2426
43.1421
43.5564
44.5564
45.5564
176.326
116.326
115.326
114.326
113.326
112.326
111.326
110.326
78.0122
106.255
107.255
108.255
109.255
109.627
108.627
40.8284
39.8284
39.4142
43.1421
42.7279
42.3137
160.338
159.338
158.338
39
39
39
39
48.6274
50.0416
51.0416
52.0416
53.0416
54.0416
55.0416
56.0416
57.0416
58.0416
45.799
46.2132
66.8701
67.8701
68.8701
69.8701
70.8701
71.8701
72.8701
73.8701
78.3848
77.3848
76.3848
75.3848
74.3848
73.3848
42.0711
41.6569
45.9706
46.9706
47.9706
175.912
109.912
108.912
107.912
106.912
79.0122
108.213
107.213
106.213
105.213
104.213
103.213
41.2426
43.7279
44.1421
44.1421
163.924
162.924
161.924
160.924
159.924
157.924
156.924
155.924
155.51
40
40
49.0416
47.2132
47.6274
48.6274
49.6274
50.6274
59.4559
60.4559
61.4559
62.4559
63.4559
64.4559
65.4559
66.4559
72.9706
71.9706
70.9706
69.9706
68.9706
44.4853
43.4853
43.0711
48.3848
49.3848
50.3848
175.497
143.497
142.497
141.497
140.497
139.497
138.497
137.497
136.497
135.497
106.497
105.497
104.497
103.497
102.497
80.4264
80.0122
102.799
101.799
100.799
99.799
98.799
42.6569
42.2426
44.3137
44.7279
164.51
163.51
154.51
154.096
153.681
153.267
41
41
41
41
51.0416
52.0416
53.0416
54.0416
55.0416
56.0416
57.0416
58.0416
59.0416
68.5564
67.5564
66.5564
65.5564
45.8995
44.8995
50.799
51.799
52.799
175.912
174.912
144.912
143.912
135.083
134.083
133.083
132.083
131.083
102.083
101.083
100.083
99.0833
81.4264
98.3848
97.3848
96.3848
95.3848
94.3848
93.3848
44.0711
43.6569
44.4853
44.8995
45.3137
166.096
165.096
164.096
152.267
151.853
42
42.4142
65.1421
64.1421
63.1421
62.1421
49.3137
48.3137
47.3137
46.3137
53.2132
54.2132
55.2132
56.2132
175.326
146.326
145.326
130.669
129.669
128.669
98.6691
97.6691
96.6691
95.6691
94.6691
83.8406
82.8406
82.4264
92.9706
91.9706
90.9706
89.9706
88.9706
47.4853
46.4853
45.4853
45.0711
44.6569
45.0711
45.4853
166.681
165.681
150.853
43.4142
43.8284
44.2426
46.0711
45.6569
45.2426
44.8284
44.4142
44
44
44
44
44
44
44
44
44
44
44.4142
44.8284
45.2426
45.6569
61.7279
60.7279
59.7279
58.7279
57.7279
56.7279
55.7279
54.7279
53.7279
52.7279
51.7279
50.7279
49.7279
44
44
44.4142
44.8284
45.2426
45.6569
46.0711
46.4853
56.6274
57.6274
175.74
174.74
173.74
146.74
128.255
127.255
126.255
125.255
94.2548
93.2548
92.2548
91.2548
90.2548
89.2548
88.2548
87.2548
86.2548
85.2548
84.2548
88.5564
87.5564
86.5564
85.5564
84.5564
51.8995
50.8995
49.8995
48.8995
47.8995
45.2426
45.6569
167.267
166.267
149.853
149.439
45.2426
45.6569
46.0711
46.4853
46.8995
47.8995
47.4853
47.0711
46.6569
47.0711
47.4853
47.8995
48.3137
48.7279
45
45
45
45
47.4853
47.8995
48.3137
48.7279
58.0416
59.0416
174.154
173.154
148.154
147.74
125.669
124.669
123.669
122.669
121.669
84.1422
83.1422
82.1422
81.1422
80.1422
79.1422
58.3137
57.3137
56.3137
55.3137
54.3137
53.3137
52.3137
45
45.4142
45.8284
46.2426
168.853
167.853
166.853
148.439
148.024
47.8995
48.3137
48.7279
49.1421
49.5563
48.8995
49.7279
46
49.7279
59.4559
60.4559
61.4559
173.569
149.154
122.083
78.7279
77.7279
76.7279
75.7279
74.7279
73.7279
72.7279
71.7279
70.7279
69.7279
68.7279
67.7279
66.7279
65.7279
64.7279
63.7279
62.7279
61.7279
60.7279
59.7279
58.7279
46
168.439
147.024
50.5563
55.2843
51.1421
50.7279
50.3137
49.8995
50.7279
51.1421
51.5564
90.9706
89.9706
88.9706
87.9706
86.9706
85.9706
84.9706
83.9706
82.9706
81.9706
80.9706
47
47
50.7279
51.1421
61.8701
173.983
172.983
150.154
122.497
121.497
120.497
119.497
47
47
168.024
146.024
51.5563
51.9706
52.3848
52.799
53.2132
53.6274
54.0416
54.4559
54.8701
56.2843
53.3848
52.9706
52.5564
52.1421
52.5564
52.9706
53.3848
53.799
92.3848
91.3848
81.3848
80.3848
79.3848
78.3848
77.3848
48
52.1421
52.5564
62.2843
63.2843
173.397
172.397
171.397
151.154
151.569
119.912
118.912
117.912
116.912
115.912
48
48
168.61
167.61
145.61
144.61
144.196
57.2843
57.6985
58.1127
58.5269
58.9411
59.3554
59.7696
60.7696
61.7696
62.7696
54.799
54.3848
54.799
55.2132
55.6274
90.9411
91.9411
92.799
77.799
76.799
75.799
74.799
73.799
72.799
49
49
53.5564
53.9706
54.3848
63.6985
171.811
170.811
169.811
152.569
116.326
115.326
114.326
113.326
112.326
111.326
49
49
49
49
169.196
168.196
143.196
142.782
63.1838
64.1838
65.1838
56.2132
55.799
56.6274
57.0416
57.4559
57.8701
91.3554
73.2132
72.2132
71.2132
70.2132
69.2132
68.2132
67.2132
50
55.3848
55.799
64.1127
65.1127
170.225
169.225
168.225
167.225
153.569
153.983
111.74
110.74
109.74
108.74
107.74
106.74
105.74
104.74
110.811
111.385
110.385
109.385
108.385
107.385
106.385
105.385
50
50
169.782
168.782
141.782
65.598
66.598
67.598
68.598
57.6274
57.2132
58.8701
59.2843
59.6985
60.1127
91.7696
67.6274
66.6274
65.6274
64.6274
63.6274
51
56.799
57.2132
65.5269
66.5269
67.5269
167.64
166.64
165.64
154.983
155.397
105.154
104.154
103.154
102.154
101.154
100.154
99.1544
98.1544
97.1544
96.1544
105.225
106.225
107.225
108.225
109.225
110.225
111.225
105.799
104.799
103.799
102.799
101.799
100.799
99.799
51
51
51
171.368
170.368
169.368
141.368
140.368
69.0122
70.0122
59.4559
59.0416
58.6274
61.1127
61.5269
61.9411
62.3554
92.1838
64.0416
63.0417
62.0417
52
58.2132
58.6274
67.9411
166.054
165.054
164.054
163.054
156.397
156.811
157.811
96.5686
95.5686
95.1544
94.7401
94.3259
93.9117
93.4975
93.0833
92.6691
92.2548
91.8406
91.4264
91.0122
100.64
101.64
102.64
103.64
104.64
105.64
100.213
99.2132
52
52
52
171.953
170.953
139.953
138.953
138.539
70.4264
60.4559
63.3554
63.7696
64.1838
64.598
92.598
62.4559
61.4559
60.4559
53
59.6274
68.3554
69.3554
163.468
162.468
161.468
160.468
159.468
158.225
159.225
160.225
161.225
162.225
163.225
92.0122
92.4264
92.8406
93.2548
93.6691
94.0833
94.4975
94.9117
95.3259
95.7401
96.1544
96.5686
96.9828
97.397
97.8112
98.2254
98.6396
99.0539
100.054
101.054
99.6274
98.6274
97.6274
53.8284
53.4142
53
174.539
173.539
172.539
171.539
137.539
137.125
71.4264
61.4559
65.598
93.0122
94.0122
95.0122
61.4559
54
60.6274
69.7696
70.7696
160.468
163.64
164.64
165.64
166.64
167.64
168.64
169.64
170.64
98.0417
54.8284
175.125
174.125
136.125
135.711
72.4264
72.8406
73.2549
62.8701
62.4559
66.598
67.0122
67.4264
95.4264
62.4559
62.0417
55
61.6274
62.0416
62.4559
71.1838
161.468
161.054
160.64
171.054
98.4559
97.4559
96.4559
57.0711
56.6569
56.2426
55.8284
174.711
134.711
74.2549
64.2843
63.8701
68.4264
68.8407
69.8407
70.8407
71.8407
95.8407
63.0417
62.6274
56
63.4559
71.598
72.598
161.64
161.225
160.811
160.397
159.983
171.468
172.468
173.468
174.468
175.468
176.468
177.468
96.8701
95.8701
59.7279
59.3137
58.8995
58.4853
58.0711
176.297
175.297
174.297
134.297
133.297
75.2549
65.2843
72.2549
73.2549
74.2549
75.2549
96.2549
97.2549
98.2549
63.6274
57
64.4559
64.8701
73.0122
74.0122
75.0122
160.983
160.569
160.154
160.569
177.882
178.882
179.882
180.882
181.882
182.882
96.2843
95.2843
72.2843
71.2843
70.2843
69.2843
68.2843
67.2843
66.2843
65.2843
64.8701
64.4559
64.0417
63.6274
63.2132
62.799
62.3848
61.9706
61.5564
61.1422
60.7279
178.882
177.882
176.882
175.882
132.882
131.882
130.882
129.882
76.2549
67.1127
66.6985
66.2843
75.6691
76.6691
77.6691
78.6691
79.6691
98.6691
99.6691
64.6274
58
65.8701
75.4264
76.4264
161.569
161.983
183.296
184.296
185.296
186.296
95.6985
73.6985
72.6985
180.468
179.468
178.468
129.468
128.468
127.468
126.468
125.468
77.2549
68.1127
80.0833
81.0833
82.0833
100.083
101.083
102.083
103.083
103.598
65.6274
59
66.8701
76.8407
77.8407
162.983
163.397
163.811
186.711
187.711
188.711
189.711
190.711
191.711
192.711
96.1127
95.1127
75.1127
74.1127
183.054
182.054
181.054
180.054
125.054
124.054
123.054
122.054
121.054
120.054
119.054
79.6691
78.6691
78.2549
69.5269
69.1127
82.4975
83.4975
84.4975
85.4975
103.184
102.184
101.184
100.184
99.1838
66.6274
60
60.4142
67.8701
78.2549
79.2549
164.811
165.225
165.64
166.054
193.125
194.125
195.125
196.125
197.125
198.125
95.5269
76.5269
75.5269
186.64
185.64
184.64
183.64
182.64
118.64
117.64
116.64
115.64
114.64
113.64
112.64
111.64
110.64
109.64
108.64
107.64
106.64
105.64
105.225
104.811
104.397
103.983
103.569
80.0833
70.5269
85.9117
86.9117
87.9117
88.9117
89.9117
98.7696
97.7696
96.7696
95.7696
94.7696
67.6274
61
68.8701
79.6691
80.6691
81.6691
82.6691
167.054
167.468
167.882
198.539
199.539
200.539
201.539
202.539
203.539
204.539
95.9412
94.9412
93.9412
76.9412
188.225
187.225
186.225
164.225
163.225
162.225
161.225
160.225
159.225
158.225
157.225
156.225
155.225
102.569
81.4975
81.0833
71.9412
71.5269
90.3259
91.3259
92.3259
94.3554
93.3554
92.3554
68.6274
62
69.8701
83.0833
84.0833
85.0833
86.0833
168.882
169.296
169.711
170.125
170.539
204.953
205.953
206.953
207.953
208.953
209.953
210.953
94.3554
77.9412
187.782
188.196
188.61
168.64
167.64
166.64
165.64
164.64
154.811
153.811
152.811
151.811
150.811
101.569
84.9117
83.9117
82.9117
82.4975
72.9412
92.7402
91.9412
90.9412
89.9412
89.5269
70.0416
69.6274
63
70.8701
86.4975
87.4975
88.4975
89.4975
171.539
211.368
212.368
213.368
214.368
215.368
216.368
217.368
218.368
94.7696
78.9412
187.61
187.196
186.782
169.054
150.397
100.569
85.3259
73.9412
93.7402
94.1544
88.5269
71.0416
64
71.8701
89.9117
172.539
172.953
173.368
173.782
174.782
218.782
95.1838
79.9412
186.61
170.468
170.054
149.983
148.983
147.983
146.983
99.5686
87.7402
86.7402
85.7402
75.3554
74.9412
95.1544
95.5686
96.5686
97.5686
88.1127
87.1127
86.1127
85.1127
72.4559
72.0416
65
65
65
72.8701
90.3259
91.3259
92.3259
93.3259
94.3259
95.3259
96.3259
97.3259
175.196
176.196
177.196
178.196
179.196
219.196
220.196
221.196
222.196
223.196
224.196
95.598
94.598
80.9412
186.024
185.61
173.882
172.882
171.882
171.468
146.569
145.569
144.569
143.569
98.5686
97.1544
96.1544
95.1544
94.1544
93.1544
92.1544
91.1544
90.1544
89.1544
88.1544
77.1838
76.7696
76.3554
97.9828
98.9828
99.9828
100.983
84.6985
83.6985
82.6985
81.6985
76.8701
75.8701
74.8701
73.8701
73.4559
66
74.2843
73.8701
97.7402
98.7402
99.7402
100.74
101.74
102.74
179.61
180.61
181.61
182.61
183.61
184.61
224.61
225.61
226.61
227.61
228.61
95.0122
81.9412
185.853
185.439
185.024
175.297
174.297
143.154
142.154
98.1544
78.1838
101.397
102.397
103.397
81.2843
80.2843
79.2843
78.2843
77.2843
67
67
75.2843
103.154
104.154
105.154
106.154
107.154
108.154
185.024
186.024
187.024
188.024
189.024
229.024
230.024
231.024
232.024
233.024
234.024
235.024
248.895
248.48
248.066
247.652
247.238
246.823
247.238
247.652
248.066
95.4265
82.9412
184.853
176.711
175.711
142.569
141.569
140.569
139.569
79.598
79.1838
103.811
103.699
102.699
101.699
100.699
68
68
77.6985
76.6985
76.2843
108.569
109.569
110.569
111.569
112.569
113.569
189.439
190.439
191.439
192.439
193.439
194.439
235.439
236.439
237.439
238.439
239.439
240.439
241.439
242.439
243.439
244.439
245.439
246.439
247.439
248.309
247.895
247.066
247.48
247.895
95.8407
94.8407
83.9412
84.3554
184.267
183.853
178.125
177.125
139.983
138.983
81.0122
80.598
101.113
100.113
99.1127
98.1127
69.4142
69
79.1127
78.1127
113.983
114.983
115.983
116.983
117.983
194.853
195.853
196.853
197.853
198.853
246.895
247.309
247.723
248.137
95.2549
85.3554
85.7696
183.681
183.267
180.539
179.539
178.539
139.397
138.397
98.8112
82.4264
82.0122
98.5269
97.5269
96.5269
95.5269
71.6569
71.2426
70.8284
70.4142
79.5269
85.3259
85.7402
86.1544
86.5686
86.9828
87.397
88.397
89.397
90.397
91.397
118.397
119.397
120.397
121.397
122.397
199.267
200.267
201.267
202.267
203.267
204.267
247.137
247.551
95.6691
86.7696
87.1838
182.681
180.953
138.811
137.811
136.811
108.811
107.811
106.811
105.811
104.811
103.811
102.811
101.811
100.811
99.8112
99.2254
84.2549
83.8407
83.4264
95.9412
94.9412
93.9412
92.9412
73.0711
72.6569
80.9411
80.5269
85.4975
85.9117
86.3259
91.8112
92.8112
93.8112
94.8112
95.8112
122.811
123.811
124.811
204.681
205.681
206.681
207.681
208.681
246.551
96.0833
95.0833
94.0833
88.1838
88.598
89.598
181.681
182.368
181.953
137.225
136.225
111.225
110.225
109.225
99.6397
85.2549
93.3554
74.0711
82.3554
81.9411
86.4975
96.2254
125.225
126.225
127.225
128.225
209.096
245.551
245.966
246.38
94.4975
90.0122
91.0122
181.51
181.096
180.681
182.752
136.64
111.64
100.054
87.0833
86.6691
86.2549
93.7696
92.7696
91.7696
90.7696
89.7696
75.4853
75.0711
83.3554
86.6691
87.0833
87.4975
97.2254
97.6397
98.6397
128.64
210.096
210.51
211.51
212.51
213.51
245.38
94.9117
91.4265
180.51
181.752
137.054
115.054
114.054
113.054
112.64
100.468
89.326
88.9117
88.4975
88.0833
90.1838
89.1838
77.3137
76.8995
76.4853
86.7696
85.7696
84.7696
84.3554
87.6691
99.0539
100.054
101.054
102.054
129.054
130.054
131.054
213.924
214.924
215.924
216.924
217.924
218.924
244.38
95.326
92.4265
92.8407
93.8407
94.8407
179.51
180.752
137.468
118.468
117.468
116.468
115.468
100.882
92.397
91.9828
91.5686
91.1544
90.7402
90.326
89.598
88.598
87.598
86.598
78.7279
78.3137
88.1838
87.1838
88.6691
102.468
103.468
104.468
131.468
132.468
133.468
134.468
219.338
220.338
221.338
222.338
223.338
243.38
243.794
96.326
95.9117
95.2549
96.2549
178.51
179.752
137.882
119.882
118.882
101.297
100.882
100.468
100.054
99.6397
99.0539
98.0539
97.0539
96.0539
95.0539
94.6397
94.2255
93.8112
93.397
87.598
87.1838
79.7279
89.598
88.598
89.6691
104.882
105.882
106.882
107.882
108.882
134.882
135.882
136.882
137.882
223.752
224.752
225.752
226.752
227.752
228.752
242.794
96.9117
96.6691
97.6691
177.51
178.752
138.297
122.297
121.297
120.297
88.1838
87.7696
81.1421
80.7279
92.0122
91.0122
90.0122
90.6691
109.297
110.297
111.297
112.297
113.297
138.297
139.297
140.297
229.167
230.167
231.167
232.167
233.167
234.167
241.794
97.9117
97.4975
98.0833
99.0833
176.51
177.752
139.711
138.711
124.711
123.711
122.711
88.7696
88.3554
82.1421
93.4264
92.4264
91.6691
113.711
114.711
115.711
116.711
117.711
118.711
140.711
141.711
142.711
143.711
234.581
235.581
236.581
237.581
238.581
239.581
240.581
240.794
98.4975
99.4975
100.498
101.498
176.096
175.096
174.681
176.752
140.125
126.125
125.125
89.3554
88.9412
88.5269
83.1421
93.8407
92.6691
119.125
120.125
121.125
122.125
123.125
124.125
144.125
145.125
146.125
240.995
241.995
242.995
243.995
244.137
243.137
242.137
241.137
239.794
99.4975
99.0833
101.912
173.681
175.752
142.539
141.539
140.539
127.539
126.539
89.5269
84.1421
95.2549
94.2549
93.6691
94.0833
95.0833
124.539
146.539
147.539
148.539
149.539
150.539
240.723
238.794
100.083
102.326
103.326
172.681
174.752
175.167
143.953
142.953
127.953
90.5269
85.1421
95.6691
95.4975
125.539
125.953
126.953
127.953
128.953
129.953
130.953
131.953
150.953
240.309
239.309
238.309
237.309
237.794
101.083
103.74
171.681
174.167
144.368
128.953
91.5269
91.1127
86.1421
98.0833
97.0833
96.0833
96.4975
96.9117
132.368
133.368
134.368
135.368
151.368
152.368
153.368
154.368
155.368
236.895
235.895
234.895
233.895
236.794
237.794
102.083
101.669
101.255
104.154
170.681
170.267
173.167
173.581
173.995
146.782
145.782
144.782
130.782
130.368
129.953
92.1127
87.1421
99.4975
98.4975
97.9117
98.3259
135.782
136.782
137.782
138.782
155.782
156.782
157.782
158.782
159.782
160.782
233.48
232.48
237.38
102.255
101.841
105.154
105.569
169.267
172.995
173.409
173.823
154.196
153.196
152.196
151.196
150.196
149.196
148.196
147.196
132.196
131.782
93.1127
92.6985
88.1421
100.912
99.9117
99.3259
99.7402
100.74
101.74
102.74
139.196
140.196
161.196
162.196
163.196
164.196
165.196
166.196
232.066
231.066
236.966
102.841
106.569
168.267
167.853
172.823
173.238
174.238
175.238
175.439
165.61
164.61
163.61
162.61
161.61
160.61
159.61
158.61
157.61
156.61
155.61
154.61
133.61
133.196
93.6985
89.1421
89.5564
102.326
101.326
93.6985
93.2843
92.8701
93.2843
103.154
104.154
105.154
106.154
107.154
108.154
109.154
110.154
111.154
112.154
113.154
114.154
115.154
116.154
117.154
140.61
141.61
142.61
166.61
167.61
168.61
169.61
170.61
171.61
230.652
229.652
229.238
236.551
103.841
103.426
107.569
166.853
175.024
174.024
173.024
172.024
171.024
170.024
169.024
168.024
167.024
166.024
135.024
134.61
94.6985
94.2843
90.5564
104.74
103.74
102.74
96.7696
96.3554
95.9411
95.5269
95.1127
94.6985
94.2843
94.6985
95.1127
95.5269
95.9411
96.3554
117.569
118.569
119.569
120.569
121.569
122.569
123.569
143.024
144.024
172.024
173.024
174.024
175.024
176.024
228.238
236.137
104.426
104.012
108.569
166.439
165.439
165.024
137.439
136.439
136.024
95.2843
91.5564
91.9706
106.154
105.154
98.598
98.1838
97.7696
97.3554
97.7696
98.1838
98.598
123.983
124.983
125.983
126.983
127.983
144.439
176.439
177.439
178.439
179.439
180.439
227.238
226.823
235.723
236.723
105.012
109.569
164.024
138.853
137.853
96.2843
95.8701
95.4559
92.9706
93.3848
94.3848
95.3848
104.213
105.213
106.213
106.569
100.012
99.598
99.598
100.012
100.426
100.841
128.397
129.397
130.397
131.397
145.439
180.853
181.853
182.853
183.853
184.853
225.823
236.309
106.012
105.598
105.184
110.569
110.983
163.024
162.61
140.267
139.267
96.4559
95.799
96.799
97.799
98.799
99.799
100.799
101.799
102.799
103.799
101.012
101.841
131.811
132.811
133.811
146.439
185.267
186.267
187.267
224.823
235.895
236.895
237.895
106.184
111.983
161.61
140.681
97.4559
102.012
102.841
103.255
103.669
134.225
147.439
187.681
223.823
237.48
107.184
106.77
112.983
160.61
142.096
141.681
98.4559
98.0416
103.426
103.012
104.669
105.083
105.498
105.912
134.64
135.64
136.64
148.439
188.096
189.096
190.096
191.096
222.823
237.066
107.77
107.355
113.983
159.61
159.196
145.51
144.51
143.51
143.096
99.0416
104.426
106.912
107.326
107.74
137.054
138.054
139.054
149.439
191.51
192.51
221.823
236.652
237.652
108.355
114.983
158.196
148.924
147.924
146.924
145.924
100.042
105.426
108.74
109.154
109.569
109.983
110.397
110.811
139.468
140.468
141.468
142.468
150.439
192.924
193.924
194.924
195.924
220.823
237.238
238.238
109.355
108.941
109.355
115.983
157.196
151.338
150.338
149.338
101.042
100.627
106.426
111.811
112.225
112.64
113.054
113.468
142.882
143.882
151.853
151.439
196.338
197.338
198.338
219.409
219.823
237.823
238.823
110.355
110.77
116.983
156.196
155.782
158.752
157.752
156.752
155.752
154.752
153.752
152.752
151.752
101.627
107.426
114.468
114.882
115.297
116.297
117.297
118.297
119.297
144.297
145.297
146.297
147.297
148.297
155.125
154.267
153.267
152.853
198.752
199.752
218.409
238.409
111.77
112.184
117.983
154.782
170.167
169.167
168.167
167.167
166.167
165.167
164.167
163.167
162.167
161.167
160.167
159.167
102.627
108.426
108.841
119.711
120.711
121.711
122.711
123.711
124.711
125.711
148.711
149.711
150.711
151.711
152.711
153.711
154.711
171.167
172.167
173.167
174.167
175.167
176.167
177.167
178.167
179.167
180.167
200.167
201.167
202.167
203.167
204.167
214.995
215.995
216.995
217.995
237.995
238.995
239.995
113.184
113.598
118.983
153.782
175.267
174.581
173.581
172.581
171.581
170.581
103.627
109.841
126.125
171.581
180.581
204.581
205.581
206.581
207.581
208.581
209.581
210.581
211.581
212.581
213.581
214.581
239.581
240.581
114.598
119.983
152.782
174.853
104.627
110.841
127.125
127.539
128.539
129.539
130.539
131.539
167.995
168.995
169.995
170.995
171.995
181.581
181.995
182.995
183.995
184.995
240.995
115.598
120.983
151.782
170.439
171.439
172.439
173.439
174.439
105.627
105.213
104.799
111.841
112.255
131.953
132.953
133.953
134.953
135.953
136.953
166.409
167.409
168.409
185.409
186.409
187.409
241.409
242.409
243.409
244.409
116.598
117.012
117.426
121.983
122.397
123.397
150.782
167.024
168.024
169.024
170.024
105.799
113.255
113.669
114.669
137.368
138.368
139.368
140.368
141.368
164.823
165.823
166.823
187.823
188.823
189.823
190.823
244.823
245.823
118.426
118.841
123.811
149.782
165.61
166.61
106.799
115.083
116.083
117.083
141.782
142.782
143.782
144.782
164.238
165.238
191.238
192.238
193.238
246.238
247.238
119.841
120.255
124.811
148.782
163.196
164.196
165.196
107.799
117.498
118.498
119.498
120.498
145.196
146.196
147.196
148.196
164.823
165.238
193.652
194.652
247.652
248.652
121.255
121.669
122.083
125.811
126.225
147.368
147.782
160.782
161.782
162.782
108.799
108.385
113.355
113.77
114.184
114.598
115.598
116.598
117.598
120.912
121.912
122.912
123.912
124.912
125.912
148.61
149.61
150.61
151.61
165.823
195.066
196.066
197.066
225.066
226.066
227.066
228.066
229.066
230.066
231.066
232.066
233.066
234.066
249.066
250.066
251.066
123.083
127.225
146.368
159.368
160.368
109.385
113.113
113.527
113.941
114.355
118.012
118.912
118.498
118.083
126.326
127.326
128.326
129.326
130.326
131.326
132.326
133.326
134.326
135.326
152.024
153.024
166.409
166.823
197.48
198.48
223.48
224.48
225.48
234.48
235.48
236.48
251.48
252.48
124.083
124.498
128.225
128.64
144.953
145.953
157.953
158.953
110.385
113.699
114.113
119.083
118.669
135.74
136.74
137.74
138.74
139.74
140.74
141.74
142.74
143.74
144.74
145.74
153.439
154.439
167.409
198.895
199.895
223.895
236.895
237.895
238.895
252.895
253.895
125.498
129.64
130.054
131.054
143.539
144.539
154.539
155.539
156.539
157.539
111.385
114.699
119.669
146.154
147.154
148.154
149.154
150.154
151.154
152.154
153.154
154.154
155.154
156.154
154.853
168.409
200.309
224.309
239.309
254.309
255.309
126.498
131.468
132.468
133.468
134.468
139.711
140.125
141.125
142.125
143.125
154.125
112.385
115.284
115.699
120.669
120.255
156.569
155.853
156.267
168.581
168.995
169.409
201.309
201.723
202.723
222.723
223.723
224.723
240.309
240.723
255.723
127.498
127.912
134.882
138.711
152.711
153.711
113.385
115.87
116.284
121.255
156.983
157.983
158.983
159.983
160.983
161.983
162.983
163.983
164.983
157.267
157.681
158.681
169.581
203.137
223.137
241.723
242.137
256.137
257.137
258.137
128.912
129.326
135.297
136.297
137.297
138.297
151.297
152.297
114.385
116.87
122.255
121.841
121.426
165.397
166.397
167.397
168.397
169.397
159.096
170.581
204.137
204.551
222.551
223.551
243.137
243.551
258.551
259.551
130.326
149.711
150.711
151.711
115.385
117.042
117.456
117.87
122.426
169.811
170.811
171.811
172.811
173.811
160.096
160.51
171.581
205.551
222.966
244.551
259.966
131.326
131.74
132.154
149.125
150.125
116.385
118.042
123.426
123.841
174.225
175.225
161.51
172.581
206.551
206.966
223.38
245.551
245.966
246.38
260.38
261.38
133.154
148.539
149.539
117.385
119.042
124.841
139.64
140.64
141.64
142.64
143.64
144.64
145.64
146.64
147.64
148.64
149.64
150.64
175.64
176.64
162.51
162.924
173.167
173.581
207.966
223.794
247.38
261.794
134.154
148.953
118.385
120.042
125.841
138.054
139.054
140.054
151.054
152.054
153.054
154.054
177.054
178.054
163.924
174.167
208.966
224.208
248.38
248.794
262.208
263.208
264.208
135.154
135.569
148.368
149.368
119.385
121.042
126.841
138.468
154.468
178.468
179.468
180.468
164.924
175.167
209.966
224.622
249.794
264.622
136.569
148.782
120.385
122.042
127.841
136.882
137.882
138.882
155.468
155.882
180.882
165.924
175.581
210.966
211.38
225.037
250.794
265.037
137.569
149.196
121.385
123.042
128.841
129.255
136.297
137.297
156.882
157.297
181.297
166.924
175.995
212.38
225.451
251.794
265.451
266.451
138.569
147.61
148.61
149.61
122.385
124.042
130.255
137.297
158.297
158.711
159.711
181.711
182.711
167.924
176.409
213.38
225.865
252.794
253.208
266.865
139.569
148.024
123.385
125.042
131.255
137.882
138.297
160.125
183.125
168.924
176.823
214.38
226.279
254.208
267.279
140.569
148.439
124.385
126.042
132.255
138.882
161.125
183.539
169.924
177.238
215.38
226.694
255.208
267.694
141.569
149.439
125.385
124.971
124.556
124.142
124.556
124.971
125.385
125.799
126.213
126.627
127.042
133.255
133.669
134.083
134.498
134.912
135.326
135.74
136.154
136.569
136.983
137.397
137.811
138.225
138.64
139.054
139.468
139.882
162.125
162.539
162.953
163.953
164.953
165.953
166.953
167.953
168.953
169.953
170.953
171.953
172.953
173.953
174.953
175.953
176.953
177.953
178.953
179.953
180.953
181.953
182.953
183.953
170.924
171.338
171.752
172.167
172.581
172.995
173.409
173.823
174.238
174.652
175.652
176.652
177.652
216.38
216.794
217.208
217.622
218.037
218.451
218.865
219.279
219.694
220.108
221.108
222.108
223.108
224.108
225.108
226.108
227.108
256.208
256.622
257.037
257.451
257.865
258.279
258.694
259.108
260.108
261.108
262.108
263.108
264.108
265.108
266.108
267.108
268.108
142.569
142.983
143.397
143.811
144.225
144.64
145.054
145.468
145.882
146.297
146.711
147.125
147.539
147.953
148.368
148.782
149.196
149.61
150.024
150.439
