209.953
208.953
207.953
211.539
210.539
209.539
207.539
206.539
205.539
204.539
203.539
202.539
213.125
212.125
211.125
202.125
201.125
200.125
213.711
212.711
199.711
198.711
197.711
196.711
213.297
196.297
195.297
194.297
193.297
192.882
212.882
191.882
212.468
191.468
190.468
189.468
212.054
189.054
188.054
187.054
186.054
185.054
184.054
211.64
210.64
183.64
182.64
181.64
180.64
179.64
178.64
177.64
210.225
209.225
208.225
177.225
176.225
175.225
174.225
173.225
172.225
171.225
170.225
169.225
168.225
167.225
166.225
165.225
164.225
163.225
115.225
114.225
113.225
112.225
111.225
110.225
109.225
108.225
107.225
207.811
206.811
205.811
204.811
162.811
161.811
160.811
159.811
158.811
157.811
156.811
155.811
154.811
153.811
152.811
151.811
121.811
120.811
119.811
118.811
117.811
116.811
115.811
114.811
106.811
105.811
104.811
103.811
102.811
101.811
100.811
99.8112
204.397
203.397
202.397
201.397
200.397
199.397
198.397
197.397
151.397
150.397
149.397
148.397
147.397
146.397
127.397
126.397
125.397
124.397
123.397
122.397
121.397
99.397
98.397
97.397
96.397
95.397
94.397
93.397
196.983
145.983
144.983
143.983
142.983
141.983
140.983
139.983
138.983
137.983
136.983
135.983
134.983
133.983
132.983
131.983
130.983
129.983
128.983
127.983
126.983
92.9828
91.9828
90.9828
89.9828
89.5686
89.1544
88.7402
196.569
195.569
194.569
193.569
192.569
191.569
190.569
87.7402
190.154
189.154
188.154
187.154
186.154
185.154
86.7402
86.3259
85.9117
85.4975
85.0833
84.6691
84.2549
83.8407
83.4264
184.74
183.74
182.74
181.74
180.74
179.74
82.4264
82.0122
81.598
81.1838
80.7696
80.3554
79.9411
179.326
178.326
177.326
176.326
175.326
174.326
173.326
78.9411
78.5269
78.1127
77.6985
77.2843
76.8701
172.912
171.912
170.912
169.912
168.912
167.912
75.8701
75.4559
75.0416
74.6274
167.498
166.498
165.498
164.498
163.498
162.498
73.6274
73.2132
162.083
161.083
160.083
159.083
158.083
157.083
156.083
72.2132
71.799
71.3848
155.669
154.669
153.669
152.669
151.669
70.3848
69.9706
69.5564
151.255
68.5564
68.1421
150.841
149.841
148.841
147.841
146.841
145.841
106.841
105.841
104.841
103.841
102.841
101.841
100.841
99.8407
98.8407
97.8407
96.8407
95.8407
94.8407
67.1421
146.255
145.255
144.255
143.255
142.255
112.255
111.255
110.255
109.255
108.255
107.255
94.4264
93.4264
92.4264
91.4264
90.4264
89.4264
88.4264
87.4264
86.4264
66.1421
142.669
141.669
140.669
139.669
138.669
137.669
118.669
117.669
116.669
115.669
114.669
113.669
112.669
86.0122
85.0122
84.0122
83.0122
82.0122
81.0122
65.1421
64.7279
138.083
137.083
136.083
135.083
134.083
133.083
122.083
121.083
120.083
119.083
80.598
79.598
78.598
77.598
76.598
75.598
63.7279
133.498
132.498
131.498
130.498
129.498
128.498
127.498
126.498
125.498
124.498
123.498
122.498
75.1838
74.1838
73.1838
72.1838
62.7279
62.3137
61.8995
71.7696
70.7696
69.7696
60.8995
69.3554
68.3554
67.3554
66.9411
59.8995
65.9411
65.5269
58.8995
58.4853
64.5269
57.4853
64.1127
63.1127
56.4853
62.5269
62.6985
61.6985
61.2843
55.4853
59.4559
59.8701
60.2843
60.6985
61.1127
61.5269
61.9411
62.3554
62.7696
63.1838
60.2843
59.8701
54.4853
54.0711
57.6274
58.0416
58.4559
62.1838
62.598
58.8701
53.0711
55.799
56.2132
56.6274
61.598
62.0122
57.8701
57.4559
52.0711
54.3848
54.799
61.0122
58.1127
57.6985
57.2843
56.8701
56.4558
56.0416
56.4559
51.0711
52.5563
52.9706
53.3848
60.0122
58.3554
57.9411
57.5269
57.1127
55.0416
54.6274
54.2132
53.799
55.4559
55.0416
50.0711
49.6569
51.1421
51.5563
59.0122
57.7696
57.3554
52.799
52.3848
51.9706
54.0416
48.6569
50.1421
58.598
56.7696
50.9706
53.0416
47.6569
48.7279
49.1421
58.1838
56.1838
55.7696
49.9706
49.5563
49.1421
52.0416
46.6569
47.7279
57.7696
55.1838
48.1421
47.7279
51.6274
50.6274
50.2132
45.6569
45.2426
44.8284
45.8995
46.3137
46.7279
56.3554
57.3554
54.1838
46.7279
49.2132
43.8284
44.4853
44.8995
54.9411
55.9411
53.1838
45.7279
45.3137
48.2132
42.8284
42.4142
43.0711
43.4853
54.5269
52.1838
44.3137
43.8995
47.2132
46.799
41.4142
41.6569
42.0711
51.1127
52.1127
53.1127
54.1127
51.7696
42.8995
42.4853
42.0711
45.799
40.4142
39.8284
40.2426
40.6569
49.6985
50.6985
51.3554
50.3554
41.0711
44.799
39.4142
39
38.4142
38.8284
49.2843
42.9706
42.5563
42.1421
41.7279
41.3137
49.9411
40.0711
39.6569
43.799
38
37.4142
47.8701
48.8701
41.9706
40.3137
49.5269
38.6569
42.799
42.3848
37
36
36.4142
44.4559
45.4559
46.4559
47.4559
42.6274
42.2132
41.799
41.3848
40.9706
39.3137
38.8995
38.4853
38.0711
37.6569
37.2426
75.7696
74.7696
73.7696
72.7696
71.7696
70.7696
69.7696
68.7696
67.7696
66.7696
65.7696
64.7696
63.7696
49.1127
48.1127
37.6569
37.2426
41.3848
36
36
36
35
35
43.0416
44.0416
42.0416
41.6274
36.2426
35.8284
35.4142
35
35
78.3553
77.3553
76.3553
75.3553
63.3553
62.3553
61.3553
60.3553
47.6985
46.6985
45.6985
36.2426
40.3848
39.9706
35
34
34
34
41.6274
42.6274
41.8701
41.4558
41.0416
34
34
34
78.9411
77.9411
59.9411
58.9411
57.9411
56.9411
55.9411
45.2843
44.2843
35.2426
34.8284
34.4142
38.9706
34
34
33
33
38.799
39.2132
40.2132
41.2132
41.2843
40.8701
33
33
78.5269
55.5269
54.5269
53.5269
52.5269
51.5269
43.8701
42.8701
33.4142
33
38.5564
37.5564
37.1421
33
32
32
37.3848
37.799
35.7279
36.1421
36.5563
36.1421
35.7279
35.3137
40.2843
32
32
32
32
79.1127
78.1127
51.1127
50.1127
49.1127
48.1127
47.1127
46.1127
42.4558
41.4558
32
32
36.1421
32
32
31
31
31
35.9706
36.3848
33.0711
33.4853
33.8995
34.3137
34.7279
34.3137
33.8995
33.4853
33.0711
32.6569
39.8701
31
31
78.6985
45.6985
44.6985
43.6985
42.6985
41.6985
40.6985
41.0416
40.0416
39.0416
31
35.1421
34.7279
31
30
30
34.9706
30.8284
31.2426
31.6569
32.0711
31.6569
31.2426
30.8284
30.4142
39.4558
30
30
30
78.2843
40.2843
39.2843
38.2843
37.8701
37.4558
37.0416
36.6274
36.2132
38.6274
30
30
33.7279
30
30
29
33.1421
33.5563
34.5563
29.8284
29.4142
39.0416
29
77.8701
35.2132
38.2132
37.2132
36.2132
29
32.7279
29
28
31.7279
32.1421
28
28.4142
28.8284
28.4142
28
28
38.6274
28
77.4558
34.2132
33.799
33.3848
32.9706
32.5563
32.1421
28
28.4142
28.8284
29.2426
29.6569
30.0711
30.4853
30.8995
31.3137
31.7279
31.7279
31.3137
30.8995
30.4853
30.0711
29.6569
35.799
34.799
33.799
28
28
28
31.7279
31.3137
28
27
27
30.3137
30.7279
27
27
27
27
38.2132
27
27
77.0416
76.0416
31.1421
30.7279
30.3137
29.8995
29.4853
29.0711
27
27
27
28.6569
28.2426
27.8284
33.3848
32.3848
27
30.3137
27
27
27
26
29.3137
26
26
26
26
26
26
26
37.799
36.799
26
26
75.6274
28.0711
27.6569
27.2426
26.8284
26.4142
26
26
26
26.8284
26.4142
26
26
31.9706
30.9706
26
26
29.8995
28.8995
28.4853
26
26
26
26
25
25
25
25
25
25
25
25
25
27.4853
27.8995
28.8995
25
25
25
25
36.3848
35.3848
34.3848
25
75.2132
74.2132
73.2132
72.2132
71.2132
25.4142
25
25
25
25
25
25
25
25
30.5563
29.5563
25
27.4853
25
25
25
25
25
25
25
24
24
24
24
24
24
24
26.0711
26.4853
24
24
24
24
24
33.9706
32.9706
24
70.799
69.799
68.799
67.799
66.799
65.799
64.799
63.799
62.799
61.799
24
24
24
24
24
24
24
24
29.1421
28.1421
27.7279
24
24
26.4853
26.0711
24
24
24
24
24
24
24
23
23
23
23
23
23
25.0711
23
23
23
32.5563
31.5563
23
23
23
23
23
23
23
23
23
23
23
23
61.3848
60.3848
59.3848
58.3848
57.3848
56.3848
55.3848
23
23
23
23
23
23
23
23
23
23
23
26.7279
26.3137
23
25.0711
23
23
23
23
22
22
22
22
22
22
23.6569
24.0711
22
22
22
22
31.1421
30.1421
29.1421
28.1421
22
22
22
22
22
22
22
54.9706
53.9706
52.9706
51.9706
50.9706
49.9706
22
22
22
22
22
22
22
22
22
22
22
22
22
22
22
25.3137
24.8995
22
22
22
24.0711
23.6569
22
22
22
22
22
21
21
21
21
21
22.6569
21
21
21
27.7279
21
21
21
21
49.5563
21
21
21
21
21
21
21
21
21
21
21
23.8995
21
22.6569
21
21
21
21
21
21
21
20
20
20
21.2426
21.6569
20
20
27.3137
26.3137
20
20
20
49.1421
48.1421
47.1421
46.1421
45.1421
44.1421
43.1421
42.1421
41.1421
40.1421
39.1421
38.1421
37.1421
20
20
20
20
20
22.8995
22.4853
20
21.6569
20
20
20
19
19
19
20.2426
19
19
19
19
25.8995
24.8995
23.8995
19
19
19
19
36.7279
35.7279
34.7279
33.7279
32.7279
31.7279
30.7279
29.7279
28.7279
27.7279
26.7279
25.7279
19
19
19
19
19
19
19
19
19
19
19
19
21.4853
19
19
20.6569
20.2426
19
19
19
19
18
18
18
18
18.4142
18.8284
19.8284
18
18
18
18
18
23.4853
22.4853
21.4853
18
18
18
18
18
18
18
25.3137
24.3137
23.3137
22.3137
18
18
18
18
18
18
18
18
21.0711
20.0711
19.6569
18
19.2426
18
18
18
18
17
17
17
17
17.4142
17
17
21.0711
20.0711
19.0711
17
17
17
21.8995
20.8995
19.8995
17
17
17
17
17
17
17
17
17
18.6569
18.2426
17
17
18.2426
17
17
17
17
16.4142
16
16
16
16.4142
16
16
18.4853
19.4853
20.4853
21.4853
22.4853
23.4853
22.4853
21.4853
20.4853
19.4853
16
18.6569
17.6569
17.2426
16
16
16
16
19.4853
18.4853
18.0711
16
16
16
16
16
17.2426
16
17.8284
16.8284
16.4142
16
16
16
16
15.4142
15
15
15
15.4142
15
15
16.6569
17.0711
18.0711
19.0711
18.0711
17.0711
16.6569
15
16.2426
15.8284
15
15
15
17.0711
16.6569
15
15
15
15
17.4853
18.4853
19.4853
20.4853
21.4853
20.6569
19.6569
18.6569
17.6569
15
15
15
15
15
15
16.2426
15.8284
15
15.4142
15
15
15
15
15
14.4142
14
14
14
14
14
14
15.2426
15.6569
15.6569
15.2426
14
14.8284
14
14
14
14
14
15.6569
15.2426
14
14
15.6569
16.0711
17.0711
17.2426
16.2426
15.2426
14.8284
14
14
14
14
14.8284
14
14.4142
14
14
14
13.4142
13
13
13
13
14.2426
14.2426
13
13.8284
13
13
13
13
13
13
13
13
13
13
13
14.2426
13
13
14.6569
13.8284
13
13
13
13
13
13.8284
13
13
13.4142
13
13
13
13
13
13
13
13
13
12.4142
12
12
12
12
12.4142
12.8284
13.8284
13.8284
12.8284
12
12.8284
12.4142
12
12
12
12
12
13.2426
12.8284
12
12
13.2426
13.6569
12.8284
12.4142
12
12
12
12.8284
12
12.4142
12
12
12
12
12
11.4142
11
11
11
11
11
11.4142
12.4142
11.4142
11
11
11.4142
11
11
11
11
11
11
11
11.8284
11
11
11
11.8284
12.2426
11.4142
11
11
11
11.8284
11
11.4142
11
11
11
11
11
11
11
11
10.4142
10
10
10
10
10
10
10
10
10.4142
10
10
10
10
10
10
10
10
10
11.4142
10.4142
10
10
10
10.8284
10.4142
10
10
10
10
11.4142
10.4142
10
10
10.4142
10
10
10
10
10
10
10
10
9.41421
9
9
9
9
9
9
9
9
9
9
9
9
9
9
9
9
9
9
9
9.41421
10.4142
9
9
9
9
9
9
9
9.41421
9
9
9
9
9
9
8
8
8
8
8
8
8
8
8
8
8
8
8
8
8
8
8
8
8
8
8
8
8
8
8.41421
8
8
8
8
8
8
8
7
7
7
7
7
7
7
7
7
7
7
7
7
7
7
7
7
7
7
7
7
7
7
7
7
7
7
7
7
7
6
6
6
6
6
6
6
6
6
6
6
6
6
6
6
6
6
6
6
6
6
6
6
6
6
6
6
6
6
6
6
6
6
6
6
6
6
6
6
6
6
6
6
6
6
6
6
6
6
6
6
6
6
6
6
6
6
6
6
6
6
6
6
6
6
6
6
6
6
6
6
6
6
6
6
6
6
6
6
6
6
6
6
6
6
6
6
6
6
6
6
6
6
6
6
6
6
6
6
6
6
6
6
6
6
6
6
6
6
6
6
6
6
6
6
6
6
6
6
6
6
6
6
6
6
6
6
6
6
6
6
6
6
6
6
6
6
6
6
6
6
6
6
6
6
6
6
6
6
6
6
6
6
6
6
6
6
6
6
6
6
6
6
6
6
6
6
6
6
6
6
6
6
6
6
6
6
6
6
6
6
6
6
6
6
6
6
6
6
6
6
6
6
6
6
6
6
6
6
6
6
6
6
6
6
6
6
6
6
6
6
6
6
6
6
6
6
6
6
6
6
6
6
6
6
6
6
6
6
6
6
6
6
6
6
6
6
6
6
6
6
6
6
6
6
6
6
6
6
6
6
6
6
6
6
6
6
6
6
6
6
6
6
6
6
6
6
6
6
6
6
6
6
6
6
6
6
6
6
6
6
6
6
6
6
6
6
6
6
6
6
6
6
6
6
6
6
6
6
6
6
6
6
6
6
6
