1.26579
1.26234
1.25888
1.25543
1.25198
1.24853
1.24508
1.24163
1.23817
1.23472
1.23127
1.22782
1.22437
1.22091
1.21746
1.21401
1.21056
1.20711
1.20366
1.2002
1.19675
1.1933
1.18985
1.1864
1.18294
1.17949
1.17604
1.17259
1.16914
1.16569
1.16223
1.15878
1.15533
1.15188
1.14843
1.14498
1.14152
1.13807
1.13462
1.13117
1.12772
1.12426
1.12081
1.11736
1.11391
1.11046
1.10701
1.10355
1.1001
1.09665
1.0932
1.08975
1.08629
1.08284
1.07939
1.07594
1.07249
1.06904
1.06558
1.06213
1.05868
1.05523
1.26802
1.26454
1.26106
1.25758
1.2541
1.25062
1.24714
1.24366
1.24018
1.23669
1.23321
1.22973
1.22625
1.22277
1.21929
1.21581
1.21233
1.20885
1.20537
1.20189
1.19841
1.19492
1.19144
1.18796
1.18448
1.181
1.17752
1.17404
1.17056
1.16708
1.1636
1.16012
1.15664
1.15316
1.14967
1.14619
1.14271
1.13923
1.13575
1.13227
1.12879
1.12531
1.12183
1.11835
1.11487
1.11139
1.1079
1.10442
1.10094
1.09746
1.09398
1.0905
1.08702
1.08354
1.08006
1.07658
1.0731
1.06962
1.06614
1.06265
1.05917
1.05569
1.27029
1.26678
1.26327
1.25976
1.25625
1.25274
1.24923
1.24572
1.24221
1.2387
1.23519
1.23168
1.22817
1.22466
1.22115
1.21764
1.21413
1.21062
1.20711
1.2036
1.20009
1.19658
1.19307
1.18956
1.18605
1.18254
1.17903
1.17551
1.172
1.16849
1.16498
1.16147
1.15796
1.15445
1.15094
1.14743
1.14392
1.14041
1.1369
1.13339
1.12988
1.12637
1.12286
1.11935
1.11584
1.11233
1.10882
1.10531
1.1018
1.09829
1.09478
1.09127
1.08776
1.08425
1.08074
1.07723
1.07372
1.07021
1.0667
1.06319
1.05967
1.05616
1.2726
1.26906
1.26552
1.26198
1.25844
1.2549
1.25136
1.24782
1.24428
1.24074
1.2372
1.23366
1.23012
1.22658
1.22304
1.2195
1.21596
1.21242
1.20888
1.20534
1.2018
1.19826
1.19472
1.19118
1.18764
1.1841
1.18056
1.17701
1.17347
1.16993
1.16639
1.16285
1.15931
1.15577
1.15223
1.14869
1.14515
1.14161
1.13807
1.13453
1.13099
1.12745
1.12391
1.12037
1.11683
1.11329
1.10975
1.10621
1.10267
1.09913
1.09559
1.09205
1.08851
1.08497
1.08143
1.07789
1.07435
1.07081
1.06727
1.06373
1.06019
1.05664
1.27495
1.27138
1.26781
1.26424
1.26067
1.2571
1.25353
1.24996
1.24639
1.24282
1.23924
1.23567
1.2321
1.22853
1.22496
1.22139
1.21782
1.21425
1.21068
1.20711
1.20354
1.19997
1.19639
1.19282
1.18925
1.18568
1.18211
1.17854
1.17497
1.1714
1.16783
1.16426
1.16069
1.15712
1.15355
1.14997
1.1464
1.14283
1.13926
1.13569
1.13212
1.12855
1.12498
1.12141
1.11784
1.11427
1.1107
1.10712
1.10355
1.09998
1.09641
1.09284
1.08927
1.0857
1.08213
1.07856
1.07499
1.07142
1.06785
1.06427
1.0607
1.05713
1.27734
1.27374
1.27014
1.26654
1.26294
1.25933
1.25573
1.25213
1.24853
1.24493
1.24133
1.23772
1.23412
1.23052
1.22692
1.22332
1.21971
1.21611
1.21251
1.20891
1.20531
1.2017
1.1981
1.1945
1.1909
1.1873
1.1837
1.18009
1.17649
1.17289
1.16929
1.16569
1.16208
1.15848
1.15488
1.15128
1.14768
1.14407
1.14047
1.13687
1.13327
1.12967
1.12607
1.12246
1.11886
1.11526
1.11166
1.10806
1.10445
1.10085
1.09725
1.09365
1.09005
1.08644
1.08284
1.07924
1.07564
1.07204
1.06844
1.06483
1.06123
1.05763
1.27978
1.27614
1.27251
1.26888
1.26524
1.26161
1.25798
1.25434
1.25071
1.24708
1.24344
1.23981
1.23618
1.23254
1.22891
1.22527
1.22164
1.21801
1.21437
1.21074
1.20711
1.20347
1.19984
1.19621
1.19257
1.18894
1.18531
1.18167
1.17804
1.17441
1.17077
1.16714
1.16351
1.15987
1.15624
1.15261
1.14897
1.14534
1.14171
1.13807
1.13444
1.1308
1.12717
1.12354
1.1199
1.11627
1.11264
1.109
1.10537
1.10174
1.0981
1.09447
1.09084
1.0872
1.08357
1.07994
1.0763
1.07267
1.06904
1.0654
1.06177
1.05814
1.28744
1.27859
1.27492
1.27126
1.26759
1.26392
1.26026
1.25659
1.25293
1.24926
1.2456
1.24193
1.23827
1.2346
1.23093
1.22727
1.2236
1.21994
1.21627
1.21261
1.20894
1.20527
1.20161
1.19794
1.19428
1.19061
1.18695
1.18328
1.17962
1.17595
1.17228
1.16862
1.16495
1.16129
1.15762
1.15396
1.15029
1.14662
1.14296
1.13929
1.13563
1.13196
1.1283
1.12463
1.12097
1.1173
1.11363
1.10997
1.1063
1.10264
1.09897
1.09531
1.09164
1.08797
1.08431
1.08064
1.07698
1.07331
1.06965
1.06598
1.06232
1.05865
1.27738
1.27368
1.26998
1.26628
1.26258
1.25888
1.25519
1.25149
1.24779
1.24409
1.24039
1.23669
1.233
1.2293
1.2256
1.2219
1.2182
1.2145
1.21081
1.20711
1.20341
1.19971
1.19601
1.19231
1.18862
1.18492
1.18122
1.17752
1.17382
1.17012
1.16643
1.16273
1.15903
1.15533
1.15163
1.14793
1.14424
1.14054
1.13684
1.13314
1.12944
1.12574
1.12205
1.11835
1.11465
1.11095
1.10725
1.10355
1.09986
1.09616
1.09246
1.08876
1.08506
1.08136
1.07767
1.07397
1.07027
1.06657
1.06287
1.05917
1.27987
1.27614
1.27241
1.26868
1.26495
1.26122
1.25748
1.25375
1.25002
1.24629
1.24256
1.23883
1.23509
1.23136
1.22763
1.2239
1.22017
1.21644
1.2127
1.20897
1.20524
1.20151
1.19778
1.19405
1.19031
1.18658
1.18285
1.17912
1.17539
1.17166
1.16792
1.16419
1.16046
1.15673
1.153
1.14927
1.14553
1.1418
1.13807
1.13434
1.13061
1.12688
1.12314
1.11941
1.11568
1.11195
1.10822
1.10449
1.10075
1.09702
1.09329
1.08956
1.08583
1.0821
1.07836
1.07463
1.0709
1.06717
1.06344
1.05971
1.28242
1.27865
1.27489
1.27112
1.26736
1.26359
1.25983
1.25606
1.25229
1.24853
1.24476
1.241
1.23723
1.23347
1.2297
1.22594
1.22217
1.2184
1.21464
1.21087
1.20711
1.20334
1.19958
1.19581
1.19205
1.18828
1.18451
1.18075
1.17698
1.17322
1.16945
1.16569
1.16192
1.15815
1.15439
1.15062
1.14686
1.14309
1.13933
1.13556
1.1318
1.12803
1.12426
1.1205
1.11673
1.11297
1.1092
1.10544
1.10167
1.09791
1.09414
1.09037
1.08661
1.08284
1.07908
1.07531
1.07155
1.06778
1.06401
1.06025
1.05648
1.28501
1.28121
1.27741
1.27361
1.26981
1.26601
1.26221
1.25841
1.25461
1.25081
1.24701
1.24321
1.23941
1.23561
1.23181
1.22801
1.22421
1.22041
1.21661
1.21281
1.20901
1.20521
1.20141
1.19761
1.19381
1.19001
1.18621
1.18241
1.17861
1.17481
1.17101
1.16721
1.16341
1.15961
1.15581
1.15201
1.14821
1.14441
1.14061
1.1368
1.133
1.1292
1.1254
1.1216
1.1178
1.114
1.1102
1.1064
1.1026
1.0988
1.095
1.0912
1.0874
1.0836
1.0798
1.076
1.0722
1.0684
1.0646
1.0608
1.057
1.28381
1.27998
1.27614
1.27231
1.26847
1.26464
1.2608
1.25697
1.25313
1.2493
1.24546
1.24163
1.23779
1.23395
1.23012
1.22628
1.22245
1.21861
1.21478
1.21094
1.20711
1.20327
1.19944
1.1956
1.19177
1.18793
1.1841
1.18026
1.17642
1.17259
1.16875
1.16492
1.16108
1.15725
1.15341
1.14958
1.14574
1.14191
1.13807
1.13424
1.1304
1.12657
1.12273
1.1189
1.11506
1.11122
1.10739
1.10355
1.09972
1.09588
1.09205
1.08821
1.08438
1.08054
1.07671
1.07287
1.06904
1.0652
1.06137
1.05753
1.23227
1.2284
1.22453
1.22066
1.21679
1.21291
1.20904
1.20517
1.2013
1.19743
1.19356
1.18969
1.18582
1.18194
1.17807
1.1742
1.17033
1.16646
1.16259
1.15872
1.15485
1.15098
1.28647
1.2826
1.27872
1.27485
1.27098
1.26711
1.26324
1.25937
1.2555
1.25163
1.24775
1.24388
1.24001
1.23614
1.23227
1.2284
1.22453
1.22066
1.21679
1.21291
1.20904
1.20517
1.2013
1.19743
1.19356
1.18969
1.18582
1.18194
1.17807
1.1742
1.17033
1.16646
1.16259
1.15872
1.15485
1.15098
1.1471
1.14323
1.13936
1.13549
1.13162
1.12775
1.12388
1.12001
1.11614
1.11226
1.10839
1.10452
1.10065
1.09678
1.09291
1.08904
1.08517
1.08129
1.07742
1.07355
1.06968
1.06581
1.06194
1.05807
1.0542
1.23446
1.23055
1.22665
1.22274
1.21883
1.21492
1.21101
1.20711
1.2032
1.19929
1.19538
1.19148
1.18757
1.18366
1.17975
1.17585
1.17194
1.16803
1.16412
1.16022
1.15631
1.1524
1.28917
1.28526
1.28135
1.27745
1.27354
1.26963
1.26572
1.26182
1.25791
1.254
1.25009
1.24618
1.24228
1.23837
1.23446
1.23055
1.22665
1.22274
1.21883
1.21492
1.21102
1.20711
1.2032
1.19929
1.19538
1.19148
1.18757
1.18366
1.17975
1.17585
1.17194
1.16803
1.16412
1.16022
1.15631
1.1524
1.14849
1.14458
1.14068
1.13677
1.13286
1.12895
1.12505
1.12114
1.11723
1.11332
1.10942
1.10551
1.1016
1.09769
1.09378
1.08988
1.08597
1.08206
1.07815
1.07425
1.07034
1.06643
1.06252
1.05862
1.05471
1.25642
1.25247
1.24853
1.24458
1.24064
1.23669
1.23275
1.2288
1.22486
1.22091
1.21697
1.21302
1.20908
1.20513
1.20119
1.19725
1.1933
1.18936
1.18541
1.18147
1.17752
1.17358
1.16963
1.16569
1.16174
1.1578
1.15385
1.14991
1.14596
1.14202
1.13807
1.13413
1.29192
1.28798
1.28403
1.28009
1.27614
1.2722
1.26825
1.26431
1.26036
1.25642
1.25247
1.24853
1.24458
1.24064
1.23669
1.23275
1.2288
1.22486
1.22091
1.21697
1.21302
1.20908
1.20514
1.20119
1.19725
1.1933
1.18936
1.18541
1.18147
1.17752
1.17358
1.16963
1.16569
1.16174
1.1578
1.15385
1.14991
1.14596
1.14202
1.13807
1.13413
1.13018
1.12624
1.12229
1.11835
1.1144
1.11046
1.10651
1.10257
1.09862
1.09468
1.09073
1.08679
1.08284
1.0789
1.07495
1.07101
1.06706
1.06312
1.05917
1.05523
1.27083
1.26685
1.26287
1.25888
1.2549
1.25092
1.24694
1.24295
1.23897
1.23499
1.231
1.22702
1.22304
1.21906
1.21507
1.21109
1.20711
1.20312
1.19914
1.19516
1.19118
1.18719
1.18321
1.17923
1.17524
1.17126
1.16728
1.1633
1.15931
1.15533
1.15135
1.14736
1.14338
1.1394
1.13542
1.13143
1.12745
1.12347
1.11948
1.29473
1.29075
1.28676
1.28278
1.2788
1.27482
1.27083
1.26685
1.26287
1.25888
1.2549
1.25092
1.24694
1.24295
1.23897
1.23499
1.231
1.22702
1.22304
1.21906
1.21507
1.21109
1.20711
1.20312
1.19914
1.19516
1.19118
1.18719
1.18321
1.17923
1.17524
1.17126
1.16728
1.1633
1.15931
1.15533
1.15135
1.14736
1.14338
1.1394
1.13542
1.13143
1.12745
1.12347
1.11949
1.1155
1.11152
1.10754
1.10355
1.09957
1.09559
1.09161
1.08762
1.08364
1.07966
1.07567
1.07169
1.06771
1.06373
1.05974
1.05576
1.28151
1.27748
1.27346
1.26944
1.26542
1.2614
1.25738
1.25335
1.24933
1.24531
1.24129
1.23727
1.23325
1.22923
1.2252
1.22118
1.21716
1.21314
1.20912
1.2051
1.20108
1.19705
1.19303
1.18901
1.18499
1.18097
1.17695
1.17292
1.1689
1.16488
1.16086
1.15684
1.15282
1.1488
1.14477
1.14075
1.13673
1.13271
1.12869
1.12467
1.12064
1.11662
1.1126
1.10858
1.10456
1.29357
1.28955
1.28553
1.28151
1.27748
1.27346
1.26944
1.26542
1.2614
1.25738
1.25335
1.24933
1.24531
1.24129
1.23727
1.23325
1.22923
1.2252
1.22118
1.21716
1.21314
1.20912
1.2051
1.20108
1.19705
1.19303
1.18901
1.18499
1.18097
1.17695
1.17292
1.1689
1.16488
1.16086
1.15684
1.15282
1.1488
1.14477
1.14075
1.13673
1.13271
1.12869
1.12467
1.12065
1.11662
1.1126
1.10858
1.10456
1.10054
1.09652
1.09249
1.08847
1.08445
1.08043
1.07641
1.07239
1.06837
1.06434
1.06032
1.0563
1.05228
1.29645
1.29239
1.28833
1.28426
1.2802
1.27614
1.27208
1.26802
1.26396
1.2599
1.25584
1.25178
1.24772
1.24366
1.23959
1.23553
1.23147
1.22741
1.22335
1.21929
1.21523
1.21117
1.20711
1.20305
1.19899
1.19492
1.19086
1.1868
1.18274
1.17868
1.17462
1.17056
1.1665
1.16244
1.15838
1.15432
1.15025
1.14619
1.14213
1.13807
1.13401
1.12995
1.12589
1.12183
1.11777
1.11371
1.10964
1.10558
1.10152
1.09746
1.30219
1.29239
1.28833
1.28427
1.2802
1.27614
1.27208
1.26802
1.26396
1.2599
1.25584
1.25178
1.24772
1.24366
1.23959
1.23553
1.23147
1.22741
1.22335
1.21929
1.21523
1.21117
1.20711
1.20305
1.19899
1.19492
1.19086
1.1868
1.18274
1.17868
1.17462
1.17056
1.1665
1.16244
1.15838
1.15432
1.15025
1.14619
1.14213
1.13807
1.13401
1.12995
1.12589
1.12183
1.11777
1.11371
1.10965
1.10558
1.10152
1.09746
1.0934
1.08934
1.08528
1.08122
1.07716
1.0731
1.06904
1.06497
1.06091
1.05685
1.05279
1.30348
1.29938
1.29528
1.29118
1.28708
1.28298
1.27888
1.27478
1.27067
1.26657
1.26247
1.25837
1.25427
1.25017
1.24607
1.24197
1.23787
1.23376
1.22966
1.22556
1.22146
1.21736
1.21326
1.20916
1.20506
1.20096
1.19685
1.19275
1.18865
1.18455
1.18045
1.17635
1.17225
1.16815
1.16405
1.15994
1.15584
1.15174
1.14764
1.14354
1.13944
1.13534
1.13124
1.12714
1.12303
1.11893
1.11483
1.11073
1.10663
1.10253
1.09843
1.09433
1.09022
1.08612
1.30108
1.29118
1.28708
1.28298
1.27888
1.27478
1.27068
1.26657
1.26247
1.25837
1.25427
1.25017
1.24607
1.24197
1.23787
1.23376
1.22966
1.22556
1.22146
1.21736
1.21326
1.20916
1.20506
1.20096
1.19685
1.19275
1.18865
1.18455
1.18045
1.17635
1.17225
1.16815
1.16405
1.15994
1.15584
1.15174
1.14764
1.14354
1.13944
1.13534
1.13124
1.12714
1.12303
1.11893
1.11483
1.11073
1.10663
1.10253
1.09843
1.09433
1.09022
1.08612
1.08202
1.07792
1.07382
1.06972
1.06562
1.06152
1.05742
1.05331
1.31066
1.30652
1.30238
1.29823
1.29409
1.28995
1.28581
1.28167
1.27752
1.27338
1.26924
1.2651
1.26096
1.25681
1.25267
1.24853
1.24439
1.24024
1.2361
1.23196
1.22782
1.22368
1.21953
1.21539
1.21125
1.20711
1.20297
1.19882
1.19468
1.19054
1.1864
1.18225
1.17811
1.17397
1.16983
1.16569
1.16154
1.1574
1.15326
1.14912
1.14498
1.14083
1.13669
1.13255
1.12841
1.12426
1.12012
1.11598
1.11184
1.1077
1.10355
1.09941
1.09527
1.09113
1.08698
1.08284
1.0787
1.30995
1.29995
1.28995
1.28581
1.28167
1.27752
1.27338
1.26924
1.2651
1.26096
1.25681
1.25267
1.24853
1.24439
1.24024
1.2361
1.23196
1.22782
1.22368
1.21953
1.21539
1.21125
1.20711
1.20297
1.19882
1.19468
1.19054
1.1864
1.18225
1.17811
1.17397
1.16983
1.16569
1.16154
1.1574
1.15326
1.14912
1.14498
1.14083
1.13669
1.13255
1.12841
1.12426
1.12012
1.11598
1.11184
1.1077
1.10355
1.09941
1.09527
1.09113
1.08699
1.08284
1.0787
1.07456
1.07042
1.06627
1.06213
1.05799
1.05385
1.04971
1.04556
1.32635
1.32217
1.31798
1.3138
1.30962
1.30543
1.30125
1.29706
1.29288
1.2887
1.28451
1.28033
1.27614
1.27196
1.26778
1.26359
1.25941
1.25522
1.25104
1.24686
1.24267
1.23849
1.2343
1.23012
1.22594
1.22175
1.21757
1.21338
1.2092
1.20502
1.20083
1.19665
1.19246
1.18828
1.1841
1.17991
1.17573
1.17154
1.16736
1.16318
1.15899
1.15481
1.15062
1.14644
1.14226
1.13807
1.13389
1.1297
1.12552
1.12134
1.11715
1.11297
1.10878
1.1046
1.10042
1.09623
1.09205
1.08786
1.08368
1.0795
1.07531
1.07113
1.06694
1.2988
1.2887
1.28451
1.28033
1.27614
1.27196
1.26778
1.26359
1.25941
1.25522
1.25104
1.24686
1.24267
1.23849
1.2343
1.23012
1.22594
1.22175
1.21757
1.21338
1.2092
1.20502
1.20083
1.19665
1.19246
1.18828
1.1841
1.17991
1.17573
1.17154
1.16736
1.16318
1.15899
1.15481
1.15062
1.14644
1.14226
1.13807
1.13389
1.1297
1.12552
1.12134
1.11715
1.11297
1.10878
1.1046
1.10042
1.09623
1.09205
1.08786
1.08368
1.0795
1.07531
1.07113
1.06694
1.06276
1.05858
1.05439
1.05021
1.04602
1.33391
1.32968
1.32545
1.32123
1.317
1.31277
1.30855
1.30432
1.30009
1.29587
1.29164
1.28741
1.28319
1.27896
1.27473
1.27051
1.26628
1.26205
1.25783
1.2536
1.24937
1.24515
1.24092
1.23669
1.23247
1.22824
1.22401
1.21979
1.21556
1.21133
1.20711
1.20288
1.19865
1.19443
1.1902
1.18597
1.18175
1.17752
1.17329
1.16907
1.16484
1.16061
1.15639
1.15216
1.14793
1.14371
1.13948
1.13525
1.13103
1.1268
1.12257
1.11835
1.11412
1.10989
1.10567
1.10144
1.09721
1.09299
1.08876
1.08453
1.08031
1.07608
1.07185
1.06763
1.0634
1.05917
1.30782
1.29762
1.28741
1.28319
1.27896
1.27473
1.27051
1.26628
1.26205
1.25783
1.2536
1.24937
1.24515
1.24092
1.23669
1.23247
1.22824
1.22401
1.21979
1.21556
1.21133
1.20711
1.20288
1.19865
1.19443
1.1902
1.18597
1.18175
1.17752
1.17329
1.16907
1.16484
1.16061
1.15639
1.15216
1.14793
1.14371
1.13948
1.13525
1.13103
1.1268
1.12257
1.11835
1.11412
1.10989
1.10567
1.10144
1.09721
1.09299
1.08876
1.08453
1.08031
1.07608
1.07185
1.06763
1.0634
1.05917
1.05495
1.05072
1.04649
1.04227
1.33735
1.33308
1.32881
1.32454
1.32027
1.316
1.31173
1.30746
1.30319
1.29892
1.29465
1.29038
1.28611
1.28184
1.27757
1.2733
1.26903
1.26476
1.26049
1.25622
1.25195
1.24767
1.2434
1.23913
1.23486
1.23059
1.22632
1.22205
1.21778
1.21351
1.20924
1.20497
1.2007
1.19643
1.19216
1.18789
1.18362
1.17935
1.17508
1.17081
1.16654
1.16227
1.158
1.15373
1.14946
1.14519
1.14092
1.13665
1.13238
1.12811
1.12384
1.11957
1.1153
1.11103
1.10676
1.10249
1.09822
1.09395
1.08968
1.0854
1.08113
1.07686
1.07259
1.06832
1.06405
1.05978
1.31704
1.30673
1.29642
1.28611
1.28184
1.27757
1.2733
1.26903
1.26476
1.26049
1.25622
1.25195
1.24767
1.2434
1.23913
1.23486
1.23059
1.22632
1.22205
1.21778
1.21351
1.20924
1.20497
1.2007
1.19643
1.19216
1.18789
1.18362
1.17935
1.17508
1.17081
1.16654
1.16227
1.158
1.15373
1.14946
1.14519
1.14092
1.13665
1.13238
1.12811
1.12384
1.11957
1.1153
1.11103
1.10676
1.10249
1.09822
1.09395
1.08968
1.08541
1.08113
1.07686
1.07259
1.06832
1.06405
1.05978
1.05551
1.05124
1.04697
1.0427
1.35738
1.34697
1.33655
1.33223
1.32792
1.32361
1.31929
1.31498
1.31066
1.30635
1.30203
1.29772
1.2934
1.28909
1.28477
1.28046
1.27614
1.27183
1.26751
1.2632
1.25888
1.25457
1.25025
1.24594
1.24163
1.23731
1.233
1.22868
1.22437
1.22005
1.21574
1.21142
1.20711
1.20279
1.19848
1.19416
1.18985
1.18553
1.18122
1.1769
1.17259
1.16827
1.16396
1.15965
1.15533
1.15102
1.1467
1.14239
1.13807
1.13376
1.12944
1.12513
1.12081
1.1165
1.11218
1.10787
1.10355
1.09924
1.09492
1.09061
1.08629
1.08198
1.07767
1.07335
1.06904
1.06472
1.06041
1.05609
1.05178
1.04746
1.31602
1.30561
1.29519
1.28477
1.28046
1.27614
1.27183
1.26751
1.2632
1.25888
1.25457
1.25025
1.24594
1.24163
1.23731
1.233
1.22868
1.22437
1.22005
1.21574
1.21142
1.20711
1.20279
1.19848
1.19416
1.18985
1.18553
1.18122
1.1769
1.17259
1.16827
1.16396
1.15965
1.15533
1.15102
1.1467
1.14239
1.13807
1.13376
1.12944
1.12513
1.12081
1.1165
1.11218
1.10787
1.10355
1.09924
1.09492
1.09061
1.08629
1.08198
1.07767
1.07335
1.06904
1.06472
1.06041
1.05609
1.05178
1.04746
1.04315
1.03883
1.36731
1.35678
1.34626
1.33573
1.33137
1.32701
1.32265
1.31829
1.31393
1.30957
1.30521
1.30085
1.29649
1.29213
1.28777
1.28341
1.27905
1.27469
1.27033
1.26597
1.26161
1.25725
1.25289
1.24853
1.24417
1.23981
1.23545
1.23109
1.22673
1.22237
1.21801
1.21365
1.20929
1.20493
1.20057
1.19621
1.19185
1.18749
1.18313
1.17877
1.17441
1.17005
1.16569
1.16133
1.15697
1.15261
1.14825
1.14389
1.13952
1.13516
1.1308
1.12644
1.12208
1.11772
1.11336
1.109
1.10464
1.10028
1.09592
1.09156
1.0872
1.08284
1.07848
1.07412
1.06976
1.0654
1.06104
1.05668
1.05232
1.04796
1.0436
1.03924
1.32552
1.31499
1.30446
1.29394
1.28341
1.27905
1.27469
1.27033
1.26597
1.26161
1.25725
1.25289
1.24853
1.24417
1.23981
1.23545
1.23109
1.22673
1.22237
1.21801
1.21365
1.20929
1.20493
1.20057
1.19621
1.19185
1.18749
1.18313
1.17877
1.17441
1.17005
1.16569
1.16133
1.15697
1.15261
1.14825
1.14389
1.13953
1.13516
1.1308
1.12644
1.12208
1.11772
1.11336
1.109
1.10464
1.10028
1.09592
1.09156
1.0872
1.08284
1.07848
1.07412
1.06976
1.0654
1.06104
1.05668
1.05232
1.04796
1.0436
1.03924
1.39873
1.38809
1.37745
1.36681
1.35617
1.34554
1.3349
1.33049
1.32608
1.32168
1.31727
1.31286
1.30846
1.30405
1.29964
1.29524
1.29083
1.28643
1.28202
1.27761
1.27321
1.2688
1.26439
1.25999
1.25558
1.25117
1.24677
1.24236
1.23795
1.23355
1.22914
1.22473
1.22033
1.21592
1.21151
1.20711
1.2027
1.19829
1.19389
1.18948
1.18507
1.18067
1.17626
1.17185
1.16745
1.16304
1.15864
1.15423
1.14982
1.14542
1.14101
1.1366
1.1322
1.12779
1.12338
1.11898
1.11457
1.11016
1.10576
1.10135
1.09694
1.09254
1.08813
1.08372
1.07932
1.07491
1.0705
1.0661
1.06169
1.05728
1.05288
1.04847
1.04407
1.03966
1.03525
1.03085
1.32457
1.31393
1.3033
1.29266
1.28202
1.27761
1.27321
1.2688
1.26439
1.25999
1.25558
1.25117
1.24677
1.24236
1.23795
1.23355
1.22914
1.22473
1.22033
1.21592
1.21151
1.20711
1.2027
1.19829
1.19389
1.18948
1.18507
1.18067
1.17626
1.17186
1.16745
1.16304
1.15864
1.15423
1.14982
1.14542
1.14101
1.1366
1.1322
1.12779
1.12338
1.11898
1.11457
1.11016
1.10576
1.10135
1.09694
1.09254
1.08813
1.08372
1.07932
1.07491
1.0705
1.0661
1.06169
1.05728
1.05288
1.04847
1.04407
1.03966
1.03525
1.03085
1.42007
1.40931
1.39856
1.38781
1.37705
1.3663
1.35555
1.3448
1.33404
1.32959
1.32514
1.32068
1.31623
1.31177
1.30732
1.30287
1.29841
1.29396
1.2895
1.28505
1.2806
1.27614
1.27169
1.26724
1.26278
1.25833
1.25387
1.24942
1.24497
1.24051
1.23606
1.2316
1.22715
1.2227
1.21824
1.21379
1.20933
1.20488
1.20043
1.19597
1.19152
1.18706
1.18261
1.17816
1.1737
1.16925
1.1648
1.16034
1.15589
1.15143
1.14698
1.14253
1.13807
1.13362
1.12916
1.12471
1.12026
1.1158
1.11135
1.10689
1.10244
1.09799
1.09353
1.08908
1.08462
1.08017
1.07572
1.07126
1.06681
1.06235
1.0579
1.05345
1.04899
1.04454
1.04009
1.03563
1.03118
1.02672
1.02227
1.33436
1.32361
1.31286
1.3021
1.29135
1.2806
1.27614
1.27169
1.26724
1.26278
1.25833
1.25387
1.24942
1.24497
1.24051
1.23606
1.2316
1.22715
1.2227
1.21824
1.21379
1.20933
1.20488
1.20043
1.19597
1.19152
1.18706
1.18261
1.17816
1.1737
1.16925
1.1648
1.16034
1.15589
1.15143
1.14698
1.14253
1.13807
1.13362
1.12916
1.12471
1.12026
1.1158
1.11135
1.10689
1.10244
1.09799
1.09353
1.08908
1.08462
1.08017
1.07572
1.07126
1.06681
1.06235
1.0579
1.05345
1.04899
1.04454
1.04009
1.03563
1.03118
1.02672
1.431
1.42013
1.40926
1.39839
1.38752
1.37665
1.36578
1.35491
1.34404
1.33317
1.32867
1.32417
1.31967
1.31516
1.31066
1.30616
1.30166
1.29715
1.29265
1.28815
1.28365
1.27914
1.27464
1.27014
1.26564
1.26114
1.25663
1.25213
1.24763
1.24313
1.23862
1.23412
1.22962
1.22512
1.22061
1.21611
1.21161
1.20711
1.2026
1.1981
1.1936
1.1891
1.1846
1.18009
1.17559
1.17109
1.16659
1.16208
1.15758
1.15308
1.14858
1.14407
1.13957
1.13507
1.13057
1.12607
1.12156
1.11706
1.11256
1.10806
1.10355
1.09905
1.09455
1.09005
1.08554
1.08104
1.07654
1.07204
1.06753
1.06303
1.05853
1.05403
1.04953
1.04502
1.04052
1.03602
1.03152
1.02701
1.02251
1.01801
1.01351
1.32262
1.31175
1.30088
1.29001
1.27914
1.27464
1.27014
1.26564
1.26114
1.25663
1.25213
1.24763
1.24313
1.23862
1.23412
1.22962
1.22512
1.22061
1.21611
1.21161
1.20711
1.20261
1.1981
1.1936
1.1891
1.1846
1.18009
1.17559
1.17109
1.16659
1.16208
1.15758
1.15308
1.14858
1.14407
1.13957
1.13507
1.13057
1.12607
1.12156
1.11706
1.11256
1.10806
1.10355
1.09905
1.09455
1.09005
1.08554
1.08104
1.07654
1.07204
1.06753
1.06303
1.05853
1.05403
1.04953
1.04502
1.04052
1.03602
1.03152
1.02701
1.45316
1.44217
1.43118
1.42019
1.40921
1.39822
1.38723
1.37624
1.36525
1.35426
1.34327
1.33228
1.32773
1.32318
1.31863
1.31407
1.30952
1.30497
1.30042
1.29587
1.29132
1.28676
1.28221
1.27766
1.27311
1.26856
1.264
1.25945
1.2549
1.25035
1.2458
1.24125
1.23669
1.23214
1.22759
1.22304
1.21849
1.21394
1.20938
1.20483
1.20028
1.19573
1.19118
1.18662
1.18207
1.17752
1.17297
1.16842
1.16387
1.15931
1.15476
1.15021
1.14566
1.14111
1.13655
1.132
1.12745
1.1229
1.11835
1.1138
1.10924
1.10469
1.10014
1.09559
1.09104
1.08648
1.08193
1.07738
1.07283
1.06828
1.06373
1.05917
1.05462
1.05007
1.04552
1.04097
1.03641
1.03186
1.02731
1.02276
1.01821
1.01366
1.0091
1
1.32162
1.31063
1.29964
1.28865
1.27766
1.27311
1.26856
1.26401
1.25945
1.2549
1.25035
1.2458
1.24125
1.23669
1.23214
1.22759
1.22304
1.21849
1.21394
1.20938
1.20483
1.20028
1.19573
1.19118
1.18662
1.18207
1.17752
1.17297
1.16842
1.16387
1.15931
1.15476
1.15021
1.14566
1.14111
1.13655
1.132
1.12745
1.1229
1.11835
1.1138
1.10924
1.10469
1.10014
1.09559
1.09104
1.08648
1.08193
1.07738
1.07283
1.06828
1.06373
1.05917
1.05462
1.05007
1.04552
1.04097
1.03641
1.03186
1.02731
1.02276
1.46471
1.45359
1.44248
1.43137
1.42026
1.40915
1.39804
1.38693
1.37582
1.36471
1.35359
1.34248
1.33137
1.32677
1.32217
1.31756
1.31296
1.30836
1.30376
1.29916
1.29455
1.28995
1.28535
1.28075
1.27614
1.27154
1.26694
1.26234
1.25773
1.25313
1.24853
1.24393
1.23932
1.23472
1.23012
1.22552
1.22091
1.21631
1.21171
1.20711
1.2025
1.1979
1.1933
1.1887
1.1841
1.17949
1.17489
1.17029
1.16569
1.16108
1.15648
1.15188
1.14728
1.14267
1.13807
1.13347
1.12887
1.12426
1.11966
1.11506
1.11046
1.10585
1.10125
1.09665
1.09205
1.08745
1.08284
1.07824
1.07364
1.06904
1.06443
1.05983
1.05523
1.05063
1.04602
1.04142
1.03682
1.03222
1.02761
1.02301
1.01841
1.01381
1.0092
1
1
1.3317
1.32059
1.30948
1.29837
1.28725
1.27614
1.27154
1.26694
1.26234
1.25773
1.25313
1.24853
1.24393
1.23932
1.23472
1.23012
1.22552
1.22091
1.21631
1.21171
1.20711
1.20251
1.1979
1.1933
1.1887
1.1841
1.17949
1.17489
1.17029
1.16569
1.16108
1.15648
1.15188
1.14728
1.14267
1.13807
1.13347
1.12887
1.12426
1.11966
1.11506
1.11046
1.10585
1.10125
1.09665
1.09205
1.08745
1.08284
1.07824
1.07364
1.06904
1.06443
1.05983
1.05523
1.05063
1.04602
1.04142
1.03682
1.03222
1.02761
1.02301
1.01841
1.47651
1.46527
1.45404
1.4428
1.43156
1.42033
1.40909
1.39786
1.38662
1.37538
1.36415
1.35291
1.34168
1.33044
1.32579
1.32113
1.31648
1.31182
1.30717
1.30252
1.29786
1.29321
1.28855
1.2839
1.27925
1.27459
1.26994
1.26528
1.26063
1.25598
1.25132
1.24667
1.24201
1.23736
1.2327
1.22805
1.2234
1.21874
1.21409
1.20943
1.20478
1.20013
1.19547
1.19082
1.18616
1.18151
1.17686
1.1722
1.16755
1.16289
1.15824
1.15359
1.14893
1.14428
1.13962
1.13497
1.13031
1.12566
1.12101
1.11635
1.1117
1.10704
1.10239
1.09774
1.09308
1.08843
1.08377
1.07912
1.07447
1.06981
1.06516
1.0605
1.05585
1.05119
1.04654
1.04189
1.03723
1.03258
1.02792
1.02327
1.01862
1.01396
1.00931
1
1
1.34201
1.33077
1.31954
1.3083
1.29706
1.28583
1.27459
1.26994
1.26528
1.26063
1.25598
1.25132
1.24667
1.24201
1.23736
1.23271
1.22805
1.2234
1.21874
1.21409
1.20943
1.20478
1.20013
1.19547
1.19082
1.18616
1.18151
1.17686
1.1722
1.16755
1.16289
1.15824
1.15359
1.14893
1.14428
1.13962
1.13497
1.13031
1.12566
1.12101
1.11635
1.1117
1.10704
1.10239
1.09774
1.09308
1.08843
1.08377
1.07912
1.07447
1.06981
1.06516
1.0605
1.05585
1.0512
1.04654
1.04189
1.03723
1.03258
1.02792
1.02327
1.01862
1.49994
1.48858
1.47722
1.46585
1.45449
1.44313
1.43176
1.4204
1.40903
1.39767
1.38631
1.37494
1.36358
1.35222
1.34085
1.32949
1.32478
1.32008
1.31537
1.31066
1.30595
1.30125
1.29654
1.29183
1.28713
1.28242
1.27771
1.27301
1.2683
1.26359
1.25888
1.25418
1.24947
1.24476
1.24006
1.23535
1.23064
1.22594
1.22123
1.21652
1.21181
1.20711
1.2024
1.19769
1.19299
1.18828
1.18357
1.17887
1.17416
1.16945
1.16474
1.16004
1.15533
1.15062
1.14592
1.14121
1.1365
1.1318
1.12709
1.12238
1.11767
1.11297
1.10826
1.10355
1.09885
1.09414
1.08943
1.08473
1.08002
1.07531
1.0706
1.0659
1.06119
1.05648
1.05178
1.04707
1.04236
1.03766
1.03295
1.02824
1.02353
1.01883
1.01412
1.00941
1
1
1
1
1
1.34119
1.32982
1.31846
1.3071
1.29573
1.28437
1.27301
1.2683
1.26359
1.25888
1.25418
1.24947
1.24476
1.24006
1.23535
1.23064
1.22594
1.22123
1.21652
1.21181
1.20711
1.2024
1.19769
1.19299
1.18828
1.18357
1.17887
1.17416
1.16945
1.16474
1.16004
1.15533
1.15062
1.14592
1.14121
1.1365
1.1318
1.12709
1.12238
1.11767
1.11297
1.10826
1.10355
1.09885
1.09414
1.08943
1.08473
1.08002
1.07531
1.0706
1.0659
1.06119
1.05648
1.05178
1.04707
1.04236
1.03766
1.03295
1.02824
1.02353
1.01883
1.01412
1.00941
1.51242
1.50093
1.48943
1.47794
1.46645
1.45495
1.44346
1.43196
1.42047
1.40897
1.39748
1.38599
1.37449
1.363
1.3515
1.34001
1.32852
1.32375
1.31899
1.31423
1.30947
1.30471
1.29995
1.29519
1.29043
1.28567
1.2809
1.27614
1.27138
1.26662
1.26186
1.2571
1.25234
1.24758
1.24282
1.23805
1.23329
1.22853
1.22377
1.21901
1.21425
1.20949
1.20473
1.19997
1.1952
1.19044
1.18568
1.18092
1.17616
1.1714
1.16664
1.16188
1.15712
1.15235
1.14759
1.14283
1.13807
1.13331
1.12855
1.12379
1.11903
1.11427
1.1095
1.10474
1.09998
1.09522
1.09046
1.0857
1.08094
1.07618
1.07142
1.06666
1.06189
1.05713
1.05237
1.04761
1.04285
1.03809
1.03333
1.02857
1.02381
1.01904
1.01428
1.00952
1
1
1
1
1
1
1.34035
1.32885
1.31736
1.30586
1.29437
1.28288
1.27138
1.26662
1.26186
1.2571
1.25234
1.24758
1.24282
1.23805
1.23329
1.22853
1.22377
1.21901
1.21425
1.20949
1.20473
1.19997
1.1952
1.19044
1.18568
1.18092
1.17616
1.1714
1.16664
1.16188
1.15712
1.15235
1.14759
1.14283
1.13807
1.13331
1.12855
1.12379
1.11903
1.11427
1.10951
1.10474
1.09998
1.09522
1.09046
1.0857
1.08094
1.07618
1.07142
1.06666
1.06189
1.05713
1.05237
1.04761
1.04285
1.03809
1.03333
1.02857
1.02381
1.01904
1.01428
1.00952
1.54845
1.53682
1.52519
1.51357
1.50194
1.49031
1.47868
1.46705
1.45543
1.4438
1.43217
1.42054
1.40891
1.39729
1.38566
1.37403
1.3624
1.35077
1.33915
1.32752
1.3227
1.31789
1.31307
1.30825
1.30344
1.29862
1.2938
1.28899
1.28417
1.27935
1.27454
1.26972
1.2649
1.26009
1.25527
1.25046
1.24564
1.24082
1.23601
1.23119
1.22637
1.22156
1.21674
1.21192
1.20711
1.20229
1.19747
1.19266
1.18784
1.18303
1.17821
1.17339
1.16858
1.16376
1.15894
1.15413
1.14931
1.14449
1.13968
1.13486
1.13004
1.12523
1.12041
1.11559
1.11078
1.10596
1.10115
1.09633
1.09151
1.0867
1.08188
1.07706
1.07225
1.06743
1.06261
1.0578
1.05298
1.04816
1.04335
1.03853
1.03372
1.0289
1.02408
1.01927
1.01445
1.00963
1
1
1
1
1
1
1
1.32786
1.31623
1.30461
1.29298
1.28135
1.26972
1.2649
1.26009
1.25527
1.25046
1.24564
1.24082
1.23601
1.23119
1.22637
1.22156
1.21674
1.21192
1.20711
1.20229
1.19747
1.19266
1.18784
1.18303
1.17821
1.17339
1.16858
1.16376
1.15894
1.15413
1.14931
1.14449
1.13968
1.13486
1.13004
1.12523
1.12041
1.11559
1.11078
1.10596
1.10115
1.09633
1.09151
1.0867
1.08188
1.07706
1.07225
1.06743
1.06261
1.0578
1.05298
1.04816
1.04335
1.03853
1.03372
1.0289
1.02408
1.01927
1.01445
1.00963
1
1.56179
1.55003
1.53826
1.5265
1.51473
1.50297
1.4912
1.47944
1.46768
1.45591
1.44415
1.43238
1.42062
1.40885
1.39709
1.38532
1.37356
1.36179
1.35003
1.33826
1.3265
1.32163
1.31675
1.31188
1.30701
1.30213
1.29726
1.29239
1.28751
1.28264
1.27777
1.27289
1.26802
1.26315
1.25828
1.2534
1.24853
1.24366
1.23878
1.23391
1.22904
1.22416
1.21929
1.21442
1.20954
1.20467
1.1998
1.19492
1.19005
1.18518
1.18031
1.17543
1.17056
1.16569
1.16081
1.15594
1.15107
1.14619
1.14132
1.13645
1.13157
1.1267
1.12183
1.11695
1.11208
1.10721
1.10234
1.09746
1.09259
1.08772
1.08284
1.07797
1.0731
1.06822
1.06335
1.05848
1.0536
1.04873
1.04386
1.03898
1.03411
1.02924
1.02437
1.01949
1.01462
1.00975
1
1
1
1
1
1
1
1
1
1.33861
1.32684
1.31508
1.30332
1.29155
1.27979
1.26802
1.26315
1.25828
1.2534
1.24853
1.24366
1.23878
1.23391
1.22904
1.22416
1.21929
1.21442
1.20954
1.20467
1.1998
1.19492
1.19005
1.18518
1.18031
1.17543
1.17056
1.16569
1.16081
1.15594
1.15107
1.14619
1.14132
1.13645
1.13157
1.1267
1.12183
1.11695
1.11208
1.10721
1.10234
1.09746
1.09259
1.08772
1.08284
1.07797
1.0731
1.06822
1.06335
1.05848
1.0536
1.04873
1.04386
1.03898
1.03411
1.02924
1.02437
1.01949
1.01462
1.00975
1
1
1.57545
1.56355
1.55164
1.53974
1.52784
1.51593
1.50403
1.49212
1.48022
1.46831
1.45641
1.4445
1.4326
1.42069
1.40879
1.39688
1.38498
1.37307
1.36117
1.34926
1.33736
1.32545
1.32052
1.31559
1.31066
1.30573
1.3008
1.29587
1.29094
1.28601
1.28107
1.27614
1.27121
1.26628
1.26135
1.25642
1.25149
1.24656
1.24163
1.23669
1.23176
1.22683
1.2219
1.21697
1.21204
1.20711
1.20218
1.19725
1.19231
1.18738
1.18245
1.17752
1.17259
1.16766
1.16273
1.1578
1.15286
1.14793
1.143
1.13807
1.13314
1.12821
1.12328
1.11835
1.11342
1.10848
1.10355
1.09862
1.09369
1.08876
1.08383
1.0789
1.07397
1.06904
1.0641
1.05917
1.05424
1.04931
1.04438
1.03945
1.03452
1.02959
1.02466
1.01972
1.01479
1.00986
1
1
1
1
1
1
1
1
1
1
1
1.33771
1.3258
1.3139
1.302
1.29009
1.27819
1.26628
1.26135
1.25642
1.25149
1.24656
1.24163
1.23669
1.23176
1.22683
1.2219
1.21697
1.21204
1.20711
1.20218
1.19725
1.19231
1.18738
1.18245
1.17752
1.17259
1.16766
1.16273
1.1578
1.15287
1.14793
1.143
1.13807
1.13314
1.12821
1.12328
1.11835
1.11342
1.10848
1.10355
1.09862
1.09369
1.08876
1.08383
1.0789
1.07397
1.06904
1.0641
1.05917
1.05424
1.04931
1.04438
1.03945
1.03452
1.02959
1.02466
1.01972
1.01479
1.00986
1
1
1
1
1.58945
1.5774
1.56535
1.5533
1.54125
1.5292
1.51716
1.50511
1.49306
1.48101
1.46896
1.45692
1.44487
1.43282
1.42077
1.40872
1.39667
1.38463
1.37258
1.36053
1.34848
1.33643
1.32439
1.31939
1.3144
1.30941
1.30442
1.29943
1.29444
1.28945
1.28446
1.27947
1.27448
1.26949
1.2645
1.25951
1.25452
1.24953
1.24454
1.23955
1.23456
1.22956
1.22457
1.21958
1.21459
1.2096
1.20461
1.19962
1.19463
1.18964
1.18465
1.17966
1.17467
1.16968
1.16469
1.1597
1.15471
1.14972
1.14473
1.13973
1.13474
1.12975
1.12476
1.11977
1.11478
1.10979
1.1048
1.09981
1.09482
1.08983
1.08484
1.07985
1.07486
1.06987
1.06488
1.05989
1.0549
1.04991
1.04491
1.03992
1.03493
1.02994
1.02495
1.01996
1.01497
1.00998
1
1
1
1
1
1
1
1
1
1
1
1
1
1.33679
1.32474
1.31269
1.30064
1.2886
1.27655
1.2645
1.25951
1.25452
1.24953
1.24454
1.23955
1.23456
1.22956
1.22457
1.21958
1.21459
1.2096
1.20461
1.19962
1.19463
1.18964
1.18465
1.17966
1.17467
1.16968
1.16469
1.1597
1.15471
1.14972
1.14473
1.13974
1.13474
1.12975
1.12476
1.11977
1.11478
1.10979
1.1048
1.09981
1.09482
1.08983
1.08484
1.07985
1.07486
1.06987
1.06488
1.05989
1.0549
1.04991
1.04491
1.03992
1.03493
1.02994
1.02495
1.01996
1.01497
1.00998
1
1
1
1
1
1.60378
1.59158
1.57939
1.56719
1.555
1.5428
1.53061
1.51841
1.50622
1.49402
1.48183
1.46963
1.45744
1.44524
1.43305
1.42085
1.40866
1.39646
1.38427
1.37207
1.35987
1.34768
1.33548
1.32329
1.31824
1.31319
1.30814
1.30308
1.29803
1.29298
1.28793
1.28288
1.27783
1.27278
1.26772
1.26267
1.25762
1.25257
1.24752
1.24247
1.23742
1.23236
1.22731
1.22226
1.21721
1.21216
1.20711
1.20206
1.197
1.19195
1.1869
1.18185
1.1768
1.17175
1.1667
1.16164
1.15659
1.15154
1.14649
1.14144
1.13639
1.13134
1.12628
1.12123
1.11618
1.11113
1.10608
1.10103
1.09598
1.09092
1.08587
1.08082
1.07577
1.07072
1.06567
1.06062
1.05557
1.05051
1.04546
1.04041
1.03536
1.03031
1.02526
1.02021
1.01515
1.0101
1
1
1
1
1
1
1
1
1
1
1
1
1
1
1.33584
1.32365
1.31145
1.29926
1.28706
1.27487
1.26267
1.25762
1.25257
1.24752
1.24247
1.23742
1.23236
1.22731
1.22226
1.21721
1.21216
1.20711
1.20206
1.197
1.19195
1.1869
1.18185
1.1768
1.17175
1.1667
1.16164
1.15659
1.15154
1.14649
1.14144
1.13639
1.13134
1.12628
1.12123
1.11618
1.11113
1.10608
1.10103
1.09598
1.09093
1.08587
1.08082
1.07577
1.07072
1.06567
1.06062
1.05557
1.05051
1.04546
1.04041
1.03536
1.03031
1.02526
1.02021
1.01515
1.0101
1
1
1
1
1
1
1.63081
1.61846
1.60612
1.59377
1.58143
1.56908
1.55673
1.54439
1.53204
1.5197
1.50735
1.49501
1.48266
1.47032
1.45797
1.44562
1.43328
1.42093
1.40859
1.39624
1.3839
1.37155
1.3592
1.34686
1.33451
1.32217
1.31705
1.31194
1.30683
1.30171
1.2966
1.29148
1.28637
1.28126
1.27614
1.27103
1.26592
1.2608
1.25569
1.25057
1.24546
1.24035
1.23523
1.23012
1.22501
1.21989
1.21478
1.20966
1.20455
1.19944
1.19432
1.18921
1.1841
1.17898
1.17387
1.16875
1.16364
1.15853
1.15341
1.1483
1.14319
1.13807
1.13296
1.12784
1.12273
1.11762
1.1125
1.10739
1.10228
1.09716
1.09205
1.08693
1.08182
1.07671
1.07159
1.06648
1.06136
1.05625
1.05114
1.04602
1.04091
1.0358
1.03068
1.02557
1.02045
1.01534
1.01023
1
1
1
1
1
1
1
1
1
1
1
1
1
1
1
1.32253
1.31018
1.29784
1.28549
1.27315
1.2608
1.25569
1.25057
1.24546
1.24035
1.23523
1.23012
1.22501
1.21989
1.21478
1.20966
1.20455
1.19944
1.19432
1.18921
1.1841
1.17898
1.17387
1.16875
1.16364
1.15853
1.15341
1.1483
1.14319
1.13807
1.13296
1.12784
1.12273
1.11762
1.1125
1.10739
1.10228
1.09716
1.09205
1.08693
1.08182
1.07671
1.07159
1.06648
1.06137
1.05625
1.05114
1.04602
1.04091
1.0358
1.03068
1.02557
1.02045
1.01534
1.01023
1
1
1
1
1
1
1
1.64602
1.63352
1.62102
1.60852
1.59602
1.58352
1.57102
1.55852
1.54602
1.53352
1.52102
1.50852
1.49602
1.48352
1.47102
1.45852
1.44602
1.43352
1.42102
1.40852
1.39602
1.38352
1.37102
1.35852
1.34602
1.33352
1.32102
1.31584
1.31066
1.30548
1.30031
1.29513
1.28995
1.28477
1.27959
1.27442
1.26924
1.26406
1.25888
1.25371
1.24853
1.24335
1.23817
1.233
1.22782
1.22264
1.21746
1.21228
1.20711
1.20193
1.19675
1.19157
1.1864
1.18122
1.17604
1.17086
1.16569
1.16051
1.15533
1.15015
1.14497
1.1398
1.13462
1.12944
1.12426
1.11909
1.11391
1.10873
1.10355
1.09838
1.0932
1.08802
1.08284
1.07767
1.07249
1.06731
1.06213
1.05695
1.05178
1.0466
1.04142
1.03624
1.03107
1.02589
1.02071
1.01553
1.01036
1
1
1
1
1
1
1
1
1
1
1
1
1
1
1
1.33388
1.32138
1.30888
1.29638
1.28388
1.27138
1.25888
1.25371
1.24853
1.24335
1.23817
1.233
1.22782
1.22264
1.21746
1.21229
1.20711
1.20193
1.19675
1.19157
1.1864
1.18122
1.17604
1.17086
1.16569
1.16051
1.15533
1.15015
1.14498
1.1398
1.13462
1.12944
1.12426
1.11909
1.11391
1.10873
1.10355
1.09838
1.0932
1.08802
1.08284
1.07767
1.07249
1.06731
1.06213
1.05695
1.05178
1.0466
1.04142
1.03624
1.03107
1.02589
1.02071
1.01553
1.01036
1
1
1
1
1
1
1
1.66161
1.64895
1.63629
1.62363
1.61098
1.59832
1.58566
1.573
1.56034
1.54768
1.53503
1.52237
1.50971
1.49705
1.48439
1.47174
1.45908
1.44642
1.43376
1.4211
1.40844
1.39579
1.38313
1.37047
1.35781
1.34515
1.33249
1.31984
1.31459
1.30935
1.30411
1.29886
1.29362
1.28838
1.28313
1.27789
1.27265
1.2674
1.26216
1.25692
1.25167
1.24643
1.24119
1.23595
1.2307
1.22546
1.22022
1.21497
1.20973
1.20449
1.19924
1.194
1.18876
1.18351
1.17827
1.17303
1.16778
1.16254
1.1573
1.15205
1.14681
1.14157
1.13632
1.13108
1.12584
1.12059
1.11535
1.11011
1.10486
1.09962
1.09438
1.08913
1.08389
1.07865
1.0734
1.06816
1.06292
1.05768
1.05243
1.04719
1.04195
1.0367
1.03146
1.02622
1.02097
1.01573
1.01049
1
1
1
1
1
1
1
1
1
1
1
1
1
1
1
1
1.33287
1.32021
1.30755
1.29489
1.28223
1.26958
1.25692
1.25167
1.24643
1.24119
1.23595
1.2307
1.22546
1.22022
1.21497
1.20973
1.20449
1.19924
1.194
1.18876
1.18351
1.17827
1.17303
1.16778
1.16254
1.1573
1.15205
1.14681
1.14157
1.13632
1.13108
1.12584
1.12059
1.11535
1.11011
1.10486
1.09962
1.09438
1.08913
1.08389
1.07865
1.07341
1.06816
1.06292
1.05768
1.05243
1.04719
1.04195
1.0367
1.03146
1.02622
1.02097
1.01573
1.01049
1
1
1
1
1
1
1
1
1
1
1.6776
1.66478
1.65196
1.63914
1.62632
1.6135
1.60068
1.58786
1.57504
1.56222
1.5494
1.53658
1.52375
1.51093
1.49811
1.48529
1.47247
1.45965
1.44683
1.43401
1.42119
1.40837
1.39555
1.38273
1.36991
1.35709
1.34427
1.33145
1.31863
1.31332
1.30801
1.3027
1.29738
1.29207
1.28676
1.28145
1.27614
1.27083
1.26552
1.26021
1.2549
1.24959
1.24428
1.23897
1.23366
1.22835
1.22304
1.21773
1.21242
1.20711
1.2018
1.19649
1.19118
1.18587
1.18056
1.17524
1.16993
1.16462
1.15931
1.154
1.14869
1.14338
1.13807
1.13276
1.12745
1.12214
1.11683
1.11152
1.10621
1.1009
1.09559
1.09028
1.08497
1.07966
1.07435
1.06904
1.06373
1.05841
1.0531
1.04779
1.04248
1.03717
1.03186
1.02655
1.02124
1.01593
1.01062
1
1
1
1
1
1
1
1
1
1
1
1
1
1
1
1
1
1
1.33182
1.319
1.30618
1.29336
1.28054
1.26772
1.2549
1.24959
1.24428
1.23897
1.23366
1.22835
1.22304
1.21773
1.21242
1.20711
1.2018
1.19649
1.19118
1.18587
1.18056
1.17524
1.16993
1.16462
1.15931
1.154
1.14869
1.14338
1.13807
1.13276
1.12745
1.12214
1.11683
1.11152
1.10621
1.1009
1.09559
1.09028
1.08497
1.07966
1.07435
1.06904
1.06373
1.05841
1.0531
1.04779
1.04248
1.03717
1.03186
1.02655
1.02124
1.01593
1.01062
1
1
1
1
1
1
1
1
1
1
1
1.69401
1.68102
1.66803
1.65505
1.64206
1.62907
1.61609
1.6031
1.59011
1.57713
1.56414
1.55115
1.53816
1.52518
1.51219
1.4992
1.48622
1.47323
1.46024
1.44726
1.43427
1.42128
1.40829
1.39531
1.38232
1.36933
1.35635
1.34336
1.33037
1.31739
1.31201
1.30663
1.30125
1.29587
1.29049
1.28511
1.27973
1.27435
1.26897
1.26359
1.25821
1.25283
1.24745
1.24207
1.23669
1.23131
1.22594
1.22056
1.21518
1.2098
1.20442
1.19904
1.19366
1.18828
1.1829
1.17752
1.17214
1.16676
1.16138
1.156
1.15062
1.14524
1.13986
1.13449
1.12911
1.12373
1.11835
1.11297
1.10759
1.10221
1.09683
1.09145
1.08607
1.08069
1.07531
1.06993
1.06455
1.05917
1.05379
1.04841
1.04304
1.03766
1.03228
1.0269
1.02152
1.01614
1.01076
1
1
1
1
1
1
1
1
1
1
1
1
1
1
1
1
1
1
1
1.31777
1.30478
1.29179
1.27881
1.26582
1.25283
1.24745
1.24207
1.23669
1.23131
1.22594
1.22056
1.21518
1.2098
1.20442
1.19904
1.19366
1.18828
1.1829
1.17752
1.17214
1.16676
1.16138
1.156
1.15062
1.14524
1.13986
1.13449
1.12911
1.12373
1.11835
1.11297
1.10759
1.10221
1.09683
1.09145
1.08607
1.08069
1.07531
1.06993
1.06455
1.05917
1.05379
1.04841
1.04304
1.03766
1.03228
1.0269
1.02152
1.01614
1.01076
1
1
1
1
1
1
1
1
1
1
1
1
1.71085
1.69769
1.68453
1.67137
1.65822
1.64506
1.6319
1.61874
1.60558
1.59243
1.57927
1.56611
1.55295
1.5398
1.52664
1.51348
1.50032
1.48716
1.47401
1.46085
1.44769
1.43453
1.42137
1.40822
1.39506
1.3819
1.36874
1.35558
1.34243
1.32927
1.31611
1.31066
1.30521
1.29976
1.29431
1.28886
1.28341
1.27796
1.27251
1.26706
1.26161
1.25616
1.25071
1.24526
1.23981
1.23436
1.22891
1.22346
1.21801
1.21256
1.20711
1.20166
1.19621
1.19076
1.18531
1.17986
1.17441
1.16896
1.16351
1.15806
1.15261
1.14716
1.1417
1.13625
1.1308
1.12535
1.1199
1.11445
1.109
1.10355
1.0981
1.09265
1.0872
1.08175
1.0763
1.07085
1.0654
1.05995
1.0545
1.04905
1.0436
1.03815
1.0327
1.02725
1.0218
1.01635
1.0109
1
1
1
1
1
1
1
1
1
1
1
1
1
1
1
1
1
1
1
1
1.3165
1.30334
1.29018
1.27702
1.26387
1.25071
1.24526
1.23981
1.23436
1.22891
1.22346
1.21801
1.21256
1.20711
1.20166
1.19621
1.19076
1.18531
1.17986
1.17441
1.16896
1.16351
1.15806
1.15261
1.14716
1.14171
1.13625
1.1308
1.12535
1.1199
1.11445
1.109
1.10355
1.0981
1.09265
1.0872
1.08175
1.0763
1.07085
1.0654
1.05995
1.0545
1.04905
1.0436
1.03815
1.0327
1.02725
1.0218
1.01635
1.0109
1
1
1
1
1
1
1
1
1
1
1
1
1
1
1.7148
1.70147
1.68814
1.6748
1.66147
1.64814
1.6348
1.62147
1.60814
1.5948
1.58147
1.56814
1.5548
1.54147
1.52814
1.5148
1.50147
1.48814
1.4748
1.46147
1.44814
1.4348
1.42147
1.40814
1.3948
1.38147
1.36814
1.3548
1.34147
1.32814
1.3148
1.30928
1.30376
1.29823
1.29271
1.28719
1.28167
1.27614
1.27062
1.2651
1.25957
1.25405
1.24853
1.24301
1.23748
1.23196
1.22644
1.22091
1.21539
1.20987
1.20435
1.19882
1.1933
1.18778
1.18225
1.17673
1.17121
1.16569
1.16016
1.15464
1.14912
1.14359
1.13807
1.13255
1.12703
1.1215
1.11598
1.11046
1.10493
1.09941
1.09389
1.08837
1.08284
1.07732
1.0718
1.06627
1.06075
1.05523
1.04971
1.04418
1.03866
1.03314
1.02761
1.02209
1.01657
1.01105
1
1
1
1
1
1
1
1
1
1
1
1
1
1
1
1
1
1
1
1
1
1
1.3152
1.30186
1.28853
1.2752
1.26186
1.24853
1.24301
1.23748
1.23196
1.22644
1.22091
1.21539
1.20987
1.20435
1.19882
1.1933
1.18778
1.18225
1.17673
1.17121
1.16569
1.16016
1.15464
1.14912
1.14359
1.13807
1.13255
1.12703
1.1215
1.11598
1.11046
1.10493
1.09941
1.09389
1.08837
1.08284
1.07732
1.0718
1.06627
1.06075
1.05523
1.04971
1.04418
1.03866
1.03314
1.02761
1.02209
1.01657
1.01105
1
1
1
1
1
1
1
1
1
1
1
1
1
1
1
1
1.73238
1.71887
1.70535
1.69184
1.67832
1.66481
1.6513
1.63778
1.62427
1.61076
1.59724
1.58373
1.57022
1.5567
1.54319
1.52968
1.51616
1.50265
1.48914
1.47562
1.46211
1.44859
1.43508
1.42157
1.40805
1.39454
1.38103
1.36751
1.354
1.34049
1.32697
1.31346
1.30786
1.30226
1.29667
1.29107
1.28547
1.27987
1.27428
1.26868
1.26308
1.25748
1.25189
1.24629
1.24069
1.23509
1.2295
1.2239
1.2183
1.2127
1.20711
1.20151
1.19591
1.19031
1.18472
1.17912
1.17352
1.16792
1.16233
1.15673
1.15113
1.14553
1.13994
1.13434
1.12874
1.12314
1.11755
1.11195
1.10635
1.10075
1.09516
1.08956
1.08396
1.07836
1.07277
1.06717
1.06157
1.05597
1.05038
1.04478
1.03918
1.03358
1.02799
1.02239
1.01679
1.0112
1
1
1
1
1
1
1
1
1
1
1
1
1
1
1
1
1
1
1
1
1
1
1
1.31386
1.30034
1.28683
1.27332
1.2598
1.24629
1.24069
1.23509
1.2295
1.2239
1.2183
1.2127
1.20711
1.20151
1.19591
1.19031
1.18472
1.17912
1.17352
1.16792
1.16233
1.15673
1.15113
1.14553
1.13994
1.13434
1.12874
1.12314
1.11755
1.11195
1.10635
1.10075
1.09516
1.08956
1.08396
1.07836
1.07277
1.06717
1.06157
1.05597
1.05038
1.04478
1.03918
1.03358
1.02799
1.02239
1.01679
1.0112
1
1
1
1
1
1
1
1
1
1
1
1
1
1
1
1
1
1
1.75044
1.73674
1.72304
1.70934
1.69564
1.68194
1.66824
1.65455
1.64085
1.62715
1.61345
1.59975
1.58605
1.57235
1.55865
1.54496
1.53126
1.51756
1.50386
1.49016
1.47646
1.46276
1.44907
1.43537
1.42167
1.40797
1.39427
1.38057
1.36687
1.35318
1.33948
1.32578
1.31208
1.30641
1.30073
1.29506
1.28938
1.28371
1.27803
1.27236
1.26669
1.26101
1.25534
1.24966
1.24399
1.23832
1.23264
1.22697
1.22129
1.21562
1.20994
1.20427
1.1986
1.19292
1.18725
1.18157
1.1759
1.17023
1.16455
1.15888
1.1532
1.14753
1.14185
1.13618
1.13051
1.12483
1.11916
1.11348
1.10781
1.10213
1.09646
1.09079
1.08511
1.07944
1.07376
1.06809
1.06242
1.05674
1.05107
1.04539
1.03972
1.03404
1.02837
1.0227
1.01702
1.01135
1
1
1
1
1
1
1
1
1
1
1
1
1
1
1
1
1
1
1
1
1
1
1
1
1.29878
1.28509
1.27139
1.25769
1.24399
1.23832
1.23264
1.22697
1.22129
1.21562
1.20994
1.20427
1.1986
1.19292
1.18725
1.18157
1.1759
1.17023
1.16455
1.15888
1.1532
1.14753
1.14185
1.13618
1.13051
1.12483
1.11916
1.11348
1.10781
1.10214
1.09646
1.09079
1.08511
1.07944
1.07376
1.06809
1.06242
1.05674
1.05107
1.04539
1.03972
1.03404
1.02837
1.0227
1.01702
1.01135
1
1
1
1
1
1
1
1
1
1
1
1
1
1
1
1
1
1
1
1.76899
1.75511
1.74122
1.72733
1.71344
1.69955
1.68566
1.67177
1.65788
1.64399
1.63011
1.61622
1.60233
1.58844
1.57455
1.56066
1.54677
1.53288
1.51899
1.50511
1.49122
1.47733
1.46344
1.44955
1.43566
1.42177
1.40788
1.39399
1.38011
1.36622
1.35233
1.33844
1.32455
1.31066
1.30491
1.29916
1.2934
1.28765
1.2819
1.27614
1.27039
1.26464
1.25888
1.25313
1.24738
1.24163
1.23587
1.23012
1.22437
1.21861
1.21286
1.20711
1.20135
1.1956
1.18985
1.1841
1.17834
1.17259
1.16684
1.16108
1.15533
1.14958
1.14382
1.13807
1.13232
1.12657
1.12081
1.11506
1.10931
1.10355
1.0978
1.09205
1.08629
1.08054
1.07479
1.06904
1.06328
1.05753
1.05178
1.04602
1.04027
1.03452
1.02876
1.02301
1.01726
1.01151
1
1
1
1
1
1
1
1
1
1
1
1
1
1
1
1
1
1
1
1
1
1
1
1
1.31107
1.29718
1.28329
1.2694
1.25551
1.24163
1.23587
1.23012
1.22437
1.21861
1.21286
1.20711
1.20135
1.1956
1.18985
1.1841
1.17834
1.17259
1.16684
1.16108
1.15533
1.14958
1.14382
1.13807
1.13232
1.12657
1.12081
1.11506
1.10931
1.10355
1.0978
1.09205
1.08629
1.08054
1.07479
1.06904
1.06328
1.05753
1.05178
1.04602
1.04027
1.03452
1.02876
1.02301
1.01726
1.01151
1
1
1
1
1
1
1
1
1
1
1
1
1
1
1
1
1
1
1
1.78808
1.77399
1.75991
1.74582
1.73174
1.71765
1.70357
1.68948
1.6754
1.66132
1.64723
1.63315
1.61906
1.60498
1.59089
1.57681
1.56272
1.54864
1.53455
1.52047
1.50639
1.4923
1.47822
1.46413
1.45005
1.43596
1.42188
1.40779
1.39371
1.37963
1.36554
1.35146
1.33737
1.32329
1.3092
1.30337
1.29753
1.2917
1.28587
1.28003
1.2742
1.26836
1.26253
1.2567
1.25086
1.24503
1.23919
1.23336
1.22753
1.22169
1.21586
1.21002
1.20419
1.19836
1.19252
1.18669
1.18085
1.17502
1.16919
1.16335
1.15752
1.15168
1.14585
1.14002
1.13418
1.12835
1.12251
1.11668
1.11085
1.10501
1.09918
1.09334
1.08751
1.08168
1.07584
1.07001
1.06417
1.05834
1.05251
1.04667
1.04084
1.035
1.02917
1.02334
1.0175
1.01167
1
1
1
1
1
1
1
1
1
1
1
1
1
1
1
1
1
1
1
1
1
1
1
1
1
1.30962
1.29553
1.28145
1.26736
1.25328
1.23919
1.23336
1.22753
1.22169
1.21586
1.21002
1.20419
1.19836
1.19252
1.18669
1.18085
1.17502
1.16919
1.16335
1.15752
1.15168
1.14585
1.14002
1.13418
1.12835
1.12251
1.11668
1.11085
1.10501
1.09918
1.09334
1.08751
1.08168
1.07584
1.07001
1.06417
1.05834
1.05251
1.04667
1.04084
1.035
1.02917
1.02334
1.0175
1.01167
1
1
1
1
1
1
1
1
1
1
1
1
1
1
1
1
1
1
1
1
1
1.8077
1.79342
1.77913
1.76485
1.75056
1.73627
1.72199
1.7077
1.69342
1.67913
1.66485
1.65056
1.63627
1.62199
1.6077
1.59342
1.57913
1.56485
1.55056
1.53627
1.52199
1.5077
1.49342
1.47913
1.46485
1.45056
1.43627
1.42199
1.4077
1.39342
1.37913
1.36485
1.35056
1.33627
1.32199
1.3077
1.30178
1.29587
1.28995
1.28403
1.27812
1.2722
1.26628
1.26036
1.25445
1.24853
1.24261
1.23669
1.23078
1.22486
1.21894
1.21302
1.20711
1.20119
1.19527
1.18936
1.18344
1.17752
1.1716
1.16569
1.15977
1.15385
1.14793
1.14202
1.1361
1.13018
1.12426
1.11835
1.11243
1.10651
1.10059
1.09468
1.08876
1.08284
1.07693
1.07101
1.06509
1.05917
1.05326
1.04734
1.04142
1.0355
1.02959
1.02367
1.01775
1.01183
1
1
1
1
1
1
1
1
1
1
1
1
1
1
1
1
1
1
1
1
1
1
1
1
1
1
1
1.30812
1.29384
1.27955
1.26527
1.25098
1.23669
1.23078
1.22486
1.21894
1.21302
1.20711
1.20119
1.19527
1.18936
1.18344
1.17752
1.1716
1.16569
1.15977
1.15385
1.14793
1.14202
1.1361
1.13018
1.12426
1.11835
1.11243
1.10651
1.10059
1.09468
1.08876
1.08284
1.07693
1.07101
1.06509
1.05917
1.05326
1.04734
1.04142
1.0355
1.02959
1.02367
1.01775
1.01183
1
1
1
1
1
1
1
1
1
1
1
1
1
1
1
1
1
1
1
1
1
1
1
1.79891
1.78442
1.76993
1.75543
1.74094
1.72645
1.71196
1.69746
1.68297
1.66848
1.65398
1.63949
1.625
1.61051
1.59601
1.58152
1.56703
1.55254
1.53804
1.52355
1.50906
1.49456
1.48007
1.46558
1.45109
1.43659
1.4221
1.40761
1.39312
1.37862
1.36413
1.34964
1.33514
1.32065
1.30616
1.30016
1.29415
1.28815
1.28215
1.27614
1.27014
1.26414
1.25813
1.25213
1.24613
1.24012
1.23412
1.22812
1.22212
1.21611
1.21011
1.20411
1.1981
1.1921
1.1861
1.18009
1.17409
1.16809
1.16208
1.15608
1.15008
1.14407
1.13807
1.13207
1.12607
1.12006
1.11406
1.10806
1.10205
1.09605
1.09005
1.08404
1.07804
1.07204
1.06603
1.06003
1.05403
1.04802
1.04202
1.03602
1.03002
1.02401
1.01801
1.01201
1
1
1
1
1
1
1
1
1
1
1
1
1
1
1
1
1
1
1
1
1
1
1
1
1
1
1
1
1.29209
1.2776
1.26311
1.24861
1.23412
1.22812
1.22212
1.21611
1.21011
1.20411
1.1981
1.1921
1.1861
1.18009
1.17409
1.16809
1.16208
1.15608
1.15008
1.14407
1.13807
1.13207
1.12607
1.12006
1.11406
1.10806
1.10205
1.09605
1.09005
1.08404
1.07804
1.07204
1.06603
1.06003
1.05403
1.04802
1.04202
1.03602
1.03002
1.02401
1.01801
1.01201
1
1
1
1
1
1
1
1
1
1
1
1
1
1
1
1
1
1
1
1
1
1
1
1
1
1.81928
1.80457
1.78986
1.77516
1.76045
1.74575
1.73104
1.71633
1.70163
1.68692
1.67222
1.65751
1.6428
1.6281
1.61339
1.59869
1.58398
1.56928
1.55457
1.53986
1.52516
1.51045
1.49575
1.48104
1.46633
1.45163
1.43692
1.42222
1.40751
1.3928
1.3781
1.36339
1.34869
1.33398
1.31928
1.30457
1.29848
1.29239
1.2863
1.2802
1.27411
1.26802
1.26193
1.25584
1.24975
1.24366
1.23756
1.23147
1.22538
1.21929
1.2132
1.20711
1.20102
1.19492
1.18883
1.18274
1.17665
1.17056
1.16447
1.15838
1.15228
1.14619
1.1401
1.13401
1.12792
1.12183
1.11574
1.10964
1.10355
1.09746
1.09137
1.08528
1.07919
1.0731
1.06701
1.06091
1.05482
1.04873
1.04264
1.03655
1.03046
1.02437
1.01827
1.01218
1
1
1
1
1
1
1
1
1
1
1
1
1
1
1
1
1
1
1
1
1
1
1
1
1
1
1
1
1
1.2903
1.27559
1.26088
1.24618
1.23147
1.22538
1.21929
1.2132
1.20711
1.20102
1.19492
1.18883
1.18274
1.17665
1.17056
1.16447
1.15838
1.15228
1.14619
1.1401
1.13401
1.12792
1.12183
1.11574
1.10965
1.10355
1.09746
1.09137
1.08528
1.07919
1.0731
1.06701
1.06091
1.05482
1.04873
1.04264
1.03655
1.03046
1.02437
1.01827
1.01218
1
1
1
1
1
1
1
1
1
1
1
1
1
1
1
1
1
1
1
1
1
1
1
1
1
1
1.84025
1.82532
1.8104
1.79547
1.78055
1.76562
1.75069
1.73577
1.72084
1.70592
1.69099
1.67607
1.66114
1.64622
1.63129
1.61637
1.60144
1.58652
1.57159
1.55666
1.54174
1.52681
1.51189
1.49696
1.48204
1.46711
1.45219
1.43726
1.42234
1.40741
1.39249
1.37756
1.36263
1.34771
1.33278
1.31786
1.30293
1.29675
1.29057
1.28439
1.2782
1.27202
1.26584
1.25966
1.25347
1.24729
1.24111
1.23493
1.22875
1.22256
1.21638
1.2102
1.20402
1.19783
1.19165
1.18547
1.17929
1.1731
1.16692
1.16074
1.15456
1.14838
1.14219
1.13601
1.12983
1.12365
1.11746
1.11128
1.1051
1.09892
1.09273
1.08655
1.08037
1.07419
1.06801
1.06182
1.05564
1.04946
1.04328
1.03709
1.03091
1.02473
1.01855
1.01236
1
1
1
1
1
1
1
1
1
1
1
1
1
1
1
1
1
1
1
1
1
1
1
1
1
1
1
1
1
1
1.27352
1.2586
1.24367
1.22875
1.22256
1.21638
1.2102
1.20402
1.19783
1.19165
1.18547
1.17929
1.1731
1.16692
1.16074
1.15456
1.14838
1.14219
1.13601
1.12983
1.12365
1.11746
1.11128
1.1051
1.09892
1.09273
1.08655
1.08037
1.07419
1.06801
1.06182
1.05564
1.04946
1.04328
1.03709
1.03091
1.02473
1.01855
1.01236
1
1
1
1
1
1
1
1
1
1
1
1
1
1
1
1
1
1
1
1
1
1
1
1
1
1
1
1
1.8467
1.83155
1.8164
1.80125
1.7861
1.77094
1.75579
1.74064
1.72549
1.71034
1.69519
1.68003
1.66488
1.64973
1.63458
1.61943
1.60428
1.58913
1.57397
1.55882
1.54367
1.52852
1.51337
1.49822
1.48307
1.46791
1.45276
1.43761
1.42246
1.40731
1.39216
1.377
1.36185
1.3467
1.33155
1.3164
1.30125
1.29497
1.2887
1.28242
1.27614
1.26987
1.26359
1.25732
1.25104
1.24476
1.23849
1.23221
1.22594
1.21966
1.21338
1.20711
1.20083
1.19456
1.18828
1.182
1.17573
1.16945
1.16318
1.1569
1.15062
1.14435
1.13807
1.1318
1.12552
1.11924
1.11297
1.10669
1.10042
1.09414
1.08786
1.08159
1.07531
1.06904
1.06276
1.05648
1.05021
1.04393
1.03766
1.03138
1.0251
1.01883
1.01255
1
1
1
1
1
1
1
1
1
1
1
1
1
1
1
1
1
1
1
1
1
1
1
1
1
1
1
1
1
1
1
1
1.25624
1.24109
1.22594
1.21966
1.21338
1.20711
1.20083
1.19456
1.18828
1.182
1.17573
1.16945
1.16318
1.1569
1.15062
1.14435
1.13807
1.1318
1.12552
1.11924
1.11297
1.10669
1.10042
1.09414
1.08786
1.08159
1.07531
1.06904
1.06276
1.05648
1.05021
1.04393
1.03766
1.03138
1.0251
1.01883
1.01255
1
1
1
1
1
1
1
1
1
1
1
1
1
1
1
1
1
1
1
1
1
1
1
1
1
1
1
1
1
1
1.86874
1.85336
1.83797
1.82259
1.8072
1.79182
1.77643
1.76105
1.74566
1.73028
1.71489
1.69951
1.68412
1.66874
1.65336
1.63797
1.62259
1.6072
1.59182
1.57643
1.56105
1.54566
1.53028
1.51489
1.49951
1.48412
1.46874
1.45336
1.43797
1.42259
1.4072
1.39182
1.37643
1.36105
1.34566
1.33028
1.31489
1.29951
1.29314
1.28676
1.28039
1.27402
1.26765
1.26127
1.2549
1.24853
1.24216
1.23578
1.22941
1.22304
1.21667
1.21029
1.20392
1.19755
1.19118
1.1848
1.17843
1.17206
1.16569
1.15931
1.15294
1.14657
1.1402
1.13382
1.12745
1.12108
1.11471
1.10833
1.10196
1.09559
1.08922
1.08284
1.07647
1.0701
1.06373
1.05735
1.05098
1.04461
1.03824
1.03186
1.02549
1.01912
1.01275
1
1
1
1
1
1
1
1
1
1
1
1
1
1
1
1
1
1
1
1
1
1
1
1
1
1
1
1
1
1
1
1
1
1.25381
1.23842
1.22304
1.21667
1.21029
1.20392
1.19755
1.19118
1.1848
1.17843
1.17206
1.16569
1.15931
1.15294
1.14657
1.1402
1.13382
1.12745
1.12108
1.11471
1.10833
1.10196
1.09559
1.08922
1.08284
1.07647
1.0701
1.06373
1.05735
1.05098
1.04461
1.03824
1.03186
1.02549
1.01912
1.01275
1
1
1
1
1
1
1
1
1
1
1
1
1
1
1
1
1
1
1
1
1
1
1
1
1
1
1
1
1
1
1
1
1.87584
1.86022
1.84459
1.82897
1.81334
1.79772
1.78209
1.76647
1.75084
1.73522
1.71959
1.70397
1.68834
1.67272
1.65709
1.64147
1.62584
1.61022
1.59459
1.57897
1.56334
1.54772
1.53209
1.51647
1.50084
1.48522
1.46959
1.45397
1.43834
1.42272
1.40709
1.39147
1.37584
1.36022
1.34459
1.32897
1.31334
1.29772
1.29124
1.28477
1.2783
1.27183
1.26536
1.25888
1.25241
1.24594
1.23947
1.233
1.22652
1.22005
1.21358
1.20711
1.20064
1.19416
1.18769
1.18122
1.17475
1.16827
1.1618
1.15533
1.14886
1.14239
1.13591
1.12944
1.12297
1.1165
1.11003
1.10355
1.09708
1.09061
1.08414
1.07766
1.07119
1.06472
1.05825
1.05178
1.0453
1.03883
1.03236
1.02589
1.01942
1.01294
1
1
1
1
1
1
1
1
1
1
1
1
1
1
1
1
1
1
1
1
1
1
1
1
1
1
1
1
1
1
1
1
1
1.2513
1.23568
1.22005
1.21358
1.20711
1.20064
1.19416
1.18769
1.18122
1.17475
1.16827
1.1618
1.15533
1.14886
1.14239
1.13591
1.12944
1.12297
1.1165
1.11003
1.10355
1.09708
1.09061
1.08414
1.07767
1.07119
1.06472
1.05825
1.05178
1.0453
1.03883
1.03236
1.02589
1.01942
1.01294
1
1
1
1
1
1
1
1
1
1
1
1
1
1
1
1
1
1
1
1
1
1
1
1
1
1
1
1
1
1
1
1
1
1
1.89904
1.88317
1.8673
1.85142
1.83555
1.81968
1.8038
1.78793
1.77206
1.75619
1.74031
1.72444
1.70857
1.69269
1.67682
1.66095
1.64507
1.6292
1.61333
1.59745
1.58158
1.56571
1.54984
1.53396
1.51809
1.50222
1.48634
1.47047
1.4546
1.43872
1.42285
1.40698
1.39111
1.37523
1.35936
1.34349
1.32761
1.31174
1.29587
1.28929
1.28272
1.27614
1.26957
1.26299
1.25642
1.24984
1.24327
1.23669
1.23012
1.22354
1.21697
1.21039
1.20382
1.19724
1.19067
1.1841
1.17752
1.17095
1.16437
1.1578
1.15122
1.14465
1.13807
1.1315
1.12492
1.11835
1.11177
1.1052
1.09862
1.09205
1.08547
1.0789
1.07232
1.06575
1.05917
1.0526
1.04602
1.03945
1.03287
1.0263
1.01972
1.01315
1
1
1
1
1
1
1
1
1
1
1
1
1
1
1
1
1
1
1
1
1
1
1
1
1
1
1
1
1
1
1
1
1
1.26459
1.24872
1.23284
1.21697
1.21039
1.20382
1.19725
1.19067
1.1841
1.17752
1.17095
1.16437
1.1578
1.15122
1.14465
1.13807
1.1315
1.12492
1.11835
1.11177
1.1052
1.09862
1.09205
1.08547
1.0789
1.07232
1.06575
1.05917
1.0526
1.04602
1.03945
1.03287
1.0263
1.01972
1.01315
1
1
1
1
1
1
1
1
1
1
1
1
1
1
1
1
1
1
1
1
1
1
1
1
1
1
1
1
1
1
1
1
1
1
1.90686
1.89073
1.8746
1.85847
1.84235
1.82622
1.81009
1.79396
1.77783
1.7617
1.74557
1.72944
1.71331
1.69718
1.68106
1.66493
1.6488
1.63267
1.61654
1.60041
1.58428
1.56815
1.55202
1.53589
1.51977
1.50364
1.48751
1.47138
1.45525
1.43912
1.42299
1.40686
1.39073
1.3746
1.35847
1.34235
1.32622
1.31009
1.29396
1.28728
1.2806
1.27392
1.26724
1.26055
1.25387
1.24719
1.24051
1.23383
1.22715
1.22047
1.21379
1.20711
1.20043
1.19375
1.18706
1.18038
1.1737
1.16702
1.16034
1.15366
1.14698
1.1403
1.13362
1.12694
1.12026
1.11357
1.10689
1.10021
1.09353
1.08685
1.08017
1.07349
1.06681
1.06013
1.05345
1.04677
1.04009
1.0334
1.02672
1.02004
1.01336
1
1
1
1
1
1
1
1
1
1
1
1
1
1
1
1
1
1
1
1
1
1
1
1
1
1
1
1
1
1
1
1
1
1
1.26218
1.24605
1.22992
1.21379
1.20711
1.20043
1.19375
1.18706
1.18038
1.1737
1.16702
1.16034
1.15366
1.14698
1.1403
1.13362
1.12694
1.12026
1.11357
1.10689
1.10021
1.09353
1.08685
1.08017
1.07349
1.06681
1.06013
1.05345
1.04677
1.04009
1.0334
1.02672
1.02004
1.01336
1
1
1
1
1
1
1
1
1
1
1
1
1
1
1
1
1
1
1
1
1
1
1
1
1
1
1
1
1
1
1
1
1
1
1
1.93133
1.91494
1.89854
1.88215
1.86576
1.84936
1.83297
1.81658
1.80018
1.78379
1.7674
1.751
1.73461
1.71822
1.70182
1.68543
1.66904
1.65264
1.63625
1.61986
1.60346
1.58707
1.57068
1.55428
1.53789
1.5215
1.5051
1.48871
1.47232
1.45592
1.43953
1.42313
1.40674
1.39035
1.37395
1.35756
1.34117
1.32477
1.30838
1.29199
1.2852
1.27841
1.27162
1.26483
1.25804
1.25124
1.24445
1.23766
1.23087
1.22408
1.21729
1.2105
1.20371
1.19692
1.19013
1.18334
1.17655
1.16976
1.16297
1.15618
1.14939
1.1426
1.13581
1.12902
1.12223
1.11544
1.10865
1.10186
1.09507
1.08827
1.08148
1.07469
1.0679
1.06111
1.05432
1.04753
1.04074
1.03395
1.02716
1.02037
1.01358
1
1
1
1
1
1
1
1
1
1
1
1
1
1
1
1
1
1
1
1
1
1
1
1
1
1
1
1
1
1
1
1
1
1
1
1
1.24329
1.2269
1.2105
1.20371
1.19692
1.19013
1.18334
1.17655
1.16976
1.16297
1.15618
1.14939
1.1426
1.13581
1.12902
1.12223
1.11544
1.10865
1.10186
1.09507
1.08828
1.08148
1.07469
1.0679
1.06111
1.05432
1.04753
1.04074
1.03395
1.02716
1.02037
1.01358
1
1
1
1
1
1
1
1
1
1
1
1
1
1
1
1
1
1
1
1
1
1
1
1
1
1
1
1
1
1
1
1
1
1
1
1
1
1
1.92328
1.90662
1.88995
1.87328
1.85662
1.83995
1.82328
1.80662
1.78995
1.77328
1.75662
1.73995
1.72328
1.70662
1.68995
1.67328
1.65662
1.63995
1.62328
1.60662
1.58995
1.57328
1.55662
1.53995
1.52328
1.50662
1.48995
1.47328
1.45662
1.43995
1.42328
1.40662
1.38995
1.37328
1.35662
1.33995
1.32328
1.30662
1.28995
1.28305
1.27614
1.26924
1.26234
1.25543
1.24853
1.24163
1.23472
1.22782
1.22091
1.21401
1.20711
1.2002
1.1933
1.1864
1.17949
1.17259
1.16569
1.15878
1.15188
1.14497
1.13807
1.13117
1.12426
1.11736
1.11046
1.10355
1.09665
1.08975
1.08284
1.07594
1.06904
1.06213
1.05523
1.04832
1.04142
1.03452
1.02761
1.02071
1.01381
1
1
1
1
1
1
1
1
1
1
1
1
1
1
1
1
1
1
1
1
1
1
1
1
1
1
1
1
1
1
1
1
1
1
1
1
1
1.24044
1.22377
1.20711
1.2002
1.1933
1.1864
1.17949
1.17259
1.16569
1.15878
1.15188
1.14498
1.13807
1.13117
1.12426
1.11736
1.11046
1.10355
1.09665
1.08975
1.08284
1.07594
1.06904
1.06213
1.05523
1.04832
1.04142
1.03452
1.02761
1.02071
1.01381
1
1
1
1
1
1
1
1
1
1
1
1
1
1
1
1
1
1
1
1
1
1
1
1
1
1
1
1
1
1
1
1
1
1
1
1
1
1
1
1.93191
1.91496
1.89801
1.88106
1.86412
1.84717
1.83022
1.81327
1.79632
1.77937
1.76242
1.74547
1.72852
1.71157
1.69462
1.67767
1.66073
1.64378
1.62683
1.60988
1.59293
1.57598
1.55903
1.54208
1.52513
1.50818
1.49123
1.47428
1.45734
1.44039
1.42344
1.40649
1.38954
1.37259
1.35564
1.33869
1.32174
1.30479
1.28784
1.28082
1.2738
1.26678
1.25976
1.25274
1.24572
1.2387
1.23168
1.22466
1.21764
1.21062
1.2036
1.19658
1.18956
1.18254
1.17551
1.16849
1.16147
1.15445
1.14743
1.14041
1.13339
1.12637
1.11935
1.11233
1.10531
1.09829
1.09127
1.08425
1.07723
1.07021
1.06319
1.05616
1.04914
1.04212
1.0351
1.02808
1.02106
1.01404
1
1
1
1
1
1
1
1
1
1
1
1
1
1
1
1
1
1
1
1
1
1
1
1
1
1
1
1
1
1
1
1
1
1
1
1
1
1.2375
1.22055
1.2036
1.19658
1.18956
1.18254
1.17551
1.16849
1.16147
1.15445
1.14743
1.14041
1.13339
1.12637
1.11935
1.11233
1.10531
1.09829
1.09127
1.08425
1.07723
1.07021
1.06319
1.05616
1.04914
1.04212
1.0351
1.02808
1.02106
1.01404
1
1
1
1
1
1
1
1
1
1
1
1
1
1
1
1
1
1
1
1
1
1
1
1
1
1
1
1
1
1
1
1
1
1
1
1
1
1
1
1
1
1.94084
1.9236
1.90635
1.88911
1.87187
1.85463
1.83739
1.82015
1.80291
1.78567
1.76842
1.75118
1.73394
1.7167
1.69946
1.68222
1.66498
1.64773
1.63049
1.61325
1.59601
1.57877
1.56153
1.54429
1.52704
1.5098
1.49256
1.47532
1.45808
1.44084
1.4236
1.40635
1.38911
1.37187
1.35463
1.33739
1.32015
1.30291
1.28567
1.27852
1.27138
1.26424
1.2571
1.24996
1.24282
1.23567
1.22853
1.22139
1.21425
1.20711
1.19997
1.19282
1.18568
1.17854
1.1714
1.16426
1.15712
1.14997
1.14283
1.13569
1.12855
1.12141
1.11427
1.10712
1.09998
1.09284
1.0857
1.07856
1.07142
1.06427
1.05713
1.04999
1.04285
1.03571
1.02857
1.02142
1.01428
1
1
1
1
1
1
1
1
1
1
1
1
1
1
1
1
1
1
1
1
1
1
1
1
1
1
1
1
1
1
1
1
1
1
1
1
1
1
1.21721
1.19997
1.19282
1.18568
1.17854
1.1714
1.16426
1.15712
1.14997
1.14283
1.13569
1.12855
1.12141
1.11427
1.10712
1.09998
1.09284
1.0857
1.07856
1.07142
1.06427
1.05713
1.04999
1.04285
1.03571
1.02857
1.02142
1.01428
1
1
1
1
1
1
1
1
1
1
1
1
1
1
1
1
1
1
1
1
1
1
1
1
1
1
1
1
1
1
1
1
1
1
1
1
1
1
1
1
1
1
1
1.95008
1.93253
1.91499
1.89745
1.8799
1.86236
1.84481
1.82727
1.80973
1.79218
1.77464
1.75709
1.73955
1.72201
1.70446
1.68692
1.66937
1.65183
1.63429
1.61674
1.5992
1.58166
1.56411
1.54657
1.52902
1.51148
1.49394
1.47639
1.45885
1.4413
1.42376
1.40622
1.38867
1.37113
1.35359
1.33604
1.3185
1.30095
1.28341
1.27614
1.26888
1.26161
1.25434
1.24708
1.23981
1.23254
1.22527
1.21801
1.21074
1.20347
1.19621
1.18894
1.18167
1.17441
1.16714
1.15987
1.15261
1.14534
1.13807
1.1308
1.12354
1.11627
1.109
1.10174
1.09447
1.0872
1.07994
1.07267
1.0654
1.05814
1.05087
1.0436
1.03633
1.02907
1.0218
1.01453
1
1
1
1
1
1
1
1
1
1
1
1
1
1
1
1
1
1
1
1
1
1
1
1
1
1
1
1
1
1
1
1
1
1
1
1
1
1
1
1.21375
1.19621
1.18894
1.18167
1.17441
1.16714
1.15987
1.15261
1.14534
1.13807
1.1308
1.12354
1.11627
1.109
1.10174
1.09447
1.0872
1.07994
1.07267
1.0654
1.05814
1.05087
1.0436
1.03633
1.02907
1.0218
1.01453
1
1
1
1
1
1
1
1
1
1
1
1
1
1
1
1
1
1
1
1
1
1
1
1
1
1
1
1
1
1
1
1
1
1
1
1
1
1
1
1
1
1
1
1
1.94179
1.92393
1.90607
1.88822
1.87036
1.8525
1.83465
1.81679
1.79893
1.78107
1.76322
1.74536
1.7275
1.70965
1.69179
1.67393
1.65607
1.63822
1.62036
1.6025
1.58465
1.56679
1.54893
1.53107
1.51322
1.49536
1.4775
1.45965
1.44179
1.42393
1.40607
1.38822
1.37036
1.3525
1.33465
1.31679
1.29893
1.28107
1.27368
1.26628
1.25888
1.25149
1.24409
1.23669
1.2293
1.2219
1.2145
1.20711
1.19971
1.19231
1.18492
1.17752
1.17012
1.16273
1.15533
1.14793
1.14054
1.13314
1.12574
1.11835
1.11095
1.10355
1.09616
1.08876
1.08136
1.07397
1.06657
1.05917
1.05178
1.04438
1.03698
1.02959
1.02219
1.01479
1
1
1
1
1
1
1
1
1
1
1
1
1
1
1
1
1
1
1
1
1
1
1
1
1
1
1
1
1
1
1
1
1
1
1
1
1
1
1
1.21017
1.19231
1.18492
1.17752
1.17012
1.16273
1.15533
1.14793
1.14054
1.13314
1.12574
1.11835
1.11095
1.10355
1.09616
1.08876
1.08136
1.07397
1.06657
1.05917
1.05178
1.04438
1.03698
1.02959
1.02219
1.01479
1
1
1
1
1
1
1
1
1
1
1
1
1
1
1
1
1
1
1
1
1
1
1
1
1
1
1
1
1
1
1
1
1
1
1
1
1
1
1
1
1
1
1
1
1
1
1.95138
1.9332
1.91502
1.89684
1.87865
1.86047
1.84229
1.82411
1.80593
1.78774
1.76956
1.75138
1.7332
1.71502
1.69684
1.67865
1.66047
1.64229
1.62411
1.60593
1.58774
1.56956
1.55138
1.5332
1.51502
1.49684
1.47865
1.46047
1.44229
1.42411
1.40593
1.38774
1.36956
1.35138
1.3332
1.31502
1.29684
1.27865
1.27112
1.26359
1.25606
1.24853
1.241
1.23347
1.22594
1.2184
1.21087
1.20334
1.19581
1.18828
1.18075
1.17322
1.16569
1.15815
1.15062
1.14309
1.13556
1.12803
1.1205
1.11297
1.10544
1.09791
1.09037
1.08284
1.07531
1.06778
1.06025
1.05272
1.04519
1.03766
1.03012
1.02259
1.01506
1
1
1
1
1
1
1
1
1
1
1
1
1
1
1
1
1
1
1
1
1
1
1
1
1
1
1
1
1
1
1
1
1
1
1
1
1
1
1
1
1
1.20646
1.18828
1.18075
1.17322
1.16569
1.15815
1.15062
1.14309
1.13556
1.12803
1.1205
1.11297
1.10544
1.09791
1.09037
1.08284
1.07531
1.06778
1.06025
1.05272
1.04519
1.03766
1.03012
1.02259
1.01506
1
1
1
1
1
1
1
1
1
1
1
1
1
1
1
1
1
1
1
1
1
1
1
1
1
1
1
1
1
1
1
1
1
1
1
1
1
1
1
1
1
1
1
1
1
1
1
1
1.97985
1.96133
1.94281
1.92429
1.90577
1.88725
1.86874
1.85022
1.8317
1.81318
1.79466
1.77614
1.75762
1.73911
1.72059
1.70207
1.68355
1.66503
1.64651
1.62799
1.60948
1.59096
1.57244
1.55392
1.5354
1.51688
1.49837
1.47985
1.46133
1.44281
1.42429
1.40577
1.38725
1.36874
1.35022
1.3317
1.31318
1.29466
1.27614
1.26847
1.2608
1.25313
1.24546
1.23779
1.23012
1.22245
1.21478
1.20711
1.19944
1.19177
1.1841
1.17642
1.16875
1.16108
1.15341
1.14574
1.13807
1.1304
1.12273
1.11506
1.10739
1.09972
1.09205
1.08438
1.07671
1.06904
1.06136
1.05369
1.04602
1.03835
1.03068
1.02301
1.01534
1
1
1
1
1
1
1
1
1
1
1
1
1
1
1
1
1
1
1
1
1
1
1
1
1
1
1
1
1
1
1
1
1
1
1
1
1
1
1
1
1
1.22113
1.20261
1.1841
1.17642
1.16875
1.16108
1.15341
1.14574
1.13807
1.1304
1.12273
1.11506
1.10739
1.09972
1.09205
1.08438
1.07671
1.06904
1.06137
1.05369
1.04602
1.03835
1.03068
1.02301
1.01534
1
1
1
1
1
1
1
1
1
1
1
1
1
1
1
1
1
1
1
1
1
1
1
1
1
1
1
1
1
1
1
1
1
1
1
1
1
1
1
1
1
1
1
1
1
1
1
1
1.99052
1.97165
1.95278
1.93392
1.91505
1.89618
1.87731
1.85844
1.83958
1.82071
1.80184
1.78297
1.7641
1.74524
1.72637
1.7075
1.68863
1.66976
1.6509
1.63203
1.61316
1.59429
1.57542
1.55656
1.53769
1.51882
1.49995
1.48109
1.46222
1.44335
1.42448
1.40561
1.38675
1.36788
1.34901
1.33014
1.31127
1.29241
1.27354
1.26572
1.25791
1.25009
1.24228
1.23446
1.22665
1.21883
1.21101
1.2032
1.19538
1.18757
1.17975
1.17194
1.16412
1.15631
1.14849
1.14068
1.13286
1.12505
1.11723
1.10941
1.1016
1.09378
1.08597
1.07815
1.07034
1.06252
1.05471
1.04689
1.03908
1.03126
1.02345
1.01563
1.00782
1
1
1
1
1
1
1
1
1
1
1
1
1
1
1
1
1
1
1
1
1
1
1
1
1
1
1
1
1
1
1
1
1
1
1
1
1
1
1
1
1
1.19862
1.17975
1.17194
1.16412
1.15631
1.14849
1.14068
1.13286
1.12505
1.11723
1.10942
1.1016
1.09378
1.08597
1.07815
1.07034
1.06252
1.05471
1.04689
1.03908
1.03126
1.02345
1.01563
1.00782
1
1
1
1
1
1
1
1
1
1
1
1
1
1
1
1
1
1
1
1
1
1
1
1
1
1
1
1
1
1
1
1
1
1
1
1
1
1
1
1
1
1
1
1
1
1
1
1
1.96314
1.94391
1.92468
1.90545
1.88622
1.86699
1.84776
1.82852
1.80929
1.79006
1.77083
1.7516
1.73237
1.71314
1.69391
1.67468
1.65545
1.63622
1.61699
1.59776
1.57852
1.55929
1.54006
1.52083
1.5016
1.48237
1.46314
1.44391
1.42468
1.40545
1.38622
1.36699
1.34776
1.32852
1.30929
1.29006
1.27083
1.26287
1.2549
1.24694
1.23897
1.231
1.22304
1.21507
1.20711
1.19914
1.19118
1.18321
1.17524
1.16728
1.15931
1.15135
1.14338
1.13542
1.12745
1.11948
1.11152
1.10355
1.09559
1.08762
1.07966
1.07169
1.06373
1.05576
1.04779
1.03983
1.03186
1.0239
1.01593
1.00797
1
1
1
1
1
1
1
1
1
1
1
1
1
1
1
1
1
1
1
1
1
1
1
1
1
1
1
1
1
1
1
1
1
1
1
1
1
1
1
1
1
1.19448
1.17524
1.16728
1.15931
1.15135
1.14338
1.13542
1.12745
1.11948
1.11152
1.10355
1.09559
1.08762
1.07966
1.07169
1.06373
1.05576
1.04779
1.03983
1.03186
1.0239
1.01593
1.00797
1
1
1
1
1
1
1
1
1
1
1
1
1
1
1
1
1
1
1
1
1
1
1
1
1
1
1
1
1
1
1
1
1
1
1
1
1
1
1
1
1
1
1
1
1
1
1
1
1
1
1.9739
1.9543
1.93469
1.91508
1.89547
1.87586
1.85626
1.83665
1.81704
1.79743
1.77783
1.75822
1.73861
1.719
1.69939
1.67979
1.66018
1.64057
1.62096
1.60135
1.58175
1.56214
1.54253
1.52292
1.50332
1.48371
1.4641
1.44449
1.42488
1.40528
1.38567
1.36606
1.34645
1.32684
1.30724
1.28763
1.26802
1.2599
1.25178
1.24366
1.23553
1.22741
1.21929
1.21117
1.20305
1.19492
1.1868
1.17868
1.17056
1.16244
1.15432
1.14619
1.13807
1.12995
1.12183
1.11371
1.10558
1.09746
1.08934
1.08122
1.0731
1.06497
1.05685
1.04873
1.04061
1.03249
1.02437
1.01624
1.00812
1
1
1
1
1
1
1
1
1
1
1
1
1
1
1
1
1
1
1
1
1
1
1
1
1
1
1
1
1
1
1
1
1
1
1
1
1
1
1
1
1
1
1.19017
1.17056
1.16244
1.15432
1.14619
1.13807
1.12995
1.12183
1.11371
1.10558
1.09746
1.08934
1.08122
1.0731
1.06497
1.05685
1.04873
1.04061
1.03249
1.02437
1.01624
1.00812
1
1
1
1
1
1
1
1
1
1
1
1
1
1
1
1
1
1
1
1
1
1
1
1
1
1
1
1
1
1
1
1
1
1
1
1
1
1
1
1
1
1
1
1
1
1
1
1
1
1
1
1.9451
1.9251
1.9051
1.8851
1.8651
1.8451
1.8251
1.8051
1.7851
1.7651
1.7451
1.7251
1.7051
1.6851
1.6651
1.6451
1.6251
1.6051
1.5851
1.5651
1.5451
1.5251
1.5051
1.4851
1.4651
1.4451
1.4251
1.4051
1.3851
1.3651
1.3451
1.3251
1.3051
1.2851
1.2651
1.25681
1.24853
1.24024
1.23196
1.22368
1.21539
1.20711
1.19882
1.19054
1.18225
1.17397
1.16569
1.1574
1.14912
1.14083
1.13255
1.12426
1.11598
1.1077
1.09941
1.09113
1.08284
1.07456
1.06627
1.05799
1.04971
1.04142
1.03314
1.02485
1.01657
1.00828
1
1
1
1
1
1
1
1
1
1
1
1
1
1
1
1
1
1
1
1
1
1
1
1
1
1
1
1
1
1
1
1
1
1
1
1
1
1
1
1
1
1
1
1
1.16569
1.1574
1.14912
1.14083
1.13255
1.12426
1.11598
1.1077
1.09941
1.09113
1.08284
1.07456
1.06627
1.05799
1.04971
1.04142
1.03314
1.02485
1.01657
1.00828
1
1
1
1
1
1
1
1
1
1
1
1
1
1
1
1
1
1
1
1
1
1
1
1
1
1
1
1
1
1
1
1
1
1
1
1
1
1
1
1
1
1
1
1
1
1
1
1
1
1
1
1
1.93552
1.91512
1.89471
1.8743
1.85389
1.83348
1.81307
1.79267
1.77226
1.75185
1.73144
1.71103
1.69063
1.67022
1.64981
1.6294
1.60899
1.58858
1.56818
1.54777
1.52736
1.50695
1.48654
1.46614
1.44573
1.42532
1.40491
1.3845
1.36409
1.34369
1.32328
1.30287
1.28246
1.26205
1.2536
1.24515
1.23669
1.22824
1.21979
1.21133
1.20288
1.19443
1.18597
1.17752
1.16907
1.16061
1.15216
1.14371
1.13525
1.1268
1.11835
1.10989
1.10144
1.09299
1.08453
1.07608
1.06763
1.05917
1.05072
1.04227
1.03381
1.02536
1.01691
1.00845
1
1
1
1
1
1
1
1
1
1
1
1
1
1
1
1
1
1
1
1
1
1
1
1
1
1
1
1
1
1
1
1
1
1
1
1
1
1
1
1
1
1
1
1
1.16061
1.15216
1.14371
1.13525
1.1268
1.11835
1.10989
1.10144
1.09299
1.08453
1.07608
1.06763
1.05917
1.05072
1.04227
1.03381
1.02536
1.01691
1.00845
1
1
1
1
1
1
1
1
1
1
1
1
1
1
1
1
1
1
1
1
1
1
1
1
1
1
1
1
1
1
1
1
1
1
1
1
1
1
1
1
1
1
1
1
1
1
1
1
1
1
1
1
1
1
1.90472
1.88388
1.86305
1.84222
1.82138
1.80055
1.77972
1.75888
1.73805
1.71722
1.69638
1.67555
1.65472
1.63388
1.61305
1.59222
1.57138
1.55055
1.52972
1.50888
1.48805
1.46722
1.44638
1.42555
1.40472
1.38388
1.36305
1.34222
1.32138
1.30055
1.27972
1.25888
1.25025
1.24163
1.233
1.22437
1.21574
1.20711
1.19848
1.18985
1.18122
1.17259
1.16396
1.15533
1.1467
1.13807
1.12944
1.12081
1.11218
1.10355
1.09492
1.08629
1.07767
1.06904
1.06041
1.05178
1.04315
1.03452
1.02589
1.01726
1.00863
1
1
1
1
1
1
1
1
1
1
1
1
1
1
1
1
1
1
1
1
1
1
1
1
1
1
1
1
1
1
1
1
1
1
1
1
1
1
1
1
1
1
1
1
1
1.15533
1.1467
1.13807
1.12944
1.12081
1.11218
1.10355
1.09492
1.08629
1.07767
1.06904
1.06041
1.05178
1.04315
1.03452
1.02589
1.01726
1.00863
1
1
1
1
1
1
1
1
1
1
1
1
1
1
1
1
1
1
1
1
1
1
1
1
1
1
1
1
1
1
1
1
1
1
1
1
1
1
1
1
1
1
1
1
1
1
1
1
1
1
1
1
1
1
1
1.89388
1.8726
1.85132
1.83005
1.80877
1.78749
1.76622
1.74494
1.72366
1.70239
1.68111
1.65983
1.63856
1.61728
1.596
1.57473
1.55345
1.53217
1.5109
1.48962
1.46834
1.44707
1.42579
1.40452
1.38324
1.36196
1.34069
1.31941
1.29813
1.27686
1.25558
1.24677
1.23795
1.22914
1.22033
1.21151
1.2027
1.19389
1.18507
1.17626
1.16745
1.15864
1.14982
1.14101
1.1322
1.12338
1.11457
1.10576
1.09694
1.08813
1.07932
1.0705
1.06169
1.05288
1.04407
1.03525
1.02644
1.01763
1.00881
1
1
1
1
1
1
1
1
1
1
1
1
1
1
1
1
1
1
1
1
1
1
1
1
1
1
1
1
1
1
1
1
1
1
1
1
1
1
1
1
1
1
1
1
1
1.14982
1.14101
1.1322
1.12338
1.11457
1.10576
1.09694
1.08813
1.07932
1.0705
1.06169
1.05288
1.04407
1.03525
1.02644
1.01763
1.00881
1
1
1
1
1
1
1
1
1
1
1
1
1
1
1
1
1
1
1
1
1
1
1
1
1
1
1
1
1
1
1
1
1
1
1
1
1
1
1
1
1
1
1
1
1
1
1
1
1
1
1
1
1
1
1
1
1.92604
1.9043
1.88257
1.86083
1.83909
1.81735
1.79561
1.77387
1.75213
1.73039
1.70865
1.68691
1.66517
1.64343
1.6217
1.59996
1.57822
1.55648
1.53474
1.513
1.49126
1.46952
1.44778
1.42604
1.4043
1.38257
1.36083
1.33909
1.31735
1.29561
1.27387
1.25213
1.24313
1.23412
1.22512
1.21611
1.20711
1.1981
1.1891
1.18009
1.17109
1.16208
1.15308
1.14407
1.13507
1.12607
1.11706
1.10806
1.09905
1.09005
1.08104
1.07204
1.06303
1.05403
1.04502
1.03602
1.02701
1.01801
1.009
1
1
1
1
1
1
1
1
1
1
1
1
1
1
1
1
1
1
1
1
1
1
1
1
1
1
1
1
1
1
1
1
1
1
1
1
1
1
1
1
1
1
1
1
1
1.15308
1.14407
1.13507
1.12607
1.11706
1.10806
1.09905
1.09005
1.08104
1.07204
1.06303
1.05403
1.04502
1.03602
1.02701
1.01801
1.009
1
1
1
1
1
1
1
1
1
1
1
1
1
1
1
1
1
1
1
1
1
1
1
1
1
1
1
1
1
1
1
1
1
1
1
1
1
1
1
1
1
1
1
1
1
1
1
1
1
1
1
1
1
1
1
1
1.87075
1.84853
1.82631
1.80408
1.78186
1.75964
1.73742
1.7152
1.69297
1.67075
1.64853
1.62631
1.60408
1.58186
1.55964
1.53742
1.5152
1.49297
1.47075
1.44853
1.42631
1.40408
1.38186
1.35964
1.33742
1.3152
1.29297
1.27075
1.24853
1.23932
1.23012
1.22091
1.21171
1.2025
1.1933
1.1841
1.17489
1.16569
1.15648
1.14728
1.13807
1.12887
1.11966
1.11046
1.10125
1.09205
1.08284
1.07364
1.06443
1.05523
1.04602
1.03682
1.02761
1.01841
1.0092
1
1
1
1
1
1
1
1
1
1
1
1
1
1
1
1
1
1
1
1
1
1
1
1
1
1
1
1
1
1
1
1
1
1
1
1
1
1
1
1
1
1
1
1
1
1
1.1695
1.14728
1.13807
1.12887
1.11966
1.11046
1.10125
1.09205
1.08284
1.07364
1.06443
1.05523
1.04602
1.03682
1.02761
1.01841
1.0092
1
1
1
1
1
1
1
1
1
1
1
1
1
1
1
1
1
1
1
1
1
1
1
1
1
1
1
1
1
1
1
1
1
1
1
1
1
1
1
1
1
1
1
1
1
1
1
1
1
1
1
1
1
1
1
1
1
1.81294
1.79022
1.76749
1.74476
1.72204
1.69931
1.67658
1.65385
1.63113
1.6084
1.58567
1.56294
1.54022
1.51749
1.49476
1.47204
1.44931
1.42658
1.40385
1.38113
1.3584
1.33567
1.31294
1.29022
1.26749
1.24476
1.23535
1.22594
1.21652
1.20711
1.19769
1.18828
1.17887
1.16945
1.16004
1.15062
1.14121
1.1318
1.12238
1.11297
1.10355
1.09414
1.08473
1.07531
1.0659
1.05648
1.04707
1.03766
1.02824
1.01883
1.00941
1
1
1
1
1
1
1
1
1
1
1
1
1
1
1
1
1
1
1
1
1
1
1
1
1
1
1
1
1
1
1
1
1
1
1
1
1
1
1
1
1
1
1
1
1
1
1.14121
1.1318
1.12238
1.11297
1.10355
1.09414
1.08473
1.07531
1.0659
1.05648
1.04707
1.03766
1.02824
1.01883
1.00941
1
1
1
1
1
1
1
1
1
1
1
1
1
1
1
1
1
1
1
1
1
1
1
1
1
1
1
1
1
1
1
1
1
1
1
1
1
1
1
1
1
1
1
1
1
1
1
1
1
1
1
1
1
1
1
1
1
1
1
1.75245
1.72919
1.70594
1.68268
1.65943
1.63617
1.61292
1.58966
1.5664
1.54315
1.51989
1.49664
1.47338
1.45012
1.42687
1.40361
1.38036
1.3571
1.33385
1.31059
1.28733
1.26408
1.24082
1.23119
1.22156
1.21192
1.20229
1.19266
1.18302
1.17339
1.16376
1.15413
1.14449
1.13486
1.12523
1.11559
1.10596
1.09633
1.0867
1.07706
1.06743
1.0578
1.04816
1.03853
1.0289
1.01927
1.00963
1
1
1
1
1
1
1
1
1
1
1
1
1
1
1
1
1
1
1
1
1
1
1
1
1
1
1
1
1
1
1
1
1
1
1
1
1
1
1
1
1
1
1
1
1
1
1
1.13486
1.12523
1.11559
1.10596
1.09633
1.0867
1.07706
1.06743
1.0578
1.04816
1.03853
1.0289
1.01927
1.00963
1
1
1
1
1
1
1
1
1
1
1
1
1
1
1
1
1
1
1
1
1
1
1
1
1
1
1
1
1
1
1
1
1
1
1
1
1
1
1
1
1
1
1
1
1
1
1
1
1
1
1
1
1
1
1
1
1
1
1
1
1.68907
1.66527
1.64146
1.61765
1.59384
1.57003
1.54622
1.52241
1.4986
1.47479
1.45098
1.42717
1.40336
1.37955
1.35574
1.33193
1.30812
1.28431
1.2605
1.23669
1.22683
1.21697
1.20711
1.19724
1.18738
1.17752
1.16766
1.1578
1.14793
1.13807
1.12821
1.11835
1.10848
1.09862
1.08876
1.0789
1.06904
1.05917
1.04931
1.03945
1.02959
1.01972
1.00986
1
1
1
1
1
1
1
1
1
1
1
1
1
1
1
1
1
1
1
1
1
1
1
1
1
1
1
1
1
1
1
1
1
1
1
1
1
1
1
1
1
1
1
1
1
1
1
1.12821
1.11835
1.10848
1.09862
1.08876
1.0789
1.06904
1.05917
1.04931
1.03945
1.02959
1.01972
1.00986
1
1
1
1
1
1
1
1
1
1
1
1
1
1
1
1
1
1
1
1
1
1
1
1
1
1
1
1
1
1
1
1
1
1
1
1
1
1
1
1
1
1
1
1
1
1
1
1
1
1
1
1
1
1
1
1
1
1
1
1
1.62261
1.59822
1.57383
1.54944
1.52505
1.50066
1.47627
1.45188
1.42749
1.4031
1.37871
1.35432
1.32993
1.30553
1.28114
1.25675
1.23236
1.22226
1.21216
1.20206
1.19195
1.18185
1.17175
1.16164
1.15154
1.14144
1.13134
1.12123
1.11113
1.10103
1.09092
1.08082
1.07072
1.06062
1.05051
1.04041
1.03031
1.02021
1.0101
1
1
1
1
1
1
1
1
1
1
1
1
1
1
1
1
1
1
1
1
1
1
1
1
1
1
1
1
1
1
1
1
1
1
1
1
1
1
1
1
1
1
1
1
1
1
1
1
1
1.14562
1.12123
1.11113
1.10103
1.09093
1.08082
1.07072
1.06062
1.05051
1.04041
1.03031
1.02021
1.0101
1
1
1
1
1
1
1
1
1
1
1
1
1
1
1
1
1
1
1
1
1
1
1
1
1
1
1
1
1
1
1
1
1
1
1
1
1
1
1
1
1
1
1
1
1
1
1
1
1
1
1
1
1
1
1
1
1
1
1
1
1
1.52782
1.50282
1.47782
1.45282
1.42782
1.40282
1.37782
1.35282
1.32782
1.30282
1.27782
1.25282
1.22782
1.21746
1.20711
1.19675
1.1864
1.17604
1.16569
1.15533
1.14497
1.13462
1.12426
1.11391
1.10355
1.0932
1.08284
1.07249
1.06213
1.05178
1.04142
1.03107
1.02071
1.01036
1
1
1
1
1
1
1
1
1
1
1
1
1
1
1
1
1
1
1
1
1
1
1
1
1
1
1
1
1
1
1
1
1
1
1
1
1
1
1
1
1
1
1
1
1
1
1
1
1
1.13891
1.11391
1.10355
1.0932
1.08284
1.07249
1.06213
1.05178
1.04142
1.03107
1.02071
1.01036
1
1
1
1
1
1
1
1
1
1
1
1
1
1
1
1
1
1
1
1
1
1
1
1
1
1
1
1
1
1
1
1
1
1
1
1
1
1
1
1
1
1
1
1
1
1
1
1
1
1
1
1
1
1
1
1
1
1
1
1
1
1
1
1.50509
1.47945
1.45381
1.42817
1.40253
1.37688
1.35124
1.3256
1.29996
1.27432
1.24868
1.22304
1.21242
1.2018
1.19118
1.18055
1.16993
1.15931
1.14869
1.13807
1.12745
1.11683
1.10621
1.09559
1.08497
1.07435
1.06373
1.0531
1.04248
1.03186
1.02124
1.01062
1
1
1
1
1
1
1
1
1
1
1
1
1
1
1
1
1
1
1
1
1
1
1
1
1
1
1
1
1
1
1
1
1
1
1
1
1
1
1
1
1
1
1
1
1
1
1
1
1
1
1.10621
1.09559
1.08497
1.07435
1.06373
1.0531
1.04248
1.03186
1.02124
1.01062
1
1
1
1
1
1
1
1
1
1
1
1
1
1
1
1
1
1
1
1
1
1
1
1
1
1
1
1
1
1
1
1
1
1
1
1
1
1
1
1
1
1
1
1
1
1
1
1
1
1
1
1
1
1
1
1
1
1
1
1
1
1
1
1
1.42853
1.40222
1.3759
1.34959
1.32327
1.29695
1.27064
1.24432
1.21801
1.20711
1.19621
1.18531
1.17441
1.16351
1.15261
1.1417
1.1308
1.1199
1.109
1.0981
1.0872
1.0763
1.0654
1.0545
1.0436
1.0327
1.0218
1.0109
1
1
1
1
1
1
1
1
1
1
1
1
1
1
1
1
1
1
1
1
1
1
1
1
1
1
1
1
1
1
1
1
1
1
1
1
1
1
1
1
1
1
1
1
1
1
1
1
1
1
1.109
1.0981
1.0872
1.0763
1.0654
1.0545
1.0436
1.0327
1.0218
1.0109
1
1
1
1
1
1
1
1
1
1
1
1
1
1
1
1
1
1
1
1
1
1
1
1
1
1
1
1
1
1
1
1
1
1
1
1
1
1
1
1
1
1
1
1
1
1
1
1
1
1
1
1
1
1
1
1
1
1
1
1
1
1
1
1
1.45595
1.42892
1.40189
1.37487
1.34784
1.32081
1.29379
1.26676
1.23973
1.2127
1.20151
1.19031
1.17912
1.16792
1.15673
1.14553
1.13434
1.12314
1.11195
1.10075
1.08956
1.07836
1.06717
1.05597
1.04478
1.03358
1.02239
1.0112
1
1
1
1
1
1
1
1
1
1
1
1
1
1
1
1
1
1
1
1
1
1
1
1
1
1
1
1
1
1
1
1
1
1
1
1
1
1
1
1
1
1
1
1
1
1
1
1
1
1
1.11195
1.10075
1.08956
1.07836
1.06717
1.05597
1.04478
1.03358
1.02239
1.0112
1
1
1
1
1
1
1
1
1
1
1
1
1
1
1
1
1
1
1
1
1
1
1
1
1
1
1
1
1
1
1
1
1
1
1
1
1
1
1
1
1
1
1
1
1
1
1
1
1
1
1
1
1
1
1
1
1
1
1
1
1
1
1
1
1.40155
1.37377
1.346
1.31822
1.29044
1.26266
1.23488
1.20711
1.1956
1.1841
1.17259
1.16108
1.14958
1.13807
1.12657
1.11506
1.10355
1.09205
1.08054
1.06904
1.05753
1.04602
1.03452
1.02301
1.01151
1
1
1
1
1
1
1
1
1
1
1
1
1
1
1
1
1
1
1
1
1
1
1
1
1
1
1
1
1
1
1
1
1
1
1
1
1
1
1
1
1
1
1
1
1
1
1
1
1
1
1.10355
1.09205
1.08054
1.06904
1.05753
1.04602
1.03452
1.02301
1.01151
1
1
1
1
1
1
1
1
1
1
1
1
1
1
1
1
1
1
1
1
1
1
1
1
1
1
1
1
1
1
1
1
1
1
1
1
1
1
1
1
1
1
1
1
1
1
1
1
1
1
1
1
1
1
1
1
1
1
1
1
1
1
1
1
1
1.37262
1.34405
1.31548
1.2869
1.25833
1.22976
1.20119
1.18935
1.17752
1.16569
1.15385
1.14202
1.13018
1.11835
1.10651
1.09468
1.08284
1.07101
1.05917
1.04734
1.0355
1.02367
1.01183
1
1
1
1
1
1
1
1
1
1
1
1
1
1
1
1
1
1
1
1
1
1
1
1
1
1
1
1
1
1
1
1
1
1
1
1
1
1
1
1
1
1
1
1
1
1
1
1
1
1
1
1.12325
1.09468
1.08284
1.07101
1.05917
1.04734
1.0355
1.02367
1.01183
1
1
1
1
1
1
1
1
1
1
1
1
1
1
1
1
1
1
1
1
1
1
1
1
1
1
1
1
1
1
1
1
1
1
1
1
1
1
1
1
1
1
1
1
1
1
1
1
1
1
1
1
1
1
1
1
1
1
1
1
1
1
1
1
1
1
1.31257
1.28316
1.25375
1.22434
1.19492
1.18274
1.17056
1.15838
1.14619
1.13401
1.12183
1.10964
1.09746
1.08528
1.0731
1.06091
1.04873
1.03655
1.02437
1.01218
1
1
1
1
1
1
1
1
1
1
1
1
1
1
1
1
1
1
1
1
1
1
1
1
1
1
1
1
1
1
1
1
1
1
1
1
1
1
1
1
1
1
1
1
1
1
1
1
1
1
1
1.11469
1.08528
1.0731
1.06091
1.04873
1.03655
1.02437
1.01218
1
1
1
1
1
1
1
1
1
1
1
1
1
1
1
1
1
1
1
1
1
1
1
1
1
1
1
1
1
1
1
1
1
1
1
1
1
1
1
1
1
1
1
1
1
1
1
1
1
1
1
1
1
1
1
1
1
1
1
1
1
1
1
1
1
1
1.27919
1.24889
1.21858
1.18828
1.17573
1.16318
1.15062
1.13807
1.12552
1.11297
1.10042
1.08786
1.07531
1.06276
1.05021
1.03766
1.0251
1.01255
1
1
1
1
1
1
1
1
1
1
1
1
1
1
1
1
1
1
1
1
1
1
1
1
1
1
1
1
1
1
1
1
1
1
1
1
1
1
1
1
1
1
1
1
1
1
1
1
1
1
1
1.07531
1.06276
1.05021
1.03766
1.0251
1.01255
1
1
1
1
1
1
1
1
1
1
1
1
1
1
1
1
1
1
1
1
1
1
1
1
1
1
1
1
1
1
1
1
1
1
1
1
1
1
1
1
1
1
1
1
1
1
1
1
1
1
1
1
1
1
1
1
1
1
1
1
1
1
1
1
1
1
1
1
1.24372
1.21247
1.18122
1.16827
1.15533
1.14239
1.12944
1.1165
1.10355
1.09061
1.07766
1.06472
1.05178
1.03883
1.02589
1.01294
1
1
1
1
1
1
1
1
1
1
1
1
1
1
1
1
1
1
1
1
1
1
1
1
1
1
1
1
1
1
1
1
1
1
1
1
1
1
1
1
1
1
1
1
1
1
1
1
1
1
1
1
1.07767
1.06472
1.05178
1.03883
1.02589
1.01294
1
1
1
1
1
1
1
1
1
1
1
1
1
1
1
1
1
1
1
1
1
1
1
1
1
1
1
1
1
1
1
1
1
1
1
1
1
1
1
1
1
1
1
1
1
1
1
1
1
1
1
1
1
1
1
1
1
1
1
1
1
1
1
1
1
1
1
1
1.20596
1.1737
1.16034
1.14698
1.13362
1.12026
1.10689
1.09353
1.08017
1.06681
1.05345
1.04009
1.02672
1.01336
1
1
1
1
1
1
1
1
1
1
1
1
1
1
1
1
1
1
1
1
1
1
1
1
1
1
1
1
1
1
1
1
1
1
1
1
1
1
1
1
1
1
1
1
1
1
1
1
1
1
1
1
1.08017
1.06681
1.05345
1.04009
1.02672
1.01336
1
1
1
1
1
1
1
1
1
1
1
1
1
1
1
1
1
1
1
1
1
1
1
1
1
1
1
1
1
1
1
1
1
1
1
1
1
1
1
1
1
1
1
1
1
1
1
1
1
1
1
1
1
1
1
1
1
1
1
1
1
1
1
1
1
1
1
1
1
1.19902
1.16569
1.15188
1.13807
1.12426
1.11046
1.09665
1.08284
1.06904
1.05523
1.04142
1.02761
1.01381
1
1
1
1
1
1
1
1
1
1
1
1
1
1
1
1
1
1
1
1
1
1
1
1
1
1
1
1
1
1
1
1
1
1
1
1
1
1
1
1
1
1
1
1
1
1
1
1
1
1
1
1
1.06904
1.05523
1.04142
1.02761
1.01381
1
1
1
1
1
1
1
1
1
1
1
1
1
1
1
1
1
1
1
1
1
1
1
1
1
1
1
1
1
1
1
1
1
1
1
1
1
1
1
1
1
1
1
1
1
1
1
1
1
1
1
1
1
1
1
1
1
1
1
1
1
1
1
1
1
1
1
1
1
1.22608
1.1916
1.15712
1.14283
1.12855
1.11427
1.09998
1.0857
1.07142
1.05713
1.04285
1.02857
1.01428
1
1
1
1
1
1
1
1
1
1
1
1
1
1
1
1
1
1
1
1
1
1
1
1
1
1
1
1
1
1
1
1
1
1
1
1
1
1
1
1
1
1
1
1
1
1
1
1
1
1
1
1
1.07142
1.05713
1.04285
1.02857
1.01428
1
1
1
1
1
1
1
1
1
1
1
1
1
1
1
1
1
1
1
1
1
1
1
1
1
1
1
1
1
1
1
1
1
1
1
1
1
1
1
1
1
1
1
1
1
1
1
1
1
1
1
1
1
1
1
1
1
1
1
1
1
1
1
1
1
1
1
1
1
1.18365
1.14793
1.13314
1.11835
1.10355
1.08876
1.07397
1.05917
1.04438
1.02959
1.01479
1
1
1
1
1
1
1
1
1
1
1
1
1
1
1
1
1
1
1
1
1
1
1
1
1
1
1
1
1
1
1
1
1
1
1
1
1
1
1
1
1
1
1
1
1
1
1
1
1
1
1
1
1
1
1.07397
1.05917
1.04438
1.02959
1.01479
1
1
1
1
1
1
1
1
1
1
1
1
1
1
1
1
1
1
1
1
1
1
1
1
1
1
1
1
1
1
1
1
1
1
1
1
1
1
1
1
1
1
1
1
1
1
1
1
1
1
1
1
1
1
1
1
1
1
1
1
1
1
1
1
1
1
1
1
1
1
1.17511
1.13807
1.12273
1.10739
1.09205
1.07671
1.06136
1.04602
1.03068
1.01534
1
1
1
1
1
1
1
1
1
1
1
1
1
1
1
1
1
1
1
1
1
1
1
1
1
1
1
1
1
1
1
1
1
1
1
1
1
1
1
1
1
1
1
1
1
1
1
1
1
1
1
1
1
1
1.06136
1.04602
1.03068
1.01534
1
1
1
1
1
1
1
1
1
1
1
1
1
1
1
1
1
1
1
1
1
1
1
1
1
1
1
1
1
1
1
1
1
1
1
1
1
1
1
1
1
1
1
1
1
1
1
1
1
1
1
1
1
1
1
1
1
1
1
1
1
1
1
1
1
1
1
1
1
1
1.16591
1.12745
1.11152
1.09559
1.07966
1.06373
1.04779
1.03186
1.01593
1
1
1
1
1
1
1
1
1
1
1
1
1
1
1
1
1
1
1
1
1
1
1
1
1
1
1
1
1
1
1
1
1
1
1
1
1
1
1
1
1
1
1
1
1
1
1
1
1
1
1
1
1
1
1.06373
1.04779
1.03186
1.01593
1
1
1
1
1
1
1
1
1
1
1
1
1
1
1
1
1
1
1
1
1
1
1
1
1
1
1
1
1
1
1
1
1
1
1
1
1
1
1
1
1
1
1
1
1
1
1
1
1
1
1
1
1
1
1
1
1
1
1
1
1
1
1
1
1
1
1
1
1
1
1
1.15598
1.11598
1.09941
1.08284
1.06627
1.04971
1.03314
1.01657
1
1
1
1
1
1
1
1
1
1
1
1
1
1
1
1
1
1
1
1
1
1
1
1
1
1
1
1
1
1
1
1
1
1
1
1
1
1
1
1
1
1
1
1
1
1
1
1
1
1
1
1
1
1
1.06627
1.04971
1.03314
1.01657
1
1
1
1
1
1
1
1
1
1
1
1
1
1
1
1
1
1
1
1
1
1
1
1
1
1
1
1
1
1
1
1
1
1
1
1
1
1
1
1
1
1
1
1
1
1
1
1
1
1
1
1
1
1
1
1
1
1
1
1
1
1
1
1
1
1
1
1
1
1
1
1.10355
1.08629
1.06904
1.05178
1.03452
1.01726
1
1
1
1
1
1
1
1
1
1
1
1
1
1
1
1
1
1
1
1
1
1
1
1
1
1
1
1
1
1
1
1
1
1
1
1
1
1
1
1
1
1
1
1
1
1
1
1
1
1
1
1
1
1
1
1.05178
1.03452
1.01726
1
1
1
1
1
1
1
1
1
1
1
1
1
1
1
1
1
1
1
1
1
1
1
1
1
1
1
1
1
1
1
1
1
1
1
1
1
1
1
1
1
1
1
1
1
1
1
1
1
1
1
1
1
1
1
1
1
1
1
1
1
1
1
1
1
1
1
1
1
1
1
1.09005
1.07204
1.05403
1.03602
1.01801
1
1
1
1
1
1
1
1
1
1
1
1
1
1
1
1
1
1
1
1
1
1
1
1
1
1
1
1
1
1
1
1
1
1
1
1
1
1
1
1
1
1
1
1
1
1
1
1
1
1
1
1
1
1
1
1.05403
1.03602
1.01801
1
1
1
1
1
1
1
1
1
1
1
1
1
1
1
1
1
1
1
1
1
1
1
1
1
1
1
1
1
1
1
1
1
1
1
1
1
1
1
1
1
1
1
1
1
1
1
1
1
1
1
1
1
1
1
1
1
1
1
1
1
1
1
1
1
1
1
1
1
1
1
1
1
1.09414
1.07531
1.05648
1.03766
1.01883
1
1
1
1
1
1
1
1
1
1
1
1
1
1
1
1
1
1
1
1
1
1
1
1
1
1
1
1
1
1
1
1
1
1
1
1
1
1
1
1
1
1
1
1
1
1
1
1
1
1
1
1
1
1
1
1.08311
1.03766
1.01883
1
1
1
1
1
1
1
1
1
1
1
1
1
1
1
1
1
1
1
1
1
1
1
1
1
1
1
1
1
1
1
1
1
1
1
1
1
1
1
1
1
1
1
1
1
1
1
1
1
1
1
1
1
1
1
1
1
1
1
1
1
1
1
1
1
1
1
1
1
1
1
1
1
1.0789
1.05917
1.03945
1.01972
1
1
1
1
1
1
1
1
1
1
1
1
1
1
1
1
1
1
1
1
1
1
1
1
1
1
1
1
1
1
1
1
1
1
1
1
1
1
1
1
1
1
1
1
1
1
1
1
1
1
1
1
1
1
1
1.01972
1
1
1
1
1
1
1
1
1
1
1
1
1
1
1
1
1
1
1
1
1
1
1
1
1
1
1
1
1
1
1
1
1
1
1
1
1
1
1
1
1
1
1
1
1
1
1
1
1
1
1
1
1
1
1
1
1
1
1
1
1
1
1
1
1
1
1
1
1
1
1
1
1
1.08284
1.06213
1.04142
1.02071
1
1
1
1
1
1
1
1
1
1
1
1
1
1
1
1
1
1
1
1
1
1
1
1
1
1
1
1
1
1
1
1
1
1
1
1
1
1
1
1
1
1
1
1
1
1
1
1
1
1
1
1
1
1
1
1.02071
1
1
1
1
1
1
1
1
1
1
1
1
1
1
1
1
1
1
1
1
1
1
1
1
1
1
1
1
1
1
1
1
1
1
1
1
1
1
1
1
1
1
1
1
1
1
1
1
1
1
1
1
1
1
1
1
1
1
1
1
1
1
1
1
1
1
1
1
1
1
1
1
1
1.11803
1.0654
1.0436
1.0218
1
1
1
1
1
1
1
1
1
1
1
1
1
1
1
1
1
1
1
1
1
1
1
1
1
1
1
1
1
1
1
1
1
1
1
1
1
1
1
1
1
1
1
1
1
1
1
1
1
1
1
1
1
1
1
1.0218
1
1
1
1
1
1
1
1
1
1
1
1
1
1
1
1
1
1
1
1
1
1
1
1
1
1
1
1
1
1
1
1
1
1
1
1
1
1
1
1
1
1
1
1
1
1
1
1
1
1
1
1
1
1
1
1
1
1
1
1
1
1
1
1
1
1
1
1
1
1
1
1
1
1
1.04602
1.02301
1
1
1
1
1
1
1
1
1
1
1
1
1
1
1
1
1
1
1
1
1
1
1
1
1
1
1
1
1
1
1
1
1
1
1
1
1
1
1
1
1
1
1
1
1
1
1
1
1
1
1
1
1
1
1
1
1.02301
1
1
1
1
1
1
1
1
1
1
1
1
1
1
1
1
1
1
1
1
1
1
1
1
1
1
1
1
1
1
1
1
1
1
1
1
1
1
1
1
1
1
1
1
1
1
1
1
1
1
1
1
1
1
1
1
1
1
1
1
1
1
1
1
1
1
1
1
1
1
1
1
1
1
1.04873
1.02437
1
1
1
1
1
1
1
1
1
1
1
1
1
1
1
1
1
1
1
1
1
1
1
1
1
1
1
1
1
1
1
1
1
1
1
1
1
1
1
1
1
1
1
1
1
1
1
1
1
1
1
1
1
1
1
1
1.02437
1
1
1
1
1
1
1
1
1
1
1
1
1
1
1
1
1
1
1
1
1
1
1
1
1
1
1
1
1
1
1
1
1
1
1
1
1
1
1
1
1
1
1
1
1
1
1
1
1
1
1
1
1
1
1
1
1
1
1
1
1
1
1
1
1
1
1
1
1
1
1
1
1
1
1.02589
1
1
1
1
1
1
1
1
1
1
1
1
1
1
1
1
1
1
1
1
1
1
1
1
1
1
1
1
1
1
1
1
1
1
1
1
1
1
1
1
1
1
1
1
1
1
1
1
1
1
1
1
1
1
1
1
1
1
1
1
1
1
1
1
1
1
1
1
1
1
1
1
1
1
1
1
1
1
1
1
1
1
1
1
1
1
1
1
1
1
1
1
1
1
1
1
1
1
1
1
1
1
1
1
1
1
1
1
1
1
1
1
1
1
1
1
1
1
1
1
1
1
1
1
1
1
1
1
1
1
1.02761
1
1
1
1
1
1
1
1
1
1
1
1
1
1
1
1
1
1
1
1
1
1
1
1
1
1
1
1
1
1
1
1
1
1
1
1
1
1
1
1
1
1
1
1
1
1
1
1
1
1
1
1
1
1
1
1
1
1
1
1
1
1
1
1
1
1
1
1
1
1
1
1
1
1
1
1
1
1
1
1
1
1
1
1
1
1
1
1
1
1
1
1
1
1
1
1
1
1
1
1
1
1
1
1
1
1
1
1
1
1
1
1
1
1
1
1
1
1
1
1
1
1
1
1
1
1
1
1
1
1
1.02959
1
1
1
1
1
1
1
1
1
1
1
1
1
1
1
1
1
1
1
1
1
1
1
1
1
1
1
1
1
1
1
1
1
1
1
1
1
1
1
1
1
1
1
1
1
1
1
1
1
1
1
1
1
1
1
1
1
1
1
1
1
1
1
1
1
1
1
1
1
1
1
1
1
1
1
1
1
1
1
1
1
1
1
1
1
1
1
1
1
1
1
1
1
1
1
1
1
1
1
1
1
1
1
1
1
1
1
1
1
1
1
1
1
1
1
1
1
1
1
1
1
1
1
1
1
1
1
1
1
1
1
1
1
1
1
1
1
1
1
1
1
1
1
1
1
1
1
1
1
1
1
1
1
1
1
1
1
1
1
1
1
1
1
1
1
1
1
1
1
1
1
1
1
1
1
1
1
1
1
1
1
1
1
1
1
1
1
1
1
1
1
1
1
1
1
1
1
1
1
1
1
1
1
1
1
1
1
1
1
1
1
1
1
1
1
1
1
1
1
1
1
1
1
1
1
1
1
1
1
1
1
1
1
1
1
1
1
1
1
1
1
1
1
1
1
1
1
1
1
1
1
1
1
1
1
1
1
1
1
1
1
1
1
1
1
1
1
1
1
1
1
1
1
1
1
1
1
1
1
1
1
1
1
1
1
1
1
1
1
1
1
1
1
1
1
1
1
1
1
1
1
1
1
1
1
1
1
1
1
1
1
1
1
1
1
1
1
1
1
1
1
1
1
1
1
1
1
1
1
1
1
1
1
1
1
1
1
1
1
1
1
1
1
1
1
1
1
1
1
1
1
1
1
1
1
1
1
1
1
1
1
1
1
1
1
1
1
1
1
1
1
1
1
1
1
1
1
1
1
1
1
1
1
1
1
1
1
1
1
1
1
1
1
1
1
1
1
1
1
1
1
1
1
1
1
1
1
1
1
1
1
1
1
1
1
1
1
1
1
1
1
1
1
1
1
1
1
1
1
1
1
1
1
1
1
1
1
1
1
1
1
1
1
1
1
1
1
1
1
1
1
1
1
1
1
1
1
1
1
1
1
1
1
1
1
1
1
1
1
1
1
1
1
1
1
1
1
1
1
1
1
1
1
1
1
1
1
1
1
1
1
1
1
1
1
1
1
1
1
1
1
1
1
1
1
1
1
1
1
1
1
1
1
1
1
1
1
1
1
1
1
1
1
1
1
1
1
1
1
1
1
1
1
1
1
1
1
1
1
1
1
1
1
1
1
1
1
1
1
1
1
1
1
1
1
1
1
1
1
1
1
1
1
1
1
1
1
1
1
1
1
1
1
1
1
1
1
1
1
1
1
1
1
1
1
1
1
1
1
1
1
1
1
1
1
1
1
1
1
1
1
1
1
1
1
1
1
1
1
1
1
1
1
1
1
1
1
1
1
1
1
1
1
1
1
1
1
1
1
1
1
1
1
1
1
1
1
1
1
1
1
1
1
1
1
1
1
1
1
1
1
1
1
1
1
1
1
1
1
1
1
1
1
1
1
1
1
1
1
1
1
1
1
1
1
1
1
1
1
1
1
1
1
1
1
1
1
1
1
1
1
1
1
1
1
1
1
1
1
1
1
1
1
1
1
1
1
1
1
1
1
1
1
1
1
1
1
1
1
1
1
1
1
1
1
1
1
1
1
1
1
1
1
1
1
1
1
1
1
1
1
1
1
1
1
1
1
1
1
1
1
1
1
1
1
1
1
1
1
1
1
1
1
1
1
1
1
1
1
1
1
1
1
1
1
1
1
1
1
1
1
1
1
1
1
1
1
1
1
1
1
1
1
1
1
1
1
1
1
1
1
1
1
1
1
1
1
1
1
1
1
1
1
1
1
1
1
1
1
1
1
1
1
1
1
1
1
1
1
1
1
1
1
1
1
1
1
1
1
1
1
1
1
1
1
1
1
1
1
1
1
1
1
1
1
1
1
1
1
1
1
1
1
1
1
1
1
1
1
1
1
1
1
1
1
1
1
1
1
1
1
1
1
1
1
1
1
1
1
1
1
1
1
1
1
1
1
1
1
1
1
1
1
1
1
1
1
1
1
1
1
1
1
1
1
1
1
1
1
1
1
1
1
1
1
1
1
1
1
1
1
1
1
1
1
1
1
1
1
1
1
1
1
1
1
1
1
1
1
1
1
1
1
1
1
1
1
1
1
1
1
1
1
1
1
1
1
1
1
1
1
1
1
1
1
1
1
1
1
1
1
1
1
1
1
1
1
1
1
1
1
1
1
1
1
1
1
1
1
1
1
1
1
1
1
1
1
1
1
1
1
1
1
1
1
1
1
1
1
1
1
1
1
1
1
1
1
1
1
1
1
1
1
1
1
1
1
1
1
1
1
1
1
1
1
1
1
1
1
1
1
1
1
1
1
1
1
1
1
1
1
1
1
1
1
1
1
1
1
1
1
1
1
1
1
1
1
1
1
1
1
1
1
1
1
1
1
1
1
1
1
1
1
1
1
1
1
1
1
1
1
1
1
1
1
1
1
1
1
1
1
1
1
1
1
1
1
1
1
1
1
1
1
1
1
1
1
1
1
1
1
1
1
1
1
1
1
1
1
1
1
1
1
1
1
1
1
1
1
1
1
1
1
1
1
1
1
1
1
1
1
1
1
1
1
1
1
1
1
1
1
1
1
1
1
1
1
1
1
1
1
1
1
1
1
1
1
1
1
1
1
1
1
1
1
1
1
1
1
1
1
1
1
1
1
1
1
1
1
1
1
1
1
1
1
1
1
1
1
1
1
1
1
1
1
1
1
1
1
1
1
1
1
1
1
1
1
1
1
1
1
1
1
1
1
1
1
1
1
1
1
1
1
1
1
1
1
1
1
1
1
1
1
1
1
1
1
1
1
1
1
1
1
1
1
1
1
1
1
1
1
1
1
1
1
1
1
1
1
1
1
1
1
1
1
1
1
1
1
1
1
1
1
1
1
1
1
1
1
1
1
1
1
1
1
1
1
1
1
1
1
1
1
1
1
1
1
1
1
1
1
1
1
1
1
1
1
1
1
1
1
1
1
1
1
1
1
1
1
1
1
1
1
1
1
1
1
1
1
1
1
1
1
1
1
1
1
1
1
1
1
1
1
1
1
1
1
1
1
1
1
1
1
1
1
1
1
1
1
1
1
1
1
1
1
1
1
1
1
1
1
1
1
1
1
1
1
1
1
1
1
1
1
1
1
1
1
1
1
1
1
1
1
1
1
1
1
1
1
1
1
1
1
1
1
1
1
1
1
1
1
1
1
1
1
1
1
1
1
1
1
1
1
1
1
1
1
1
1
1
1
1
1
1
1
1
1
1
1
1
1
1
1
1
1
1
1
1
1
1
1
1
1
1
1
1
1
1
1
1
1
1
1
1
1
1
1
1
1
1
1
1
1
1
1
1
1
1
1
1
1
1
1
1
1
1
1
1
1
1
1
1
1
1
1
1
1
1
1
1
1
1
1
1
1
1
1
1
1
1
1
1
1
1
1
1
1
1
1
1
1
1
1
1
1
1
1
1
1
1
1
1
1
1
1
1
1
1
1
1
1
1
1
1
1
1
1
1
1
1
1
1
1
1
1
1
1
1
1
1
1
1
1
1
1
1
1
1
1
1
1
1
1
1
1
1
1
1
1
1
1
1
1
1
1
1
1
1
1
1
1
1
1
1
1
1
1
1
1
1
1
1
1
1
1
1
1
1
1
1
1
1
1
1
1
1
1
1
1
1
1
1
1
1
1
1
1
1
1
1
1
1
1
1
1
1
1
1
1
1
1
1
1
1
1
1
1
1
1
1
1
1
1
1
1
1
1
1
1
1
1
1
1
1
1
1
1
1
1
1
1
1
1
1
1
1
1
1
1
1
1
1
1
1
1
1
1
1
1
1
1
1
1
1
1
1
1
1
1
1
1
1
1
1
1
1
1
1
1
1
1
1
1
1
1
1
1
1
1
1
1
1
1
1
1
1
1
1
1
1
1
1
1
1
1
1
1
1
1
1
1
1
1
1
1
1
1
1
1
1
1
1
1
1
1
1
1
1
1
1
1
1
1
1
1
1
1
1
1
1
1
1
1
1
1
1
1
1
1
1
1
1
1
1
1
1
1
1
1
1
1
1
1
1
1
1
1
1
1
1
1
1
1
1
1
1
1
1
1
1
1
1
1
1
1
1
1
1
1
1
1
1
1
1
1
1
1
1
1
1
1
1
1
1
1
1
1
1
1
1
1
1
1
1
1
1
1
1
1
1
1
1
1
1
1
1
1
1
1
1
1
1
1
1
1
1
1
1
1
1
1
1
1
1
1
1
1
1
1
1
1
1
1
1
1
1
1
1
1
1
1
1
1
1
1
1
1
1
1
1
1
1
1
1
1
1
1
1
1
1
1
1
1
1
1
1
1
1
1
1
1
1
1
1
1
1
1
1
1
1
1
1
1
1
1
1
1
1
1
1
1
1
1
1
1
1
1
1
1
1
1
1
1
1
1
1
1
1
1
1
1
1
1
1
1
1
1
1
1
1
1
1
1
1
1
1
1
1
1
1
1
1
1
1
1
1
1
1
1
1
1
1
1
1
1
1
1
1
1
1
1
1
1
1
1
1
1
1
1
1
1
1
1
1
1
1
1
1
1
1
1
1
1
1
1
1
1
1
1
1
1
1
1
1
1
1
1
1
1
1
1
1
1
1
1
1
1
1
1
1
1
1
1
1
1
1
1
1
1
1
1
1
1
1
1
1
1
1
1
1
1
1
1
1
1
1
1
1
1
1
1
1
1
1
1
1
1
1
1
1
1
1
1
1
1
1
1
1
1
1
1
1
1
1
1
1
1
1
1
1
1
1
1
1
1
1
1
1
1
1
1
1
1
1
1
1
1
1
1
1
1
1
1
1
1
1
1
1
1
1
1
1
1
1
1
1
1
1
1
1
1
1
1
1
1
1
1
1
1
1
1
1
1
1
1
1
1
1
1
1
1
1
1
1
1
1
1
1
1
1
1
1
1
1
1
1
1
1
1
1
1
1
1
1
1
1
1
1
1
1
1
1
1
1
1
1
1
1
1
1
1
1
1
1
1
1
1
1
1
1
1
1
1
1
1
1
1
1
1
1
1
1
1
1
1
1
1
1
1
1
1
1
1
1
1
1
1
1
1
1
1
1
1
1
1
1
1
1
1
1
1
1
1
1
1
1
1
1
1
1
1
1
1
1
1
1
1
1
1
1
1
1
1
1
1
1
1
1
1
1
1
1
1
1
1
1
1
1
1
1
1
1
1
1
1
1
1
1
1
1
1
1
1
1
1
1
1
1
1
1
1
1
1
1
1
1
1
1
1
1
1
1
1
1
1
1
1
1
1
1
1
1
1
1
1
1
1
1
1
1
1
1
1
1
1
1
1
1
1
1
1
1
1
1
1
1
1
1
1
1
1
1
1
1
1
1
1
1
1
1
1
1
1
1
1
1
1
1
1
1
1
1
1
1
1
1
1
1
1
1
1
1
1
1
1
1
1
1
1
1
1
1
1
1
1
1
1
1
1
1
1
1
1
1
1
1
1
1
1
1
1
1
1
1
1
1
1
1
1
1
1
1
1
1
1
1
1
1
1
1
1
1
1
1
1
1
1
1
1
1
1
1
1
1
1
1
1
1
1
1
1
1
1
1
1
1
1
1
1
1
1
1
1
1
1
1
1
1
1
1
1
1
1
1
1
1
1
1
1
1
1
1
1
1
1
1
1
1
1
1
1
1
1
1
1
1
1
1
1
1
1
1
1
1
1
1
1
1
1
1
1
1
1
1
1
1
1
1
1
1
1
1
1
1
1
1
1
1
1
1
1
1
1
1
1
1
1
1
1
1
1
1
1
1
1
1
1
1
1
1
1
1
1
1
1
1
1
1
1
1
1
1
1
1
1
1
1
1
1
1
1
1
1
1
1
1
1
1
1
1
1
1
1
1
1
1
1
1
1
1
1
1
1
1
1
1
1
1
1
1
1
1
1
1
1
1
1
1
1
1
1
1
1
1
1
1
1
1
1
1
1
1
1
1
1
1
1
1
1
1
1
1
1
1
1
1
1
1
1
1
1
1
1
1
1
1
1
1
1
1
1
1
1
1
1
1
1
1
1
1
1
1
1
1
1
1
1
1
1
1
1
1
1
1
1
1
1
1
1
1
1
1
1
1
1
1
1
1
1
1
1
1
1
1
1
1
1
1
1
1
1
1
1
1
1
1
1
1
1
1
1
1
1
1
1
1
1
1
1
1
1
1
1
1
1
1
1
1
1
1
1
1
1
1
1
1
1
1
1
1
1
1
1
1
1
1
1
1
1
1
1
1
1
1
1
1
1
1
1
1
1
1
1
1
1
1
1
1
1
1
1
1
1
1
1
1
1
1
1
1
1
1
1
1
1
1
1
1
1
1
1
1
1
1
1
1
1
1
1
1
1
1
1
1
1
1
1
1
1
1
1
1
1
1
1
1
1
1
1
1
1
1
1
1
1
1
1
1
1
1
1
1
1
1
1
1
1
1
1
1
1
1
1
1
1
1
1
1
1
1
1
1
1
1
1
1
1
1
1
1
1
1
1
1
1
1
1
1
1
1
1
1
1
1
1
1
1
1
1
1
1
1
1
1
1
1
1
1
1
1
1
1
1
1
1
1
1
1
1
1
1
1
1
1
1
1
1
1
1
1
1
1
1
1
1
1
1
1
1
1
1
1
1
1
1
1
1
1
1
1
1
1
1
1
1
1
1
1
1
1
1
1
1
1
1
1
1
1
1
1
1
1
1
1
1
1
1
1
1
1
1
1
1
1
1
1
1
1
1
1
1
1
1
1
1
1
1
1
1
1
1
1
1
1
1
1
1
1
1
1
1
1
1
1
1
1
1
1
1
1
1
1
1
1
1
1
1
1
1
1
1
1
1
1
1
1
1
1
1
1
1
1
1
1
1
1
1
1
1
1
1
1
1
1
1
1
1
1
1
1
1
1
1
1
1
1
1
1
1
1
1
1
1
1
1
1
1
1
1
1
1
1
1
1
1
1
1
1
1
1
1
1
1
1
1
1
1
1
1
1
1
1
1
1
1
1
1
1
1
1
1
1
1
1
1
1
1
1
1
1
1
1
1
1
1
1
1
1
1
1
1
1
1
1
1
1
1
1
1
1
1
1
1
1
1
1
1
1
1
1
1
1
1
1
1
1
1
1
1
1
1
1
1
1
1
1
1
1
1
1
1
1
1
1
1
1
1
1
1
1
1
1
1
1
1
1
1
1
1
1
1
1
1
1
1
1
1
1
1
1
1
1
1
1
1
1
1
1
1
1
1
1
1
1
1
1
1
1
1
1
1
1
1
1
1
1
1
1
1
1
1
1
1
1
1
1
1
1
1
1
1
1
1
1
1
1
1
1
1
1
1
1
1
1
1
1
1
1
1
1
1
1
1
1
1
1
1
1
1
1
1
1
1
1
1
1
1
1
1
1
1
1
1
1
1
1
1
1
1
1
1
1
1
1
1
1
1
1
1
1
1
1
1
1
1
1
1
1
1
1
1
1
1
1
1
1
1
1
1
1
1
1
1
1
1
1
1
1
1
1
1
1
1
1
1
1
1
1
1
1
1
1
1
1
1
1
1
1
1
1
1
1
1
1
1
1
1
1
1
1
1
1
1
1
1
1
1
1
1
1
1
1
1
1
1
1
1
1
1
1
1
1
1
1
1
1
1
1
1
1
1
1
1
1
1
1
1
1
1
1
1
1
1
1
1
1
1
1
1
1
1
1
1
1
1
1
1
1
1
1
1
1
1
1
1
1
1
1
1
1
1
1
1
1
1
1
1
1
1
1
1
1
1
1
1
1
1
1
1
1
1
1
1
1
1
1
1
1
1
1
1
1
1
1
1
1
1
1
1
1
1
1
1
1
1
1
1
1
1
1
1
1
1
1
1
1
1
1
1
1
1
1
1
1
1
1
1
1
1
1
1
1
1
1
1
1
1
1
1
1
1
1
1
1
1
1
1
1
1
1
1
1
1
1
1
1
1
1
1
1
1
1
1
1
1
1
1
1
1
1
1
1
1
1
1
1
1
1
1
1
1
1
1
1
1
1
1
1
1
1
1
1
1
1
1
1
1
1
1
1
1
1
1
1
1
1
1
1
1
1
1
1
1
1
1
1
1
1
1
1
1
1
1
1
1
1
1
1
1
1
1
1
1
1
1
1
1
1
1
1
1
1
1
1
1
1
1
1
1
1
1
1
1
1
1
1
1
1
1
1
1
1
1
1
1
1
1
1
1
1
1
1
1
1
1
1
1
1
1
1
1
1
1
1
1
1
1
1
1
1
1
1
1
1
1
1
1
1
1
1
1
1
1
1
1
1
1
1
1
1
1
1
1
1
1
1
1
1
1
1
1
1
1
1
1
1
1
1
1
1
1
1
1
1
1
1
1
1
1
1
1
1
1
1
1
1
1
1
1
1
1
1
1
1
1
1
1
1
1
1
1
1
1
1
1
1
1
1
1
1
1
1
1
1
1
1
1
1
1
1
1
1
1
1
1
1
1
1
1
1
1
1
1
1
1
1
1
1
1
1
1
1
1
1
1
1
1
1
1
1
1
1
1
1
1
1
1
1
1
1
1
1
1
1
1
1
1
1
1
1
1
1
1
1
1
1
1
1
1
1
1
1
1
1
1
1
1
1
1
1
1
1
1
1
1
1
1
1
1
1
1
1
1
1
1
1
1
1
1
1
1
1
1
1
1
1
1
1
1
1
1
1
1
1
1
1
1
1
1
1
1
1
1
1
1
1
1
1
1
1
1
1
1
1
1
1
1
1
1
1
1
1
1
1
1
1
1
1
1
1
1
1
1
1
1
1
1
1
1
1
1
1
1
1
1
1
1
1
1
1
1
1
1
1
1
1
1
1
1
1
1
1
1
1
1
1
1
1
1
1
1
1
1
1
1
1
1
1
1
1
1
1
1
1
1
1
1
1
1
1
1
1
1
1
1
1
1
1
1
1
1
1
1
1
1
1
1
1
1
1
1
1
1
1
1
1
1
1
1
1
1
1
1
1
1
1
1
1
1
1
1
1
1
1
1
1
1
1
1
1
1
1
1
1
1
1
1
1
1
1
1
1
1
1
1
1
1
1
1
1
1
1
1
1
1
1
1
1
1
1
1
1
1
1
1
1
1
1
1
1
1
1
1
1
1
1
1
1
1
1
1
1
1
1
1
1
1
1
1
1
1
1
1
1
1
1
1
1
1
1
1
1
1
1
1
1
1
1
1
1
1
1
1
1
1
1
1
1
1
1
1
1
1
1
1
1
1
1
1
1
1
1
1
1
1
1
1
1
1
1
1
1
1
1
1
1
1
1
1
1
1
1
1
1
1
1
1
1
1
1
1
1
1
1
1
1
1
1
1
1
1
1
1
1
1
1
1
1
1
1
1
1
1
1
1
1
1
1
1
1
1
1
1
1
1
1
1
1
1
1
1
1
1
1
1
1
1
1
1
1
1
1
1
1
1
1
1
1
1
1
1
1
1
1
1
1
1
1
1
1
1
1
1
1
1
1
1
1
1
1
1
1
1
1
1
1
1
1
1
1
1
1
1
1
1
1
1
1
1
1
1
1
1
1
1
1
1
1
1
1
1
1
1
1
1
1
1
1
1
1
1
1
1
1
1
1
1
1
1
1
1
1
1
1
1
1
1
1
1
1
1
1
1
1
1
1
1
1
1
1
1
1
1
1
1
1
1
1
1
1
1
1
1
1
1
1
1
1
1
1
1
1
1
1
1
1
1
1
1
1
1
1
1
1
1
1
1
1
1
1
1
1
1
1
1
1
1
1
1
1
1
1
1
1
1
1
1
1
1
1
1
1
1
1
1
1
1
1
1
1
1
1
1
1
1
1
1
1
1
1
1
1
1
1
1
1
1
1
1
1
1
1
1
1
1
1
1
1
1
1
1
1
1
1
1
1
1
1
1
1
1
1
1
1
1
1
1
1
1
1
1
1
1
1
1
1
1
1
1
1
1
1
1
1
1
1
1
1
1
1
1
1
1
1
1
1
1
1
1
1
1
1
1
1
1
1
1
1
1
1
1
1
1
1
1
1
1
1
1
1
1
1
1
1
1
1
1
1
1
1
1
1
1
1
1
1
1
1
1
1
1
1
1
1
1
1
1
1
1
1
1
1
1
1
1
1
1
1
1
1
1
1
1
1
1
1
1
1
1
1
1
1
1
1
1
1
1
1
1
1
1
1
1
1
1
1
1
1
1
1
1
1
1
1
1
1
1
1
1
1
1
1
1
1
1
1
1
1
1
1
1
1
1
1
1
1
1
1
1
1
1
1
1
1
1
1
1
1
1
1
1
1
1
1
1
1
1
1
1
1
1
1
1
1
1
1
1
1
1
1
1
1
1
1
1
1
1
1
1
1
1
1
1
1
1
1
1
1
1
1
1
1
