6
6
6
6
6
6
6
6
6
6
6
6
6
6
6
6
6
6
6
6
6
6
6
6
6
6
6
6
6
6
6
6
6
6
6
6
6
6
6
6
6
6
6
6
6
6
6
6
6
6
6
6
6
6
6
6
6
6
6
6
6
6
6
6
6
6
6
6
6
6
6
6
6
6
6
6
6
6
6
6
6
6
6
6
6
6
6
6
6
6
6
6
6
6
6
6
6
6
6
6
6
6
6
6
6
6
6
6
6
6
6
6
6
6
6
6
6
6
6
6
6
6
6
6
6
6
6
6
6
6
6
6
6
6
6
6
6
6
6
6
6
6
6
6
6
6
6
6
6
6
6
6
6
6
6
6
6
6
6
6
6
6
6
6
6
6
6
6
6
6
6
6
6
6
6
6
6
6
6
6
6
6
6
6
6
6
6
6
6
6
6
6
6
6
6
6
6
6
6
6
6
6
6
6
6
6
6
6
6
6
6
6
6
6
6
6
6
6
6
6
6
6
6
6
6
6
6
6
6
6
6
6
6
6
6
6
6
6
6
6
6
6
6
6
6
6
6
6
6
6
6
6
6
6
6
6
6
6
6
6
6
6
6
6
6
7
7
7
7
7
7
7
7
7
7
7
7
7
7
8
8
8
8
8
8
8
8
8
8
8
8
8
8
9
9
9
9
9
9
9
9
9
9
9
9
9
9.41421
9
10
10
10
10.4142
10
10
10
10
10
10
10.4142
11.4142
10.4142
10
10
10
10.4142
10
11
11
11
11.4142
11
11
11
11
11
11.4142
11.8284
11
11
11.4142
11
11
12
12
12.4142
12.8284
13.8284
12
12
12
12
12
12.4142
12.8284
12
12
12.4142
12
13
13
14.2426
13
13
13
13
13
13
13
13.4142
13.8284
13
13
13.4142
13
14
15.4142
14.4142
14
15.2426
58.2132
59.2132
60.2132
61.2132
62.2132
14
14
14
14
14
14
14.4142
14.8284
14
14
14
14.4142
14
15
15
15.8284
16.2426
16.6569
52.799
53.799
54.799
55.799
56.799
57.799
61.799
62.799
63.799
64.799
65.799
66.799
15
15
15
15
15
15.4142
16.2426
15.8284
15
15
15
15.4142
15
15
16
16
16
16
16
16
16
16.8284
17.6569
18.0711
49.3848
50.3848
51.3848
52.3848
66.3848
67.3848
68.3848
69.3848
16
16
16
16
16
16.4142
16.8284
17.8284
17.2426
16
16
16.4142
16
16
17
17
17
17
17
17
17
17
17
18.2426
17.8284
19.0711
19.4853
20.4853
46.9706
47.9706
48.9706
68.9706
69.9706
17
17
17
17
17
18.2426
18.6569
18.2426
17
17
17.4142
17
17
18
18
18
18
18
18
18
18
19.2426
20.8995
21.8995
22.8995
43.5564
44.5564
45.5564
46.5564
69.5564
70.5564
71.5564
18
18
18
18
18
18
18
19.2426
19.6569
19.6569
18
18
18
18.4142
18
18
18
19
19
19
19
19
19
20.2426
23.3137
24.3137
25.3137
26.3137
39.1421
40.1421
41.1421
42.1421
43.1421
71.1421
72.1421
73.1421
19
19
19
19
19
19
20.6569
21.0711
20.6569
19
19
19
19
19.4142
19.8284
19
19
19
19
20
20
21.6569
21.2426
26.7279
27.7279
28.7279
29.7279
30.7279
31.7279
32.7279
33.7279
34.7279
35.7279
36.7279
37.7279
38.7279
72.7279
73.7279
20
20
20
20
20
21.6569
22.0711
23.4853
22.4853
22.0711
20
20
20.8284
20
20
21
21
21
21
21
21
22.6569
74.1421
21
21
21
21
21
23.0711
23.8995
21
21
21
21
21.8284
21
21
22
22
22
22
22
23.6569
74.5563
75.5563
22
22
22
22
22
22
24.0711
24.4853
25.4853
25.3137
24.8995
22
22
22.8284
22
22
22
23
23
23
23
23
23
23
23
24.6569
75.9706
76.9706
77.9706
78.9706
23
23
23
23
23
23
23
25.8995
26.8995
26.7279
26.3137
23
23
23
23.8284
23
23
23
24
24
24
24
24
24
24
26.0711
25.6569
79.3848
80.3848
24
24
24
24
24
24
27.3137
28.3137
29.1421
28.1421
27.7279
24
24
24
24
24.8284
25.2426
26.2426
24
24
24
24
25
25
25
25
25
25
25
27.0711
80.799
81.799
25
25
25
25
25
25
25
25
25
28.7279
29.7279
31.5563
30.5563
29.5563
25
25
25
25
26.6569
25
25
25
25
26
26
26
26
26
26
26
26
29.4853
28.4853
28.0711
82.2132
83.2132
84.2132
26
26
26
26
26
26
26
30.1421
31.1421
32.1421
33.1421
34.9706
33.9706
32.9706
31.9706
26
26
26
27.6569
26
26
26
26
26
27
27
27
27
27
27
27
27
27
27
27
27
27
29.8995
84.6274
85.6274
86.6274
27
27
27
27
27
27
33.5563
34.5563
35.5563
36.5563
37.5563
37.3848
36.3848
35.3848
27
27
27
27
28.6569
29.0711
27
27
27
27
27
27
28
28
28
28
28
28
28
28
28
28
28
30.8995
87.0416
88.0416
28
28
28
28
28
28
28
37.9706
38.9706
39.9706
40.9706
41.9706
42.9706
43.9706
44.9706
44.799
43.799
42.799
41.799
40.799
39.799
38.799
37.799
28
28
28
30.0711
32.3137
31.8995
88.4558
89.4558
90.4558
29
29
29
29
29
29
29
31.0711
33.3137
90.8701
30
30
30
30
30
30
30
30
30
30
30
30
30
30
30
32.0711
34.3137
91.2843
92.2843
93.2843
31
31
31
31
31
31
31
31
31
31
31
31
31
31
33.0711
33.4853
35.7279
35.3137
93.6985
94.6985
95.6985
32
32
32
32
32
32
32
32
32
32
32
32
32
32
32
32
32
34.4853
36.7279
96.1127
97.1127
33
33
33
33
33
33
33
33
33
33
33
33
33
33
33
33
33
33
33
35.4853
35.8995
39.1421
38.1421
37.7279
97.5269
98.5269
99.5269
34
34
34
34
34
34
34
34
34
34
34
34
36.8995
40.5564
39.5564
99.9411
100.941
101.941
35
35
35
35
35
35
35
35
35
35
35
35
35
37.8995
38.3137
39.3137
40.9706
102.355
103.355
36
36
36
36
36
36
36
36
36
36
39.7279
42.3848
41.9706
103.77
104.77
37
37
37
37
37
40.7279
41.1421
43.3848
105.184
38
38
38
38
38.4142
38
38
38
38
38
38
42.1421
44.799
44.3848
105.598
106.598
39
39
39
41.0711
40.6569
40.2426
39.8284
39.4142
39
39
43.1421
43.5564
45.799
107.012
108.012
109.012
40
40
40
43.3137
42.8995
42.4853
42.0711
40
44.5564
48.2132
47.2132
46.799
55.4264
56.4264
57.4264
58.4264
59.4264
60.4264
61.4264
62.4264
63.4264
64.4264
65.4264
66.4264
67.4264
68.4264
109.426
110.426
41
41
41
45.1421
44.7279
44.3137
41
41
45.5564
45.9706
49.6274
48.6274
51.1127
51.5269
51.9411
52.3554
52.7696
53.1838
53.598
54.0122
54.4264
54.8406
55.8406
68.8406
69.8406
70.8406
71.8406
72.8406
73.8406
74.8406
110.841
111.841
42
42
42.4142
42
47.3848
46.9706
46.5563
46.1421
42
42
46.9706
47.3848
48.3848
51.0416
50.0416
49.6274
50.0416
50.4558
50.8701
51.2843
51.6985
52.1127
75.2549
76.2549
77.2549
78.2549
79.2549
80.2549
112.255
113.255
114.255
43
43.4142
43
49.2132
48.799
48.3848
43
43
43
48.799
49.799
87.7696
88.1838
88.598
89.0122
89.4264
89.8407
90.2549
90.6691
91.0833
91.4975
92.4975
93.4975
94.4975
52.4559
51.4559
47.7279
48.1421
48.5563
48.9706
49.3848
49.799
50.2132
50.6274
80.6691
81.6691
82.6691
83.6691
114.669
44
44.4142
44
51.4558
51.0416
50.6274
50.2132
44
50.2132
86.7696
94.0833
95.0833
96.0833
97.0833
98.0833
99.0833
54.8701
53.8701
52.8701
46.6569
47.0711
47.4853
47.8995
48.3137
48.7279
84.0833
85.0833
86.0833
115.083
116.083
45
45.4142
45
53.2843
52.8701
52.4558
45
45
51.2132
51.6274
85.7696
98.6691
99.6691
100.669
101.669
102.669
56.2843
55.2843
47.6569
86.4975
116.497
46.4142
46
46.4142
46.4142
46
54.2843
46
52.6274
53.0416
54.0416
84.7696
102.255
56.6985
47
47.4142
47.8284
48.2426
48.6569
87.4975
87.9117
116.912
47.4142
47.4142
47.4142
56.5269
56.1127
55.6985
55.2843
47
47
54.4559
83.7696
101.841
102.841
103.841
104.841
105.841
60.1127
59.1127
58.1127
57.1127
48
48
48
88.9117
89.3259
90.3259
91.3259
117.326
118.326
48.4142
48.4142
48.4142
57.9411
58.3554
57.9411
57.5269
48
48
55.4559
55.8701
56.8701
82.7696
105.426
106.426
107.426
108.426
61.5269
60.5269
49
49
49
49
91.7401
92.7401
118.74
119.74
49.4142
49.4142
49.8284
49.4142
58.1127
58.5269
58.9411
49
57.2843
58.2843
81.7696
108.012
109.012
110.012
111.012
63.9411
62.9411
61.9411
50
50
93.1544
94.1544
95.1544
118.841
50.4142
50.8284
50.8284
50.4142
58.6985
59.1127
50
50
50
58.6985
59.6985
60.6985
80.7696
110.598
111.598
110.841
109.841
108.841
67.3554
66.3554
65.3554
64.3554
51
51
51
51
95.5686
96.5686
117.841
117.426
117.012
51.4142
51.8284
52.2426
53.2426
51.8284
58.4558
58.8701
59.2843
59.6985
307.279
308.279
309.279
310.279
311.279
312.279
313.279
314.279
315.279
51
51
61.1127
62.1127
63.1127
79.7696
108.426
107.426
106.426
105.426
104.426
71.7696
70.7696
69.7696
68.7696
67.7696
52
52
96.9828
97.9828
116.012
115.598
52.8284
52.4142
53.6569
54.2426
53.2426
52.8284
58.2132
58.6274
59.0416
59.4558
300.865
301.865
302.865
303.865
304.865
305.865
306.865
314.865
315.865
316.865
317.865
318.865
319.865
52
52
63.5269
64.5269
65.5269
66.5269
78.7696
104.012
103.012
102.012
101.012
100.012
99.0122
76.1838
75.1838
74.1838
73.1838
72.1838
53
98.397
99.397
114.598
53.8284
54.6569
55.0711
55.6569
54.6569
58.3848
58.799
59.2132
296.451
297.451
298.451
299.451
300.451
319.451
320.451
321.451
322.451
323.451
53
53
53
66.9412
67.9412
68.9412
69.9412
70.9412
78.3554
98.598
97.598
96.598
95.598
94.598
93.598
92.598
91.598
90.598
89.598
88.598
87.598
86.598
85.598
84.598
83.598
82.598
81.598
80.598
79.598
78.598
77.598
76.598
54
99.8112
113.598
113.184
54.8284
56.0711
56.4853
57.0711
56.0711
59.3848
293.622
294.037
295.037
296.037
323.037
324.037
325.037
326.037
54
71.3554
72.3554
73.3554
74.3554
75.3554
76.3554
77.3554
55.4142
55
100.811
112.184
55.8284
57.4853
57.4853
59.1421
59.5563
59.9706
60.3848
292.622
325.622
55
57.2426
56.8284
56.4142
101.811
102.225
102.64
111.77
110.77
110.355
58.2426
57.2426
56.8284
58.4853
58.8995
59.8995
59.8995
58.8995
58.4853
59.7279
60.1421
289.208
290.208
291.208
292.208
325.208
326.208
327.208
56
56
58.2426
103.64
109.355
58.6569
60.3137
61.3137
62.3137
62.3137
61.3137
60.3137
59.8995
60.3137
60.7279
285.794
286.794
287.794
288.794
326.794
327.794
57
57
59.2426
104.64
105.054
108.941
107.941
60.0711
59.6569
62.7279
63.7279
64.7279
65.7279
66.7279
66.7279
65.7279
64.7279
63.7279
62.7279
60.0711
60.4853
60.8995
283.38
284.38
285.38
327.38
328.38
329.38
330.38
58
58
60.2426
106.054
107.527
106.527
61.0711
67.1422
68.1422
69.1422
70.1422
69.1422
68.1422
67.1422
60.2426
60.6569
61.0711
279.966
280.966
281.966
282.966
329.966
330.966
59
61.2426
107.054
106.113
105.113
62.4853
62.0711
60.4142
60.8284
61.2426
275.551
276.551
277.551
278.551
279.551
330.551
331.551
332.551
60
60
60.4142
62.2426
108.054
108.468
104.699
103.699
102.699
63.8995
63.4853
61
61.4142
273.137
274.137
275.137
332.137
333.137
61.4142
61.8284
63.2426
109.468
102.284
101.284
66.3137
65.3137
64.8995
62
62
62
269.723
270.723
271.723
272.723
332.723
333.723
62.8284
63.2426
64.2426
110.468
100.87
99.8701
99.4559
67.7279
66.7279
63
265.895
266.309
267.309
268.309
269.309
333.309
334.309
64.2426
65.2426
111.468
98.4559
68.1422
64
64
64
264.895
333.895
65.2426
65.6569
66.0711
66.2426
112.468
98.0417
97.0417
96.0417
71.5564
70.5564
69.5564
69.1422
65
65
262.48
263.48
264.48
333.48
334.48
335.48
67.0711
83.326
84.326
85.326
86.326
87.326
88.326
89.326
67.2426
113.468
95.6274
94.6274
93.6274
73.9706
72.9706
71.9706
66
66
66
66
259.066
260.066
261.066
262.066
335.066
336.066
68.0711
68.4853
82.326
89.7402
90.7402
91.7402
92.7402
93.7402
94.7402
95.7402
96.7402
68.2426
68.6569
69.6569
114.468
93.2132
92.2132
91.2132
90.2132
89.2132
88.2132
78.3848
77.3848
76.3848
75.3848
74.3848
67
67
254.652
255.652
256.652
257.652
258.652
335.652
336.652
69.4853
69.8995
82.7402
97.1544
98.1544
99.1544
100.154
101.154
70.0711
115.468
87.799
86.799
85.799
84.799
83.799
82.799
81.799
80.799
79.799
78.799
68
68
252.238
253.238
254.238
336.238
337.238
338.238
70.8995
71.3137
83.7402
101.569
102.569
103.569
71.0711
71.4853
116.882
116.468
69
69
247.823
248.823
249.823
250.823
251.823
337.823
338.823
72.3137
72.7279
73.1421
84.7402
103.983
104.983
105.983
106.983
72.4853
72.8995
103.213
104.213
105.213
106.213
107.213
108.213
109.213
110.213
111.213
112.213
113.213
114.213
115.213
116.213
117.213
118.213
119.213
120.213
117.882
70
70
70
244.409
245.409
246.409
247.409
338.409
74.1421
74.5564
85.7402
107.397
108.397
109.397
73.8995
74.3137
75.3137
76.3137
98.799
99.799
100.799
101.799
102.799
119.799
120.799
121.799
118.882
71.8284
71.4142
71
241.995
242.995
243.995
337.995
338.995
75.5564
75.9706
86.7402
109.811
76.7279
77.7279
78.7279
93.9706
94.3848
95.3848
96.3848
97.3848
98.3848
121.385
122.385
123.385
124.385
125.385
120.297
119.882
72.8284
239.167
239.581
240.581
241.581
338.581
339.581
76.9706
87.7402
110.811
111.225
112.225
113.225
79.1421
92.9706
124.971
121.297
74.2426
73.8284
238.167
339.167
77.9706
78.3848
88.7402
113.64
114.64
115.64
79.5564
80.5564
81.5564
82.5564
83.5564
84.5564
85.5564
86.5564
87.5564
88.5564
89.5564
90.5564
91.5564
92.5564
124.556
125.556
126.556
127.556
123.711
122.711
122.297
76.0711
75.6569
75.2426
235.752
236.752
237.752
338.752
79.3848
79.799
80.2132
80.6274
89.7402
116.054
117.054
118.054
119.054
118.297
127.971
128.971
124.125
77.8995
77.4853
77.0711
232.338
233.338
234.338
235.338
300.338
301.338
302.338
303.338
304.338
305.338
306.338
307.338
308.338
309.338
338.338
339.338
340.338
81.6274
82.0416
90.7402
118.711
117.711
116.711
115.711
129.385
130.385
131.385
126.539
125.539
125.125
80.1422
79.7279
79.3137
78.8995
229.924
230.924
231.924
295.924
296.924
297.924
298.924
299.924
309.752
310.752
311.752
340.752
83.0416
83.4559
83.8701
84.2843
91.7402
116.125
115.125
114.125
131.799
132.799
133.799
134.799
135.799
127.953
126.953
81.9706
81.5564
81.1422
226.51
227.51
228.51
229.51
294.51
295.51
312.167
313.167
314.167
315.167
341.167
342.167
85.2843
85.6985
92.7402
114.539
113.539
112.539
111.539
110.539
136.213
137.213
138.213
139.213
140.213
132.368
131.368
130.368
129.368
128.368
84.6274
84.2132
83.799
83.3848
82.9706
223.096
224.096
225.096
226.096
293.096
294.096
315.581
316.581
342.581
86.6985
87.1127
87.5269
87.9412
88.3554
93.7402
110.953
109.953
108.953
107.953
106.953
105.953
140.627
140.782
139.782
138.782
137.782
136.782
135.782
134.782
133.782
132.782
79
79
79
79
79
79
79
79
79
79
79
79
79
79
79
79
79
79
79
79
84.3848
84.799
85.2132
85.6274
86.0417
85.6274
221.681
222.681
290.681
291.681
292.681
316.995
317.995
342.995
343.995
89.3554
89.7696
90.1838
90.598
94.7402
106.368
80
80
85.3848
219.853
220.267
221.267
290.267
318.409
344.409
91.598
95.7402
106.782
105.782
104.782
103.782
103.368
102.953
102.539
102.125
82.2426
81.8284
81.4142
81
81
81
81
81.4142
81.8284
82.2426
82.6569
83.0711
83.4853
83.8995
84.3137
84.7279
85.1422
85.5564
85.9706
86.3848
218.853
288.853
289.853
319.409
319.823
320.823
344.823
92.598
93.0122
93.4264
93.8407
94.2549
94.6691
96.7402
103.125
102.711
102.297
101.882
101.468
101.054
100.64
100.225
99.8112
99.397
98.9828
98.5686
98.1544
97.7402
97.3259
96.9117
84.4853
84.0711
83.6569
83.2426
216.439
217.439
218.439
288.439
321.238
345.238
95.6691
96.0833
96.4975
96.9117
97.326
97.7402
97.9117
97.4975
97.0833
96.6691
96.2549
95.8407
95.4264
95.0122
94.598
94.1838
93.7696
93.3554
92.9411
92.5269
92.1127
91.6985
91.2843
90.8701
90.4559
90.0416
89.6274
89.2132
88.799
88.3848
87.9706
87.5564
87.1421
86.7279
86.3137
85.8995
85.4853
85.0711
84.6569
84.2426
85.8995
85.4853
214.024
215.024
216.024
287.024
288.024
322.238
322.652
345.652
346.652
85.2426
85.6569
86.0711
86.4853
86.8995
87.3137
87.7279
88.1421
88.5564
88.9706
89.3848
89.799
90.2132
90.6274
122.426
121.426
120.426
119.426
118.426
117.426
116.426
115.426
114.426
113.426
87.3137
86.8995
212.61
213.61
286.61
323.652
324.066
347.066
91.6274
92.0416
92.4559
92.8701
93.2843
93.6985
126.841
125.841
124.841
123.841
122.841
113.841
112.841
111.841
110.841
109.841
89.1422
88.7279
88.3137
210.196
211.196
212.196
250.196
251.196
252.196
253.196
254.196
255.196
256.196
257.196
258.196
259.196
286.196
325.066
347.48
94.6985
95.1127
95.5269
96.5269
97.5269
98.5269
99.5269
129.255
128.255
127.255
110.255
109.255
108.255
90.5564
90.1422
207.782
208.782
209.782
245.782
246.782
247.782
248.782
249.782
259.61
260.61
261.61
285.61
286.61
326.066
347.895
348.895
349.895
99.9412
100.941
101.941
102.941
103.941
104.941
105.941
130.669
129.669
108.669
107.669
106.669
91.5564
205.953
206.368
207.368
241.368
242.368
243.368
244.368
245.368
262.024
263.024
264.024
265.024
286.024
327.066
327.48
350.309
106.355
107.355
108.355
109.355
110.355
111.355
112.355
133.083
132.083
131.083
107.083
106.083
92.9706
92.5564
204.539
204.953
239.953
240.953
265.439
266.439
286.439
328.48
350.723
112.77
133.498
106.498
93.9706
203.125
203.539
239.539
266.853
286.853
329.48
351.137
113.77
114.184
115.184
116.184
117.184
134.912
134.498
106.912
105.912
94.9706
202.125
237.125
238.125
239.125
267.853
287.267
330.48
351.551
117.598
118.598
119.598
120.598
121.598
136.326
135.912
106.326
105.912
95.9706
200.711
201.711
234.711
235.711
236.711
268.853
269.267
287.681
331.48
351.966
122.012
123.012
124.012
137.74
137.326
106.912
97.799
97.3848
96.9706
198.297
199.297
200.297
232.297
233.297
234.297
270.267
288.096
332.48
332.895
333.309
352.38
124.426
125.426
138.74
107.912
107.498
107.083
98.799
196.882
197.882
230.882
231.882
271.267
271.681
272.096
288.51
289.51
334.309
352.794
353.794
125.841
126.841
127.841
128.841
140.569
140.154
139.74
108.083
99.799
195.468
196.468
228.468
229.468
230.468
273.096
289.924
335.309
354.208
129.255
130.255
141.569
109.083
108.669
100.799
193.64
194.054
195.054
227.054
228.054
274.096
290.338
336.309
354.622
130.669
131.669
142.983
142.569
109.669
101.799
102.213
103.213
192.225
192.64
225.64
226.64
275.096
290.752
337.309
355.037
132.083
143.983
110.669
103.627
190.811
191.225
225.225
276.096
291.167
292.167
338.309
355.451
133.083
144.983
111.669
104.627
189.811
222.811
223.811
224.811
277.096
292.581
339.309
355.865
134.083
134.498
134.912
146.397
145.983
112.669
105.627
188.397
189.397
221.397
222.397
279.51
278.51
278.096
292.995
340.309
356.279
135.912
136.326
147.397
113.669
106.627
185.983
186.983
187.983
219.983
220.983
279.924
293.409
341.309
356.694
137.326
148.397
114.669
114.255
107.627
108.042
184.569
185.569
218.569
219.569
280.924
293.823
294.823
342.309
357.108
138.326
138.74
150.225
149.811
149.397
115.255
109.042
183.154
184.154
216.154
217.154
218.154
282.338
281.924
295.238
343.309
357.522
139.74
151.225
116.255
110.042
110.456
179.74
180.74
181.74
182.74
214.74
215.74
283.338
295.652
296.652
297.652
344.309
357.936
140.74
152.225
117.255
111.456
111.87
112.87
178.326
179.326
213.326
214.326
284.752
284.338
298.066
345.309
358.35
141.74
142.154
142.569
153.225
118.255
113.284
114.284
176.912
177.912
210.912
211.912
212.912
286.167
285.752
298.48
299.48
346.309
358.765
143.569
154.225
119.255
114.699
115.699
175.083
175.498
176.498
210.498
288.581
287.581
287.167
299.895
347.309
359.179
144.569
155.225
120.255
116.113
174.083
210.083
288.995
300.309
348.309
359.593
145.569
156.225
121.255
117.113
117.527
118.527
119.527
171.669
172.669
173.669
208.669
209.669
289.995
300.723
349.309
360.007
146.569
157.64
157.225
122.255
119.941
120.941
121.941
168.255
169.255
170.255
171.255
208.255
291.409
290.995
301.137
302.137
350.309
360.422
147.569
158.64
123.669
123.255
122.355
123.355
124.355
125.355
165.841
166.841
167.841
206.841
207.841
292.823
292.409
302.551
351.309
360.836
148.569
159.64
124.669
125.77
126.77
127.77
128.77
129.77
161.426
162.426
163.426
164.426
165.426
206.426
295.238
294.238
293.823
302.966
352.309
361.836
149.569
149.983
160.64
125.669
130.184
131.184
132.184
133.184
134.184
135.184
136.184
137.184
155.012
156.012
157.012
158.012
159.012
160.012
161.012
205.012
206.012
296.652
295.652
303.38
304.38
305.38
353.309
362.836
150.983
161.64
126.669
137.598
138.598
139.598
140.598
141.598
142.598
143.598
144.598
145.598
146.598
147.598
148.598
149.598
150.598
151.598
152.598
153.598
154.598
204.598
297.066
305.794
354.309
363.836
151.983
162.64
127.669
205.012
298.48
298.066
306.208
355.309
364.836
152.983
163.64
128.669
205.426
299.48
306.622
356.309
365.836
153.983
164.64
129.669
205.841
300.48
307.037
357.309
366.836
154.983
165.64
130.669
204.255
205.255
206.255
301.48
307.451
358.309
367.836
155.983
166.64
131.669
204.669
302.895
302.48
307.865
359.309
368.836
156.983
167.64
132.669
205.083
303.895
308.865
360.309
369.836
157.983
158.397
158.811
159.225
159.64
160.054
160.468
160.882
161.297
161.711
162.125
162.539
162.953
163.368
163.782
164.196
164.61
165.61
166.61
167.61
168.61
169.468
169.054
168.64
133.669
133.255
132.841
132.426
132.012
131.598
131.184
130.77
130.355
129.941
129.527
129.113
128.699
128.284
127.87
127.456
127.042
126.627
126.213
125.799
126.213
126.627
127.042
127.456
127.87
128.284
128.699
129.113
129.527
129.941
130.355
130.77
131.184
131.598
132.012
132.426
132.841
133.255
133.669
134.083
134.498
135.498
136.498
137.498
138.498
139.498
140.498
141.498
142.498
143.498
144.498
145.498
146.498
147.498
148.498
149.498
150.498
151.498
152.498
153.498
154.498
155.498
156.498
157.498
158.498
159.498
160.498
161.498
162.498
163.498
164.498
165.498
166.498
167.498
168.498
169.498
170.498
171.498
172.498
173.498
174.498
175.498
176.498
177.498
178.498
179.498
180.498
181.498
182.498
183.498
184.498
185.498
186.498
187.498
188.498
189.498
190.498
191.498
192.498
193.498
194.498
195.498
196.498
197.498
198.498
199.498
200.498
201.498
202.498
203.498
204.498
205.498
304.895
304.48
304.066
303.652
303.238
302.823
302.409
301.995
301.581
301.167
300.752
300.338
299.924
299.51
299.096
299.51
299.924
300.338
300.752
301.167
301.581
301.995
302.409
302.823
303.238
303.652
304.066
304.48
304.895
305.309
305.723
306.137
306.551
306.966
307.38
307.794
308.208
308.622
309.037
309.451
309.865
361.309
361.723
362.137
362.551
362.966
363.38
363.794
364.208
364.622
365.037
365.451
365.865
366.279
366.694
367.108
367.522
367.936
368.35
368.765
369.179
369.593
370.007
370.422
370.836
