136.154
136.569
136.983
137.397
137.811
138.225
138.64
139.054
139.468
139.882
140.297
140.711
141.125
141.539
141.953
142.368
142.782
143.196
143.61
144.024
144.439
144.853
145.267
145.681
146.096
146.51
146.924
147.338
147.752
148.167
148.581
148.995
135.154
147.995
134.154
146.995
133.154
145.995
132.154
144.995
131.154
143.995
130.154
142.995
129.154
141.995
128.154
140.995
127.154
139.995
126.154
138.995
139.409
125.154
138.409
124.154
137.409
123.154
136.409
122.154
135.409
121.154
134.409
120.154
133.409
119.154
132.409
118.154
131.409
117.154
130.409
116.154
129.409
115.154
128.409
114.154
127.409
127.823
113.154
126.823
112.154
125.823
111.154
124.823
110.154
123.823
108.74
109.154
122.823
107.74
121.823
106.74
120.823
104.912
105.326
105.74
120.409
103.912
119.995
102.912
119.581
120.581
121.581
101.912
121.167
100.498
100.912
120.752
99.4975
120.338
98.0833
98.4975
119.924
97.0833
119.51
95.6691
96.0833
119.096
93.8406
94.2549
94.6691
118.681
92.8406
118.267
91.4264
91.8406
117.853
90.4264
117.439
89.0122
89.4264
117.024
87.598
88.0122
116.61
85.7696
86.1838
86.598
116.196
84.3554
84.7696
113.782
114.782
115.782
82.9411
83.3554
113.368
81.9411
112.953
80.1127
80.5269
80.9411
112.539
78.6985
79.1127
112.125
76.8701
77.2843
77.6985
110.711
111.711
75.0416
75.4558
75.8701
110.297
73.6274
74.0416
108.882
109.882
72.2132
72.6274
108.468
69.9706
70.3848
70.799
71.2132
107.054
108.054
68.5563
68.9706
106.64
67.5563
106.225
66.1421
66.5563
103.811
104.811
105.811
64.3137
64.7279
65.1421
102.397
103.397
62.4853
62.8995
63.3137
100.983
101.983
61.0711
61.4853
99.5686
100.569
65.8701
66.2843
66.6985
67.1127
59.2426
59.6569
60.0711
97.1544
98.1544
99.1544
64.8701
66.1127
66.5269
66.9411
67.3553
67.7696
68.1838
68.598
69.0122
69.4264
69.0122
57.4142
57.8284
58.2426
95.7402
96.7402
63.8701
68.0122
67.598
67.1838
66.7696
66.3553
65.9411
56
56
56.4142
94.3259
95.3259
62.8701
64.9411
64.5269
64.1127
63.6985
63.2843
55
55
55
93.9117
61.8701
62.2843
54
90.4975
91.4975
92.4975
93.4975
60.8701
61.2843
60.8701
60.4558
60.0416
59.6274
53
53
89.0833
90.0833
59.8701
58.6274
58.2132
57.799
52
52
52
52
85.6691
86.6691
87.6691
88.6691
58.8701
56.799
56.3848
55.9706
55.5563
55.1421
51
51
83.2549
84.2549
85.2549
57.8701
54.1421
53.7279
53.3137
50
50
50
50
79.8406
80.8406
81.8406
82.8406
56.8701
52.3137
51.8995
51.4853
51.0711
49
49
49
77.4264
78.4264
79.4264
51.4853
51.8995
52.3137
52.7279
53.1421
53.5563
53.9706
54.3848
54.799
55.2132
55.6274
56.0416
56.4558
50.0711
49.6569
49.2426
48.8284
48
48
48
74.0122
75.0122
76.0122
77.0122
48.4142
48.8284
49.2426
49.6569
50.0711
50.4853
47.8284
47.4142
47
47
47
47
73.598
47
47
47
47
47.4142
46
46
71.1838
72.1838
73.1838
46
45
45
45
45
45
45
45
45
66.7696
67.7696
68.7696
69.7696
70.7696
45
45
45
44
44
44
44
44
63.3554
64.3554
65.3554
66.3554
44
44
44
44
44
43
43
43
43
43
43
43
43
60.9411
61.9411
62.9411
43
43
42
42
42
42
42
42
57.5269
58.5269
59.5269
60.5269
42
42
42
42
41
41
41
41
41
41
55.1127
56.1127
57.1127
41
41
40
40
40
40
40
40
51.6985
52.6985
53.6985
54.6985
40
40
39
39
39
39
39
39
39
50.2843
51.2843
39
39
39
39
38
38
38
38
38
38
38
38
38
38
38
38
38
38
38
38
38
49.8701
38
38
37
37
37
37
46.4559
47.4559
48.4559
49.4559
37
36
36
36
36
36
36
36
36
36
36
36
36
36
36
36
36
45.0416
46.0416
36
36
36
35
35
35
35
35
35
35
35
35
35
35
35
35
35
41.6274
42.6274
43.6274
44.6274
35
34
34
34
34
34
34
34
34
34
34
40.2132
41.2132
34
34
33
33
33
33
33
33
33
33
33
33
33
33
38.799
39.799
33
33
32
32
32
32
32
32
32
32
32
32
32
32
32
32
32
32
36.9706
37.3848
38.3848
32
32
31
31
31
31
31
31
31
31
31
31
31
31
31
31
31
31
31
31
31
31
35.5563
35.9706
31
30
30
30
30
30
30
30
30
30
30
30
30
30
30
30
30
34.5563
30
30
30
30
30
30
30
30
30
30
30
29
29
29
29
29
29
33.1421
34.1421
29
29
29
28
28
28
28
28
28
28
28
28
28
28
28
31.7279
32.7279
28
28
28
28
28
28
28
28
28
28
28
28
28
27
27
27
27
27
27
27
27
27
27
27
27
27
27
27
27
27
29.8995
30.3137
31.3137
27
27
27
27
27
27
27
27
27
27
27
27
36.799
37.799
38.799
39.799
40.799
41.799
42.799
43.799
44.799
45.799
26
26
26
26
26
26
26
26
26
26
26
26
26
28.8995
26
26
26
26
26
26
35.799
46.2132
47.2132
47.3848
46.3848
45.3848
44.3848
43.3848
25
25
25
25
25
25
25
25
25
25
27.4853
27.8995
25
25
25
25
25
25
25
25
25
35.3848
42.9706
41.9706
40.9706
39.9706
38.9706
37.9706
24
24
24
24
24
24
24
24
24
24
24
24
24
26.0711
26.4853
24
24
24
24
24
34.9706
37.5563
36.5563
35.5563
34.5563
33.5563
32.5563
31.5563
23
23
23
23
23
23
23
23
23
23
25.0711
23
23
23
23
23
23
34.5563
31.1421
30.1421
29.1421
22
22
22
22
22
22
22
22
22
22
22
23.6569
24.0711
22
22
22
22
22
22
28.1421
29.1421
30.1421
31.1421
32.1421
33.1421
34.1421
28.7279
21
21
21
21
21
21
21
21
21
21
21
22.6569
21
21
21
21
21
21
21
27.7279
28.3137
27.3137
26.3137
25.3137
20
20
20
20
20
20
21.6569
20
20
20
24.3137
25.3137
26.3137
27.3137
24.8995
23.8995
22.8995
19
19
19
19
19
19
19
19
19
19
19
19.8284
20.2426
21.2426
19
19
19
19
19
21.8995
22.8995
23.8995
22.4853
21.4853
18
18
18
18
18
18
18
18
18
18
18
18
18.8284
18
18
18
18
20.0711
20.4853
21.4853
21.0711
20.0711
19.0711
17
17
17
17
17
17
17
17
17
17
17.8284
17
17
17
17
18.6569
19.0711
18.6569
17.6569
16
16
16
16
16
16
16
16
16
16
16
16
16
16
16.4142
16.8284
16
16
16
16
16
16
17.6569
17.2426
16.2426
15
15
15
15
15
15
15
15
15
15
15
15
15
15
15
15.4142
15
15
15
15
16.2426
17.2426
15.8284
14.8284
14.4142
14
14
14
14
14
14
14.4142
14
14
14
14.4142
14.8284
15.8284
13.4142
13
13
13
13
13
13
13.4142
13
13
13
13
13.4142
12.4142
12
12
12
12
12.4142
12
12
12
12.4142
11.4142
11
11
11
11
11
11.4142
11
11
11
11
11
11.4142
10
10
10
10
10
10
10.4142
10
10
10
10.4142
9
9
9
9
9
9
9
9
9
9
9.41421
8
8
8
8
8
8
8
8
8
8
7
7
7
7
7
7
7
7
7
7
6
6
6
6
6
6
6
6
6
6
6
6
6
6
6
6
6
6
6
6
6
6
6
6
6
6
6
6
6
6
6
6
6
6
6
6
6
6
6
6
6
6
6
6
6
6
6
6
6
6
6
6
6
6
6
6
6
6
6
6
6
6
6
6
6
6
6
6
6
6
6
6
6
6
6
6
6
6
6
6
6
6
6
6
6
6
6
6
6
6
6
6
6
6
6
6
6
6
6
6
6
6
6
6
6
6
6
6
6
6
6
6
6
6
6
6
6
6
6
6
6
6
6
6
6
6
6
6
6
6
6
6
6
6
6
6
6
6
6
6
6
6
6
6
6
6
6
6
6
6
6
6
6
6
6
6
6
6
6
6
6
6
6
6
6
6
6
6
6
6
6
6
6
6
6
6
6
6
6
6
6
6
6
6
6
6
6
6
6
6
6
6
6
6
6
6
6
6
6
6
6
6
6
6
6
6
6
6
6
6
6
6
6
