124.971
124.556
124.142
123.728
123.314
122.9
122.485
122.071
121.657
121.243
120.828
120.414
120
120
120
120
120
120
120
120
120
120
120
120
120
120
120
120
120
120
120
120
120
120
120
120
120
120
120
120
120
120
120
120
120
120
120
120
120
120
120
120
120
120
120
120
123.728
123.314
122.899
122.485
122.071
121.657
121.243
120.828
120.414
120
120
120
120
120
120
120
120
120
120
120
120
120
120
120
120
120
120
120
120
120
120
120
120
120
120
120
120
120
120
120
120
120
120
120
120
120
120
120
120
120
120
120
120
120
120
120
120.414
120.828
120
120
120
120
120
120
120
120
120
120
120
120
120
120
120
120
120
120
120
120
120
120
120
120
120
120
120
120
120
120
120
120
120
120
120
120
120
120
120
120
120
120
120
120
120
120
120
123.971
119
122.728
119.828
119
119
122.971
118
121.728
118.828
118
118
121.971
117
120.728
117.828
117
117
120.971
116
119.728
116.828
116
116
119.971
115
118.728
115.828
115
115
115
118.971
114
117.728
114.828
114
114
117.971
113
116.728
113.828
113
113
116.971
116.556
112
115.728
112.828
112
112
115.556
111
114.728
111.828
111
111
114.556
110
113.728
113.314
110.828
110
110
113.556
109
112.314
109.828
109
109
112.556
108
111.314
108.828
108
108
111.556
107
110.314
107.828
107
107
110.556
106
109.314
106.828
106
106
109.556
105
108.314
105.828
105
105
108.556
104
107.314
104.828
104
104
107.556
103
106.314
103.828
103
103
106.556
102
105.314
102.414
102.828
102
102
105.556
101
101
101
104.314
101.414
101
101
105.142
104.142
103.728
100
103.314
100.414
100
100
100
100
100
100
102.728
99
102.314
99.4142
99
99
101.728
98
101.314
98.4142
98
98
100.728
97
100.314
97.4142
97
97
99.7279
96
99.3137
96.4142
96
96
98.7279
95
98.3137
95.4142
95
95
97.7279
94
97.3137
94.4142
94
94
96.7279
93
96.3137
93.4142
93
93
95.7279
95.3137
92
95.3137
94.8995
92.4142
92
92
92
94.3137
91
93.8995
91.4142
91
91
91
93.3137
90
92.8995
90.4142
90
90
92.3137
89
91.8995
89.4142
89
89
91.3137
88
90.8995
88.4142
88
88
90.3137
87
89.8995
87.4142
87
87
89.3137
86
88.8995
86.4142
86
86
88.3137
87.8995
85
87.8995
85.4142
85
85
85
86.8995
84
86.8995
84.4142
84
84
84
85.8995
83
85.8995
83.4142
83
83
84.8995
82
84.8995
82.4142
82
82
83.8995
81
81
83.8995
81.4142
81
81
81
82.8995
80
83.4853
82.4853
82.0711
80.4142
80
80
81.8995
79
81.0711
79.4142
79
79
81.4853
80.4853
80.0711
78
80.0711
78.4142
78
78
78
79.0711
77
79.0711
77.4142
77
77
78.0711
76
78.0711
76
76.4142
76
76
76
76
77.0711
75
77.0711
75
75
75
76.0711
74
76.0711
74
74
74
75.0711
73
75.0711
73
73
73
73
73
73
74.0711
72
74.0711
72
72
72
73.0711
72.6569
71
73.0711
71
71
71
71.6569
70
72.0711
70
70
70
70.6569
69
71.0711
70.6569
69
69
69
69
69.6569
68
69.6569
68
68
68
68.6569
67
68.6569
67
67
67
67
67.6569
66
66
67.6569
66
66
66
66
66.6569
65
66.6569
65
65
65
65.6569
64
65.6569
64
64
64
64
64
64.6569
64.2426
63
64.6569
63
63
63
63.2426
62
63.6569
62
62
62
62
62.2426
61
62.6569
61
61
61
61.2426
60
61.6569
60
60
60
60
60.2426
59
60.6569
59
59
59
59.2426
58
59.6569
59.2426
58
58
58
58
58.2426
57
58.2426
57
57
57
57
57.2426
56
57.2426
56
56
56
56
56
56.2426
55
56.2426
55
55
55
55
55.2426
54.8284
54
55.2426
54
54
54
53.8284
53
54.2426
53
53
53
52.8284
52
53.2426
52
52
52
52
51.8284
51
51
52.2426
51
51
51
51
51
51
50.8284
50
51.2426
50
50
50
49.8284
49
50.2426
49
49
49
49
49
48.8284
48
49.2426
48
48
48
48
47.8284
47
48.2426
47
47
47
47
46.8284
46
47.2426
46.8284
46
46
46
45.8284
45
45.8284
45
45
45
45
44.8284
44
44.8284
44
44
44
44
43.8284
43
43.8284
43
43
43
43
43
42.8284
42
42.8284
42
42
42
42
41.8284
41
41.8284
41
41
41
41
40
40
40
40
40
40
40
40
40
40
40
40
40
40
40
40
40
40
40
40
40
40
40
40
40
40
40
40
40
40
40
41.4142
40.4142
40
40
40.8284
40
40
40
40
40
39
39
39
39
39
39
39
39
39
39
39
39
39
39
39
39
39
39
39
39
39
39
39
39
39
39
39
39
39.8284
39
39
39
39
39
39
38
38
38
38
38
38
38
38
38
38
38
38
38
38
38
38
38
38
38
38
38
38
38
38
38
38
38
38
38
38
38
38
38
38
38
38
38
38
38.8284
38
38
38
38
37
37
37
37
37.8284
37
37
37
36
36
36
36
36
36
36
36.8284
36
36
36
36
36
35
35
35
35
35
35
35
35
35
35
35.8284
35
35
35
35
34
34
34
34
34
34
34.8284
34
34
34
34
34
34
33
33
33
33
33
33
33.8284
33
33
33
33
33
32
32
32
32
32
32
32.8284
32
32
32
32
31
31
31
31
31
31.8284
31
31
31
31
31
31
31
31
30
30
30
30
30
30
30.8284
30
30
30
30
30
29
29
29
29
30.4142
29.4142
29
29
29
29
28
28
28
28
28
28
28
28
28
28
28
28
28
27
27
27
27
27
27
27
27
27
27
27
27
27
26
26
26
26
26
26
26
26
26
26
26
26
26
26
25
25
25
25
25
25
25
25
25
25
25
25
25
25
24
24
24
24
24
24
24
24
24
24
24
24
24
24
24
24
24
23
23
23
23
23
23
23
23
23
23
23
23
23
23
23
23
23
23
23
23
23
22
22
22
22
22
22
22
22
22
22
22
22
22
22
22
22
22
22
22
22
21
21
21
21
21
21
21
21
20
20
20
20
20
20
19
19
19
19
19
19
19
18
18
18
18
18
18
18
17
17
17
17
17
17
16
16
16
16
16
16
15
15
15
15
15
15
15
14
14
14
14
14
14
13
13
13
13
13
13
12
12
12
12
12
12
11
11
11
11
11
11
10
10
10
10
10
10
9
9
9
9
9
9
9
8
8
8
8
8
8
7
7
7
7
7
7
6
6
6
6
6
6
6
6
6
6
6
6
6
6
6
6
6
6
6
6
6
6
6
6
6
6
6
6
6
6
6
6
6
6
6
6
6
6
6
6
6
6
6
6
6
6
6
6
6
6
6
6
6
6
6
6
6
6
6
6
6
6
6
6
6
6
6
6
6
6
6
6
6
6
6
6
6
6
6
6
6
6
6
6
6
6
6
6
6
6
6
6
6
6
6
6
6
6
6
6
6
6
6
6
6
6
6
6
6
6
6
6
6
6
6
6
6
6
6
6
6
6
6
6
6
6
6
6
6
6
6
6
6
6
6
6
6
6
6
6
6
6
