1.13462
1.13807
1.14152
1.14498
1.14843
1.15188
1.15533
1.15878
1.16223
1.16569
1.16914
1.17259
1.17604
1.17949
1.18294
1.1864
1.18985
1.1933
1.19675
1.2002
1.20366
1.20711
1.21056
1.21401
1.21746
1.22091
1.22437
1.22782
1.23127
1.23472
1.23817
1.24163
1.13575
1.13923
1.14271
1.14619
1.14967
1.15315
1.15664
1.16012
1.1636
1.16708
1.17056
1.17404
1.17752
1.181
1.18448
1.18796
1.19144
1.19492
1.19841
1.20189
1.20537
1.20885
1.21233
1.21581
1.21929
1.22277
1.22625
1.22973
1.23321
1.23669
1.24017
1.24366
1.1369
1.14041
1.14392
1.14743
1.15094
1.15445
1.15796
1.16147
1.16498
1.16849
1.172
1.17551
1.17902
1.18254
1.18605
1.18956
1.19307
1.19658
1.20009
1.2036
1.20711
1.21062
1.21413
1.21764
1.22115
1.22466
1.22817
1.23168
1.23519
1.2387
1.24221
1.24572
1.13807
1.14161
1.14515
1.14869
1.15223
1.15577
1.15931
1.16285
1.16639
1.16993
1.17347
1.17701
1.18056
1.1841
1.18764
1.19118
1.19472
1.19826
1.2018
1.20534
1.20888
1.21242
1.21596
1.2195
1.22304
1.22658
1.23012
1.23366
1.2372
1.24074
1.24428
1.24782
1.13926
1.14283
1.1464
1.14997
1.15354
1.15712
1.16069
1.16426
1.16783
1.1714
1.17497
1.17854
1.18211
1.18568
1.18925
1.19282
1.19639
1.19997
1.20354
1.20711
1.21068
1.21425
1.21782
1.22139
1.22496
1.22853
1.2321
1.23567
1.23924
1.24282
1.24639
1.24996
1.14047
1.14407
1.14768
1.15128
1.15488
1.15848
1.16208
1.16569
1.16929
1.17289
1.17649
1.18009
1.1837
1.1873
1.1909
1.1945
1.1981
1.2017
1.20531
1.20891
1.21251
1.21611
1.21971
1.22332
1.22692
1.23052
1.23412
1.23772
1.24133
1.24493
1.24853
1.25213
1.1417
1.14534
1.14897
1.15261
1.15624
1.15987
1.16351
1.16714
1.17077
1.17441
1.17804
1.18167
1.18531
1.18894
1.19257
1.19621
1.19984
1.20347
1.20711
1.21074
1.21437
1.21801
1.22164
1.22527
1.22891
1.23254
1.23618
1.23981
1.24344
1.24708
1.25071
1.25434
1.14296
1.14662
1.15029
1.15396
1.15762
1.16129
1.16495
1.16862
1.17228
1.17595
1.17962
1.18328
1.18695
1.19061
1.19428
1.19794
1.20161
1.20527
1.20894
1.21261
1.21627
1.21994
1.2236
1.22727
1.23093
1.2346
1.23827
1.24193
1.2456
1.24926
1.25293
1.25659
1.14424
1.14793
1.15163
1.15533
1.15903
1.16273
1.16643
1.17012
1.17382
1.17752
1.18122
1.18492
1.18862
1.19231
1.19601
1.19971
1.20341
1.20711
1.21081
1.2145
1.2182
1.2219
1.2256
1.2293
1.233
1.23669
1.24039
1.24409
1.24779
1.25149
1.25519
1.25888
1.14553
1.14927
1.153
1.15673
1.16046
1.16419
1.16792
1.17166
1.17539
1.17912
1.18285
1.18658
1.19031
1.19405
1.19778
1.20151
1.20524
1.20897
1.2127
1.21644
1.22017
1.2239
1.22763
1.23136
1.23509
1.23883
1.24256
1.24629
1.25002
1.25375
1.25748
1.26122
1.14686
1.15062
1.15439
1.15815
1.16192
1.16569
1.16945
1.17322
1.17698
1.18075
1.18451
1.18828
1.19204
1.19581
1.19958
1.20334
1.20711
1.21087
1.21464
1.2184
1.22217
1.22594
1.2297
1.23347
1.23723
1.241
1.24476
1.24853
1.25229
1.25606
1.25983
1.26359
1.26736
1.14821
1.15201
1.15581
1.15961
1.16341
1.16721
1.17101
1.17481
1.17861
1.18241
1.18621
1.19001
1.19381
1.19761
1.20141
1.20521
1.20901
1.21281
1.21661
1.22041
1.22421
1.22801
1.23181
1.23561
1.23941
1.24321
1.24701
1.25081
1.25461
1.25841
1.26221
1.26601
1.26981
1.14958
1.15341
1.15725
1.16108
1.16492
1.16875
1.17259
1.17642
1.18026
1.1841
1.18793
1.19177
1.1956
1.19944
1.20327
1.20711
1.21094
1.21478
1.21861
1.22245
1.22628
1.23012
1.23395
1.23779
1.24163
1.24546
1.2493
1.25313
1.25697
1.2608
1.26464
1.26847
1.27231
1.15098
1.15485
1.15872
1.16259
1.16646
1.17033
1.1742
1.17807
1.18194
1.18582
1.18969
1.19356
1.19743
1.2013
1.20517
1.20904
1.21291
1.21679
1.22066
1.22453
1.2284
1.23227
1.23614
1.24001
1.24388
1.24775
1.25163
1.2555
1.25937
1.26324
1.26711
1.27098
1.27485
1.1524
1.15631
1.16022
1.16412
1.16803
1.17194
1.17585
1.17975
1.18366
1.18757
1.19148
1.19538
1.19929
1.2032
1.20711
1.21101
1.21492
1.21883
1.22274
1.22665
1.23055
1.23446
1.23837
1.24228
1.24618
1.25009
1.254
1.25791
1.26181
1.26572
1.26963
1.27354
1.27745
1.15385
1.1578
1.16174
1.16569
1.16963
1.17358
1.17752
1.18147
1.18541
1.18936
1.1933
1.19725
1.20119
1.20513
1.20908
1.21302
1.21697
1.22091
1.22486
1.2288
1.23275
1.23669
1.24064
1.24458
1.24853
1.25247
1.25642
1.26036
1.26431
1.26825
1.2722
1.27614
1.28009
1.15533
1.15931
1.1633
1.16728
1.17126
1.17524
1.17923
1.18321
1.18719
1.19118
1.19516
1.19914
1.20312
1.20711
1.21109
1.21507
1.21906
1.22304
1.22702
1.231
1.23499
1.23897
1.24295
1.24694
1.25092
1.2549
1.25888
1.26287
1.26685
1.27083
1.27482
1.2788
1.28278
1.15684
1.16086
1.16488
1.1689
1.17292
1.17695
1.18097
1.18499
1.18901
1.19303
1.19705
1.20108
1.2051
1.20912
1.21314
1.21716
1.22118
1.2252
1.22923
1.23325
1.23727
1.24129
1.24531
1.24933
1.25335
1.25738
1.2614
1.26542
1.26944
1.27346
1.27748
1.28151
1.28553
1.15838
1.16244
1.1665
1.17056
1.17462
1.17868
1.18274
1.1868
1.19086
1.19492
1.19899
1.20305
1.20711
1.21117
1.21523
1.21929
1.22335
1.22741
1.23147
1.23553
1.23959
1.24366
1.24772
1.25178
1.25584
1.2599
1.26396
1.26802
1.27208
1.27614
1.2802
1.28426
1.28833
1.15994
1.16405
1.16815
1.17225
1.17635
1.18045
1.18455
1.18865
1.19275
1.19685
1.20096
1.20506
1.20916
1.21326
1.21736
1.22146
1.22556
1.22966
1.23376
1.23787
1.24197
1.24607
1.25017
1.25427
1.25837
1.26247
1.26657
1.27067
1.27478
1.27888
1.28298
1.28708
1.29118
1.16154
1.16569
1.16983
1.17397
1.17811
1.18225
1.1864
1.19054
1.19468
1.19882
1.20297
1.20711
1.21125
1.21539
1.21953
1.22368
1.22782
1.23196
1.2361
1.24024
1.24439
1.24853
1.25267
1.25681
1.26096
1.2651
1.26924
1.27338
1.27752
1.28167
1.28581
1.28995
1.29409
1.16318
1.16736
1.17154
1.17573
1.17991
1.1841
1.18828
1.19246
1.19665
1.20083
1.20502
1.2092
1.21338
1.21757
1.22175
1.22594
1.23012
1.2343
1.23849
1.24267
1.24686
1.25104
1.25522
1.25941
1.26359
1.26778
1.27196
1.27614
1.28033
1.28451
1.2887
1.29288
1.29706
1.16484
1.16907
1.17329
1.17752
1.18175
1.18597
1.1902
1.19443
1.19865
1.20288
1.20711
1.21133
1.21556
1.21979
1.22401
1.22824
1.23247
1.23669
1.24092
1.24515
1.24937
1.2536
1.25783
1.26205
1.26628
1.27051
1.27473
1.27896
1.28319
1.28741
1.29164
1.29587
1.30009
1.30432
1.16654
1.17081
1.17508
1.17935
1.18362
1.18789
1.19216
1.19643
1.2007
1.20497
1.20924
1.21351
1.21778
1.22205
1.22632
1.23059
1.23486
1.23913
1.2434
1.24767
1.25195
1.25622
1.26049
1.26476
1.26903
1.2733
1.27757
1.28184
1.28611
1.29038
1.29465
1.29892
1.30319
1.30746
1.16827
1.17259
1.1769
1.18122
1.18553
1.18985
1.19416
1.19848
1.20279
1.20711
1.21142
1.21574
1.22005
1.22437
1.22868
1.233
1.23731
1.24163
1.24594
1.25025
1.25457
1.25888
1.2632
1.26751
1.27183
1.27614
1.28046
1.28477
1.28909
1.2934
1.29772
1.30203
1.30635
1.31066
1.17005
1.17441
1.17877
1.18313
1.18749
1.19185
1.19621
1.20057
1.20493
1.20929
1.21365
1.21801
1.22237
1.22673
1.23109
1.23545
1.23981
1.24417
1.24853
1.25289
1.25725
1.26161
1.26597
1.27033
1.27469
1.27905
1.28341
1.28777
1.29213
1.29649
1.30085
1.30521
1.30957
1.31393
1.17185
1.17626
1.18067
1.18507
1.18948
1.19389
1.19829
1.2027
1.20711
1.21151
1.21592
1.22033
1.22473
1.22914
1.23355
1.23795
1.24236
1.24677
1.25117
1.25558
1.25999
1.26439
1.2688
1.27321
1.27761
1.28202
1.28643
1.29083
1.29524
1.29964
1.30405
1.30846
1.31286
1.31727
1.16925
1.1737
1.17816
1.18261
1.18706
1.19152
1.19597
1.20043
1.20488
1.20933
1.21379
1.21824
1.2227
1.22715
1.2316
1.23606
1.24051
1.24497
1.24942
1.25387
1.25833
1.26278
1.26724
1.27169
1.27614
1.2806
1.28505
1.2895
1.29396
1.29841
1.30287
1.30732
1.31177
1.31623
1.32068
1.17109
1.17559
1.18009
1.1846
1.1891
1.1936
1.1981
1.2026
1.20711
1.21161
1.21611
1.22061
1.22512
1.22962
1.23412
1.23862
1.24313
1.24763
1.25213
1.25663
1.26114
1.26564
1.27014
1.27464
1.27914
1.28365
1.28815
1.29265
1.29715
1.30166
1.30616
1.31066
1.31516
1.31967
1.32417
1.17297
1.17752
1.18207
1.18662
1.19118
1.19573
1.20028
1.20483
1.20938
1.21394
1.21849
1.22304
1.22759
1.23214
1.23669
1.24125
1.2458
1.25035
1.2549
1.25945
1.264
1.26856
1.27311
1.27766
1.28221
1.28676
1.29132
1.29587
1.30042
1.30497
1.30952
1.31407
1.31863
1.32318
1.32773
1.16569
1.17029
1.17489
1.17949
1.1841
1.1887
1.1933
1.1979
1.2025
1.20711
1.21171
1.21631
1.22091
1.22552
1.23012
1.23472
1.23932
1.24393
1.24853
1.25313
1.25773
1.26234
1.26694
1.27154
1.27614
1.28075
1.28535
1.28995
1.29455
1.29916
1.30376
1.30836
1.31296
1.31756
1.32217
1.32677
1.33788
1.16755
1.1722
1.17686
1.18151
1.18616
1.19082
1.19547
1.20013
1.20478
1.20943
1.21409
1.21874
1.2234
1.22805
1.2327
1.23736
1.24201
1.24667
1.25132
1.25598
1.26063
1.26528
1.26994
1.27459
1.27925
1.2839
1.28855
1.29321
1.29786
1.30252
1.30717
1.31182
1.31648
1.32113
1.32579
1.33702
1.34826
1.16945
1.17416
1.17887
1.18357
1.18828
1.19299
1.19769
1.2024
1.20711
1.21181
1.21652
1.22123
1.22594
1.23064
1.23535
1.24006
1.24476
1.24947
1.25418
1.25888
1.26359
1.2683
1.27301
1.27771
1.28242
1.28713
1.29183
1.29654
1.30125
1.30595
1.31066
1.31537
1.32008
1.32478
1.33615
1.34751
1.35887
1.37024
1.3816
1.1714
1.17616
1.18092
1.18568
1.19044
1.1952
1.19997
1.20473
1.20949
1.21425
1.21901
1.22377
1.22853
1.23329
1.23805
1.24282
1.24758
1.25234
1.2571
1.26186
1.26662
1.27138
1.27614
1.2809
1.28567
1.29043
1.29519
1.29995
1.30471
1.30947
1.31423
1.31899
1.32375
1.33525
1.34674
1.35824
1.36973
1.38123
1.39272
1.16858
1.17339
1.17821
1.18303
1.18784
1.19266
1.19747
1.20229
1.20711
1.21192
1.21674
1.22156
1.22637
1.23119
1.23601
1.24082
1.24564
1.25046
1.25527
1.26009
1.2649
1.26972
1.27454
1.27935
1.28417
1.28899
1.2938
1.29862
1.30344
1.30825
1.31307
1.31789
1.3227
1.33433
1.34596
1.35759
1.36921
1.38084
1.39247
1.4041
1.17056
1.17543
1.18031
1.18518
1.19005
1.19492
1.1998
1.20467
1.20954
1.21442
1.21929
1.22416
1.22904
1.23391
1.23878
1.24366
1.24853
1.2534
1.25828
1.26315
1.26802
1.27289
1.27777
1.28264
1.28751
1.29239
1.29726
1.30213
1.30701
1.31188
1.31675
1.32163
1.33339
1.34515
1.35692
1.36868
1.38045
1.39221
1.40398
1.41574
1.16766
1.17259
1.17752
1.18245
1.18738
1.19231
1.19725
1.20218
1.20711
1.21204
1.21697
1.2219
1.22683
1.23176
1.23669
1.24163
1.24656
1.25149
1.25642
1.26135
1.26628
1.27121
1.27614
1.28107
1.28601
1.29094
1.29587
1.3008
1.30573
1.31066
1.31559
1.32052
1.33243
1.34433
1.35624
1.36814
1.38005
1.39195
1.40386
1.41576
1.42767
1.16968
1.17467
1.17966
1.18465
1.18964
1.19463
1.19962
1.20461
1.2096
1.21459
1.21958
1.22457
1.22956
1.23456
1.23955
1.24454
1.24953
1.25452
1.25951
1.2645
1.26949
1.27448
1.27947
1.28446
1.28945
1.29444
1.29943
1.30442
1.30941
1.3144
1.31939
1.33144
1.34349
1.35554
1.36759
1.37964
1.39168
1.40373
1.41578
1.42783
1.43988
1.1667
1.17175
1.1768
1.18185
1.1869
1.19195
1.197
1.20206
1.20711
1.21216
1.21721
1.22226
1.22731
1.23236
1.23742
1.24247
1.24752
1.25257
1.25762
1.26267
1.26772
1.27278
1.27783
1.28288
1.28793
1.29298
1.29803
1.30308
1.30814
1.31319
1.31824
1.33043
1.34263
1.35482
1.36702
1.37921
1.39141
1.4036
1.4158
1.42799
1.44019
1.45238
1.15853
1.16364
1.16875
1.17387
1.17898
1.1841
1.18921
1.19432
1.19944
1.20455
1.20966
1.21478
1.21989
1.22501
1.23012
1.23523
1.24035
1.24546
1.25057
1.25569
1.2608
1.26592
1.27103
1.27614
1.28126
1.28637
1.29148
1.2966
1.30171
1.30683
1.31194
1.31705
1.3294
1.34174
1.35409
1.36644
1.37878
1.39113
1.40347
1.41582
1.42816
1.44051
1.45286
1.4652
1.16051
1.16569
1.17086
1.17604
1.18122
1.1864
1.19157
1.19675
1.20193
1.20711
1.21228
1.21746
1.22264
1.22782
1.233
1.23817
1.24335
1.24853
1.25371
1.25888
1.26406
1.26924
1.27442
1.27959
1.28477
1.28995
1.29513
1.30031
1.30548
1.31066
1.31584
1.32834
1.34084
1.35334
1.36584
1.37834
1.39084
1.40334
1.41584
1.42834
1.44084
1.45334
1.46584
1.47834
1.1573
1.16254
1.16778
1.17303
1.17827
1.18351
1.18876
1.194
1.19924
1.20449
1.20973
1.21497
1.22022
1.22546
1.2307
1.23595
1.24119
1.24643
1.25167
1.25692
1.26216
1.2674
1.27265
1.27789
1.28313
1.28838
1.29362
1.29886
1.30411
1.30935
1.31459
1.32725
1.33991
1.35257
1.36523
1.37788
1.39054
1.4032
1.41586
1.42852
1.44118
1.45383
1.46649
1.47915
1.49181
1.15931
1.16462
1.16993
1.17524
1.18056
1.18587
1.19118
1.19649
1.2018
1.20711
1.21242
1.21773
1.22304
1.22835
1.23366
1.23897
1.24428
1.24959
1.2549
1.26021
1.26552
1.27083
1.27614
1.28145
1.28676
1.29207
1.29738
1.3027
1.30801
1.31332
1.32614
1.33896
1.35178
1.3646
1.37742
1.39024
1.40306
1.41588
1.4287
1.44152
1.45434
1.46716
1.47998
1.4928
1.50562
1.156
1.16138
1.16676
1.17214
1.17752
1.1829
1.18828
1.19366
1.19904
1.20442
1.2098
1.21518
1.22056
1.22594
1.23131
1.23669
1.24207
1.24745
1.25283
1.25821
1.26359
1.26897
1.27435
1.27973
1.28511
1.29049
1.29587
1.30125
1.30663
1.31201
1.32499
1.33798
1.35097
1.36395
1.37694
1.38993
1.40291
1.4159
1.42889
1.44188
1.45486
1.46785
1.48084
1.49382
1.50681
1.5198
1.15261
1.15806
1.16351
1.16896
1.17441
1.17986
1.18531
1.19076
1.19621
1.20166
1.20711
1.21256
1.21801
1.22346
1.22891
1.23436
1.23981
1.24526
1.25071
1.25616
1.26161
1.26706
1.27251
1.27796
1.28341
1.28886
1.29431
1.29976
1.30521
1.31066
1.32382
1.33698
1.35013
1.36329
1.37645
1.38961
1.40277
1.41592
1.42908
1.44224
1.4554
1.46856
1.48171
1.49487
1.50803
1.52119
1.53435
1.14359
1.14912
1.15464
1.16016
1.16569
1.17121
1.17673
1.18225
1.18778
1.1933
1.19882
1.20435
1.20987
1.21539
1.22091
1.22644
1.23196
1.23748
1.24301
1.24853
1.25405
1.25957
1.2651
1.27062
1.27614
1.28167
1.28719
1.29271
1.29823
1.30376
1.30928
1.32261
1.33595
1.34928
1.36261
1.37595
1.38928
1.40261
1.41595
1.42928
1.44261
1.45595
1.46928
1.48261
1.49595
1.50928
1.52261
1.53595
1.54928
1.13994
1.14553
1.15113
1.15673
1.16233
1.16792
1.17352
1.17912
1.18472
1.19031
1.19591
1.20151
1.20711
1.2127
1.2183
1.2239
1.2295
1.23509
1.24069
1.24629
1.25189
1.25748
1.26308
1.26868
1.27428
1.27987
1.28547
1.29107
1.29667
1.30226
1.30786
1.32138
1.33489
1.3484
1.36192
1.37543
1.38894
1.40246
1.41597
1.42948
1.443
1.45651
1.47002
1.48354
1.49705
1.51056
1.52408
1.53759
1.55111
1.56462
1.13618
1.14185
1.14753
1.1532
1.15888
1.16455
1.17023
1.1759
1.18157
1.18725
1.19292
1.1986
1.20427
1.20994
1.21562
1.22129
1.22697
1.23264
1.23832
1.24399
1.24966
1.25534
1.26101
1.26669
1.27236
1.27803
1.28371
1.28938
1.29506
1.30073
1.30641
1.3201
1.3338
1.3475
1.3612
1.3749
1.3886
1.4023
1.41599
1.42969
1.44339
1.45709
1.47079
1.48449
1.49819
1.51188
1.52558
1.53928
1.55298
1.13807
1.14382
1.14958
1.15533
1.16108
1.16684
1.17259
1.17834
1.1841
1.18985
1.1956
1.20135
1.20711
1.21286
1.21861
1.22437
1.23012
1.23587
1.24163
1.24738
1.25313
1.25888
1.26464
1.27039
1.27614
1.2819
1.28765
1.2934
1.29916
1.30491
1.3188
1.33269
1.34657
1.36046
1.37435
1.38824
1.40213
1.41602
1.42991
1.4438
1.45769
1.47157
1.48546
1.49935
1.51324
1.52713
1.54102
1.55491
1.5688
1.12835
1.13418
1.14002
1.14585
1.15168
1.15752
1.16335
1.16919
1.17502
1.18085
1.18669
1.19252
1.19836
1.20419
1.21002
1.21586
1.22169
1.22753
1.23336
1.23919
1.24503
1.25086
1.2567
1.26253
1.26836
1.2742
1.28003
1.28587
1.2917
1.29753
1.30337
1.31745
1.33154
1.34562
1.35971
1.37379
1.38788
1.40196
1.41604
1.43013
1.44421
1.4583
1.47238
1.48647
1.50055
1.51464
1.52872
1.54281
1.55689
1.57097
1.58506
1.12426
1.13018
1.1361
1.14202
1.14793
1.15385
1.15977
1.16569
1.1716
1.17752
1.18344
1.18936
1.19527
1.20119
1.20711
1.21302
1.21894
1.22486
1.23078
1.23669
1.24261
1.24853
1.25445
1.26036
1.26628
1.2722
1.27812
1.28403
1.28995
1.29587
1.30178
1.31607
1.33036
1.34464
1.35893
1.37321
1.3875
1.40178
1.41607
1.43036
1.44464
1.45893
1.47321
1.4875
1.50178
1.51607
1.53036
1.54464
1.55893
1.57321
1.5875
1.60178
1.11406
1.12006
1.12607
1.13207
1.13807
1.14407
1.15008
1.15608
1.16208
1.16809
1.17409
1.18009
1.1861
1.1921
1.1981
1.20411
1.21011
1.21611
1.22212
1.22812
1.23412
1.24012
1.24613
1.25213
1.25813
1.26414
1.27014
1.27614
1.28215
1.28815
1.29415
1.30016
1.31465
1.32914
1.34363
1.35813
1.37262
1.38711
1.4016
1.4161
1.43059
1.44508
1.45958
1.47407
1.48856
1.50305
1.51755
1.53204
1.54653
1.56103
1.57552
1.59001
1.6045
1.619
1.10355
1.10964
1.11574
1.12183
1.12792
1.13401
1.1401
1.14619
1.15228
1.15838
1.16447
1.17056
1.17665
1.18274
1.18883
1.19492
1.20102
1.20711
1.2132
1.21929
1.22538
1.23147
1.23756
1.24366
1.24975
1.25584
1.26193
1.26802
1.27411
1.2802
1.2863
1.29239
1.29848
1.31318
1.32789
1.3426
1.3573
1.37201
1.38671
1.40142
1.41613
1.43083
1.44554
1.46024
1.47495
1.48965
1.50436
1.51907
1.53377
1.54848
1.56318
1.57789
1.5926
1.6073
1.62201
1.09892
1.1051
1.11128
1.11746
1.12365
1.12983
1.13601
1.14219
1.14838
1.15456
1.16074
1.16692
1.1731
1.17929
1.18547
1.19165
1.19783
1.20402
1.2102
1.21638
1.22256
1.22875
1.23493
1.24111
1.24729
1.25347
1.25966
1.26584
1.27202
1.2782
1.28439
1.29057
1.29675
1.31168
1.3266
1.34153
1.35645
1.37138
1.3863
1.40123
1.41615
1.43108
1.446
1.46093
1.47586
1.49078
1.50571
1.52063
1.53556
1.55048
1.56541
1.58033
1.59526
1.61018
1.62511
1.64003
1.09414
1.10042
1.10669
1.11297
1.11924
1.12552
1.1318
1.13807
1.14435
1.15062
1.1569
1.16318
1.16945
1.17573
1.182
1.18828
1.19456
1.20083
1.20711
1.21338
1.21966
1.22594
1.23221
1.23849
1.24476
1.25104
1.25732
1.26359
1.26987
1.27614
1.28242
1.2887
1.29497
1.31012
1.32527
1.34043
1.35558
1.37073
1.38588
1.40103
1.41618
1.43133
1.44649
1.46164
1.47679
1.49194
1.50709
1.52224
1.5374
1.55255
1.5677
1.58285
1.598
1.61315
1.6283
1.64346
1.07647
1.08284
1.08922
1.09559
1.10196
1.10833
1.11471
1.12108
1.12745
1.13382
1.1402
1.14657
1.15294
1.15931
1.16569
1.17206
1.17843
1.1848
1.19118
1.19755
1.20392
1.21029
1.21667
1.22304
1.22941
1.23578
1.24216
1.24853
1.2549
1.26127
1.26765
1.27402
1.28039
1.28676
1.29314
1.30852
1.32391
1.33929
1.35467
1.37006
1.38544
1.40083
1.41621
1.4316
1.44698
1.46237
1.47775
1.49314
1.50852
1.52391
1.53929
1.55467
1.57006
1.58544
1.60083
1.61621
1.6316
1.64698
1.66237
1.07119
1.07766
1.08414
1.09061
1.09708
1.10355
1.11003
1.1165
1.12297
1.12944
1.13591
1.14239
1.14886
1.15533
1.1618
1.16827
1.17475
1.18122
1.18769
1.19416
1.20064
1.20711
1.21358
1.22005
1.22652
1.233
1.23947
1.24594
1.25241
1.25888
1.26536
1.27183
1.2783
1.28477
1.29124
1.30687
1.32249
1.33812
1.35374
1.36937
1.38499
1.40062
1.41624
1.43187
1.44749
1.46312
1.47874
1.49437
1.50999
1.52562
1.54124
1.55687
1.57249
1.58812
1.60374
1.61937
1.63499
1.65062
1.66624
1.07232
1.0789
1.08547
1.09205
1.09862
1.1052
1.11177
1.11835
1.12492
1.1315
1.13807
1.14465
1.15122
1.1578
1.16437
1.17095
1.17752
1.1841
1.19067
1.19724
1.20382
1.21039
1.21697
1.22354
1.23012
1.23669
1.24327
1.24984
1.25642
1.26299
1.26957
1.27614
1.28272
1.28929
1.30517
1.32104
1.33691
1.35278
1.36866
1.38453
1.4004
1.41628
1.43215
1.44802
1.4639
1.47977
1.49564
1.51151
1.52739
1.54326
1.55913
1.57501
1.59088
1.60675
1.62263
1.6385
1.65437
1.67025
1.68612
1.06681
1.07349
1.08017
1.08685
1.09353
1.10021
1.10689
1.11357
1.12026
1.12694
1.13362
1.1403
1.14698
1.15366
1.16034
1.16702
1.1737
1.18038
1.18706
1.19375
1.20043
1.20711
1.21379
1.22047
1.22715
1.23383
1.24051
1.24719
1.25387
1.26055
1.26724
1.27392
1.2806
1.28728
1.30341
1.31954
1.33566
1.35179
1.36792
1.38405
1.40018
1.41631
1.43244
1.44857
1.4647
1.48083
1.49696
1.51308
1.52921
1.54534
1.56147
1.5776
1.59373
1.60986
1.62599
1.64212
1.65825
1.67437
1.6905
1.70663
1.05432
1.06111
1.0679
1.07469
1.08148
1.08827
1.09507
1.10186
1.10865
1.11544
1.12223
1.12902
1.13581
1.1426
1.14939
1.15618
1.16297
1.16976
1.17655
1.18334
1.19013
1.19692
1.20371
1.2105
1.21729
1.22408
1.23087
1.23766
1.24445
1.25124
1.25804
1.26483
1.27162
1.27841
1.2852
1.30159
1.31798
1.33438
1.35077
1.36716
1.38356
1.39995
1.41634
1.43274
1.44913
1.46552
1.48192
1.49831
1.51471
1.5311
1.54749
1.56389
1.58028
1.59667
1.61307
1.62946
1.64585
1.66225
1.67864
1.69503
1.04142
1.04832
1.05523
1.06213
1.06904
1.07594
1.08284
1.08975
1.09665
1.10355
1.11046
1.11736
1.12426
1.13117
1.13807
1.14497
1.15188
1.15878
1.16569
1.17259
1.17949
1.1864
1.1933
1.2002
1.20711
1.21401
1.22091
1.22782
1.23472
1.24163
1.24853
1.25543
1.26234
1.26924
1.27614
1.28305
1.29971
1.31638
1.33305
1.34971
1.36638
1.38305
1.39971
1.41638
1.43305
1.44971
1.46638
1.48305
1.49971
1.51638
1.53305
1.54971
1.56638
1.58305
1.59971
1.61638
1.63305
1.64971
1.66638
1.68305
1.69971
1.0351
1.04212
1.04914
1.05616
1.06319
1.07021
1.07723
1.08425
1.09127
1.09829
1.10531
1.11233
1.11935
1.12637
1.13339
1.14041
1.14743
1.15445
1.16147
1.16849
1.17551
1.18254
1.18956
1.19658
1.2036
1.21062
1.21764
1.22466
1.23168
1.2387
1.24572
1.25274
1.25976
1.26678
1.2738
1.28082
1.29777
1.31472
1.33167
1.34862
1.36557
1.38252
1.39947
1.41642
1.43337
1.45031
1.46726
1.48421
1.50116
1.51811
1.53506
1.55201
1.56896
1.58591
1.60286
1.61981
1.63676
1.6537
1.67065
1.6876
1.70455
1.13569
1.14283
1.14997
1.15712
1.02142
1.02857
1.03571
1.04285
1.04999
1.05713
1.06427
1.07142
1.07856
1.0857
1.09284
1.09998
1.10712
1.11427
1.12141
1.12855
1.13569
1.14283
1.14997
1.15712
1.16426
1.1714
1.17854
1.18568
1.19282
1.19997
1.20711
1.21425
1.22139
1.22853
1.23567
1.24282
1.24996
1.2571
1.26424
1.27138
1.27852
1.29576
1.31301
1.33025
1.34749
1.36473
1.38197
1.39921
1.41645
1.4337
1.45094
1.46818
1.48542
1.50266
1.5199
1.53714
1.55439
1.57163
1.58887
1.60611
1.62335
1.64059
1.65783
1.67508
1.69232
1.70956
1.13807
1.14534
1.15261
1.15987
1.16714
1.17441
1.18167
1.18894
1.19621
1.20347
1.21074
1.21801
1.21074
1
1.01453
1.0218
1.02907
1.03633
1.0436
1.05087
1.05814
1.0654
1.07267
1.07994
1.0872
1.09447
1.10174
1.109
1.11627
1.12354
1.1308
1.13807
1.14534
1.15261
1.15987
1.16714
1.17441
1.18167
1.18894
1.19621
1.20347
1.21074
1.21801
1.22527
1.23254
1.23981
1.24708
1.25434
1.26161
1.26888
1.27614
1.29369
1.31123
1.32877
1.34632
1.36386
1.38141
1.39895
1.41649
1.43404
1.45158
1.46913
1.48667
1.50421
1.52176
1.5393
1.55684
1.57439
1.59193
1.60948
1.62702
1.64456
1.66211
1.67965
1.6972
1.14054
1.14793
1.15533
1.16273
1.17012
1.17752
1.18492
1.19231
1.19971
1.20711
1.2145
1.2219
1.2145
1.20711
1.19971
1.19231
1.18492
1.17752
1
1
1
1.01479
1.02219
1.02959
1.03698
1.04438
1.05178
1.05917
1.06657
1.07397
1.08136
1.08876
1.09616
1.10355
1.11095
1.11835
1.12574
1.13314
1.14054
1.14793
1.15533
1.16273
1.17012
1.17752
1.18492
1.19231
1.19971
1.20711
1.2145
1.2219
1.2293
1.23669
1.24409
1.25149
1.25888
1.26628
1.27368
1.29153
1.30939
1.32725
1.34511
1.36296
1.38082
1.39868
1.41653
1.43439
1.45225
1.47011
1.48796
1.50582
1.52368
1.54153
1.55939
1.57725
1.59511
1.61296
1.63082
1.64868
1.66653
1.68439
1.70225
1.14309
1.15062
1.15815
1.16569
1.17322
1.18075
1.18828
1.19581
1.20334
1.21087
1.2184
1.22593
1.2184
1.21087
1.20334
1.19581
1.18828
1.18075
1.17322
1.16569
1.15815
1.15062
1
1
1
1
1
1.01506
1.02259
1.03012
1.03766
1.04519
1.05272
1.06025
1.06778
1.07531
1.08284
1.09037
1.09791
1.10544
1.11297
1.1205
1.12803
1.13556
1.14309
1.15062
1.15815
1.16569
1.17322
1.18075
1.18828
1.19581
1.20334
1.21087
1.2184
1.22594
1.23347
1.241
1.24853
1.25606
1.26359
1.27112
1.2893
1.30749
1.32567
1.34385
1.36203
1.38021
1.39839
1.41658
1.43476
1.45294
1.47112
1.4893
1.50749
1.52567
1.54385
1.56203
1.58021
1.59839
1.61658
1.63476
1.65294
1.67112
1.6893
1.70749
1.14574
1.15341
1.16108
1.16875
1.17642
1.1841
1.19177
1.19944
1.20711
1.21478
1.22245
1.23012
1.22245
1.21478
1.20711
1.19944
1.19177
1.1841
1.17642
1.16875
1.16108
1.15341
1
1
1
1
1
1.01534
1.02301
1.03068
1.03835
1.04602
1.05369
1.06136
1.06904
1.07671
1.08438
1.09205
1.09972
1.10739
1.11506
1.12273
1.1304
1.13807
1.14574
1.15341
1.16108
1.16875
1.17642
1.1841
1.19177
1.19944
1.20711
1.21478
1.22245
1.23012
1.23779
1.24546
1.25313
1.2608
1.26847
1.28699
1.30551
1.32403
1.34255
1.36106
1.37958
1.3981
1.41662
1.43514
1.45366
1.47218
1.49069
1.50921
1.52773
1.54625
1.56477
1.58329
1.60181
1.62032
1.63884
1.65736
1.67588
1.6944
1.71292
1.73144
1.14849
1.15631
1.16412
1.17194
1.17975
1.18757
1.19538
1.2032
1.21101
1.21883
1.22665
1.23446
1.22665
1.21883
1.21101
1.2032
1.19538
1.18757
1.17975
1.17194
1.16412
1.15631
1.14849
1.14068
1.13286
1.12505
1
1
1
1
1
1.00782
1.01563
1.02345
1.03126
1.03908
1.04689
1.05471
1.06252
1.07034
1.07815
1.08597
1.09378
1.1016
1.10941
1.11723
1.12505
1.13286
1.14068
1.14849
1.15631
1.16412
1.17194
1.17975
1.18757
1.19538
1.2032
1.21101
1.21883
1.22665
1.23446
1.24228
1.25009
1.25791
1.26572
1.28459
1.30346
1.32233
1.34119
1.36006
1.37893
1.3978
1.41667
1.43553
1.4544
1.47327
1.49214
1.51101
1.52987
1.54874
1.56761
1.58648
1.60535
1.62421
1.64308
1.66195
1.68082
1.69968
1.15135
1.15931
1.16728
1.17524
1.18321
1.19118
1.19914
1.20711
1.21507
1.22304
1.231
1.23897
1.231
1.22304
1.21507
1.20711
1.19914
1.19118
1.18321
1.17524
1.16728
1.15931
1.15135
1.14338
1.13542
1.12745
1.11948
1.11152
1
1
1
1
1
1
1
1
1.00797
1.01593
1.0239
1.03186
1.03983
1.04779
1.05576
1.06373
1.07169
1.07966
1.08762
1.09559
1.10355
1.11152
1.11948
1.12745
1.13542
1.14338
1.15135
1.15931
1.16728
1.17524
1.18321
1.19118
1.19914
1.20711
1.21507
1.22304
1.231
1.23897
1.24694
1.2549
1.26287
1.2821
1.30133
1.32056
1.33979
1.35902
1.37825
1.39748
1.41671
1.43594
1.45517
1.47441
1.49364
1.51287
1.5321
1.55133
1.57056
1.58979
1.60902
1.62825
1.64748
1.66671
1.68594
1.70517
1.15431
1.16244
1.17056
1.17868
1.1868
1.19492
1.20305
1.21117
1.21929
1.22741
1.23553
1.24366
1.23553
1.22741
1.21929
1.21117
1.20305
1.19492
1.1868
1.17868
1.17056
1.16244
1.15431
1.14619
1.13807
1.12995
1.12183
1.11371
1.10558
1.09746
1.08934
1.08122
1
1
1
1
1
1
1
1
1
1.00812
1.01624
1.02437
1.03249
1.04061
1.04873
1.05685
1.06497
1.0731
1.08122
1.08934
1.09746
1.10558
1.11371
1.12183
1.12995
1.13807
1.14619
1.15432
1.16244
1.17056
1.17868
1.1868
1.19492
1.20305
1.21117
1.21929
1.22741
1.23553
1.24366
1.25178
1.2599
1.27951
1.29911
1.31872
1.33833
1.35794
1.37755
1.39715
1.41676
1.43637
1.45598
1.47559
1.49519
1.5148
1.53441
1.55402
1.57362
1.59323
1.61284
1.63245
1.65206
1.67166
1.1574
1.16569
1.17397
1.18225
1.19054
1.19882
1.20711
1.21539
1.22368
1.23196
1.24024
1.24853
1.24024
1.23196
1.22368
1.21539
1.20711
1.19882
1.19054
1.18225
1.17397
1.16569
1.1574
1.14912
1.14083
1.13255
1.12426
1.11598
1.1077
1.09941
1.09113
1.08284
1.07456
1.06627
1
1
1
1
1
1
1
1
1
1
1
1
1.00828
1.01657
1.02485
1.03314
1.04142
1.04971
1.05799
1.06627
1.07456
1.08284
1.09113
1.09941
1.1077
1.11598
1.12426
1.13255
1.14083
1.14912
1.1574
1.16569
1.17397
1.18225
1.19054
1.19882
1.20711
1.21539
1.22368
1.23196
1.24024
1.24853
1.25681
1.27681
1.29681
1.31681
1.33681
1.35681
1.37681
1.39681
1.41681
1.43681
1.45681
1.47681
1.49681
1.51681
1.53681
1.55681
1.57681
1.59681
1.61681
1.63681
1.65681
1.16061
1.16907
1.17752
1.18597
1.19443
1.20288
1.21133
1.21979
1.22824
1.23669
1.24515
1.2536
1.24515
1.23669
1.22824
1.21979
1.21133
1.20288
1.19443
1.18597
1.17752
1.16907
1.16061
1.15216
1.14371
1.13525
1.1268
1.11835
1.10989
1.10144
1.09299
1.08453
1.07608
1.06763
1.05917
1.05072
1.04227
1
1
1
1
1
1
1
1
1
1
1
1
1
1
1.00845
1.01691
1.02536
1.03381
1.04227
1.05072
1.05917
1.06763
1.07608
1.08453
1.09299
1.10144
1.10989
1.11835
1.1268
1.13525
1.14371
1.15216
1.16061
1.16907
1.17752
1.18597
1.19443
1.20288
1.21133
1.21979
1.22824
1.23669
1.24515
1.2536
1.27401
1.29442
1.31483
1.33523
1.35564
1.37605
1.39646
1.41687
1.43727
1.45768
1.47809
1.4985
1.51891
1.53931
1.55972
1.58013
1.60054
1.62095
1.05072
1.05917
1.06763
1.07608
1.08453
1.09299
1.10144
1.10989
1.11835
1.1268
1.13525
1.14371
1.15216
1.16396
1.17259
1.18122
1.18985
1.19848
1.20711
1.21574
1.22437
1.233
1.24162
1.25025
1.25888
1.25025
1.24162
1.233
1.22437
1.21574
1.20711
1.19848
1.18985
1.18122
1.17259
1.16396
1.15533
1.1467
1.13807
1.12944
1.12081
1.11218
1.10355
1.09492
1.08629
1.07767
1.06904
1.06041
1.05178
1.04315
1.03452
1.02589
1.01726
1
1
1
1
1
1
1
1
1
1
1
1
1
1
1
1
1.00863
1.01726
1.02589
1.03452
1.04315
1.05178
1.06041
1.06904
1.07767
1.08629
1.09492
1.10355
1.11218
1.12081
1.12944
1.13807
1.1467
1.15533
1.16396
1.17259
1.18122
1.18985
1.19848
1.20711
1.21574
1.22437
1.233
1.24163
1.25025
1.27109
1.29192
1.31275
1.33359
1.35442
1.37525
1.39609
1.41692
1.43775
1.45859
1.47942
1.50025
1.52109
1.54192
1.56275
1.58359
1.60442
1.00863
1.01726
1.02589
1.03452
1.04315
1.05178
1.06041
1.06904
1.07767
1.08629
1.09492
1.10355
1.11218
1.12081
1.12944
1.13807
1.1467
1.15533
1.16745
1.17626
1.18507
1.19389
1.2027
1.21151
1.22033
1.22914
1.23795
1.24677
1.25558
1.26439
1.25558
1.24677
1.23795
1.22914
1.22033
1.21151
1.2027
1.19389
1.18507
1.17626
1.16745
1.15863
1.14982
1.14101
1.1322
1.12338
1.11457
1.10576
1.09694
1.08813
1.07932
1.0705
1.06169
1.05288
1.04407
1.03525
1.02644
1.01763
1.00881
1
1
1
1
1
1
1
1
1
1
1
1
1
1
1
1
1
1
1
1.00881
1.01763
1.02644
1.03525
1.04407
1.05288
1.06169
1.0705
1.07932
1.08813
1.09694
1.10576
1.11457
1.12338
1.1322
1.14101
1.14982
1.15864
1.16745
1.17626
1.18507
1.19389
1.2027
1.21151
1.22033
1.22914
1.23795
1.24677
1.26804
1.28932
1.3106
1.33187
1.35315
1.37443
1.3957
1.41698
1.43826
1.45953
1.48081
1.50209
1.52336
1.54464
1.56591
1
1
1
1
1.00881
1.01763
1.02644
1.03525
1.04407
1.05288
1.06169
1.0705
1.07932
1.08813
1.09694
1.10576
1.11457
1.12338
1.1322
1.14101
1.14982
1.15863
1.17109
1.18009
1.1891
1.1981
1.20711
1.21611
1.22512
1.23412
1.24313
1.25213
1.26114
1.27014
1.26114
1.25213
1.24313
1.23412
1.22512
1.21611
1.20711
1.1981
1.1891
1.18009
1.17109
1.16208
1.15308
1.14407
1.13507
1.12606
1.11706
1.10806
1.09905
1.09005
1.08104
1.07204
1.06303
1.05403
1.04502
1.03602
1.02701
1.01801
1.009
1
1
1
1
1
1
1
1
1
1
1
1
1
1
1
1
1
1
1
1.009
1.01801
1.02701
1.03602
1.04502
1.05403
1.06303
1.07204
1.08104
1.09005
1.09905
1.10806
1.11706
1.12607
1.13507
1.14407
1.15308
1.16208
1.17109
1.18009
1.1891
1.1981
1.20711
1.21611
1.22512
1.23412
1.24313
1.26486
1.2866
1.30834
1.33008
1.35182
1.37356
1.3953
1.41704
1.43878
1.46052
1.48226
1.504
1.52573
1.54747
1.56921
1.59095
1
1
1
1
1.009
1.01801
1.02701
1.03602
1.04502
1.05403
1.06303
1.07204
1.08104
1.09005
1.09905
1.10806
1.11706
1.12606
1.13507
1.14407
1.15308
1.16208
1.17489
1.1841
1.1933
1.2025
1.21171
1.22091
1.23012
1.23932
1.24853
1.25773
1.26694
1.27614
1.26694
1.25773
1.24853
1.23932
1.23012
1.22091
1.21171
1.2025
1.1933
1.1841
1.17489
1.16569
1.15648
1.14728
1.13807
1.12887
1.11966
1.11046
1.10125
1.09205
1.08284
1.07364
1.06443
1.05523
1.04602
1.03682
1.02761
1.01841
1.0092
1
1
1
1
1
1
1
1
1
1
1
1
1
1
1
1
1
1
1
1
1
1
1
1
1
1.0092
1.01841
1.02761
1.03682
1.04602
1.05523
1.06443
1.07364
1.08284
1.09205
1.10125
1.11046
1.11966
1.12887
1.13807
1.14728
1.15648
1.16569
1.17489
1.1841
1.1933
1.2025
1.21171
1.22091
1.23012
1.23932
1.26155
1.28377
1.30599
1.32821
1.35043
1.37266
1.39488
1.4171
1.43932
1.46155
1.48377
1.50599
1.52821
1.55043
1.57266
1
1
1
1
1
1
1.0092
1.01841
1.02761
1.03682
1.04602
1.05523
1.06443
1.07364
1.08284
1.09205
1.10125
1.11046
1.11966
1.12887
1.13807
1.14728
1.15648
1.16569
1.17886
1.18828
1.19769
1.20711
1.21652
1.22593
1.23535
1.24476
1.25418
1.26359
1.273
1.28242
1.273
1.26359
1.25418
1.24476
1.23535
1.22593
1.21652
1.20711
1.19769
1.18828
1.17886
1.16945
1.16004
1.15062
1.14121
1.1318
1.12238
1.11297
1.10355
1.09414
1.08473
1.07531
1.0659
1.05648
1.04707
1.03766
1.02824
1.01883
1.00941
1
1
1
1
1
1
1
1
1
1
1
1
1
1
1
1
1
1
1
1
1
1
1
1
1
1
1
1
1.00941
1.01883
1.02824
1.03766
1.04707
1.05648
1.0659
1.07531
1.08473
1.09414
1.10355
1.11297
1.12238
1.1318
1.14121
1.15062
1.16004
1.16945
1.17887
1.18828
1.19769
1.20711
1.21652
1.22594
1.23535
1.25808
1.2808
1.30353
1.32626
1.34899
1.37171
1.39444
1.41717
1.43989
1.46262
1.48535
1.50808
1
1
1
1
1
1
1
1
1
1
1.00941
1.01883
1.02824
1.03766
1.04707
1.05648
1.0659
1.07531
1.08473
1.09414
1.10355
1.11297
1.12238
1.1318
1.14121
1.15062
1.16004
1.16945
1.18302
1.19266
1.20229
1.21192
1.22156
1.23119
1.24082
1.25046
1.26009
1.26972
1.27935
1.28899
1.27935
1.26972
1.26009
1.25046
1.24082
1.23119
1.22156
1.21192
1.20229
1.19266
1.18302
1.17339
1.16376
1.15413
1.14449
1.13486
1.12523
1.11559
1.10596
1.09633
1.0867
1.07706
1.06743
1.0578
1.04816
1.03853
1.0289
1.01927
1.00963
1
1
1
1
1
1
1
1
1
1
1
1
1
1
1
1
1
1
1
1
1
1
1
1
1
1
1
1
1
1
1
1
1
1
1.00963
1.01927
1.0289
1.03853
1.04816
1.0578
1.06743
1.07706
1.0867
1.09633
1.10596
1.11559
1.12523
1.13486
1.14449
1.15413
1.16376
1.17339
1.18302
1.19266
1.20229
1.21192
1.22156
1.23119
1.25445
1.2777
1.30096
1.32421
1.34747
1.37072
1.39398
1.41724
1.44049
1.46375
1
1
1
1
1
1
1
1
1
1
1
1.00963
1.01927
1.0289
1.03853
1.04816
1.0578
1.06743
1.07706
1.0867
1.09633
1.10596
1.11559
1.12523
1.13486
1.14449
1.15413
1.16376
1.17339
1.18738
1.19724
1.20711
1.21697
1.22683
1.23669
1.24656
1.25642
1.26628
1.27614
1.28601
1.29587
1.28601
1.27614
1.26628
1.25642
1.24656
1.23669
1.22683
1.21697
1.20711
1.19724
1.18738
1.17752
1.16766
1.1578
1.14793
1.13807
1.12821
1.11835
1.10848
1.09862
1.08876
1.0789
1.06904
1.05917
1.04931
1.03945
1.02959
1.01972
1.00986
1
1
1
1
1
1
1
1
1
1
1
1
1
1
1
1
1
1
1
1
1
1
1
1
1
1
1
1
1
1
1
1
1
1
1
1
1
1
1.00986
1.01972
1.02959
1.03945
1.04931
1.05917
1.06904
1.0789
1.08876
1.09862
1.10848
1.11835
1.12821
1.13807
1.14793
1.1578
1.16766
1.17752
1.18738
1.19724
1.20711
1.21697
1.22683
1.25064
1.27445
1.29826
1.32207
1.34588
1.36969
1.3935
1.41731
1.44112
1
1
1
1
1
1
1
1
1
1
1
1
1
1
1.00986
1.01972
1.02959
1.03945
1.04931
1.05917
1.06904
1.0789
1.08876
1.09862
1.10848
1.11835
1.12821
1.13807
1.14793
1.1578
1.16766
1.17752
1.19195
1.20206
1.21216
1.22226
1.23236
1.24247
1.25257
1.26267
1.27278
1.28288
1.29298
1.31737
1.29298
1.28288
1.27278
1.26267
1.25257
1.24247
1.23236
1.22226
1.21216
1.20206
1.19195
1.18185
1.17175
1.16164
1.15154
1.14144
1.13134
1.12123
1.11113
1.10103
1.09092
1.08082
1.07072
1.06062
1.05051
1.04041
1.03031
1.02021
1.0101
1
1
1
1
1
1
1
1
1
1
1
1
1
1
1
1
1
1
1
1
1
1
1
1
1
1
1
1
1
1
1
1
1
1
1
1
1
1
1
1
1
1
1.0101
1.02021
1.03031
1.04041
1.05051
1.06062
1.07072
1.08082
1.09092
1.10103
1.11113
1.12123
1.13134
1.14144
1.15154
1.16164
1.17175
1.18185
1.19195
1.20206
1.21216
1.22226
1.24665
1.27104
1.29543
1.31982
1.34421
1.3686
1.39299
1
1
1
1
1
1
1
1
1
1
1
1
1
1
1
1.0101
1.02021
1.03031
1.04041
1.05051
1.06062
1.07072
1.08082
1.09092
1.10103
1.11113
1.12123
1.13134
1.14144
1.15154
1.16164
1.17175
1.18185
1.19675
1.20711
1.21746
1.22782
1.23817
1.24853
1.25888
1.26924
1.27959
1.28995
1.31495
1.33995
1.31495
1.28995
1.27959
1.26924
1.25888
1.24853
1.23817
1.22782
1.21746
1.20711
1.19675
1.1864
1.17604
1.16569
1.15533
1.14497
1.13462
1.12426
1.11391
1.10355
1.0932
1.08284
1.07249
1.06213
1.05178
1.04142
1.03107
1.02071
1.01036
1
1
1
1
1
1
1
1
1
1
1
1
1
1
1
1
1
1
1
1
1
1
1
1
1
1
1
1
1
1
1
1
1
1
1
1
1
1
1
1
1
1
1
1
1
1
1.01036
1.02071
1.03107
1.04142
1.05178
1.06213
1.07249
1.08284
1.0932
1.10355
1.11391
1.12426
1.13462
1.14497
1.15533
1.16569
1.17604
1.1864
1.19675
1.20711
1.21746
1.24246
1.26746
1.29246
1.31746
1.34246
1.36746
1
1
1
1
1
1
1
1
1
1
1
1
1
1
1
1
1.01036
1.02071
1.03107
1.04142
1.05178
1.06213
1.07249
1.08284
1.0932
1.10355
1.11391
1.12426
1.13462
1.14497
1.15533
1.16569
1.17604
1.1864
1.2018
1.21242
1.22304
1.23366
1.24428
1.2549
1.26552
1.27614
1.28676
1.3124
1.33805
1.36369
1.33805
1.3124
1.28676
1.27614
1.26552
1.2549
1.24428
1.23366
1.22304
1.21242
1.2018
1.19118
1.18055
1.16993
1.15931
1.14869
1.13807
1.12745
1.11683
1.10621
1.09559
1.08497
1.07435
1.06373
1.0531
1.04248
1.03186
1.02124
1.01062
1
1
1
1
1
1
1
1
1
1
1
1
1
1
1
1
1
1
1
1
1
1
1
1
1
1
1
1
1
1
1
1
1
1
1
1
1
1
1
1
1
1
1
1
1
1
1
1
1
1
1
1.01062
1.02124
1.03186
1.04248
1.0531
1.06373
1.07435
1.08497
1.09559
1.10621
1.11683
1.12745
1.13807
1.14869
1.15931
1.16993
1.18055
1.19118
1.2018
1.21242
1.23806
1.2637
1.28934
1.31498
1
1
1
1
1
1
1
1
1
1
1
1
1
1
1
1
1
1
1
1.01062
1.02124
1.03186
1.04248
1.0531
1.06373
1.07435
1.08497
1.09559
1.10621
1.11683
1.12745
1.13807
1.14869
1.15931
1.16993
1.18055
1.19118
1.20711
1.21801
1.22891
1.23981
1.25071
1.26161
1.27251
1.28341
1.30973
1.33604
1.36236
1.38867
1.36236
1.33604
1.30973
1.28341
1.27251
1.26161
1.25071
1.23981
1.22891
1.21801
1.20711
1.19621
1.18531
1.17441
1.16351
1.1526
1.1417
1.1308
1.1199
1.109
1.0981
1.0872
1.0763
1.0654
1.0545
1.0436
1.0327
1.0218
1.0109
1
1
1
1
1
1
1
1
1
1
1
1
1
1
1
1
1
1
1
1
1
1
1
1
1
1
1
1
1
1
1
1
1
1
1
1
1
1
1
1
1
1
1
1
1
1
1
1
1
1
1
1
1
1
1
1
1
1
1
1
1
1
1
1
1
1
1.0109
1.0218
1.0327
1.0436
1.0545
1.0654
1.0763
1.0872
1.0981
1.109
1.1199
1.1308
1.1417
1.15261
1.16351
1.17441
1.18531
1.19621
1.20711
1.23342
1.25974
1.28605
1.31237
1
1
1
1
1
1
1
1
1
1
1
1
1
1
1
1
1
1
1
1
1.0109
1.0218
1.0327
1.0436
1.0545
1.0654
1.0763
1.0872
1.0981
1.109
1.1199
1.1308
1.1417
1.1526
1.16351
1.17441
1.18531
1.19621
1.2127
1.2239
1.23509
1.24629
1.25748
1.26868
1.27987
1.3069
1.33393
1.36096
1.38798
1.41501
1.38798
1.36096
1.33393
1.3069
1.27987
1.26868
1.25748
1.24629
1.23509
1.2239
1.2127
1.20151
1.19031
1.17912
1.16792
1.15673
1.14553
1.13434
1.12314
1.11195
1.10075
1.08956
1.07836
1.06717
1.05597
1.04478
1.03358
1.02239
1.0112
1
1
1
1
1
1
1
1
1
1
1
1
1
1
1
1
1
1
1
1
1
1
1
1
1
1
1
1
1
1
1
1
1
1
1
1
1
1
1
1
1
1
1
1
1
1
1
1
1
1
1
1
1
1
1
1
1
1
1
1
1
1
1
1
1
1
1.0112
1.02239
1.03358
1.04478
1.05597
1.06717
1.07836
1.08956
1.10075
1.11195
1.12314
1.13434
1.14553
1.15673
1.16792
1.17912
1.19031
1.20151
1.22854
1.25556
1.28259
1.30962
1.33664
1
1
1
1
1
1
1
1
1
1
1
1
1
1
1
1
1
1
1
1
1.0112
1.02239
1.03358
1.04478
1.05597
1.06717
1.07836
1.08956
1.10075
1.11195
1.12314
1.13434
1.14553
1.15673
1.16792
1.17912
1.19031
1.20151
1.21861
1.23012
1.24162
1.25313
1.26464
1.27614
1.30392
1.3317
1.35948
1.38725
1.41503
1.44281
1.41503
1.38725
1.35948
1.3317
1.30392
1.27614
1.26464
1.25313
1.24162
1.23012
1.21861
1.20711
1.1956
1.18409
1.17259
1.16108
1.14958
1.13807
1.12657
1.11506
1.10355
1.09205
1.08054
1.06904
1.05753
1.04602
1.03452
1.02301
1.01151
1
1
1
1
1
1
1
1
1
1
1
1
1
1
1
1
1
1
1
1
1
1
1
1
1
1
1
1
1
1
1
1
1
1
1
1
1
1
1
1
1
1
1
1
1
1
1
1
1
1
1
1
1
1
1
1
1
1
1
1
1
1
1
1
1
1
1
1
1
1
1
1
1
1
1
1
1
1
1.01151
1.02301
1.03452
1.04602
1.05753
1.06904
1.08054
1.09205
1.10355
1.11506
1.12657
1.13807
1.14958
1.16108
1.17259
1.1841
1.1956
1.22338
1.25116
1.27893
1
1
1
1
1
1
1
1
1
1
1
1
1
1
1
1
1
1
1
1
1
1
1.01151
1.02301
1.03452
1.04602
1.05753
1.06904
1.08054
1.09205
1.10355
1.11506
1.12657
1.13807
1.14958
1.16108
1.17259
1.18409
1.1956
1.20711
1.22486
1.23669
1.24853
1.26036
1.2722
1.30077
1.32934
1.35791
1.38648
1.41505
1.44363
1.4722
1.44363
1.41505
1.38648
1.35791
1.32934
1.30077
1.2722
1.26036
1.24853
1.23669
1.22486
1.21302
1.20119
1.18935
1.17752
1.16569
1.15385
1.14202
1.13018
1.11835
1.10651
1.09468
1.08284
1.07101
1.05917
1.04734
1.0355
1.02367
1.01183
1
1
1
1
1
1
1
1
1
1
1
1
1
1
1
1
1
1
1
1
1
1
1
1
1
1
1
1
1
1
1
1
1
1
1
1
1
1
1
1
1
1
1
1
1
1
1
1
1
1
1
1
1
1
1
1
1
1
1
1
1
1
1
1
1
1
1
1
1
1
1
1
1
1
1
1
1
1
1
1
1
1
1
1
1
1
1
1
1.01183
1.02367
1.0355
1.04734
1.05917
1.07101
1.08284
1.09468
1.10651
1.11835
1.13018
1.14202
1.15385
1.16569
1.17752
1.18935
1.21793
1.2465
1.27507
1
1
1
1
1
1
1
1
1
1
1
1
1
1
1
1
1
1
1
1
1
1
1.01183
1.02367
1.0355
1.04734
1.05917
1.07101
1.08284
1.09468
1.10651
1.11835
1.13018
1.14202
1.15385
1.16569
1.17752
1.18935
1.20119
1.21302
1.23147
1.24366
1.25584
1.26802
1.29743
1.32684
1.35626
1.38567
1.41508
1.44449
1.4739
1.50331
1.4739
1.44449
1.41508
1.38567
1.35626
1.32684
1.29743
1.26802
1.25584
1.24366
1.23147
1.21929
1.20711
1.19492
1.18274
1.17056
1.15838
1.14619
1.13401
1.12183
1.10964
1.09746
1.08528
1.0731
1.06091
1.04873
1.03655
1.02437
1.01218
1
1
1
1
1
1
1
1
1
1
1
1
1
1
1
1
1
1
1
1
1
1
1
1
1
1
1
1
1
1
1
1
1
1
1
1
1
1
1
1
1
1
1
1
1
1
1
1
1
1
1
1
1
1
1
1
1
1
1
1
1
1
1
1
1
1
1
1
1
1
1
1
1
1
1
1
1
1
1
1
1
1
1
1
1
1
1
1
1
1
1
1
1
1
1.01218
1.02437
1.03655
1.04873
1.06091
1.0731
1.08528
1.09746
1.10964
1.12183
1.13401
1.14619
1.15838
1.17056
1.18274
1.21215
1
1
1
1
1
1
1
1
1
1
1
1
1
1
1
1
1
1
1
1
1
1
1
1.01218
1.02437
1.03655
1.04873
1.06091
1.0731
1.08528
1.09746
1.10964
1.12183
1.13401
1.14619
1.15838
1.17056
1.18274
1.19492
1.20711
1.21929
1.23849
1.25104
1.26359
1.29389
1.3242
1.3545
1.3848
1.41511
1.44541
1.47571
1.50601
1.53632
1.50601
1.47571
1.44541
1.41511
1.3848
1.3545
1.3242
1.29389
1.26359
1.25104
1.23849
1.22593
1.21338
1.20083
1.18828
1.17573
1.16317
1.15062
1.13807
1.12552
1.11297
1.10042
1.08786
1.07531
1.06276
1.05021
1.03766
1.0251
1.01255
1
1
1
1
1
1
1
1
1
1
1
1
1
1
1
1
1
1
1
1
1
1
1
1
1
1
1
1
1
1
1
1
1
1
1
1
1
1
1
1
1
1
1
1
1
1
1
1
1
1
1
1
1
1
1
1
1
1
1
1
1
1
1
1
1
1
1
1
1
1
1
1
1
1
1
1
1
1
1
1
1
1
1
1
1
1
1
1
1
1
1
1
1
1
1
1
1
1
1
1
1
1
1.01255
1.0251
1.03766
1.05021
1.06276
1.07531
1.08786
1.10042
1.11297
1.12552
1.13807
1.15062
1.16318
1.17573
1.20603
1
1
1
1
1
1
1
1
1
1
1
1
1
1
1
1
1
1
1
1
1
1
1
1
1.01255
1.0251
1.03766
1.05021
1.06276
1.07531
1.08786
1.10042
1.11297
1.12552
1.13807
1.15062
1.16317
1.17573
1.18828
1.20083
1.21338
1.22593
1.24594
1.25888
1.29013
1.32138
1.35263
1.38388
1.41513
1.44638
1.47763
1.50888
1.54013
1.57138
1.54013
1.50888
1.47763
1.44638
1.41513
1.38388
1.35263
1.32138
1.29013
1.25888
1.24594
1.233
1.22005
1.20711
1.19416
1.18122
1.16827
1.15533
1.14239
1.12944
1.1165
1.10355
1.09061
1.07766
1.06472
1.05178
1.03883
1.02589
1.01294
1
1
1
1
1
1
1
1
1
1
1
1
1
1
1
1
1
1
1
1
1
1
1
1
1
1
1
1
1
1
1
1
1
1
1
1
1
1
1
1
1
1
1
1
1
1
1
1
1
1
1
1
1
1
1
1
1
1
1
1
1
1
1
1
1
1
1
1
1
1
1
1
1
1
1
1
1
1
1
1
1
1
1
1
1
1
1
1
1
1
1
1
1
1
1
1
1
1
1
1
1
1
1
1
1
1
1
1
1
1
1
1
1
1
1.01294
1.02589
1.03883
1.05178
1.06472
1.07766
1.09061
1.10355
1.1165
1.12944
1.14239
1.15533
1.16827
1.19952
1
1
1
1
1
1
1
1
1
1
1
1
1
1
1
1
1
1
1
1
1
1
1
1
1
1.01294
1.02589
1.03883
1.05178
1.06472
1.07766
1.09061
1.10355
1.1165
1.12944
1.14239
1.15533
1.16827
1.18122
1.19416
1.20711
1.22005
1.233
1.25387
1.28613
1.31839
1.35065
1.38291
1.41516
1.44742
1.47968
1.51194
1.5442
1.57645
1.60871
1.57645
1.5442
1.51194
1.47968
1.44742
1.41516
1.38291
1.35065
1.31839
1.28613
1.25387
1.24051
1.22715
1.21379
1.20043
1.18706
1.1737
1.16034
1.14698
1.13362
1.12026
1.10689
1.09353
1.08017
1.06681
1.05345
1.04009
1.02672
1.01336
1
1
1
1
1
1
1
1
1
1
1
1
1
1
1
1
1
1
1
1
1
1
1
1
1
1
1
1
1
1
1
1
1
1
1
1
1
1
1
1
1
1
1
1
1
1
1
1
1
1
1
1
1
1
1
1
1
1
1
1
1
1
1
1
1
1
1
1
1
1
1
1
1
1
1
1
1
1
1
1
1
1
1
1
1
1
1
1
1
1
1
1
1
1
1
1
1
1
1
1
1
1
1
1
1
1
1
1
1
1
1
1
1
1
1
1
1
1
1
1
1
1
1
1
1
1
1
1
1.01336
1.02672
1.04009
1.05345
1.06681
1.08017
1.09353
1.10689
1.12026
1.13362
1.14698
1.16034
1
1
1
1
1
1
1
1
1
1
1
1
1
1
1
1
1
1
1
1
1
1
1
1
1
1.01336
1.02672
1.04009
1.05345
1.06681
1.08017
1.09353
1.10689
1.12026
1.13362
1.14698
1.16034
1.1737
1.18706
1.20043
1.21379
1.22715
1.24051
1.28186
1.31519
1.34853
1.38186
1.41519
1.44853
1.48186
1.51519
1.54853
1.58186
1.61519
1.64853
1.61519
1.58186
1.54853
1.51519
1.48186
1.44853
1.41519
1.38186
1.34853
1.31519
1.28186
1.24853
1.23472
1.22091
1.20711
1.1933
1.17949
1.16569
1.15188
1.13807
1.12426
1.11046
1.09665
1.08284
1.06904
1.05523
1.04142
1.02761
1.01381
1
1
1
1
1
1
1
1
1
1
1
1
1
1
1
1
1
1
1
1
1
1
1
1
1
1
1
1
1
1
1
1
1
1
1
1
1
1
1
1
1
1
1
1
1
1
1
1
1
1
1
1
1
1
1
1
1
1
1
1
1
1
1
1
1
1
1
1
1
1
1
1
1
1
1
1
1
1
1
1
1
1
1
1
1
1
1
1
1
1
1
1
1
1
1
1
1
1
1
1
1
1
1
1
1
1
1
1
1
1
1
1
1
1
1
1
1
1
1
1
1
1
1
1
1
1
1
1
1
1
1
1
1
1
1
1
1
1
1.01381
1.02761
1.04142
1.05523
1.06904
1.08284
1.09665
1.11046
1.12426
1.13807
1.15188
1
1
1
1
1
1
1
1
1
1
1
1
1
1
1
1
1
1
1
1
1
1
1
1
1
1
1
1
1
1
1
1
1
1
1
1.01381
1.02761
1.04142
1.05523
1.06904
1.08284
1.09665
1.11046
1.12426
1.13807
1.15188
1.16569
1.17949
1.1933
1.20711
1.22091
1.23472
1.24853
1.31178
1.34626
1.38075
1.41523
1.44971
1.48419
1.51868
1.55316
1.58764
1.62213
1.65661
1.69109
1.65661
1.62213
1.58764
1.55316
1.51868
1.48419
1.44971
1.41523
1.38075
1.34626
1.31178
1.2773
1.24281
1.22853
1.21425
1.19996
1.18568
1.1714
1.15712
1.14283
1.12855
1.11427
1.09998
1.0857
1.07142
1.05713
1.04285
1.02857
1.01428
1
1
1
1
1
1
1
1
1
1
1
1
1
1
1
1
1
1
1
1
1
1
1
1
1
1
1
1
1
1
1
1
1
1
1
1
1
1
1
1
1
1
1
1
1
1
1
1
1
1
1
1
1
1
1
1
1
1
1
1
1
1
1
1
1
1
1
1
1
1
1
1
1
1
1
1
1
1
1
1
1
1
1
1
1
1
1
1
1
1
1
1
1
1
1
1
1
1
1
1
1
1
1
1
1
1
1
1
1
1
1
1
1
1
1
1
1
1
1
1
1
1
1
1
1
1
1
1
1
1
1
1
1
1
1
1
1
1
1.01428
1.02857
1.04285
1.05713
1.07142
1.0857
1.09998
1.11427
1.12855
1.14283
1.17731
1
1
1
1
1
1
1
1
1
1
1
1
1
1
1
1
1
1
1
1
1
1
1
1
1
1
1
1
1
1
1
1
1
1
1
1.01428
1.02857
1.04285
1.05713
1.07142
1.0857
1.09998
1.11427
1.12855
1.14283
1.15712
1.1714
1.18568
1.19996
1.21425
1.22853
1.24281
1.2773
1.34384
1.37955
1.41526
1.45098
1.48669
1.52241
1.55812
1.59384
1.62955
1.66526
1.70098
1.73669
1.70098
1.66526
1.62955
1.59384
1.55812
1.52241
1.48669
1.45098
1.41526
1.37955
1.34384
1.30812
1.27241
1.23669
1.2219
1.20711
1.19231
1.17752
1.16273
1.14793
1.13314
1.11835
1.10355
1.08876
1.07397
1.05917
1.04438
1.02959
1.01479
1
1
1
1
1
1
1
1
1
1
1
1
1
1
1
1
1
1
1
1
1
1
1
1
1
1
1
1
1
1
1
1
1
1
1
1
1
1
1
1
1
1
1
1
1
1
1
1
1
1
1
1
1
1
1
1
1
1
1
1
1
1
1
1
1
1
1
1
1
1
1
1
1
1
1
1
1
1
1
1
1
1
1
1
1
1
1
1
1
1
1
1
1
1
1
1
1
1
1
1
1
1
1
1
1
1
1
1
1
1
1
1
1
1
1
1
1
1
1
1
1
1
1
1
1
1
1
1
1
1
1
1
1
1
1
1
1
1
1
1
1
1
1
1
1.01479
1.02959
1.04438
1.05917
1.07397
1.08876
1.10355
1.11835
1.13314
1.16885
1
1
1
1
1
1
1
1
1
1
1
1
1
1
1
1
1
1
1
1
1
1
1
1
1
1
1
1
1
1
1
1
1
1
1
1
1
1
1
1
1
1
1
1
1
1.01479
1.02959
1.04438
1.05917
1.07397
1.08876
1.10355
1.11835
1.13314
1.14793
1.16273
1.17752
1.19231
1.20711
1.2219
1.23669
1.27241
1.30812
1.37827
1.4153
1.45234
1.48938
1.52641
1.56345
1.60049
1.63753
1.67456
1.7116
1.74864
1.78567
1.74864
1.7116
1.67456
1.63753
1.60049
1.56345
1.52641
1.48938
1.45234
1.4153
1.37827
1.34123
1.30419
1.26716
1.23012
1.21478
1.19944
1.18409
1.16875
1.15341
1.13807
1.12273
1.10739
1.09205
1.07671
1.06136
1.04602
1.03068
1.01534
1
1
1
1
1
1
1
1
1
1
1
1
1
1
1
1
1
1
1
1
1
1
1
1
1
1
1
1
1
1
1
1
1
1
1
1
1
1
1
1
1
1
1
1
1
1
1
1
1
1
1
1
1
1
1
1
1
1
1
1
1
1
1
1
1
1
1
1
1
1
1
1
1
1
1
1
1
1
1
1
1
1
1
1
1
1
1
1
1
1
1
1
1
1
1
1
1
1
1
1
1
1
1
1
1
1
1
1
1
1
1
1
1
1
1
1
1
1
1
1
1
1
1
1
1
1
1
1
1
1
1
1
1
1
1
1
1
1
1
1
1
1
1
1
1
1
1
1
1
1
1
1
1
1
1
1.01534
1.03068
1.04602
1.06136
1.07671
1.09205
1.10739
1.12273
1.15977
1
1
1
1
1
1
1
1
1
1
1
1
1
1
1
1
1
1
1
1
1
1
1
1
1
1
1
1
1
1
1
1
1
1
1
1
1
1
1
1
1
1
1
1
1
1
1
1
1
1
1
1
1
1
1.01534
1.03068
1.04602
1.06136
1.07671
1.09205
1.10739
1.12273
1.13807
1.15341
1.16875
1.18409
1.19944
1.21478
1.23012
1.26716
1.30419
1.34123
1.41535
1.45381
1.49227
1.53073
1.56919
1.60765
1.64611
1.68458
1.72304
1.7615
1.79996
1.83842
1.79996
1.7615
1.72304
1.68458
1.64611
1.60765
1.56919
1.53073
1.49227
1.45381
1.41535
1.37688
1.33842
1.29996
1.2615
1.22304
1.20711
1.19118
1.17524
1.15931
1.14338
1.12745
1.11152
1.09559
1.07966
1.06373
1.04779
1.03186
1.01593
1
1
1
1
1
1
1
1
1
1
1
1
1
1
1
1
1
1
1
1
1
1
1
1
1
1
1
1
1
1
1
1
1
1
1
1
1
1
1
1
1
1
1
1
1
1
1
1
1
1
1
1
1
1
1
1
1
1
1
1
1
1
1
1
1
1
1
1
1
1
1
1
1
1
1
1
1
1
1
1
1
1
1
1
1
1
1
1
1
1
1
1
1
1
1
1
1
1
1
1
1
1
1
1
1
1
1
1
1
1
1
1
1
1
1
1
1
1
1
1
1
1
1
1
1
1
1
1
1
1
1
1
1
1
1
1
1
1
1
1
1
1
1
1
1
1
1
1
1
1
1
1
1
1
1
1
1
1
1
1
1
1
1.01593
1.03186
1.04779
1.06373
1.07966
1.09559
1.11152
1
1
1
1
1
1
1
1
1
1
1
1
1
1
1
1
1
1
1
1
1
1
1
1
1
1
1
1
1
1
1
1
1
1
1
1
1
1
1
1
1
1
1
1
1
1
1
1
1
1
1
1
1
1
1
1
1
1.01593
1.03186
1.04779
1.06373
1.07966
1.09559
1.11152
1.12745
1.14338
1.15931
1.17524
1.19118
1.20711
1.22304
1.2615
1.29996
1.33842
1.37688
1.84853
1.88853
1.89539
1.85539
1.81539
1.77539
1.73539
1.69539
1.65539
1.61539
1.57539
1.53539
1.49539
1.45539
1.41539
1.37539
1.33539
1.29539
1.25539
1.21539
1.19882
1.18225
1.16569
1.14912
1.13255
1.11598
1.09941
1.08284
1.06627
1.04971
1.03314
1.01657
1
1
1
1
1
1
1
1
1
1
1
1
1
1
1
1
1
1
1
1
1
1
1
1
1
1
1
1
1
1
1
1
1
1
1
1
1
1
1
1
1
1
1
1
1
1
1
1
1
1
1
1
1
1
1
1
1
1
1
1
1
1
1
1
1
1
1
1
1
1
1
1
1
1
1
1
1
1
1
1
1
1
1
1
1
1
1
1
1
1
1
1
1
1
1
1
1
1
1
1
1
1
1
1
1
1
1
1
1
1
1
1
1
1
1
1
1
1
1
1
1
1
1
1
1
1
1
1
1
1
1
1
1
1
1
1
1
1
1
1
1
1
1
1
1
1
1
1
1
1
1
1
1
1
1
1
1
1
1
1
1
1
1
1
1
1
1.01657
1.03314
1.04971
1.06627
1.08284
1.09941
1.11598
1
1
1
1
1
1
1
1
1
1
1
1
1
1
1
1
1
1
1
1
1
1
1
1
1
1
1
1
1
1
1
1
1
1
1
1
1
1
1
1
1
1
1
1
1
1
1
1
1
1
1
1
1
1
1
1
1
1
1
1
1
1
1
1.01657
1.03314
1.04971
1.06627
1.08284
1.09941
1.11598
1.13255
1.14912
1.16569
1.18225
1.19882
1.21539
1.25539
1.29539
1.33539
1.37539
1.41539
1.79044
1.74877
1.70711
1.66544
1.62377
1.58211
1.54044
1.49877
1.45711
1.41544
1.37377
1.33211
1.29044
1.24877
1.20711
1.18985
1.17259
1.15533
1.13807
1.12081
1.10355
1.08629
1.06904
1.05178
1.03452
1.01726
1
1
1
1
1
1
1
1
1
1
1
1
1
1
1
1
1
1
1
1
1
1
1
1
1
1
1
1
1
1
1
1
1
1
1
1
1
1
1
1
1
1
1
1
1
1
1
1
1
1
1
1
1
1
1
1
1
1
1
1
1
1
1
1
1
1
1
1
1
1
1
1
1
1
1
1
1
1
1
1
1
1
1
1
1
1
1
1
1
1
1
1
1
1
1
1
1
1
1
1
1
1
1
1
1
1
1
1
1
1
1
1
1
1
1
1
1
1
1
1
1
1
1
1
1
1
1
1
1
1
1
1
1
1
1
1
1
1
1
1
1
1
1
1
1
1
1
1
1
1
1
1
1
1
1
1
1
1
1
1
1
1
1
1
1
1
1
1
1
1
1
1
1
1.01726
1.03452
1.05178
1.06904
1.08629
1.10355
1
1
1
1
1
1
1
1
1
1
1
1
1
1
1
1
1
1
1
1
1
1
1
1
1
1
1
1
1
1
1
1
1
1
1
1
1
1
1
1
1
1
1
1
1
1
1
1
1
1
1
1
1
1
1
1
1
1
1
1
1
1
1
1
1
1.01726
1.03452
1.05178
1.06904
1.08629
1.10355
1.12081
1.13807
1.15533
1.17259
1.18985
1.20711
1.24877
1.29044
1.33211
1.37377
1.41544
1.45711
1.63288
1.58941
1.54593
1.50245
1.45897
1.41549
1.37201
1.32854
1.28506
1.24158
1.1981
1.18009
1.16208
1.14407
1.12606
1.10806
1.09005
1.07204
1.05403
1.03602
1.01801
1
1
1
1
1
1
1
1
1
1
1
1
1
1
1
1
1
1
1
1
1
1
1
1
1
1
1
1
1
1
1
1
1
1
1
1
1
1
1
1
1
1
1
1
1
1
1
1
1
1
1
1
1
1
1
1
1
1
1
1
1
1
1
1
1
1
1
1
1
1
1
1
1
1
1
1
1
1
1
1
1
1
1
1
1
1
1
1
1
1
1
1
1
1
1
1
1
1
1
1
1
1
1
1
1
1
1
1
1
1
1
1
1
1
1
1
1
1
1
1
1
1
1
1
1
1
1
1
1
1
1
1
1
1
1
1
1
1
1
1
1
1
1
1
1
1
1
1
1
1
1
1
1
1
1
1
1
1
1
1
1
1
1
1
1
1
1
1
1
1
1
1
1
1
1
1
1
1.01801
1.03602
1.05403
1.07204
1.09005
1
1
1
1
1
1
1
1
1
1
1
1
1
1
1
1
1
1
1
1
1
1
1
1
1
1
1
1
1
1
1
1
1
1
1
1
1
1
1
1
1
1
1
1
1
1
1
1
1
1
1
1
1
1
1
1
1
1
1
1
1
1
1
1
1
1
1
1
1.01801
1.03602
1.05403
1.07204
1.09005
1.10806
1.12606
1.14407
1.16208
1.18009
1.1981
1.24158
1.28506
1.32854
1.37201
1.41549
1.45897
1.50245
1.41555
1.3701
1.32464
1.27919
1.23373
1.18828
1.16945
1.15062
1.1318
1.11297
1.09414
1.07531
1.05648
1.03766
1.01883
1
1
1
1
1
1
1
1
1
1
1
1
1
1
1
1
1
1
1
1
1
1
1
1
1
1
1
1
1
1
1
1
1
1
1
1
1
1
1
1
1
1
1
1
1
1
1
1
1
1
1
1
1
1
1
1
1
1
1
1
1
1
1
1
1
1
1
1
1
1
1
1
1
1
1
1
1
1
1
1
1
1
1
1
1
1
1
1
1
1
1
1
1
1
1
1
1
1
1
1
1
1
1
1
1
1
1
1
1
1
1
1
1
1
1
1
1
1
1
1
1
1
1
1
1
1
1
1
1
1
1
1
1
1
1
1
1
1
1
1
1
1
1
1
1
1
1
1
1
1
1
1
1
1
1
1
1
1
1
1
1
1
1
1
1
1
1
1
1
1
1
1
1
1
1
1
1
1
1
1
1
1
1.01883
1.03766
1.05648
1.07531
1.09414
1
1
1
1
1
1
1
1
1
1
1
1
1
1
1
1
1
1
1
1
1
1
1
1
1
1
1
1
1
1
1
1
1
1
1
1
1
1
1
1
1
1
1
1
1
1
1
1
1
1
1
1
1
1
1
1
1
1
1
1
1
1
1
1
1
1
1
1
1
1
1
1.01883
1.03766
1.05648
1.07531
1.09414
1.11297
1.1318
1.15062
1.16945
1.18828
1.23373
1.27919
1.32464
1.3701
1.41555
1.46101
1.50646
1.55192
1.368
1.32038
1.27276
1.22514
1.17752
1.1578
1.13807
1.11835
1.09862
1.0789
1.05917
1.03945
1.01972
1
1
1
1
1
1
1
1
1
1
1
1
1
1
1
1
1
1
1
1
1
1
1
1
1
1
1
1
1
1
1
1
1
1
1
1
1
1
1
1
1
1
1
1
1
1
1
1
1
1
1
1
1
1
1
1
1
1
1
1
1
1
1
1
1
1
1
1
1
1
1
1
1
1
1
1
1
1
1
1
1
1
1
1
1
1
1
1
1
1
1
1
1
1
1
1
1
1
1
1
1
1
1
1
1
1
1
1
1
1
1
1
1
1
1
1
1
1
1
1
1
1
1
1
1
1
1
1
1
1
1
1
1
1
1
1
1
1
1
1
1
1
1
1
1
1
1
1
1
1
1
1
1
1
1
1
1
1
1
1
1
1
1
1
1
1
1
1
1
1
1
1
1
1
1
1
1
1
1
1
1
1
1
1
1
1
1
1.01972
1.03945
1.05917
1.0789
1
1
1
1
1
1
1
1
1
1
1
1
1
1
1
1
1
1
1
1
1
1
1
1
1
1
1
1
1
1
1
1
1
1
1
1
1
1
1
1
1
1
1
1
1
1
1
1
1
1
1
1
1
1
1
1
1
1
1
1
1
1
1
1
1
1
1
1
1
1
1
1
1
1
1
1.01972
1.03945
1.05917
1.0789
1.09862
1.11835
1.13807
1.1578
1.17752
1.22514
1.27276
1.32038
1.41569
1.36569
1.31569
1.26569
1.21569
1.16569
1.14497
1.12426
1.10355
1.08284
1.06213
1.04142
1.02071
1
1
1
1
1
1
1
1
1
1
1
1
1
1
1
1
1
1
1
1
1
1
1
1
1
1
1
1
1
1
1
1
1
1
1
1
1
1
1
1
1
1
1
1
1
1
1
1
1
1
1
1
1
1
1
1
1
1
1
1
1
1
1
1
1
1
1
1
1
1
1
1
1
1
1
1
1
1
1
1
1
1
1
1
1
1
1
1
1
1
1
1
1
1
1
1
1
1
1
1
1
1
1
1
1
1
1
1
1
1
1
1
1
1
1
1
1
1
1
1
1
1
1
1
1
1
1
1
1
1
1
1
1
1
1
1
1
1
1
1
1
1
1
1
1
1
1
1
1
1
1
1
1
1
1
1
1
1
1
1
1
1
1
1
1
1
1
1
1
1
1
1
1
1
1
1
1
1
1
1
1
1
1
1
1
1
1
1.02071
1.04142
1.06213
1.08284
1
1
1
1
1
1
1
1
1
1
1
1
1
1
1
1
1
1
1
1
1
1
1
1
1
1
1
1
1
1
1
1
1
1
1
1
1
1
1
1
1
1
1
1
1
1
1
1
1
1
1
1
1
1
1
1
1
1
1
1
1
1
1
1
1
1
1
1
1
1
1
1
1
1
1
1.02071
1.04142
1.06213
1.08284
1.10355
1.12426
1.14497
1.16569
1.21569
1.26569
1.31569
1.36569
1.3105
1.25787
1.20524
1.1526
1.1308
1.109
1.0872
1.0654
1.0436
1.0218
1
1
1
1
1
1
1
1
1
1
1
1
1
1
1
1
1
1
1
1
1
1
1
1
1
1
1
1
1
1
1
1
1
1
1
1
1
1
1
1
1
1
1
1
1
1
1
1
1
1
1
1
1
1
1
1
1
1
1
1
1
1
1
1
1
1
1
1
1
1
1
1
1
1
1
1
1
1
1
1
1
1
1
1
1
1
1
1
1
1
1
1
1
1
1
1
1
1
1
1
1
1
1
1
1
1
1
1
1
1
1
1
1
1
1
1
1
1
1
1
1
1
1
1
1
1
1
1
1
1
1
1
1
1
1
1
1
1
1
1
1
1
1
1
1
1
1
1
1
1
1
1
1
1
1
1
1
1
1
1
1
1
1
1
1
1
1
1
1
1
1
1
1
1
1
1
1
1
1
1
1
1
1
1
1
1
1
1
1
1
1
1
1.0218
1.0436
1.0654
1.11803
1
1
1
1
1
1
1
1
1
1
1
1
1
1
1
1
1
1
1
1
1
1
1
1
1
1
1
1
1
1
1
1
1
1
1
1
1
1
1
1
1
1
1
1
1
1
1
1
1
1
1
1
1
1
1
1
1
1
1
1
1
1
1
1
1
1
1
1
1
1
1
1
1
1
1
1
1
1.0218
1.0436
1.0654
1.0872
1.109
1.1308
1.1526
1.20524
1.25787
1.24918
1.19363
1.13807
1.11506
1.09205
1.06904
1.04602
1.02301
1
1
1
1
1
1
1
1
1
1
1
1
1
1
1
1
1
1
1
1
1
1
1
1
1
1
1
1
1
1
1
1
1
1
1
1
1
1
1
1
1
1
1
1
1
1
1
1
1
1
1
1
1
1
1
1
1
1
1
1
1
1
1
1
1
1
1
1
1
1
1
1
1
1
1
1
1
1
1
1
1
1
1
1
1
1
1
1
1
1
1
1
1
1
1
1
1
1
1
1
1
1
1
1
1
1
1
1
1
1
1
1
1
1
1
1
1
1
1
1
1
1
1
1
1
1
1
1
1
1
1
1
1
1
1
1
1
1
1
1
1
1
1
1
1
1
1
1
1
1
1
1
1
1
1
1
1
1
1
1
1
1
1
1
1
1
1
1
1
1
1
1
1
1
1
1
1
1
1
1
1
1
1
1
1
1
1
1
1
1
1
1
1
1
1
1
1
1
1.02301
1.04602
1
1
1
1
1
1
1
1
1
1
1
1
1
1
1
1
1
1
1
1
1
1
1
1
1
1
1
1
1
1
1
1
1
1
1
1
1
1
1
1
1
1
1
1
1
1
1
1
1
1
1
1
1
1
1
1
1
1
1
1
1
1
1
1
1
1
1
1
1
1
1
1
1
1
1
1
1
1
1.02301
1.04602
1.06904
1.09205
1.11506
1.13807
1.19363
1.23947
1.18065
1.12183
1.09746
1.0731
1.04873
1.02437
1
1
1
1
1
1
1
1
1
1
1
1
1
1
1
1
1
1
1
1
1
1
1
1
1
1
1
1
1
1
1
1
1
1
1
1
1
1
1
1
1
1
1
1
1
1
1
1
1
1
1
1
1
1
1
1
1
1
1
1
1
1
1
1
1
1
1
1
1
1
1
1
1
1
1
1
1
1
1
1
1
1
1
1
1
1
1
1
1
1
1
1
1
1
1
1
1
1
1
1
1
1
1
1
1
1
1
1
1
1
1
1
1
1
1
1
1
1
1
1
1
1
1
1
1
1
1
1
1
1
1
1
1
1
1
1
1
1
1
1
1
1
1
1
1
1
1
1
1
1
1
1
1
1
1
1
1
1
1
1
1
1
1
1
1
1
1
1
1
1
1
1
1
1
1
1
1
1
1
1
1
1
1
1
1
1
1
1
1
1
1
1
1
1
1
1
1
1
1
1
1
1
1.02437
1.04873
1
1
1
1
1
1
1
1
1
1
1
1
1
1
1
1
1
1
1
1
1
1
1
1
1
1
1
1
1
1
1
1
1
1
1
1
1
1
1
1
1
1
1
1
1
1
1
1
1
1
1
1
1
1
1
1
1
1
1
1
1
1
1
1
1
1
1
1
1
1
1
1
1
1
1
1
1
1
1
1.02437
1.04873
1.0731
1.09746
1.12183
1.16605
1.10355
1.07766
1.05178
1.02589
1
1
1
1
1
1
1
1
1
1
1
1
1
1
1
1
1
1
1
1
1
1
1
1
1
1
1
1
1
1
1
1
1
1
1
1
1
1
1
1
1
1
1
1
1
1
1
1
1
1
1
1
1
1
1
1
1
1
1
1
1
1
1
1
1
1
1
1
1
1
1
1
1
1
1
1
1
1
1
1
1
1
1
1
1
1
1
1
1
1
1
1
1
1
1
1
1
1
1
1
1
1
1
1
1
1
1
1
1
1
1
1
1
1
1
1
1
1
1
1
1
1
1
1
1
1
1
1
1
1
1
1
1
1
1
1
1
1
1
1
1
1
1
1
1
1
1
1
1
1
1
1
1
1
1
1
1
1
1
1
1
1
1
1
1
1
1
1
1
1
1
1
1
1
1
1
1
1
1
1
1
1
1
1
1
1
1
1
1
1
1
1
1
1
1
1
1
1
1
1
1
1
1
1
1
1
1
1
1
1
1.02589
1.05178
1
1
1
1
1
1
1
1
1
1
1
1
1
1
1
1
1
1
1
1
1
1
1
1
1
1
1
1
1
1
1
1
1
1
1
1
1
1
1
1
1
1
1
1
1
1
1
1
1
1
1
1
1
1
1
1
1
1
1
1
1
1
1
1
1
1
1
1
1
1
1
1
1
1
1
1
1
1
1
1
1
1
1.02589
1.05178
1.07766
1.10355
1.14951
1.08284
1.05523
1.02761
1
1
1
1
1
1
1
1
1
1
1
1
1
1
1
1
1
1
1
1
1
1
1
1
1
1
1
1
1
1
1
1
1
1
1
1
1
1
1
1
1
1
1
1
1
1
1
1
1
1
1
1
1
1
1
1
1
1
1
1
1
1
1
1
1
1
1
1
1
1
1
1
1
1
1
1
1
1
1
1
1
1
1
1
1
1
1
1
1
1
1
1
1
1
1
1
1
1
1
1
1
1
1
1
1
1
1
1
1
1
1
1
1
1
1
1
1
1
1
1
1
1
1
1
1
1
1
1
1
1
1
1
1
1
1
1
1
1
1
1
1
1
1
1
1
1
1
1
1
1
1
1
1
1
1
1
1
1
1
1
1
1
1
1
1
1
1
1
1
1
1
1
1
1
1
1
1
1
1
1
1
1
1
1
1
1
1
1
1
1
1
1
1
1
1
1
1
1
1
1
1
1
1
1
1
1
1
1
1
1
1
1
1
1
1
1
1
1
1
1.02761
1
1
1
1
1
1
1
1
1
1
1
1
1
1
1
1
1
1
1
1
1
1
1
1
1
1
1
1
1
1
1
1
1
1
1
1
1
1
1
1
1
1
1
1
1
1
1
1
1
1
1
1
1
1
1
1
1
1
1
1
1
1
1
1
1
1
1
1
1
1
1
1
1
1
1
1
1
1
1
1
1
1
1
1.02761
1.05523
1.08284
1.14951
1.1306
1.05917
1.02959
1
1
1
1
1
1
1
1
1
1
1
1
1
1
1
1
1
1
1
1
1
1
1
1
1
1
1
1
1
1
1
1
1
1
1
1
1
1
1
1
1
1
1
1
1
1
1
1
1
1
1
1
1
1
1
1
1
1
1
1
1
1
1
1
1
1
1
1
1
1
1
1
1
1
1
1
1
1
1
1
1
1
1
1
1
1
1
1
1
1
1
1
1
1
1
1
1
1
1
1
1
1
1
1
1
1
1
1
1
1
1
1
1
1
1
1
1
1
1
1
1
1
1
1
1
1
1
1
1
1
1
1
1
1
1
1
1
1
1
1
1
1
1
1
1
1
1
1
1
1
1
1
1
1
1
1
1
1
1
1
1
1
1
1
1
1
1
1
1
1
1
1
1
1
1
1
1
1
1
1
1
1
1
1
1
1
1
1
1
1
1
1
1
1
1
1
1
1
1
1
1
1
1
1
1
1
1
1
1
1
1
1
1
1
1
1
1
1
1
1
1
1.02959
1
1
1
1
1
1
1
1
1
1
1
1
1
1
1
1
1
1
1
1
1
1
1
1
1
1
1
1
1
1
1
1
1
1
1
1
1
1
1
1
1
1
1
1
1
1
1
1
1
1
1
1
1
1
1
1
1
1
1
1
1
1
1
1
1
1
1
1
1
1
1
1
1
1
1
1
1
1
1
1
1
1
1
1.02959
1.05917
1.1306
1.03186
1
1
1
1
1
1
1
1
1
1
1
1
1
1
1
1
1
1
1
1
1
1
1
1
1
1
1
1
1
1
1
1
1
1
1
1
1
1
1
1
1
1
1
1
1
1
1
1
1
1
1
1
1
1
1
1
1
1
1
1
1
1
1
1
1
1
1
1
1
1
1
1
1
1
1
1
1
1
1
1
1
1
1
1
1
1
1
1
1
1
1
1
1
1
1
1
1
1
1
1
1
1
1
1
1
1
1
1
1
1
1
1
1
1
1
1
1
1
1
1
1
1
1
1
1
1
1
1
1
1
1
1
1
1
1
1
1
1
1
1
1
1
1
1
1
1
1
1
1
1
1
1
1
1
1
1
1
1
1
1
1
1
1
1
1
1
1
1
1
1
1
1
1
1
1
1
1
1
1
1
1
1
1
1
1
1
1
1
1
1
1
1
1
1
1
1
1
1
1
1
1
1
1
1
1
1
1
1
1
1
1
1
1
1
1
1
1
1
1
1
1
1
1
1.03186
1
1
1
1
1
1
1
1
1
1
1
1
1
1
1
1
1
1
1
1
1
1
1
1
1
1
1
1
1
1
1
1
1
1
1
1
1
1
1
1
1
1
1
1
1
1
1
1
1
1
1
1
1
1
1
1
1
1
1
1
1
1
1
1
1
1
1
1
1
1
1
1
1
1
1
1
1
1
1
1
1
1
1
1
1.03186
1.03452
1
1
1
1
1
1
1
1
1
1
1
1
1
1
1
1
1
1
1
1
1
1
1
1
1
1
1
1
1
1
1
1
1
1
1
1
1
1
1
1
1
1
1
1
1
1
1
1
1
1
1
1
1
1
1
1
1
1
1
1
1
1
1
1
1
1
1
1
1
1
1
1
1
1
1
1
1
1
1
1
1
1
1
1
1
1
1
1
1
1
1
1
1
1
1
1
1
1
1
1
1
1
1
1
1
1
1
1
1
1
1
1
1
1
1
1
1
1
1
1
1
1
1
1
1
1
1
1
1
1
1
1
1
1
1
1
1
1
1
1
1
1
1
1
1
1
1
1
1
1
1
1
1
1
1
1
1
1
1
1
1
1
1
1
1
1
1
1
1
1
1
1
1
1
1
1
1
1
1
1
1
1
1
1
1
1
1
1
1
1
1
1
1
1
1
1
1
1
1
1
1
1
1
1
1
1
1
1
1
1
1
1
1
1
1
1
1
1
1
1
1
1
1
1.03452
1
1
1
1
1
1
1
1
1
1
1
1
1
1
1
1
1
1
1
1
1
1
1
1
1
1
1
1
1
1
1
1
1
1
1
1
1
1
1
1
1
1
1
1
1
1
1
1
1
1
1
1
1
1
1
1
1
1
1
1
1
1
1
1
1
1
1
1
1
1
1
1
1
1
1
1
1
1
1
1
1
1
1
1
1.03452
1.03766
1
1
1
1
1
1
1
1
1
1
1
1
1
1
1
1
1
1
1
1
1
1
1
1
1
1
1
1
1
1
1
1
1
1
1
1
1
1
1
1
1
1
1
1
1
1
1
1
1
1
1
1
1
1
1
1
1
1
1
1
1
1
1
1
1
1
1
1
1
1
1
1
1
1
1
1
1
1
1
1
1
1
1
1
1
1
1
1
1
1
1
1
1
1
1
1
1
1
1
1
1
1
1
1
1
1
1
1
1
1
1
1
1
1
1
1
1
1
1
1
1
1
1
1
1
1
1
1
1
1
1
1
1
1
1
1
1
1
1
1
1
1
1
1
1
1
1
1
1
1
1
1
1
1
1
1
1
1
1
1
1
1
1
1
1
1
1
1
1
1
1
1
1
1
1
1
1
1
1
1
1
1
1
1
1
1
1
1
1
1
1
1
1
1
1
1
1
1
1
1
1
1
1
1
1
1
1
1
1
1
1
1
1
1
1
1
1
1
1
1
1
1
1
1.03766
1
1
1
1
1
1
1
1
1
1
1
1
1
1
1
1
1
1
1
1
1
1
1
1
1
1
1
1
1
1
1
1
1
1
1
1
1
1
1
1
1
1
1
1
1
1
1
1
1
1
1
1
1
1
1
1
1
1
1
1
1
1
1
1
1
1
1
1
1
1
1
1
1
1
1
1
1
1
1
1
1
1
1
1
1
1
1.03766
1
1
1
1
1
1
1
1
1
1
1
1
1
1
1
1
1
1
1
1
1
1
1
1
1
1
1
1
1
1
1
1
1
1
1
1
1
1
1
1
1
1
1
1
1
1
1
1
1
1
1
1
1
1
1
1
1
1
1
1
1
1
1
1
1
1
1
1
1
1
1
1
1
1
1
1
1
1
1
1
1
1
1
1
1
1
1
1
1
1
1
1
1
1
1
1
1
1
1
1
1
1
1
1
1
1
1
1
1
1
1
1
1
1
1
1
1
1
1
1
1
1
1
1
1
1
1
1
1
1
1
1
1
1
1
1
1
1
1
1
1
1
1
1
1
1
1
1
1
1
1
1
1
1
1
1
1
1
1
1
1
1
1
1
1
1
1
1
1
1
1
1
1
1
1
1
1
1
1
1
1
1
1
1
1
1
1
1
1
1
1
1
1
1
1
1
1
1
1
1
1
1
1
1
1
1
1
1
1
1
1
1
1
1
1
1
1
1
1
1
1
1
1
1.04142
1
1
1
1
1
1
1
1
1
1
1
1
1
1
1
1
1
1
1
1
1
1
1
1
1
1
1
1
1
1
1
1
1
1
1
1
1
1
1
1
1
1
1
1
1
1
1
1
1
1
1
1
1
1
1
1
1
1
1
1
1
1
1
1
1
1
1
1
1
1
1
1
1
1
1
1
1
1
1
1
1
1
1
1
1
1
1.04142
1
1
1
1
1
1
1
1
1
1
1
1
1
1
1
1
1
1
1
1
1
1
1
1
1
1
1
1
1
1
1
1
1
1
1
1
1
1
1
1
1
1
1
1
1
1
1
1
1
1
1
1
1
1
1
1
1
1
1
1
1
1
1
1
1
1
1
1
1
1
1
1
1
1
1
1
1
1
1
1
1
1
1
1
1
1
1
1
1
1
1
1
1
1
1
1
1
1
1
1
1
1
1
1
1
1
1
1
1
1
1
1
1
1
1
1
1
1
1
1
1
1
1
1
1
1
1
1
1
1
1
1
1
1
1
1
1
1
1
1
1
1
1
1
1
1
1
1
1
1
1
1
1
1
1
1
1
1
1
1
1
1
1
1
1
1
1
1
1
1
1
1
1
1
1
1
1
1
1
1
1
1
1
1
1
1
1
1
1
1
1
1
1
1
1
1
1
1
1
1
1
1
1
1
1
1
1
1
1
1
1
1
1
1
1
1
1
1
1
1
1
1
1
1
1
1
1
1
1
1
1
1
1
1
1
1
1
1
1
1
1
1
1
1
1
1
1
1
1
1
1
1
1
1
1
1
1
1
1
1
1
1
1
1
1
1
1
1
1
1
1
1
1
1
1
1
1
1
1
1
1
1
1
1
1
1
1
1
1
1
1
1
1
1
1
1
1
1
1
1
1
1
1
1
1
1
1
1
1
1.04602
1
1
1
1
1
1
1
1
1
1
1
1
1
1
1
1
1
1
1
1
1
1
1
1
1
1
1
1
1
1
1
1
1
1
1
1
1
1
1
1
1
1
1
1
1
1
1
1
1
1
1
1
1
1
1
1
1
1
1
1
1
1
1
1
1
1
1
1
1
1
1
1
1
1
1
1
1
1
1
1
1
1
1
1
1
1
1
1
1
1
1
1
1
1
1
1
1
1
1
1
1
1
1
1
1
1
1
1
1
1
1
1
1
1
1
1
1
1
1
1
1
1
1
1
1
1
1
1
1
1
1
1
1
1
1
1
1
1
1
1
1
1
1
1
1
1
1
1
1
1
1
1
1
1
1
1
1
1
1
1
1
1
1
1
1
1
1
1
1
1
1
1
1
1
1
1
1
1
1
1
1
1
1
1
1
1
1
1
1
1
1
1
1
1
1
1
1
1
1
1
1
1
1
1
1
1
1
1
1
1
1
1
1
1
1
1
1
1
1
1
1
1
1
1
1
1
1
1
1
1
1
1
1
1
1
1
1
1
1
1
1
1
1
1
1
1
1
1
1
1
1
1
1
1
1
1
1
1
1
1
1
1
1
1
1
1
1
1
1
1
1
1
1
1
1
1
1
1
1
1
1
1
1
1
1
1
1
1
1
1
1
1
1
1
1
1
1
1
1
1
1
1
1
1
1
1
1
1
1
1
1
1
1
1
1
1
1
1
1
1
1
1
1
1
1
1
1
1
1
1
1
1
1
1
1
1
1
1
1
1
1
1
1
1
1
1
1
1
1
1
1
1
1
1
1
1
1
1
1
1
1
1
1
1
1
1
1
1
1
1
1
1
1
1
1
1
1
1
1
1
1
1
1
1
1
1
1
1
1
1
1
1
1
1
1
1
1
1
1
1
1
1
1
1
1
1
1
1
1
1
1
1
1
1
1
1
1
1
1
1
1
1
1
1
1
1
1
1
1
1
1
1
1
1
1
1
1
1
1
1
1
1
1
1
1
1
1
1
1
1
1
1
1
1
1
1
1
1
1
1
1
1
1
1
1
1
1
1
1
1
1
1
1
1
1
1
1
1
1
1
1
1
1
1
1
1
1
1
1
1
1
1
1
1
1
1
1
1
1
1
1
1
1
1
1
1
1
1
1
1
1
1
1
1
1
1
1
1
1
1
1
1
1
1
1
1
1
1
1
1
1
1
1
1
1
1
1
1
1
1
1
1
1
1
1
1
1
1
1
1
1
1
1
1
1
1
1
1
1
1
1
1
1
1
1
1
1
1
1
1
1
1
1
1
1
1
1
1
1
1
1
1
1
1
1
1
1
1
1
1
1
1
1
1
1
1
1
1
1
1
1
1
1
1
1
1
1
1
1
1
1
1
1
1
1
1
1
1
1
1
1
1
1
1
1
1
1
1
1
1
1
1
1
1
1
1
1
1
1
1
1
1
1
1
1
1
1
1
1
1
1
1
1
1
1
1
1
1
1
1
1
1
1
1
1
1
1
1
1
1
1
1
1
1
1
1
1
1
1
1
1
1
1
1
1
1
1
1
1
1
1
1
1
1
1
1
1
1
1
1
1
1
1
1
1
1
1
1
1
1
1
1
1
1
1
1
1
1
1
1
1
1
1
1
1
1
1
1
1
1
1
1
1
1
1
1
1
1
1
1
1
1
1
1
1
1
1
1
1
1
1
1
1
1
1
1
1
1
1
1
1
1
1
1
1
1
1
1
1
1
1
1
1
1
1
1
1
1
1
1
1
1
1
1
1
1
1
1
1
1
1
1
1
1
1
1
1
1
1
1
1
1
1
1
1
1
1
1
1
1
1
1
1
1
1
1
1
1
1
1
1
1
1
1
1
1
1
1
1
1
1
1
1
1
1
1
1
1
1
1
1
1
1
1
1
1
1
1
1
1
1
1
1
1
1
1
1
1
1
1
1
1
1
1
1
1
1
1
1
1
1
1
1
1
1
1
1
1
1
1
1
1
1
1
1
1
1
1
1
1
1
1
1
1
1
1
1
1
1
1
1
1
1
1
1
1
1
1
1
1
1
1
1
1
1
1
1
1
1
1
1
1
1
1
1
1
1
1
1
1
1
1
1
1
1
1
1
1
1
1
1
1
1
1
1
1
1
1
1
1
1
1
1
1
1
1
1
1
1
1
1
1
1
1
1
1
1
1
1
1
1
1
1
1
1
1
1
1
1
1
1
1
1
1
1
1
1
1
1
1
1
1
1
1
1
1
1
1
1
1
1
1
1
1
1
1
1
1
1
1
1
1
1
1
1
1
1
1
1
1
1
1
1
1
1
1
1
1
1
1
1
1
1
1
1
1
1
1
1
1
1
1
1
1
1
1
1
1
1
1
1
1
1
1
1
1
1
1
1
1
1
1
1
1
1
1
1
1
1
1
1
1
1
1
1
1
1
1
1
1
1
1
1
1
1
1
1
1
1
1
1
1
1
1
1
1
1
1
1
1
1
1
1
1
1
1
1
1
1
1
1
1
1
1
1
1
1
1
1
1
1
1
1
1
1
1
1
1
1
1
1
1
1
1
1
1
1
1
1
1
1
1
1
1
1
1
1
1
1
1
1
1
1
1
1
1
1
1
1
1
1
1
1
1
1
1
1
1
1
1
1
1
1
1
1
1
1
1
1
1
1
1
1
1
1
1
1
1
1
1
1
1
1
1
1
1
1
1
1
1
1
1
1
1
1
1
1
1
1
1
1
1
1
1
1
1
1
1
1
1
1
1
1
1
1
1
1
1
1
1
1
1
1
1
1
1
1
1
1
1
1
1
1
1
1
1
1
1
1
1
1
1
1
1
1
1
1
1
1
1
1
1
1
1
1
1
1
1
1
1
1
1
1
1
1
1
1
1
1
1
1
1
1
1
1
1
1
1
1
1
1
1
1
1
1
1
1
1
1
1
1
1
1
1
1
1
1
1
1
1
1
1
1
1
1
1
1
1
1
1
1
1
1
1
1
1
1
1
1
1
1
1
1
1
1
1
1
1
1
1
1
1
1
1
1
1
1
1
1
1
1
1
1
1
1
1
1
1
1
1
1
1
1
1
1
1
1
1
1
1
1
1
1
1
1
1
1
1
1
1
1
1
1
1
1
1
1
1
1
1
1
1
1
1
1
1
1
1
1
1
1
1
1
1
1
1
1
1
1
1
1
1
1
1
1
1
1
1
1
1
1
1
1
1
1
1
1
1
1
1
1
1
1
1
1
1
1
1
1
1
1
1
1
1
1
1
1
1
1
1
1
1
1
1
1
1
1
1
1
1
1
1
1
1
1
1
1
1
1
1
1
1
1
1
1
1
1
1
1
1
1
1
1
1
1
1
1
1
1
1
1
1
1
1
1
1
1
1
1
1
1
1
1
1
1
1
1
1
1
1
1
1
1
1
1
1
1
1
1
1
1
1
1
1
1
1
1
1
1
1
1
1
1
1
1
1
1
1
1
1
1
1
1
1
1
1
1
1
1
1
1
1
1
1
1
1
1
1
1
1
1
1
1
1
1
1
1
1
1
1
1
1
1
1
1
1
1
1
1
1
1
1
1
1
1
1
1
1
1
1
1
1
1
1
1
1
1
1
1
1
1
1
1
1
1
1
1
1
1
1
1
1
1
1
1
1
1
1
1
1
1
1
1
1
1
1
1
1
1
1
1
1
1
1
1
1
1
1
1
1
1
1
1
1
1
1
1
1
1
1
1
1
1
1
1
1
1
1
1
1
1
1
1
1
1
1
1
1
1
1
1
1
1
1
1
1
1
1
1
1
1
1
1
1
1
1
1
1
1
1
1
1
1
1
1
1
1
1
1
1
1
1
1
1
1
1
1
1
1
1
1
1
1
1
1
1
1
1
1
1
1
1
1
1
1
1
1
1
1
1
1
1
1
1
1
1
1
1
1
1
1
1
1
1
1
1
1
1
1
1
1
1
1
1
1
1
1
1
1
1
1
1
1
1
1
1
1
1
1
1
1
1
1
1
1
1
1
1
1
1
1
1
1
1
1
1
1
1
1
1
1
1
1
1
1
1
1
1
1
1
1
1
1
1
1
1
1
1
1
1
1
1
1
1
1
1
1
1
1
1
1
1
1
1
1
1
1
1
1
1
1
1
1
1
1
1
1
1
1
1
1
1
1
1
1
1
1
1
1
1
1
1
1
1
1
1
1
1
1
1
1
1
1
1
1
1
1
1
1
1
1
1
1
1
1
1
1
1
1
1
1
1
1
1
1
1
1
1
1
1
1
1
1
1
1
1
1
1
1
1
1
1
1
1
1
1
1
1
1
1
1
1
1
1
1
1
1
1
1
1
1
1
1
1
1
1
1
1
1
1
1
1
1
1
1
1
1
1
1
1
1
1
1
1
1
1
1
1
1
1
1
1
1
1
1
1
1
1
1
1
1
1
1
1
1
1
1
1
1
1
1
1
1
1
1
1
1
1
1
1
1
1
1
1
1
1
1
1
1
1
1
1
1
1
1
1
1
1
1
1
1
1
1
1
1
1
1
1
1
1
1
1
1
1
1
1
1
1
1
1
1
1
1
1
1
1
1
1
1
1
1
1
1
1
1
1
1
1
1
1
1
1
1
1
1
1
1
1
1
1
1
1
1
1
1
1
1
1
1
1
1
1
1
1
1
1
1
1
1
1
1
1
1
1
1
1
1
1
1
1
1
1
1
1
1
1
1
1
1
1
1
1
1
1
1
1
1
1
1
1
1
1
1
1
1
1
1
1
1
1
1
1
1
1
1
1
1
1
1
1
1
1
1
1
1
1
1
1
1
1
1
1
1
1
1
1
1
1
1
1
1
1
1
1
1
1
1
1
1
1
1
1
1
1
1
1
1
1
1
1
1
1
1
1
1
1
1
1
1
1
1
1
1
1
1
1
1
1
1
1
1
1
1
1
1
1
1
1
1
1
1
1
1
1
1
1
1
1
1
1
1
1
1
1
1
1
1
1
1
1
1
1
1
1
1
1
1
1
1
1
1
1
1
1
1
1
1
1
1
1
1
1
1
1
1
1
1
1
1
1
1
1
1
1
1
1
1
1
1
1
1
1
1
1
1
1
1
1
1
1
1
1
1
1
1
1
1
1
1
1
1
1
1
1
1
1
1
1
1
1
1
1
1
1
1
1
1
1
1
1
1
1
1
1
1
1
1
1
1
1
1
1
1
1
1
1
1
1
1
1
1
1
1
1
1
1
1
1
1
1
1
1
1
1
1
1
1
1
1
1
1
1
1
1
1
1
1
1
1
1
1
1
1
1
1
1
1
1
1
1
1
1
1
1
1
1
1
1
1
1
1
1
1
1
1
1
1
1
1
1
1
1
1
1
1
1
1
1
1
1
1
1
1
1
1
1
1
1
1
1
1
1
1
1
1
1
1
1
1
1
1
1
1
1
1
1
1
1
1
1
1
1
1
1
1
1
1
1
1
1
1
1
1
1
1
1
1
1
1
1
1
1
1
1
1
1
1
1
1
1
1
1
1
1
1
1
1
1
1
1
1
1
1
1
1
1
1
1
1
1
1
1
1
1
1
1
1
1
1
1
1
1
1
1
1
1
1
1
1
1
1
1
1
1
1
1
1
1
1
1
1
1
1
1
1
1
1
1
1
1
1
1
1
1
1
1
1
1
1
1
1
1
1
1
1
1
1
1
1
1
1
1
1
1
1
1
1
1
1
1
1
1
1
1
1
1
1
1
1
1
1
1
1
1
1
1
1
1
1
1
1
1
1
1
1
1
1
1
1
1
1
1
1
1
1
1
1
1
1
1
1
1
1
1
1
1
1
1
1
1
1
1
1
1
1
1
1
1
1
1
1
1
1
1
1
1
1
1
1
1
1
1
1
1
1
1
1
1
1
1
1
1
1
1
1
1
1
1
1
1
1
1
1
1
1
1
1
1
1
1
1
1
1
1
1
1
1
1
1
1
1
1
1
1
1
1
1
1
1
1
1
1
1
1
1
1
1
1
1
1
1
1
1
1
1
1
1
1
1
1
1
1
1
1
1
1
1
1
1
1
1
1
1
1
1
1
1
1
1
1
1
1
1
1
1
1
1
1
1
1
1
1
1
1
1
1
1
1
1
1
1
1
1
1
1
1
1
1
1
1
1
1
1
1
1
1
1
1
1
1
1
1
1
1
1
1
1
1
1
1
1
1
1
1
1
1
1
1
1
1
1
1
1
1
1
1
1
1
1
1
1
1
1
1
1
1
1
1
1
1
1
1
1
1
1
1
1
1
1
1
1
1
1
1
1
1
1
1
1
1
1
1
1
1
1
1
1
1
1
1
1
1
1
1
1
1
1
1
1
1
1
1
1
1
1
1
1
1
1
1
1
1
1
1
1
1
1
1
1
1
1
1
1
1
1
1
1
1
1
1
1
1
1
1
1
1
1
1
1
1
1
1
1
1
1
1
1
1
1
1
1
1
1
1
1
1
1
1
1
1
1
1
1
1
1
1
1
1
1
1
1
1
1
1
1
1
1
1
1
1
1
1
1
1
1
1
1
1
1
1
1
1
1
1
1
1
1
1
1
1
1
1
1
1
1
1
1
1
1
1
1
1
1
1
1
1
1
1
1
1
1
1
1
1
1
1
1
1
1
1
1
1
1
1
1
1
1
1
1
1
1
1
1
1
1
1
1
1
1
1
1
1
1
1
1
1
1
1
1
1
1
1
1
1
1
1
1
1
1
1
1
1
1
1
1
1
1
1
1
1
1
1
1
1
1
1
1
1
1
1
1
1
1
1
1
1
1
1
1
1
1
1
1
1
1
1
1
1
1
1
1
1
1
1
1
1
1
1
1
1
1
1
1
1
1
1
1
1
1
1
1
1
1
1
1
1
1
1
1
1
1
1
1
1
1
1
1
1
1
1
1
1
1
1
1
1
1
1
1
1
1
1
1
1
1
1
1
1
1
1
1
1
1
1
1
1
1
1
1
1
1
1
1
1
1
1
1
1
1
1
1
1
1
1
1
1
1
1
1
1
1
1
1
1
1
1
1
1
1
1
1
1
1
1
1
1
1
1
1
1
1
1
1
1
1
1
1
1
1
1
1
1
1
1
1
1
1
1
1
1
1
1
1
1
1
1
1
1
1
1
1
1
1
1
1
1
1
1
1
1
1
1
1
1
1
1
1
1
1
1
1
1
1
1
1
1
1
1
1
1
1
1
1
1
1
1
1
1
1
1
1
1
1
1
1
1
1
1
1
1
1
1
1
1
1
1
1
1
1
1
1
1
1
1
1
1
1
1
1
1
1
1
1
1
1
1
1
1
1
1
1
1
1
1
1
1
1
1
1
1
1
1
1
1
1
1
1
1
1
1
1
1
1
1
1
1
1
1
1
1
1
1
1
1
1
1
1
1
1
1
1
1
1
1
1
1
1
1
1
1
1
1
1
1
1
1
1
1
1
1
1
1
1
1
1
1
1
1
1
1
1
1
1
1
1
1
1
1
1
1
1
1
1
1
1
1
1
1
1
1
1
1
1
1
1
1
1
1
1
1
1
1
1
1
1
1
1
1
1
1
1
1
1
1
1
1
1
1
1
1
1
1
1
1
1
1
1
1
1
1
1
1
1
1
1
1
1
1
1
1
1
1
1
1
1
1
1
1
1
1
1
1
1
1
1
1
1
1
1
1
1
1
1
1
1
1
1
1
1
1
1
1
1
1
1
1
1
1
1
1
1
1
1
1
1
1
1
1
1
1
1
1
1
1
1
1
1
1
1
1
1
1
1
1
1
1
1
1
1
1
1
1
1
1
1
1
1
1
1
1
1
1
1
1
1
1
1
1
1
1
1
1
1
1
1
1
1
1
1
1
1
1
1
1
1
1
1
1
1
1
1
1
1
1
1
1
1
1
1
1
1
1
1
1
1
1
1
1
1
1
1
1
1
1
1
1
1
1
1
1
1
1
1
1
1
1
1
1
1
1
1
1
1
1
1
1
1
1
1
1
1
1
1
1
1
1
1
1
1
1
1
1
1
1
1
1
1
1
1
1
1
1
1
1
1
1
1
1
1
1
1
1
1
1
1
1
1
1
1
1
1
1
1
1
1
1
1
1
1
1
1
1
1
1
1
1
1
1
1
1
1
1
1
1
1
1
1
1
1
1
1
1
1
1
1
1
1
1
1
1
1
1
1
1
1
1
1
1
1
1
1
1
1
1
1
1
1
1
1
1
1
1
1
1
1
1
1
1
1
1
1
1
1
1
1
1
1
1
1
1
1
1
1
1
1
1
1
1
1
1
1
1
1
1
1
1
1
1
1
1
1
1
1
1
1
1
1
1
1
1
1
1
1
1
1
1
1
1
1
1
1
1
1
1
1
1
1
1
1
1
1
1
1
1
1
1
1
1
1
1
1
1
1
1
1
1
1
1
1
1
1
1
1
1
1
1
1
1
1
1
1
1
1
1
1
1
1
1
1
1
1
1
1
1
1
1
1
1
1
1
1
1
1
1
1
1
1
1
1
1
1
1
1
1
1
1
1
1
1
1
1
1
1
1
1
1
1
1
1
1
1
1
1
1
1
1
1
1
1
1
1
1
1
1
1
1
1
1
1
1
1
1
1
1
1
1
1
1
1
1
1
1
1
1
1
1
1
1
1
1
1
1
1
1
1
1
1
1
1
1
1
1
1
1
1
1
1
1
1
1
1
1
1
1
1
1
1
1
1
1
1
1
1
1
1
1
1
1
1
1
1
1
1
1
1
1
1
1
1
1
1
1
1
1
1
1
1
1
1
1
1
1
1
1
1
1
1
1
1
1
1
1
1
1
1
1
1
1
1
1
1
1
1
1
1
1
1
1
1
1
1
1
1
1
1
1
1
1
1
1
1
1
1
1
1
1
1
1
1
1
1
1
1
1
1
1
1
1
1
1
1
1
1
1
1
1
1
1
1
1
1
1
1
1
1
1
1
1
1
1
1
1
1
1
1
1
1
1
1
1
1
1
1
1
1
1
1
1
1
1
1
1
1
1
1
1
1
1
1
1
1
1
1
1
1
1
1
1
1
1
1
1
1
1
1
1
1
1
1
1
1
1
1
1
1
1
1
1
1
1
1
1
1
1
1
1
1
1
1
1
1
1
1
1
1
1
1
1
1
1
1
1
1
1
1
1
1
1
1
1
1
1
1
1
1
1
1
1
1
1
1
1
1
1
1
1
1
1
1
1
1
1
1
1
1
1
1
1
1
1
1
1
1
1
1
1
1
1
1
1
1
1
1
1
1
1
1
1
1
1
1
1
1
1
1
1
1
1
1
1
1
1
1
1
1
1
1
1
1
1
1
1
1
1
1
1
1
1
1
1
1
1
1
1
1
1
1
1
1
1
1
1
1
1
1
1
1
1
1
1
1
1
1
1
1
1
1
1
1
1
1
1
1
1
1
1
1
1
1
1
1
1
1
1
1
1
1
1
1
1
1
1
1
1
1
1
1
1
1
1
1
1
