61.6569
61.2426
60.8284
60.4142
63.1421
62.7279
62.3137
61.8995
61.4853
61.0711
60.6569
59.4142
63.799
63.3848
62.9706
62.5563
62.1421
58.4142
64.0416
63.6274
63.2132
62.799
57.4142
63.8701
63.4558
63.0416
56.4142
63.2843
62.8701
55.4142
62.2843
54.4142
62.5269
62.1127
61.6985
61.2843
53.4142
61.9411
61.5269
52.4142
61.7696
61.3554
60.9411
51.4142
61.1838
60.7696
50.4142
60.598
60.1838
49.4142
59.598
48.4142
59.0122
58.598
47.4142
58.0122
46.4142
57.0122
45.4142
57.4264
56.4264
56.0122
44.4142
57.0122
43.4142
57.598
56.598
42.4142
57.1838
41.4142
56.7696
40.4142
57.3554
56.3554
39.4142
56.9411
38.4142
56.5269
37.4142
36
36
36
36
36
36
56.1127
36.4142
35
35
35
35
35
35
35
35
35
35
35
35
35
55.6985
35.4142
34
34
34
34
34
34
34
34
34
34
34
34
34
34
34
34
34
34
34
34
55.2843
34.4142
33
33
33
33
33
33
33
33
33
33
33
33
33
33
54.8701
33.4142
32
32
32
32
32
32
32
32
32
32
32
32
32
32
54.4558
53.4558
32.4142
31
31
31
31
31
31
31
31
31
31
31
31
53.0416
31.4142
30
30
30
30
30
30
30
30
30
30
52.6274
30.4142
29
29
29
29
52.2132
29.4142
28
28
28
28
28
28
28
28
28
28
28
28
28
28
28
28
28
28
28
28
28
51.799
50.799
28.4142
27
27
27
27
27
27
27
27
27
27
27
27
27
27
27
27
27
27
27
27
27
27
50.3848
27.4142
26
26
26
26
26
26
26
26
26
26
26
26
26
26
26
26
26
26
49.9706
48.9706
47.9706
26.4142
25
25
25
25
25
25
25
25
25
25
25
25
25
25
25
25
25
47.5563
25.4142
24
24
24
24
24
24
24
24
24
24
24
24
24
24
24
24
24
24
24
24
24
47.1421
46.1421
24.4142
23
23
23
23
23
23
23
23
23
23
23
23
23
23
23
23
23
23
23
45.7279
44.7279
22
22
22
22
22
22
22
22
22
22
22
22
22
22
22
22
22
22
22
44.3137
43.3137
21
21
21
21
21
21
21
21
21
21
21
21
21
21
21
21
42.8995
20
20
20
20
20
20
20
42.4853
41.4853
40.4853
19
19
19
19
19
19
19
19
19
19
19
19
19
19
19
40.0711
39.0711
38.0711
18
18
18
18
18
18
18
18
18
18
18
37.6569
36.6569
35.6569
34.6569
17
17
17
17
17
17
17
17
17
17
17
17
17
17
34.2426
33.2426
32.2426
16
16
16
16
16
16
16
16
16
16
16
31.8284
30.8284
29.8284
28.8284
27.8284
26.8284
25.8284
15
15
15
15
15
15
15
15
15
15
15
25.4142
24.4142
23.4142
22.4142
21.4142
20.4142
19.4142
18.4142
17.4142
16.4142
15.4142
14
14
14
14
14
14
14
14
14
13
13
13
13
13
13
13
13
13
13
13
13
13
12
12
12
12
12
12
12
12
11
11
11
11
11
11
11
11
11
11
10
10
10
10
10
10
10
10
9
9
9
9
9
9
9
9
9
8
8
8
8
8
8
8
8
8
7
7
7
7
7
7
7
7
7
6
6
6
6
6
6
6
6
6
6
6
6
6
6
6
6
6
6
6
6
6
6
6
6
6
6
6
6
6
6
6
6
6
6
6
6
6
6
6
6
6
6
6
6
6
6
6
6
6
6
6
6
6
6
6
6
6
6
6
6
6
6
6
6
6
6
6
6
6
6
6
6
6
6
6
6
6
6
6
6
6
6
6
6
6
6
6
6
6
6
6
6
6
6
6
6
6
6
6
6
6
6
6
6
6
6
6
6
6
6
6
6
6
6
6
6
6
6
6
6
6
6
6
6
6
6
6
6
6
6
6
6
6
6
6
6
6
6
6
6
6
6
6
6
6
6
6
6
6
6
6
6
6
6
6
6
6
6
6
6
6
6
6
6
6
6
6
6
6
6
6
6
6
6
6
6
6
6
6
6
6
6
6
6
6
6
6
6
6
6
6
6
6
6
6
6
6
6
6
6
6
6
6
6
6
6
6
6
6
6
6
6
6
6
6
6
6
6
6
6
6
6
6
6
6
6
6
6
6
6
6
6
6
6
6
6
6
6
6
6
6
6
6
6
6
6
6
6
6
6
6
6
6
6
6
6
6
6
6
6
6
6
6
6
6
6
6
6
6
6
6
6
6
6
6
6
6
6
6
6
6
6
6
6
6
6
6
6
6
6
6
6
6
6
6
6
6
6
6
6
6
6
6
6
6
6
6
6
