68
68
68
68
68
68
68
67
67
67
67
67
67
67
67
67
67
66
66
66
66
66
66
66
66
65
65
65
65
65
64
64
64
64
64
64
63
63
62
62
62
62
62
61
61
61
61.4142
60
60
60.4142
60.8284
61.2426
59
60.2426
58
58
59.2426
59.6569
57
57
57
58.6569
56
57.6569
58.0711
55
55
57.0711
55
55
55
55
55
55
55
55
55
55
55
55
55
55
55
55
55
55
55
55
55
54
56.0711
54
54
54
54
53
55.0711
53
53
53
53
53
53
53
53
53
53
54.6569
54.2426
53.8284
53.4142
53
53
53
53
53
53
53
53
52
52
54.0711
54.4853
52
52
52
52
52
52
54.4853
54.0711
53.6569
52
52
52
52.4142
51
53.4853
51
51
51
51
51
54.7279
54.3137
53.8995
53.4853
51.4142
51.8284
52.2426
50
52.4853
50
50
50
50
50
50
50
54.1421
53.7279
51.2426
51.6569
52.0711
49
49
49
51.4853
49
49
49
49
53.5563
53.1421
51.0711
51.4853
51.8995
48
50.4853
48
48
48
48
48
48
53.3848
52.9706
52.5563
50.8995
51.3137
47
49.4853
47
47
47
52.799
52.3848
50.3137
50.7279
51.1421
46
48.4853
46
46
51.799
50.1421
45
47.4853
45
45
45
51.2132
50.799
49.1421
44
44
46.4853
44
44
44
44
50.2132
48.1421
48.5563
43
45.4853
43
43
43
43
49.6274
49.2132
47.5563
47.9706
42
44.4853
42
42
42
48.6274
46.9706
41
43.4853
41
41
41
48.4558
48.0416
47.6274
45.9706
46.3848
46.799
40
42.4853
40
40
40
40
47.4558
45.799
39
41.4853
39
39
46.4558
44.799
38
40.4853
38
38
38
45.4558
43.799
44.2132
37
39.0711
39.4853
37
37
44.4558
43.2132
36
36
38.0711
36
36
36
43.4558
42.2132
35
37.0711
35
35
42.8701
42.4558
41.2132
34
36.0711
34
34
41.4558
40.2132
33
34.6569
35.0711
33.4142
33
33
40.4558
39.2132
32
32
32
32
32
32
32
33.6569
32.4142
32
39.4558
38.2132
31
31
31
31
31
31
31
31
31
31
31
31
31
31
32.6569
31
31
31
31
31
31
31
31
31
31
31.4142
31
38.4558
37.2132
30
30
30
30
30
30
30
30
31.6569
30
30
30
30
30
30
30
30
30
30
30
30.4142
30
37.4558
36.2132
29
29
29
30.6569
29
29
29.4142
29
37.0416
36.0416
35.6274
34.799
35.2132
28
28
28
28
28
29.6569
28
28
28
28
28
28
28
28.4142
28
34.6274
33.799
27
27
27
27
27
27
27
27
28.2426
28.6569
27
27
27
27
27
27
27
27
27.4142
27
34.2132
33.2132
32.799
26
26
26
26
26
26
27.2426
26
26
26
26
26.4142
26
32.799
30.9706
31.3848
32.3848
25
25
25
25
25
25
26.2426
25
25
25
25
25
25
25.4142
25
32.3848
31.3848
29.9706
24
24
24
24
25.2426
24
24
24
24
24.4142
24
30.9706
29.9706
28.5563
29.5563
23
23
23
23
23.4142
23.8284
24.8284
23
23
23
23
23
23.4142
23
29.5563
27.1421
28.1421
22
22
22
22
22
22
22.4142
22
22
22
22.4142
22
29.1421
28.1421
27.1421
25.3137
25.7279
26.7279
21
21
21
21
21.4142
21
21
21
21
21.4142
21
26.7279
24.3137
20
20
20
20.4142
20
20
20.4142
20
26.3137
25.3137
23.3137
19
19
19
19
19.4142
19
19
19
19
19.4142
19
24.8995
23.8995
22.8995
21.8995
21.8995
22.8995
18
18
18
18
18.4142
18
18
18
18
18.4142
18
21.4853
20.4853
20.4853
21.4853
17
17
17
17
17
17.4142
17
17
17
17.4142
17
20.0711
19.0711
19.0711
20.0711
16
16
16
16
16
16.4142
16
16
16
16.4142
16
18.6569
17.6569
17.2426
17.6569
18.6569
15
15
15
15
15
15
15
15.4142
15
17.2426
16.2426
15.8284
15.8284
16.2426
14
14
14
14
14
14
14.4142
14
14.8284
14.4142
14.8284
13
13
13
13
13
13
13
13
13
13
13.4142
13
13.8284
13.4142
12
12
12
12
12
12
12.4142
12
12
12.8284
12.4142
12.4142
11
11
11
11
11
11
11
11
11
11
11.4142
11
11.4142
10
10
10
10
10
10
10
10
10.4142
10
10
9
9
9
9
9
9
9
9
9
9
8
8
8
8
8
8
8
8
8
8
7
7
7
7
7
7
7
7
7
7
6
6
6
6
6
6
6
6
6
6
6
6
6
6
6
6
6
6
6
6
6
6
6
6
6
6
6
6
6
6
6
6
6
6
6
6
6
6
6
6
6
6
6
6
6
6
6
6
6
6
6
6
6
6
6
6
6
6
6
6
6
6
6
6
6
6
6
6
6
6
6
6
6
6
6
6
6
6
6
6
6
6
6
6
6
6
6
6
6
6
6
6
6
6
6
6
6
6
6
6
6
6
6
6
6
6
6
6
6
6
6
6
6
6
6
6
6
6
6
6
6
6
6
6
6
6
6
6
6
6
6
6
6
6
6
6
6
6
6
6
6
6
6
6
6
6
6
6
6
6
6
6
6
6
6
6
6
6
6
6
6
6
6
6
6
6
6
6
6
6
6
6
6
6
6
6
6
6
6
6
6
6
6
6
6
6
6
6
6
6
6
6
6
6
6
6
6
6
6
6
6
6
6
6
6
6
6
6
6
6
6
6
6
6
6
6
6
6
6
6
6
6
6
6
6
6
6
6
6
6
6
6
6
6
6
6
6
6
6
6
6
6
6
6
6
6
6
6
6
6
6
6
6
6
6
6
6
6
6
6
6
6
6
6
6
6
6
6
6
6
6
6
6
6
6
6
6
6
6
6
6
6
6
6
6
6
6
6
6
6
6
6
6
6
6
6
6
6
6
6
6
6
6
6
6
6
6
6
6
6
