6
6
6
6
6
6
6
6
6
6
6
6
6
6
6
6
6
6
6
6
6
6
6
6
6
6
6
6
6
6
6
6
6
6
6
6
6
6
6
6
6
6
6
6
6
6
6
6
6
6
6
6
6
6
6
6
6
6
6
6
6
6
6
6
6
6
6
6
6
6
6
6
6
6
6
6
6
6
6
6
6
6
6
6
6
6
6
6
6
6
6
6
6
6
6
6
6
6
6
6
6
6
6
6
6
6
6
6
6
6
6
6
6
6
6
6
6
6
6
6
6
6
6
6
6
6
6
6
6
6
6
6
6
6
6
6
6
6
6
6
6
6
6
6
6
6
6
6
6
6
6
6
6
6
6
6
6
6
6
6
6
6
6
6
7
7
7
7
8
8
8
8
9
9
9
9
10
10
10
10
11
11
11
11
12
12
12
12
13
13
13
13
14
14
14
14
14.4142
15
15
15.4142
16.4142
15
15.4142
16
16.8284
16
16
16.4142
17
17.8284
17
17.4142
18
18.8284
18
18.4142
19
19
19
19
19
19
19
19
19
19
19
19
19
19
19
19
19
19
19
19
19
19
19
19
19
19.8284
20.2426
19
19
19.4142
19.8284
20
20
20
21.2426
20
20.8284
21
21
21
21
21
21
21
21
21
21
21
21
21
22.2426
21
21.8284
22
22
22
22
22
22
22
22
22
22
23.2426
22
22.8284
23
23
23
23
23
23
23
23
23
24.2426
23
23
23.8284
24.2426
25.2426
24
24
24
24
24
24
24
24
25.2426
25.6569
24
25.6569
25
25
25
25
25
25
25
26.6569
25
26.6569
27.0711
26
26
26
26
26
26
27.6569
28.0711
26
26
26
28.0711
27
27
27
27
27
27
27
27
27
29.0711
27
29.0711
28
28
28
28
28
28
30.0711
30.4853
31.4853
28
28
30.0711
30.4853
29
29
29
31.8995
29
31.4853
31.8995
30
30
30
30
30
30
30
32.8995
30
30
32.8995
31
31
31
31
31
31
31
31
31
31
31
31
31
31
31
31
31
31
31
31
31
31
31
31
31
31
31
31
31
31
31
31
33.8995
34.3137
31
33.8995
32
32
32
32
32
32
32
32
32
32
32
32
32
32
32
32
32
32
32
32
32
32
32
32
32
32
32
32
32
32
32
32
32
32
32
32
32
32
32
32
32
32
32
32
32
32
32
32
32
32
32
35.3137
32
32
32
34.8995
35.3137
36.3137
33
33
33
33
33
33
33
33
33
33
33
33
33
33
36.3137
36.7279
33
33
36.7279
34
34
34
34
34
34
34
34
34
34
37.7279
34
37.7279
38.1421
35
35
35
35
35
35
35
35
35
38.7279
39.1421
40.1421
35
35
39.1421
39.5564
36
36
36
36
36
36
36
40.5564
41.5564
36
36
40.5564
40.9706
37
37
37
41.9706
37
41.9706
42.3848
43.3848
38
38
38
38
38
38
38
38
38
42.9706
38
38
38
43.799
39
39
39
39
39
39
39
43.9706
44.3848
39
44.799
45.2132
40
40
40
40
40
40
40
45.3848
45.799
40
40
46.2132
41
41
41
41
41
41
41
46.799
47.2132
48.2132
41
41
47.2132
47.6274
42
42
42
42
42
42
42
48.6274
42
42
42
48.6274
49.0416
50.0416
51.0416
43
43
43
43
43
43
49.6274
50.0416
43
43
51.4559
52.4559
44
44
44
44
44
51.0416
51.4559
44
44
52.8701
53.8701
45
45
45
45
45
45
45
52.4559
52.8701
45
45
54.2843
55.2843
56.2843
46
46
46
53.8701
54.2843
55.2843
46
56.6985
57.6985
58.6985
47
47
47
47
47
55.6985
47
47
47
47
59.1127
48
48
48
48
48
56.6985
57.1127
48
48
59.5269
60.5269
49
49
49
49
49
58.1127
58.5269
49
49
60.9411
61.9411
62.9411
63.9411
50
50
50
50
50
59.5269
59.9411
60.9411
50
50
50
64.3554
65.3554
51
51
51
51
51
61.3554
62.3554
51
51
51
65.7696
66.7696
67.7696
68.7696
52
52
52
52
52.4142
52
52
62.7696
63.7696
52
52
52
69.1838
70.1838
71.1838
53
53.4142
53
53
64.1838
65.1838
53
53
71.598
72.598
73.598
74.598
54
54.4142
54
65.598
66.598
67.598
54
75.0122
76.0122
77.0122
78.0122
79.0122
55
55
55.4142
55
55
68.0122
55
55
55
79.4264
56
56.4142
56
56
56
68.4264
69.4264
56
56
56
79.8407
80.8407
81.8407
82.8407
83.8407
57
57.4142
57
57
69.8407
70.8407
57
57
57
84.2549
85.2549
86.2549
87.2549
58
58
58.4142
58.8284
59.8284
58
58
71.2549
72.2549
73.2549
58
58
87.6691
88.6691
89.6691
90.6691
91.6691
92.6691
93.6691
59
60.2426
59
59
73.6691
74.6691
59
59
59
94.0833
95.0833
96.0833
97.0833
98.0833
99.0833
60
61.2426
60
60
60
75.0833
76.0833
77.0833
60
60
60
99.4975
100.498
101.498
102.498
103.498
104.498
105.498
106.498
61
62.2426
62.6569
61
61
77.4975
78.4975
79.4975
61
61
61
106.912
107.912
108.912
109.912
110.912
111.912
112.912
113.912
114.912
115.912
116.912
117.912
118.912
119.912
62
62
62
63.6569
62
79.9117
80.9117
62
62
62
120.326
121.326
122.326
123.326
124.326
125.326
126.326
127.326
128.326
129.326
130.326
131.326
132.326
133.326
134.326
135.326
136.326
137.326
138.326
63
64.6569
65.0711
63
81.3259
82.3259
63
138.74
64
66.0711
64
64
82.7402
64
64
139.154
65
67.0711
67.4853
65
65
65
83.1544
84.1544
65
65
65
65
139.569
66
68.4853
66
66
84.5686
85.5686
86.5686
66
66
139.983
67
69.4853
69.8995
70.8995
67
86.9828
87.9828
67
67
67
140.397
68
71.3137
72.3137
68
68
88.397
89.397
68
68
68
140.811
69
72.7279
73.7279
69
69
89.8112
90.8112
91.8112
69
69
141.225
71.4142
70.4142
70
74.1422
75.1422
70
92.2254
93.2254
70
70
70
141.64
71.8284
75.5564
76.5564
77.5564
71
71
71
93.6397
94.6397
71
71
71
142.054
72.8284
77.9706
78.9706
72
95.0539
96.0539
72
142.468
73.8284
79.3848
73
73
96.4681
73
73
142.882
74.8284
79.799
80.799
74
96.8823
97.8823
98.8823
74
74
74
143.297
75.8284
81.2132
82.2132
83.2132
84.2132
75
75
99.2965
100.297
75
75
143.711
77.2426
76.8284
84.6274
85.6274
76
76
76
100.711
101.711
76
76
144.125
78.2426
86.0417
87.0417
88.0417
89.0417
77
102.125
103.125
104.125
77
77
77
144.539
79.2426
89.4559
90.4559
91.4559
78
78
104.539
105.539
78
78
144.953
80.6569
80.2426
91.8701
92.8701
93.8701
94.8701
79
105.953
106.953
79
79
145.368
81.6569
95.2843
96.2843
97.2843
80
107.368
108.368
80
145.782
82.6569
97.6985
81
81
108.782
81
81
146.196
85.0711
84.0711
83.6569
98.1127
99.1127
100.113
101.113
102.113
82
109.196
82
82
82.4142
146.61
86.4853
85.4853
102.527
103.527
104.527
105.527
106.527
83
83.4142
109.61
110.61
111.61
83.4142
83.8284
147.024
86.8995
106.941
107.941
108.941
109.941
110.941
84.4142
112.024
113.024
84.8284
147.439
88.3137
87.8995
111.355
112.355
113.355
114.355
115.355
85.4142
85.8284
86.2426
113.439
114.439
85.8284
86.2426
147.853
89.7279
89.3137
115.77
116.77
117.77
118.77
119.77
87.2426
114.853
87.2426
87.6569
88.0711
148.267
92.1422
91.1422
90.7279
120.184
121.184
122.184
123.184
124.184
125.184
88.2426
88.6569
115.267
116.267
89.0711
89.4853
148.681
92.5564
125.598
126.598
127.598
89.6569
116.681
117.681
118.681
90.4853
149.096
93.9706
93.5564
128.012
129.012
130.012
131.012
132.012
90.6569
119.096
91.4853
149.51
94.9706
132.426
91.6569
119.51
92.4853
92.8995
149.924
98.3848
97.3848
96.3848
95.9706
132.841
133.841
134.841
135.841
92.6569
93.0711
119.924
120.924
93.8995
94.3137
150.338
99.799
98.799
136.255
137.255
138.255
94.0711
121.338
95.3137
150.752
101.213
100.213
138.669
139.669
140.669
141.669
95.0711
121.752
122.752
96.3137
96.7279
97.1421
151.167
104.627
103.627
102.627
101.627
142.083
143.083
144.083
96.0711
96.4853
123.167
124.167
125.167
98.1421
151.581
106.042
105.042
144.498
145.498
146.498
97.4853
125.581
99.1421
99.5564
151.995
108.456
107.456
106.456
146.912
147.912
148.912
98.4853
125.995
100.556
152.409
112.87
111.87
110.87
109.87
108.87
149.326
150.326
99.4853
126.409
127.409
101.556
152.823
113.284
150.74
100.485
100.899
101.314
127.823
102.556
102.971
153.238
154.652
155.652
156.652
157.652
158.652
159.652
160.652
161.652
116.699
115.699
114.699
113.699
151.154
152.154
153.154
102.314
128.823
103.971
153.652
162.066
163.066
164.066
165.066
166.066
167.066
168.066
169.066
170.066
171.066
172.066
173.066
174.066
175.066
176.066
175.77
174.77
173.77
172.77
171.77
122.113
121.113
120.113
119.113
118.113
117.113
153.569
154.569
103.314
129.823
130.238
104.971
105.385
171.355
170.355
169.355
168.355
167.355
166.355
165.355
164.355
163.355
162.355
161.355
160.355
159.355
158.355
157.355
128.527
127.527
126.527
125.527
124.527
123.527
122.527
154.983
155.983
104.314
131.238
106.385
156.941
155.941
154.941
153.941
152.941
151.941
150.941
149.941
148.941
147.941
146.941
145.941
144.941
143.941
142.941
141.941
140.941
139.941
138.941
137.941
136.941
135.941
134.941
133.941
132.941
131.941
130.941
129.941
128.941
156.397
157.397
105.314
105.728
132.238
107.385
157.811
158.811
159.811
106.728
133.238
133.652
108.385
108.799
109.213
160.225
161.225
107.728
134.652
110.213
161.64
108.728
135.652
111.213
162.054
163.054
109.728
136.652
137.066
138.066
112.213
163.468
110.728
138.48
113.213
113.627
163.882
111.728
112.142
139.48
114.627
164.297
165.297
166.297
113.142
140.48
115.627
166.711
114.142
141.48
116.627
167.125
168.125
115.142
142.48
142.895
117.627
168.539
116.142
143.895
118.627
119.042
168.953
117.142
144.895
120.042
169.368
170.368
118.142
145.895
121.042
170.782
119.142
146.895
122.042
171.196
120.142
147.895
123.042
171.61
121.142
148.895
124.042
172.024
122.142
149.895
125.042
172.439
123.142
150.895
126.042
163.35
164.35
165.35
166.35
167.35
168.35
169.35
170.35
171.35
172.35
173.35
174.35
175.35
176.35
177.35
178.35
179.35
180.35
181.35
182.35
183.35
183.397
182.397
181.397
180.397
179.397
178.397
177.397
176.397
175.397
174.397
173.397
172.397
171.397
170.397
169.397
168.397
167.397
166.397
165.397
164.397
163.397
162.397
161.397
160.397
159.397
158.397
157.397
156.397
155.397
154.397
153.397
152.397
151.397
150.397
149.397
148.397
147.397
146.397
145.397
144.397
143.397
142.397
141.397
140.397
139.397
138.397
137.397
136.983
136.569
136.154
135.74
135.326
134.912
134.498
134.083
133.669
133.255
132.841
132.426
132.012
131.598
131.184
130.77
130.355
129.941
129.527
129.113
128.699
128.284
127.87
127.456
127.042
126.627
126.213
125.799
125.385
124.971
124.556
124.142
123.728
123.314
122.9
122.485
122.071
121.657
121.243
120.828
120.414
120
120
120
120
120
120
120
120
120
120
120
120
120
120
120
120
120
120
120
120
120
120
120
120
120
120
120
120
120
120
120
120
120
120
120.414
120.828
121.243
121.657
122.071
122.485
122.9
123.314
123.728
124.142
124.556
124.971
125.385
125.799
126.213
126.627
127.042
127.456
127.87
128.284
128.699
129.113
129.527
129.941
130.355
130.77
131.184
131.598
132.012
132.426
132.841
133.255
133.669
134.083
134.498
134.912
135.326
135.74
136.154
136.569
136.983
137.397
137.811
138.225
138.64
139.054
139.468
139.882
140.297
140.711
141.125
141.539
141.953
142.368
142.782
143.196
143.61
144.024
144.439
144.853
145.853
146.853
147.853
148.853
149.853
150.853
151.853
152.853
153.853
154.853
155.853
156.853
157.853
158.853
159.853
160.853
161.853
162.853
163.853
164.853
165.853
166.853
167.853
168.853
169.853
170.853
171.853
172.853
124.142
124.556
124.971
125.385
125.799
126.213
126.627
127.042
127.456
127.87
128.284
128.699
129.113
129.527
129.941
130.355
130.77
131.184
131.598
132.012
132.426
132.841
133.255
133.669
134.083
134.498
134.912
135.326
135.74
136.154
136.569
136.983
137.397
137.811
138.225
138.64
139.054
139.468
139.882
140.297
140.711
141.125
141.539
141.953
142.368
142.782
143.196
143.61
144.024
144.439
144.853
145.267
145.681
146.096
146.51
146.924
147.338
147.752
148.167
148.581
148.995
149.409
149.823
150.238
150.652
151.066
151.48
151.895
127.042
127.456
127.87
128.284
128.699
129.113
129.527
129.941
130.355
130.77
131.184
131.598
132.012
132.426
132.841
133.255
133.669
134.083
134.498
134.912
135.326
135.74
136.154
136.569
136.983
137.397
137.811
138.225
138.64
139.054
139.468
139.882
140.297
140.711
141.125
141.539
141.953
142.368
142.782
143.196
143.61
144.024
144.439
144.853
145.267
145.681
146.096
146.51
146.924
147.338
147.752
148.167
148.581
148.995
149.409
149.823
150.238
150.652
151.066
151.48
151.895
152.309
152.723
153.137
153.551
153.966
154.38
154.794
155.208
155.622
156.037
156.451
156.865
157.279
157.694
158.108
158.522
158.936
159.35
160.35
161.35
162.35
