149.154
148.154
147.154
146.154
145.154
144.154
143.154
142.154
141.154
140.154
139.154
138.154
137.154
136.154
135.154
134.154
133.154
132.154
131.154
130.154
129.154
128.154
127.154
126.154
125.154
124.154
123.154
122.154
121.154
120.154
119.154
118.74
118.326
153.74
152.74
151.74
150.74
149.74
148.74
147.74
146.74
145.74
144.74
143.74
142.74
141.74
140.74
139.74
138.74
137.74
136.74
135.74
134.74
133.74
132.74
131.74
130.74
129.74
128.74
127.74
126.74
125.74
124.74
123.74
122.74
121.74
120.74
119.74
118.74
117.74
117.326
116.912
116.498
116.083
115.669
115.255
114.841
114.426
114.012
113.598
158.326
157.326
156.326
155.326
154.326
153.326
152.326
151.326
150.326
149.326
148.326
147.326
146.326
145.326
144.326
143.326
142.326
141.326
140.326
139.326
138.326
137.326
136.326
135.326
134.326
133.326
132.326
131.326
130.326
129.326
128.326
127.326
126.326
125.326
124.326
123.326
122.326
121.326
120.326
119.326
118.326
117.326
116.326
115.912
115.498
115.083
114.669
114.255
113.841
113.426
113.012
112.598
112.184
111.77
111.355
110.941
110.527
110.113
109.699
109.284
108.87
160.912
159.912
158.912
157.912
156.912
155.912
154.912
153.912
152.912
151.912
150.912
149.912
148.912
147.912
146.912
145.912
144.912
143.912
142.912
141.912
140.912
139.912
138.912
137.912
136.912
135.912
134.912
133.912
132.912
131.912
130.912
129.912
128.912
127.912
126.912
125.912
124.912
123.912
122.912
121.912
120.912
119.912
118.912
117.912
116.912
115.912
114.912
114.498
114.083
113.669
113.255
112.841
112.426
112.012
111.598
111.184
110.77
110.355
109.941
109.527
109.113
108.699
108.284
107.87
107.456
107.042
106.627
106.213
105.799
105.385
104.971
104.556
162.498
161.498
160.498
159.498
158.498
157.498
156.498
155.498
154.498
153.498
152.498
151.498
150.498
149.498
148.498
147.498
146.498
145.498
144.498
143.498
142.498
141.498
140.498
139.498
138.498
137.498
136.498
135.498
134.498
133.498
132.498
131.498
130.498
129.498
128.498
127.498
126.498
125.498
124.498
123.498
122.498
121.498
120.498
119.498
118.498
117.498
116.498
115.498
114.498
113.498
113.083
112.669
112.255
111.841
111.426
111.012
110.598
110.184
109.77
109.355
108.941
108.527
108.113
107.699
107.284
106.87
106.456
106.042
105.627
105.213
104.799
104.385
103.971
103.556
103.142
102.728
102.314
101.9
101.485
165.083
164.083
163.083
162.083
161.083
160.083
159.083
158.083
157.083
156.083
155.083
154.083
153.083
152.083
151.083
150.083
149.083
148.083
147.083
146.083
145.083
144.083
143.083
142.083
141.083
140.083
139.083
138.083
137.083
136.083
135.083
134.083
133.083
132.083
131.083
130.083
129.083
128.083
127.083
126.083
125.083
124.083
123.083
122.083
121.083
120.083
119.083
118.083
117.083
116.083
115.083
114.083
113.083
112.083
111.669
111.255
110.841
110.426
110.012
109.598
109.184
108.77
108.355
107.941
107.527
107.113
106.699
106.284
105.87
105.456
105.042
104.627
104.213
103.799
103.385
102.971
102.556
102.142
101.728
101.314
100.9
100.485
100.071
99.6569
99.2426
98.8284
164.669
163.669
162.669
161.669
160.669
159.669
158.669
157.669
156.669
155.669
154.669
153.669
152.669
151.669
150.669
149.669
148.669
147.669
146.669
145.669
144.669
143.669
142.669
141.669
140.669
139.669
138.669
137.669
136.669
135.669
134.669
133.669
132.669
131.669
130.669
129.669
128.669
127.669
126.669
125.669
124.669
123.669
122.669
121.669
120.669
119.669
118.669
117.669
116.669
115.669
114.669
113.669
112.669
111.669
110.669
110.255
109.841
109.426
109.012
108.598
108.184
107.77
107.355
106.941
106.527
106.113
105.699
105.284
104.87
104.456
104.042
103.627
103.213
102.799
102.385
101.971
101.556
101.142
100.728
100.314
99.8995
99.4853
99.0711
98.6569
98.2426
97.8284
165.255
164.255
163.255
162.255
161.255
160.255
159.255
158.255
157.255
156.255
155.255
154.255
153.255
152.255
151.255
150.255
149.255
148.255
147.255
146.255
145.255
144.255
143.255
142.255
141.255
140.255
139.255
138.255
137.255
136.255
135.255
134.255
133.255
132.255
131.255
130.255
129.255
128.255
127.255
126.255
125.255
124.255
123.255
122.255
121.255
120.255
119.255
118.255
117.255
116.255
115.255
114.255
113.255
112.255
111.255
110.255
109.255
108.841
108.426
108.012
107.598
107.184
106.77
106.355
105.941
105.527
105.113
104.699
104.284
103.87
103.456
103.042
102.627
102.213
101.799
101.385
100.971
100.556
100.142
99.7279
99.3137
98.8995
98.4853
98.0711
97.6569
97.2426
96.8284
96.4142
96
96
96
97.6569
97.2426
96.8284
96.4142
96
96
96
96
96
167.841
166.841
165.841
164.841
163.841
162.841
161.841
160.841
159.841
158.841
157.841
156.841
155.841
154.841
153.841
152.841
151.841
150.841
149.841
148.841
147.841
146.841
145.841
144.841
143.841
142.841
141.841
140.841
139.841
138.841
137.841
136.841
135.841
134.841
133.841
132.841
131.841
130.841
129.841
128.841
127.841
126.841
125.841
124.841
123.841
122.841
121.841
120.841
119.841
118.841
117.841
116.841
115.841
114.841
113.841
112.841
111.841
110.841
109.841
108.841
107.841
107.426
107.012
106.598
106.184
105.77
105.355
104.941
104.527
104.113
103.699
103.284
102.87
102.456
102.042
101.627
101.213
100.799
100.385
99.9706
99.5564
99.1422
98.7279
98.3137
97.8995
97.4853
97.0711
96.6569
96.2426
95.8284
95.4142
95
95
95
95
95
95
97.4853
97.0711
96.6569
96.2426
95.8284
95.4142
95
95
95
95
95
95
95
95
168.426
167.426
166.426
165.426
164.426
163.426
162.426
161.426
160.426
159.426
158.426
157.426
156.426
155.426
154.426
153.426
152.426
151.426
150.426
149.426
148.426
147.426
146.426
145.426
144.426
143.426
142.426
141.426
140.426
139.426
138.426
137.426
136.426
135.426
134.426
133.426
132.426
131.426
130.426
129.426
128.426
127.426
126.426
125.426
124.426
123.426
122.426
121.426
120.426
119.426
118.426
117.426
116.426
115.426
114.426
113.426
112.426
111.426
110.426
109.426
108.426
107.426
106.426
106.012
105.598
105.184
104.77
104.355
103.941
103.527
103.113
102.699
102.284
101.87
101.456
101.042
100.627
100.213
99.799
99.3848
98.9706
98.5564
98.1422
97.7279
97.3137
96.8995
96.4853
96.0711
95.6569
95.2426
94.8284
94.4142
94
94
94
94
94
94
94
94
94
97.3137
96.8995
96.4853
96.0711
95.6569
95.2426
94.8284
94.4142
94
94
94
94
94
94
94
94
94
94
169.012
168.012
167.012
166.012
165.012
164.012
163.012
162.012
161.012
160.012
159.012
158.012
157.012
156.012
155.012
154.012
153.012
152.012
151.012
150.012
149.012
148.012
147.012
146.012
145.012
144.012
143.012
142.012
141.012
140.012
139.012
138.012
137.012
136.012
135.012
134.012
133.012
132.012
131.012
130.012
129.012
128.012
127.012
126.012
125.012
124.012
123.012
122.012
121.012
120.012
119.012
118.012
117.012
116.012
115.012
114.012
113.012
112.012
111.012
110.012
109.012
108.012
107.012
106.012
105.012
104.598
104.184
103.77
103.355
102.941
102.527
102.113
101.699
101.284
100.87
100.456
100.042
99.6274
99.2132
98.799
98.3848
97.9706
97.5564
97.1422
96.7279
96.3137
95.8995
95.4853
95.0711
94.6569
94.2426
93.8284
93.4142
93
93
93
93
93
93
93
93
93
93
93
93
96.7279
96.3137
95.8995
95.4853
95.0711
94.6569
94.2426
93.8284
93.4142
93
93
93
93
93
93
93
93
93
93
93
93
169.598
168.598
167.598
166.598
165.598
164.598
163.598
162.598
161.598
160.598
159.598
158.598
157.598
156.598
155.598
154.598
153.598
152.598
151.598
150.598
149.598
148.598
147.598
146.598
145.598
144.598
143.598
142.598
141.598
140.598
139.598
138.598
137.598
136.598
135.598
134.598
133.598
132.598
131.598
130.598
129.598
128.598
127.598
126.598
125.598
124.598
123.598
122.598
121.598
120.598
119.598
118.598
117.598
116.598
115.598
114.598
113.598
112.598
111.598
110.598
109.598
108.598
107.598
106.598
105.598
104.598
103.598
103.184
102.77
102.355
101.941
101.527
101.113
100.699
100.284
99.8701
99.4559
99.0417
98.6274
98.2132
97.799
97.3848
96.9706
96.5564
96.1422
95.7279
95.3137
94.8995
94.4853
94.0711
93.6569
93.2426
92.8284
92.4142
92
92
92
92
92
92
92
92
92
92
92
92
92
92
96.1422
95.7279
95.3137
94.8995
94.4853
94.0711
93.6569
93.2426
92.8284
92.4142
92
92
92
92
92
92
92
92
92
92
92
92
92.4142
171.184
170.184
169.184
168.184
167.184
166.184
165.184
164.184
163.184
162.184
161.184
160.184
159.184
158.184
157.184
156.184
155.184
154.184
153.184
152.184
151.184
150.184
149.184
148.184
147.184
146.184
145.184
144.184
143.184
142.184
141.184
140.184
139.184
138.184
137.184
136.184
135.184
134.184
133.184
132.184
131.184
130.184
129.184
128.184
127.184
126.184
125.184
124.184
123.184
122.184
121.184
120.184
119.184
118.184
117.184
116.184
115.184
114.184
113.184
112.184
111.184
110.184
109.184
108.184
107.184
106.184
105.184
104.184
103.184
102.184
101.77
101.355
100.941
100.527
100.113
99.6985
99.2843
98.8701
98.4559
98.0417
97.6274
97.2132
96.799
96.3848
95.9706
95.5564
95.1422
94.7279
94.3137
93.8995
93.4853
93.0711
92.6569
92.2426
91.8284
91.4142
91
91
91
91
91
91
91
91
91
91
91
91
91
91
91
95.1422
94.7279
94.3137
93.8995
93.4853
93.0711
92.6569
92.2426
91.8284
91.4142
91
91
91
91
91
91
91
91
91
91
91
91
91.4142
91.8284
171.77
170.77
169.77
168.77
167.77
166.77
165.77
164.77
163.77
162.77
161.77
160.77
159.77
158.77
157.77
156.77
155.77
154.77
153.77
152.77
151.77
150.77
149.77
148.77
147.77
146.77
145.77
144.77
143.77
142.77
141.77
140.77
139.77
138.77
137.77
136.77
135.77
134.77
133.77
132.77
131.77
130.77
129.77
128.77
127.77
126.77
125.77
124.77
123.77
122.77
121.77
120.77
119.77
118.77
117.77
116.77
115.77
114.77
113.77
112.77
111.77
110.77
109.77
108.77
107.77
106.77
105.77
104.77
103.77
102.77
101.77
100.77
100.355
99.9412
99.5269
99.1127
98.6985
98.2843
97.8701
97.4559
97.0417
96.6274
96.2132
95.799
95.3848
94.9706
94.5564
94.1422
93.7279
93.3137
92.8995
92.4853
92.0711
91.6569
91.2426
90.8284
90.4142
90
90
90
90
90
90
90
90
90
90
90
90
90
90
90
90
90
90
94.5564
94.1422
93.7279
93.3137
92.8995
92.4853
92.0711
91.6569
91.2426
90.8284
90.4142
90
90
90
90
90
90
90
90
90
90
90
90
90.4142
90.8284
171.355
170.355
169.355
168.355
167.355
166.355
165.355
164.355
163.355
162.355
161.355
160.355
159.355
158.355
157.355
156.355
155.355
154.355
153.355
152.355
151.355
150.355
149.355
148.355
147.355
146.355
145.355
144.355
143.355
142.355
141.355
140.355
139.355
138.355
137.355
136.355
135.355
134.355
133.355
132.355
131.355
130.355
129.355
128.355
127.355
126.355
125.355
124.355
123.355
122.355
121.355
120.355
119.355
118.355
117.355
116.355
115.355
114.355
113.355
112.355
111.355
110.355
109.355
108.355
107.355
106.355
105.355
104.355
103.355
102.355
101.355
100.355
99.3554
98.9412
98.5269
98.1127
97.6985
97.2843
96.8701
96.4559
96.0417
95.6274
95.2132
94.799
94.3848
93.9706
93.5564
93.1422
92.7279
92.3137
91.8995
91.4853
91.0711
90.6569
90.2426
89.8284
89.4142
89
89
89
89
89
89
89
89
89
89
89
89
89
89
89
89
89
89
93.5564
93.1422
92.7279
92.3137
91.8995
91.4853
91.0711
90.6569
90.2426
89.8284
89.4142
89
89
89
89
89
89
89
89
89
89
89
89
89.4142
89.8284
171.941
170.941
169.941
168.941
167.941
166.941
165.941
164.941
163.941
162.941
161.941
160.941
159.941
158.941
157.941
156.941
155.941
154.941
153.941
152.941
151.941
150.941
149.941
148.941
147.941
146.941
145.941
144.941
143.941
142.941
141.941
140.941
139.941
138.941
137.941
136.941
135.941
134.941
133.941
132.941
131.941
130.941
129.941
128.941
127.941
126.941
125.941
124.941
123.941
122.941
121.941
120.941
119.941
118.941
117.941
116.941
115.941
114.941
113.941
112.941
111.941
110.941
109.941
108.941
107.941
106.941
105.941
104.941
103.941
102.941
101.941
100.941
99.9412
98.9412
97.9412
97.5269
97.1127
96.6985
96.2843
95.8701
95.4559
95.0417
94.6274
94.2132
93.799
93.3848
92.9706
92.5564
92.1422
91.7279
91.3137
90.8995
90.4853
90.0711
89.6569
89.2426
88.8284
88.4142
88
88
88
88
88
88
88
88
88
88
88
88
88
88
88
88
88
88
88.4142
92.5564
92.1422
91.7279
91.3137
90.8995
90.4853
90.0711
89.6569
89.2426
88.8284
88.4142
88
88
88
88
88
88
88
88
88
88
88
88
88.4142
88.8284
89.2426
171.527
170.527
169.527
168.527
167.527
166.527
165.527
164.527
163.527
162.527
161.527
160.527
159.527
158.527
157.527
156.527
155.527
154.527
153.527
152.527
151.527
150.527
149.527
148.527
147.527
146.527
145.527
144.527
143.527
142.527
141.527
140.527
139.527
138.527
137.527
136.527
135.527
134.527
133.527
132.527
131.527
130.527
129.527
128.527
127.527
126.527
125.527
124.527
123.527
122.527
121.527
120.527
119.527
118.527
117.527
116.527
115.527
114.527
113.527
112.527
111.527
110.527
109.527
108.527
107.527
106.527
105.527
104.527
103.527
102.527
101.527
100.527
99.5269
98.5269
97.5269
96.5269
96.1127
95.6985
95.2843
94.8701
94.4559
94.0417
93.6274
93.2132
92.799
92.3848
91.9706
91.5564
91.1422
90.7279
90.3137
89.8995
89.4853
89.0711
88.6569
88.2426
87.8284
87.4142
87
87
87
87
87
87
87
87
87
87
87
87
87
87
87
87
87
87
87.4142
87.8284
88.2426
91.5564
91.1422
90.7279
90.3137
89.8995
89.4853
89.0711
88.6569
88.2426
87.8284
87.4142
87
87
87
87
87
87
87
87
87
87
87
87
87.4142
87.8284
88.2426
88.6569
89.0711
172.113
171.113
170.113
169.113
168.113
167.113
166.113
165.113
164.113
163.113
162.113
161.113
160.113
159.113
158.113
157.113
156.113
155.113
154.113
153.113
152.113
151.113
150.113
149.113
148.113
147.113
146.113
145.113
144.113
143.113
142.113
141.113
140.113
139.113
138.113
137.113
136.113
135.113
134.113
133.113
132.113
131.113
130.113
129.113
128.113
127.113
126.113
125.113
124.113
123.113
122.113
121.113
120.113
119.113
118.113
117.113
116.113
115.113
114.113
113.113
112.113
111.113
110.113
109.113
108.113
107.113
106.113
105.113
104.113
103.113
102.113
101.113
100.113
99.1127
98.1127
97.1127
96.1127
95.1127
94.6985
94.2843
93.8701
93.4559
93.0417
92.6274
92.2132
91.799
91.3848
90.9706
90.5564
90.1422
89.7279
89.3137
88.8995
88.4853
88.0711
87.6569
87.2426
86.8284
86.4142
86
86
86
86
86
86
86
86
86
86
86
86
86
86
86
86
86
86
86.4142
86.8284
87.2426
87.6569
90.5564
90.1422
89.7279
89.3137
88.8995
88.4853
88.0711
87.6569
87.2426
86.8284
86.4142
86
86
86
86
86
86
86
86
86
86
86
86
86.4142
86.8284
87.2426
87.6569
88.0711
171.699
170.699
169.699
168.699
167.699
166.699
165.699
164.699
163.699
162.699
161.699
160.699
159.699
158.699
157.699
156.699
155.699
154.699
153.699
152.699
151.699
150.699
149.699
148.699
147.699
146.699
145.699
144.699
143.699
142.699
141.699
140.699
139.699
138.699
137.699
136.699
135.699
134.699
133.699
132.699
131.699
130.699
129.699
128.699
127.699
126.699
125.699
124.699
123.699
122.699
121.699
120.699
119.699
118.699
117.699
116.699
115.699
114.699
113.699
112.699
111.699
110.699
109.699
108.699
107.699
106.699
105.699
104.699
103.699
102.699
101.699
100.699
99.6985
98.6985
97.6985
96.6985
95.6985
94.6985
93.6985
93.2843
92.8701
92.4559
92.0417
91.6274
91.2132
90.799
90.3848
89.9706
89.5564
89.1422
88.7279
88.3137
87.8995
87.4853
87.0711
86.6569
86.2426
85.8284
85.4142
85
85
85
85
85
85
85
85
85
85
85
85
85
85
85
85
85
85
85.4142
85.8284
86.2426
86.6569
87.0711
89.5564
89.1422
88.7279
88.3137
87.8995
87.4853
87.0711
86.6569
86.2426
85.8284
85.4142
85
85
85
85
85
85
85
85
85
85
85
85
85.4142
85.8284
86.2426
86.6569
87.0711
87.4853
173.284
172.284
171.284
170.284
169.284
168.284
167.284
166.284
165.284
164.284
163.284
162.284
161.284
160.284
159.284
158.284
157.284
156.284
155.284
154.284
153.284
152.284
151.284
150.284
149.284
148.284
147.284
146.284
145.284
144.284
143.284
142.284
141.284
140.284
139.284
138.284
137.284
136.284
135.284
134.284
133.284
132.284
131.284
130.284
129.284
128.284
127.284
126.284
125.284
124.284
123.284
122.284
121.284
120.284
119.284
118.284
117.284
116.284
115.284
114.284
113.284
112.284
111.284
110.284
109.284
108.284
107.284
106.284
105.284
104.284
103.284
102.284
101.284
100.284
99.2843
98.2843
97.2843
96.2843
95.2843
94.2843
93.2843
92.2843
91.8701
91.4559
91.0417
90.6274
90.2132
89.799
89.3848
88.9706
88.5564
88.1422
87.7279
87.3137
86.8995
86.4853
86.0711
85.6569
85.2426
84.8284
84.4142
84
84
84
84
84
84
84
84
84
84
84
84
84
84
84
84
84
84
84.4142
84.8284
85.2426
85.6569
86.0711
86.4853
88.5564
88.1422
87.7279
87.3137
86.8995
86.4853
86.0711
85.6569
85.2426
84.8284
84.4142
84
84
84
84
84
84
84
84
84
84
84
84
84.4142
84.8284
85.2426
85.6569
86.0711
86.4853
86.8995
172.87
171.87
170.87
169.87
168.87
167.87
166.87
165.87
164.87
163.87
162.87
161.87
160.87
159.87
158.87
157.87
156.87
155.87
154.87
153.87
152.87
151.87
150.87
149.87
148.87
147.87
146.87
145.87
144.87
143.87
142.87
141.87
140.87
139.87
138.87
137.87
136.87
135.87
134.87
133.87
132.87
131.87
130.87
129.87
128.87
127.87
126.87
125.87
124.87
123.87
122.87
121.87
120.87
119.87
118.87
117.87
116.87
115.87
114.87
113.87
112.87
111.87
110.87
109.87
108.87
107.87
106.87
105.87
104.87
103.87
102.87
101.87
100.87
99.8701
98.8701
97.8701
96.8701
95.8701
94.8701
93.8701
92.8701
91.8701
90.8701
90.4559
90.0417
89.6274
89.2132
88.799
88.3848
87.9706
87.5564
87.1422
86.7279
86.3137
85.8995
85.4853
85.0711
84.6569
84.2426
83.8284
83.4142
83
83
83
83
83
83
83
83
83
83
83
83
83
83
83
83
83
83
83.4142
83.8284
84.2426
84.6569
85.0711
85.4853
85.8995
86.3137
87.5564
87.1422
86.7279
86.3137
85.8995
85.4853
85.0711
84.6569
84.2426
83.8284
83.4142
83
83
83
83
83
83
83
83
83
83
83
83
83.4142
83.8284
84.2426
84.6569
85.0711
85.4853
85.8995
172.456
171.456
170.456
169.456
168.456
167.456
166.456
165.456
164.456
163.456
162.456
161.456
160.456
159.456
158.456
157.456
156.456
155.456
154.456
153.456
152.456
151.456
150.456
149.456
148.456
147.456
146.456
145.456
144.456
143.456
142.456
141.456
140.456
139.456
138.456
137.456
136.456
135.456
134.456
133.456
132.456
131.456
130.456
129.456
128.456
127.456
126.456
125.456
124.456
123.456
122.456
121.456
120.456
119.456
118.456
117.456
116.456
115.456
114.456
113.456
112.456
111.456
110.456
109.456
108.456
107.456
106.456
105.456
104.456
103.456
102.456
101.456
100.456
99.4559
98.4559
97.4559
96.4559
95.4559
94.4559
93.4559
92.4559
91.4559
90.4559
89.4559
89.0417
88.6274
88.2132
87.799
87.3848
86.9706
86.5564
86.1422
85.7279
85.3137
84.8995
84.4853
84.0711
83.6569
83.2426
82.8284
82.4142
82
82
82
82
82
82
82
82
82
82
82
82
82
82
82
82
82
82
82.4142
82.8284
83.2426
83.6569
84.0711
84.4853
84.8995
85.3137
86.5564
86.1422
85.7279
85.3137
84.8995
84.4853
84.0711
83.6569
83.2426
82.8284
82.4142
82
82
82
82
82
82
82
82
82
82
82
82
82.4142
82.8284
83.2426
83.6569
84.0711
84.4853
84.8995
85.3137
85.7279
173.042
172.042
171.042
170.042
169.042
168.042
167.042
166.042
165.042
164.042
163.042
162.042
161.042
160.042
159.042
158.042
157.042
156.042
155.042
154.042
153.042
152.042
151.042
150.042
149.042
148.042
147.042
146.042
145.042
144.042
143.042
142.042
141.042
140.042
139.042
138.042
137.042
136.042
135.042
134.042
133.042
132.042
131.042
130.042
129.042
128.042
127.042
126.042
125.042
124.042
123.042
122.042
121.042
120.042
119.042
118.042
117.042
116.042
115.042
114.042
113.042
112.042
111.042
110.042
109.042
108.042
107.042
106.042
105.042
104.042
103.042
102.042
101.042
100.042
99.0417
98.0417
97.0417
96.0417
95.0417
94.0417
93.0417
92.0417
91.0417
90.0417
89.0417
88.0417
87.6274
87.2132
86.799
86.3848
85.9706
85.5564
85.1422
84.7279
84.3137
83.8995
83.4853
83.0711
82.6569
82.2426
81.8284
81.4142
81
81
81
81
81
81
81
81
81
81
81
81
81
81
81
81
81
81
81.4142
81.8284
82.2426
82.6569
83.0711
83.4853
83.8995
84.3137
84.7279
85.5564
85.1422
84.7279
84.3137
83.8995
83.4853
83.0711
82.6569
82.2426
81.8284
81.4142
81
81
81
81
81
81
81
81
81
81
81
81
81.4142
81.8284
82.2426
82.6569
83.0711
83.4853
83.8995
84.3137
84.7279
172.627
171.627
170.627
169.627
168.627
167.627
166.627
165.627
164.627
163.627
162.627
161.627
160.627
159.627
158.627
157.627
156.627
155.627
154.627
153.627
152.627
151.627
150.627
149.627
148.627
147.627
146.627
145.627
144.627
143.627
142.627
141.627
140.627
139.627
138.627
137.627
136.627
135.627
134.627
133.627
132.627
131.627
130.627
129.627
128.627
127.627
126.627
125.627
124.627
123.627
122.627
121.627
120.627
119.627
118.627
117.627
116.627
115.627
114.627
113.627
112.627
111.627
110.627
109.627
108.627
107.627
106.627
105.627
104.627
103.627
102.627
101.627
100.627
99.6274
98.6274
97.6274
96.6274
95.6274
94.6274
93.6274
92.6274
91.6274
90.6274
89.6274
88.6274
87.6274
86.6274
86.2132
85.799
85.3848
84.9706
84.5564
84.1422
83.7279
83.3137
82.8995
82.4853
82.0711
81.6569
81.2426
80.8284
80.4142
80
80
80
80
80
80
80
80
80
80
80
80
80
80
80
80
80
80
80.4142
80.8284
81.2426
81.6569
82.0711
82.4853
82.8995
83.3137
83.7279
84.5564
84.1422
83.7279
83.3137
82.8995
82.4853
82.0711
81.6569
81.2426
80.8284
80.4142
80
80
80
80
80
80
80
80
80
80
80
80
80.4142
80.8284
81.2426
81.6569
82.0711
82.4853
82.8995
83.3137
83.7279
172.213
171.213
170.213
169.213
168.213
167.213
166.213
165.213
164.213
163.213
162.213
161.213
160.213
159.213
158.213
157.213
156.213
155.213
154.213
153.213
152.213
151.213
150.213
149.213
148.213
147.213
146.213
145.213
144.213
143.213
142.213
141.213
140.213
139.213
138.213
137.213
136.213
135.213
134.213
133.213
132.213
131.213
130.213
129.213
128.213
127.213
126.213
125.213
124.213
123.213
122.213
121.213
120.213
119.213
118.213
117.213
116.213
115.213
114.213
113.213
112.213
111.213
110.213
109.213
108.213
107.213
106.213
105.213
104.213
103.213
102.213
101.213
100.213
99.2132
98.2132
97.2132
96.2132
95.2132
94.2132
93.2132
92.2132
91.2132
90.2132
89.2132
88.2132
87.2132
86.2132
85.2132
84.799
84.3848
83.9706
83.5564
83.1422
82.7279
82.3137
81.8995
81.4853
81.0711
80.6569
80.2426
79.8284
79.4142
79
79
79
79
79
79
79
79
79
79
79
79
79
79
79
79
79
79
79.4142
79.8284
80.2426
80.6569
81.0711
81.4853
81.8995
82.3137
82.7279
83.1422
82.7279
82.3137
81.8995
81.4853
81.0711
80.6569
80.2426
79.8284
79.4142
79
79
79
79
79
79
79
79
79
79
79
79
79.4142
79.8284
80.2426
80.6569
81.0711
81.4853
81.8995
82.3137
82.7279
83.1421
79
79
79.4142
79.8284
80.2426
80.6569
81.0711
81.4853
81.8995
82.3137
82.7279
83.1421
83.5564
83.9706
84.3848
84.799
85.2132
85.6274
86.0416
171.799
170.799
169.799
168.799
167.799
166.799
165.799
164.799
163.799
162.799
161.799
160.799
159.799
158.799
157.799
156.799
155.799
154.799
153.799
152.799
151.799
150.799
149.799
148.799
147.799
146.799
145.799
144.799
143.799
142.799
141.799
140.799
139.799
138.799
137.799
136.799
135.799
134.799
133.799
132.799
131.799
130.799
129.799
128.799
127.799
126.799
125.799
124.799
123.799
122.799
121.799
120.799
119.799
118.799
117.799
116.799
115.799
114.799
113.799
112.799
111.799
110.799
109.799
108.799
107.799
106.799
105.799
104.799
103.799
102.799
101.799
100.799
99.799
98.799
97.799
96.799
95.799
94.799
93.799
92.799
91.799
90.799
89.799
88.799
87.799
86.799
85.799
84.799
83.799
83.3848
82.9706
82.5564
82.1422
81.7279
81.3137
80.8995
80.4853
80.0711
79.6569
79.2426
78.8284
78.4142
78
78
78
78
78
78
78
78
78
78
78
78
78
78
78
78
78
78
78.4142
78.8284
79.2426
79.6569
80.0711
80.4853
80.8995
81.3137
81.7279
82.1421
82.1422
81.7279
81.3137
80.8995
80.4853
80.0711
79.6569
79.2426
78.8284
78.4142
78
78
78
78
78
78
78
78
78
78
78
78
78.4142
78.8284
79.2426
79.6569
80.0711
80.4853
80.8995
81.3137
81.7279
82.1421
78
78
78
78
78
78
78.4142
78.8284
79.2426
79.6569
80.0711
80.4853
80.8995
81.3137
81.7279
82.1421
82.5564
82.9706
83.3848
83.799
84.2132
84.6274
85.0416
85.4559
85.8701
86.2843
86.6985
87.1127
172.213
171.213
170.213
169.213
168.213
167.213
166.213
165.213
164.213
163.213
162.213
161.213
160.213
159.213
158.213
157.213
156.213
155.213
154.213
153.213
152.213
151.213
150.213
149.213
148.213
147.213
146.213
145.213
144.213
143.213
142.213
141.213
140.213
139.213
138.213
137.213
136.213
135.213
134.213
133.213
132.213
131.213
130.213
129.213
128.213
127.213
126.213
125.213
124.213
123.213
122.213
121.213
120.213
119.213
118.213
117.213
116.213
115.213
114.213
113.213
112.213
111.213
110.213
109.213
108.213
89.3848
88.3848
87.3848
86.3848
85.3848
84.3848
83.3848
82.3848
81.9706
81.5564
81.1422
80.7279
80.3137
79.8995
79.4853
79.0711
78.6569
78.2426
77.8284
77.4142
77
77
77
77
77
77
77
77
77
77
77
77
77
77
77
77
77
77
77.4142
77.8284
78.2426
78.6569
79.0711
79.4853
79.8995
80.3137
80.7279
81.1421
80.7279
80.3137
79.8995
79.4853
79.0711
78.6569
78.2426
77.8284
77.4142
77
77
77
77
77
77
77
77
77
77
77
77
77.4142
77.8284
78.2426
78.6569
79.0711
79.4853
79.8995
80.3137
80.7279
81.1421
81.5564
77
77
77
77
77
77
77
77
77
77
77.4142
77.8284
78.2426
78.6569
79.0711
79.4853
79.8995
80.3137
80.7279
81.1421
81.5564
81.9706
82.3848
82.799
83.2132
83.6274
84.0416
84.4559
84.8701
85.2843
85.6985
86.1127
86.5269
86.9412
87.3554
172.627
171.627
170.627
169.627
168.627
167.627
166.627
165.627
164.627
163.627
162.627
161.627
160.627
159.627
158.627
157.627
156.627
155.627
154.627
153.627
152.627
151.627
150.627
149.627
148.627
147.627
146.627
145.627
144.627
143.627
142.627
141.627
140.627
139.627
138.627
137.627
136.627
135.627
134.627
133.627
132.627
131.627
130.627
129.627
128.627
127.627
126.627
125.627
124.627
123.627
122.627
121.627
120.627
119.627
118.627
117.627
116.627
115.627
114.627
113.627
112.627
84.9706
83.9706
82.9706
81.9706
80.9706
80.5564
80.1422
79.7279
79.3137
78.8995
78.4853
78.0711
77.6569
77.2426
76.8284
76.4142
76
76
76
76
76
76
76
76
76
76
76
76
76
76
76
76
76
76
76.4142
76.8284
77.2426
77.6569
78.0711
78.4853
78.8995
79.3137
79.7279
80.1421
79.7279
79.3137
78.8995
78.4853
78.0711
77.6569
77.2426
76.8284
76.4142
76
76
76
76
76
76
76
76
76
76
76
76
76.4142
76.8284
77.2426
77.6569
78.0711
78.4853
78.8995
79.3137
79.7279
80.1421
80.5564
80.9706
76
76
76
76
76
76
76
76
76
76
76
76
76.4142
76.8284
77.2426
77.6569
78.0711
78.4853
78.8995
79.3137
79.7279
80.1421
80.5564
80.9706
81.3848
81.799
82.2132
82.6274
83.0416
83.4559
83.8701
84.2843
84.6985
85.1127
85.5269
85.9412
86.3554
86.7696
87.1838
173.042
172.042
171.042
170.042
169.042
168.042
167.042
166.042
165.042
164.042
163.042
162.042
161.042
160.042
159.042
158.042
157.042
156.042
155.042
154.042
153.042
152.042
151.042
150.042
149.042
148.042
147.042
146.042
145.042
144.042
143.042
142.042
141.042
140.042
139.042
138.042
137.042
136.042
135.042
134.042
133.042
132.042
131.042
130.042
129.042
128.042
127.042
126.042
125.042
124.042
123.042
122.042
121.042
120.042
119.042
118.042
117.042
81.5564
80.5564
79.5564
79.1422
78.7279
78.3137
77.8995
77.4853
77.0711
76.6569
76.2426
75.8284
75.4142
75
75
75
75
75
75
75
75
75
75
75
75
75
75
75
75
75
75
75.4142
75.8284
76.2426
76.6569
77.0711
77.4853
77.8995
78.3137
78.7279
79.1421
79.5564
78.7279
78.3137
77.8995
77.4853
77.0711
76.6569
76.2426
75.8284
75.4142
75
75
75
75
75
75
75
75
75
75
75
75
75.4142
75.8284
76.2426
76.6569
77.0711
77.4853
77.8995
78.3137
78.7279
79.1421
79.5564
79.9706
75
75
75
75
75
75
75
75
75
75
75
75
75
75
75
75.4142
75.8284
76.2426
76.6569
77.0711
77.4853
77.8995
78.3137
78.7279
79.1421
79.5564
79.9706
80.3848
80.799
81.2132
81.6274
82.0416
82.4559
82.8701
83.2843
83.6985
84.1127
84.5269
84.9412
85.3554
85.7696
86.1838
86.598
87.0122
87.4264
173.456
172.456
171.456
170.456
169.456
168.456
167.456
166.456
165.456
164.456
163.456
162.456
161.456
160.456
159.456
158.456
157.456
156.456
155.456
154.456
153.456
152.456
151.456
150.456
149.456
148.456
147.456
146.456
145.456
144.456
143.456
142.456
141.456
140.456
139.456
138.456
137.456
136.456
135.456
134.456
133.456
132.456
131.456
130.456
129.456
128.456
127.456
126.456
125.456
124.456
123.456
122.456
121.456
120.456
79.1422
78.1422
77.7279
77.3137
76.8995
76.4853
76.0711
75.6569
75.2426
74.8284
74.4142
74
74
74
74
74
74
74
74
74
74
74
74
74
74
74
74
74
74
74.4142
74.8284
75.2426
75.6569
76.0711
76.4853
76.8995
77.3137
77.7279
78.1421
78.5564
77.3137
76.8995
76.4853
76.0711
75.6569
75.2426
74.8284
74.4142
74
74
74
74
74
74
74
74
74
74
74
74
74.4142
74.8284
75.2426
75.6569
76.0711
76.4853
76.8995
77.3137
77.7279
78.1421
78.5564
78.9706
79.3848
79.799
74
74
74
74
74
74
74
74
74
74
74
74
74
74
74
74
74.4142
74.8284
75.2426
75.6569
76.0711
76.4853
76.8995
77.3137
77.7279
78.1421
78.5564
78.9706
79.3848
79.799
80.2132
80.6274
81.0416
81.4559
81.8701
82.2843
82.6985
83.1127
83.5269
83.9412
84.3554
84.7696
85.1838
85.598
86.0122
86.4264
86.8407
172.87
171.87
170.87
169.87
168.87
167.87
166.87
165.87
164.87
163.87
162.87
161.87
160.87
159.87
158.87
157.87
156.87
155.87
154.87
153.87
152.87
151.87
150.87
149.87
148.87
147.87
146.87
145.87
144.87
143.87
142.87
141.87
140.87
139.87
138.87
137.87
136.87
135.87
134.87
133.87
132.87
131.87
130.87
129.87
128.87
127.87
126.87
125.87
124.87
123.87
76.7279
76.3137
75.8995
75.4853
75.0711
74.6569
74.2426
73.8284
73.4142
73
73
73
73
73
73
73
73
73
73
73
73
73
73
73
73
73
73
73.4142
73.8284
74.2426
74.6569
75.0711
75.4853
75.8995
76.3137
76.7279
77.1421
77.5564
76.3137
75.8995
75.4853
75.0711
74.6569
74.2426
73.8284
73.4142
73
73
73
73
73
73
73
73
73
73
73
73
73.4142
73.8284
74.2426
74.6569
75.0711
75.4853
75.8995
76.3137
76.7279
77.1421
77.5564
77.9706
78.3848
78.799
79.2132
73
73
73
73
73
73
73
73
73
73
73
73
73
73
73
73
73
73
73.4142
73.8284
74.2426
74.6569
75.0711
75.4853
75.8995
76.3137
76.7279
77.1421
77.5564
77.9706
78.3848
78.799
79.2132
79.6274
80.0416
80.4559
80.8701
81.2843
81.6985
82.1127
82.5269
82.9412
83.3554
83.7696
84.1838
84.598
85.0122
85.4264
85.8407
86.2549
173.284
172.284
171.284
170.284
169.284
168.284
167.284
166.284
165.284
164.284
163.284
162.284
161.284
160.284
159.284
158.284
157.284
156.284
155.284
154.284
153.284
152.284
151.284
150.284
149.284
148.284
147.284
146.284
145.284
144.284
143.284
142.284
141.284
140.284
139.284
138.284
137.284
136.284
135.284
134.284
133.284
132.284
131.284
130.284
129.284
128.284
127.284
126.284
125.284
124.87
76.3137
75.3137
74.8995
74.4853
74.0711
73.6569
73.2426
72.8284
72.4142
72
72
72
72
72
72
72
72
72
72
72
72
72
72
72
72
72
72
72.4142
72.8284
73.2426
73.6569
74.0711
74.4853
74.8995
75.3137
75.7279
76.1421
76.5564
75.8995
74.8995
74.4853
74.0711
73.6569
73.2426
72.8284
72.4142
72
72
72
72
72
72
72
72
72
72
72
72
72.4142
72.8284
73.2426
73.6569
74.0711
74.4853
74.8995
75.3137
75.7279
76.1421
76.5564
76.9706
77.3848
77.799
78.2132
72
72
72
72
72
72
72
72
72
72
72
72
72
72
72
72
72
72
72.4142
72.8284
73.2426
73.6569
74.0711
74.4853
74.8995
75.3137
75.7279
76.1421
76.5564
76.9706
77.3848
77.799
78.2132
78.6274
79.0416
79.4559
79.8701
80.2843
80.6985
81.1127
81.5269
81.9412
82.3554
82.7696
83.1838
83.598
84.0122
84.4264
84.8407
85.2549
173.699
172.699
171.699
170.699
169.699
168.699
167.699
166.699
165.699
164.699
163.699
162.699
161.699
160.699
159.699
158.699
157.699
156.699
155.699
154.699
153.699
152.699
151.699
150.699
149.699
148.699
147.699
146.699
145.699
144.699
143.699
142.699
141.699
140.699
139.699
138.699
137.699
136.699
135.699
134.699
133.699
132.699
131.699
130.699
129.699
128.699
127.699
74.8995
73.8995
73.4853
73.0711
72.6569
72.2426
71.8284
71.4142
71
71
71
71
71
71
71
71
71
71
71
71
71
71
71
71
71
71
71.4142
71.8284
72.2426
72.6569
73.0711
73.4853
73.8995
74.3137
74.7279
75.1421
75.5564
73.4853
73.0711
72.6569
72.2426
71.8284
71.4142
71
71
71
71
71
71
71
71
71
71
71
71
71.4142
71.8284
72.2426
72.6569
73.0711
73.4853
73.8995
74.3137
74.7279
75.1421
75.5564
75.9706
76.3848
76.799
77.2132
71
71
71
71
71
71
71
71
71
71
71
71
71
71
71
71
71
71
71
71.4142
71.8284
72.2426
72.6569
73.0711
73.4853
73.8995
74.3137
74.7279
75.1421
75.5564
75.9706
76.3848
76.799
77.2132
77.6274
78.0416
78.4559
78.8701
79.2843
79.6985
80.1127
80.5269
80.9412
81.3554
81.7696
82.1838
82.598
83.0122
83.4264
83.8407
84.2549
84.6691
85.0833
174.113
173.113
172.113
171.113
170.113
169.113
168.113
167.113
166.113
165.113
164.113
163.113
162.113
161.113
160.113
159.113
158.113
157.113
156.113
155.113
154.113
153.113
152.113
151.113
150.113
149.113
148.113
147.113
146.113
145.113
144.113
143.113
142.113
141.113
140.113
139.113
138.113
137.113
136.113
135.113
134.113
133.113
132.113
131.113
130.113
72.4853
72.0711
71.6569
71.2426
70.8284
70.4142
70
70
70
70
70
70
70
70
70
70
70
70
70
70
70
70
70
70
70.4142
70.8284
71.2426
71.6569
72.0711
72.4853
72.8995
73.3137
73.7279
74.1421
74.5564
74.9706
75.3848
72.0711
71.6569
71.2426
70.8284
70.4142
70
70
70
70
70
70
70
70
70
70
70
70
70.4142
70.8284
71.2426
71.6569
72.0711
72.4853
72.8995
73.3137
73.7279
74.1421
74.5564
74.9706
75.3848
75.799
76.2132
76.6274
70
70
70
70
70
70
70
70
70
70
70
70
70
70
70
70
70
70
70
70
70.4142
70.8284
71.2426
71.6569
72.0711
72.4853
72.8995
73.3137
73.7279
74.1421
74.5564
74.9706
75.3848
75.799
76.2132
76.6274
77.0416
77.4559
77.8701
78.2843
78.6985
79.1127
79.5269
79.9412
80.3554
80.7696
81.1838
81.598
82.0122
82.4264
82.8407
83.2549
83.6691
84.0833
84.4975
172.527
171.527
170.527
169.527
168.527
167.527
166.527
165.527
164.527
163.527
162.527
161.527
160.527
159.527
158.527
157.527
156.527
155.527
154.527
153.527
152.527
151.527
150.527
149.527
148.527
147.527
146.527
145.527
144.527
143.527
142.527
141.527
140.527
139.527
138.527
137.527
136.527
135.527
134.527
133.527
71.0711
70.6569
70.2426
69.8284
69.4142
69
69
69
69
69
69
69
69
69
69
69
69
69
69
69
69
69
69
69.4142
69.8284
70.2426
70.6569
71.0711
71.4853
71.8995
72.3137
72.7279
73.1421
73.5564
73.9706
74.3848
71.0711
70.6569
70.2426
69.8284
69.4142
69
69
69
69
69
69
69
69
69
69
69
69
69.4142
69.8284
70.2426
70.6569
71.0711
71.4853
71.8995
72.3137
72.7279
73.1421
73.5564
73.9706
74.3848
74.799
75.2132
75.6274
76.0416
69.4142
69
69
69
69
69
69
69
69
69
69
69
69
69
69
69
69
69
69
69
69
69.4142
69.8284
70.2426
70.6569
71.0711
71.4853
71.8995
72.3137
72.7279
73.1421
73.5564
73.9706
74.3848
74.799
75.2132
75.6274
76.0416
76.4559
76.8701
77.2843
77.6985
78.1127
78.5269
78.9412
79.3554
79.7696
80.1838
80.598
81.0122
81.4264
81.8407
82.2549
82.6691
83.0833
83.4975
83.9117
171.941
170.941
169.941
168.941
167.941
166.941
165.941
164.941
163.941
162.941
161.941
160.941
159.941
158.941
157.941
156.941
155.941
154.941
153.941
152.941
151.941
150.941
149.941
148.941
147.941
146.941
145.941
144.941
143.941
142.941
141.941
140.941
139.941
138.941
137.941
136.941
135.941
70.0711
69.6569
69.2426
68.8284
68.4142
68
68
68
68
68
68
68
68
68
68
68
68
68
68
68
68
68
68
68.4142
68.8284
69.2426
69.6569
70.0711
70.4853
70.8995
71.3137
71.7279
72.1421
72.5564
72.9706
73.3848
69.6569
69.2426
68.8284
68.4142
68
68
68
68
68
68
68
68
68
68
68
68
68.4142
68.8284
69.2426
69.6569
70.0711
70.4853
70.8995
71.3137
71.7279
72.1421
72.5564
72.9706
73.3848
73.799
74.2132
74.6274
75.0416
75.4559
75.8701
69.2426
68.8284
68.4142
68
68
68
68
68
68
68
68
68
68
68
68
68
68
68
68
68
68
68
68
68.4142
68.8284
69.2426
69.6569
70.0711
70.4853
70.8995
71.3137
71.7279
72.1421
72.5564
72.9706
73.3848
73.799
74.2132
74.6274
75.0416
75.4559
75.8701
76.2843
76.6985
77.1127
77.5269
77.9412
78.3554
78.7696
79.1838
79.598
80.0122
80.4264
80.8407
81.2549
81.6691
82.0833
82.4975
82.9117
172.355
171.355
170.355
169.355
168.355
167.355
166.355
165.355
164.355
163.355
162.355
161.355
160.355
159.355
158.355
157.355
156.355
155.355
154.355
153.355
152.355
151.355
150.355
149.355
148.355
147.355
146.355
145.355
144.355
143.355
142.355
141.355
140.355
139.355
68.6569
68.2426
67.8284
67.4142
67
67
67
67
67
67
67
67
67
67
67
67
67
67
67
67
67
67
67.4142
67.8284
68.2426
68.6569
69.0711
69.4853
69.8995
70.3137
70.7279
71.1421
71.5564
71.9706
72.3848
69.2426
68.2426
67.8284
67.4142
67
67
67
67
67
67
67
67
67
67
67
67
67.4142
67.8284
68.2426
68.6569
69.0711
69.4853
69.8995
70.3137
70.7279
71.1421
71.5564
71.9706
72.3848
72.799
73.2132
73.6274
74.0416
74.4559
74.8701
75.2843
68.6569
68.2426
67.8284
67.4142
67
67
67
67
67
67
67
67
67
67
67
67
67
67
67
67
67
67
67
67
67.4142
67.8284
68.2426
68.6569
69.0711
69.4853
69.8995
70.3137
70.7279
71.1421
71.5564
71.9706
72.3848
72.799
73.2132
73.6274
74.0416
74.4559
74.8701
75.2843
75.6985
76.1127
76.5269
76.9412
77.3554
77.7696
78.1838
78.598
79.0122
79.4264
79.8407
80.2549
80.6691
81.0833
81.4975
81.9117
82.326
171.77
170.77
169.77
168.77
167.77
166.77
165.77
164.77
163.77
162.77
161.77
160.77
159.77
158.77
157.77
156.77
155.77
154.77
153.77
152.77
151.77
150.77
149.77
148.77
147.77
146.77
145.77
144.77
143.77
142.77
141.77
68.2426
67.2426
66.8284
66.4142
66
66
66
66
66
66
66
66
66
66
66
66
66
66
66
66
66
66
66.4142
66.8284
67.2426
67.6569
68.0711
68.4853
68.8995
69.3137
69.7279
70.1421
70.5564
70.9706
71.3848
66.8284
66.4142
66
66
66
66
66
66
66
66
66
66
66
66
66.4142
66.8284
67.2426
67.6569
68.0711
68.4853
68.8995
69.3137
69.7279
70.1421
70.5564
70.9706
71.3848
71.799
72.2132
72.6274
73.0416
73.4559
73.8701
74.2843
74.6985
67.6569
67.2426
66.8284
66.4142
66
66
66
66
66
66
66
66
66
66
66
66
66
66
66
66
66
66
66
66
66.4142
66.8284
67.2426
67.6569
68.0711
68.4853
68.8995
69.3137
69.7279
70.1421
70.5564
70.9706
71.3848
71.799
72.2132
72.6274
73.0416
73.4559
73.8701
74.2843
74.6985
75.1127
75.5269
75.9412
76.3554
76.7696
77.1838
77.598
78.0122
78.4264
78.8407
79.2549
79.6691
80.0833
80.4975
80.9117
81.326
169.184
168.184
167.184
166.184
165.184
164.184
163.184
162.184
161.184
160.184
159.184
158.184
157.184
156.184
155.184
154.184
153.184
152.184
151.184
150.184
149.184
148.184
147.184
146.184
145.184
65.8284
65.4142
65
65
65
65
65
65
65
65
65
65
65
65
65
65
65
65
65
65
65.4142
65.8284
66.2426
66.6569
67.0711
67.4853
67.8995
68.3137
68.7279
69.1421
69.5564
69.9706
70.3848
65.8284
65.4142
65
65
65
65
65
65
65
65
65
65
65
65
65.4142
65.8284
66.2426
66.6569
67.0711
67.4853
67.8995
68.3137
68.7279
69.1421
69.5564
69.9706
70.3848
70.799
71.2132
71.6274
72.0416
72.4559
72.8701
73.2843
73.6985
74.1127
74.5269
67.0711
66.6569
66.2426
65.8284
65.4142
65
65
65
65
65
65
65
65
65
65
65
65
65
65
65
65
65
65
65
65
65.4142
65.8284
66.2426
66.6569
67.0711
67.4853
67.8995
68.3137
68.7279
69.1421
69.5564
69.9706
70.3848
70.799
71.2132
71.6274
72.0416
72.4559
72.8701
73.2843
73.6985
74.1127
74.5269
74.9412
75.3554
75.7696
76.1838
76.598
77.0122
77.4264
77.8407
78.2549
78.6691
79.0833
79.4975
79.9117
80.326
168.598
167.598
166.598
165.598
164.598
163.598
162.598
161.598
160.598
159.598
158.598
157.598
156.598
155.598
154.598
153.598
152.598
151.598
150.598
149.598
148.598
147.598
64.8284
64.4142
64
64
64
64
64
64
64
64
64
64
64
64
64
64
64
64
64
64
64.4142
64.8284
65.2426
65.6569
66.0711
66.4853
66.8995
67.3137
67.7279
68.1421
68.5564
68.9706
69.3848
64.8284
64.4142
64
64
64
64
64
64
64
64
64
64
64
64
64.4142
64.8284
65.2426
65.6569
66.0711
66.4853
66.8995
67.3137
67.7279
68.1421
68.5564
68.9706
69.3848
69.799
70.2132
70.6274
71.0416
71.4559
71.8701
72.2843
72.6985
73.1127
73.5269
73.5269
66.0711
65.6569
65.2426
64.8284
64.4142
64
64
64
64
64
64
64
64
64
64
64
64
64
64
64
64
64
64
64
64
64.4142
64.8284
65.2426
65.6569
66.0711
66.4853
66.8995
67.3137
67.7279
68.1421
68.5564
68.9706
69.3848
69.799
70.2132
70.6274
71.0416
71.4559
71.8701
72.2843
72.6985
73.1127
73.5269
73.9412
74.3554
74.7696
75.1838
75.598
76.0122
76.4264
76.8407
77.2549
77.6691
78.0833
78.4975
78.9117
79.9117
169.012
168.012
167.012
166.012
165.012
164.012
163.012
162.012
161.012
160.012
159.012
158.012
157.012
156.012
155.012
154.012
153.012
152.012
151.012
150.012
149.012
148.598
63.8284
63.4142
63
63
63
63
63
63
63
63
63
63
63
63
63
63
63
63
63
63
63.4142
63.8284
64.2426
64.6569
65.0711
65.4853
65.8995
66.3137
66.7279
67.1421
67.5564
67.9706
68.3848
63.8284
63.4142
63
63
63
63
63
63
63
63
63
63
63
63
63.4142
63.8284
64.2426
64.6569
65.0711
65.4853
65.8995
66.3137
66.7279
67.1421
67.5564
67.9706
68.3848
68.799
69.2132
69.6274
70.0416
70.4559
70.8701
71.2843
71.6985
72.1127
72.5269
72.5269
65.0711
64.6569
64.2426
63.8284
63.4142
63
63
63
63
63
63
63
63
63
63
63
63
63
63
63
63
63
63
63
63
63.4142
63.8284
64.2426
64.6569
65.0711
65.4853
65.8995
66.3137
66.7279
67.1421
67.5564
67.9706
68.3848
68.799
69.2132
69.6274
70.0416
70.4559
70.8701
71.2843
71.6985
72.1127
72.5269
72.9412
73.3554
73.7696
74.1838
74.598
75.0122
75.4264
75.8407
76.2549
76.6691
77.0833
77.4975
78.4975
79.4975
165.426
164.426
163.426
162.426
161.426
160.426
159.426
158.426
157.426
156.426
155.426
154.426
153.426
152.426
62.4142
62
62
62
62
62
62
62
62
62
62
62
62
62
62
62
62
62
62
62.4142
62.8284
63.2426
63.6569
64.0711
64.4853
64.8995
65.3137
65.7279
66.1421
66.5564
66.9706
67.3848
62.4142
62
62
62
62
62
62
62
62
62
62
62
62
62.4142
62.8284
63.2426
63.6569
64.0711
64.4853
64.8995
65.3137
65.7279
66.1421
66.5564
66.9706
67.3848
67.799
68.2132
68.6274
69.0416
69.4559
69.8701
70.2843
70.6985
71.1127
71.5269
71.5269
71.1127
64.4853
64.0711
63.6569
63.2426
62.8284
62.4142
62
62
62
62
62
62
62
62
62
62
62
62
62
62
62
62
62
62
62
62
62.4142
62.8284
63.2426
63.6569
64.0711
64.4853
64.8995
65.3137
65.7279
66.1421
66.5564
66.9706
67.3848
67.799
68.2132
68.6274
69.0416
69.4559
69.8701
70.2843
70.6985
71.1127
71.5269
71.9412
72.3554
72.7696
73.1838
73.598
74.0122
74.4264
74.8407
75.2549
75.6691
76.0833
77.0833
78.0833
79.0833
80.0833
81.0833
61.4142
61
61
61
61
61
61
61
61
61
61
61
61
61
61
61
61
61
61
61.4142
61.8284
62.2426
62.6569
63.0711
63.4853
63.8995
64.3137
64.7279
65.1421
65.5564
65.9706
66.3848
61.4142
61
61
61
61
61
61
61
61
61
61
61
61
61.4142
61.8284
62.2426
62.6569
63.0711
63.4853
63.8995
64.3137
64.7279
65.1421
65.5564
65.9706
66.3848
66.799
67.2132
67.6274
68.0416
68.4559
68.8701
69.2843
69.6985
70.1127
70.5269
70.5269
70.1127
69.6985
63.4853
63.0711
62.6569
62.2426
61.8284
61.4142
61
61
61
61
61
61
61
61
61
61
61
61
61
61
61
61
61
61
61
61
61.4142
61.8284
62.2426
62.6569
63.0711
63.4853
63.8995
64.3137
64.7279
65.1421
65.5564
65.9706
66.3848
66.799
67.2132
67.6274
68.0416
68.4559
68.8701
69.2843
69.6985
70.1127
70.5269
70.9412
71.3554
71.7696
72.1838
72.598
73.0122
73.4264
73.8407
74.2549
74.6691
75.6691
76.6691
77.6691
78.6691
79.6691
80.6691
60.4142
60
60
60
60
60
60
60
60
60
60
60
60
60
60
60
60
60
60
60.4142
60.8284
61.2426
61.6569
62.0711
62.4853
62.8995
63.3137
63.7279
64.1421
64.5564
64.9706
65.9706
60.4142
60
60
60
60
60
60
60
60
60
60
60
60
60.4142
60.8284
61.2426
61.6569
62.0711
62.4853
62.8995
63.3137
63.7279
64.1421
64.5564
64.9706
65.3848
65.799
66.2132
66.6274
67.0416
67.4559
67.8701
68.2843
68.6985
69.1127
69.5269
69.5269
69.1127
68.6985
68.2843
67.8701
67.4559
62.4853
62.0711
61.6569
61.2426
60.8284
60.4142
60
60
60
60
60
60
60
60
60
60
60
60
60
60
60
60
60
60
60
60
60.4142
60.8284
61.2426
61.6569
62.0711
62.4853
62.8995
63.3137
63.7279
64.1421
64.5564
64.9706
65.3848
65.799
66.2132
66.6274
67.0416
67.4559
67.8701
68.2843
68.6985
69.1127
69.5269
69.9412
70.3554
70.7696
71.1838
71.598
72.0122
72.4264
72.8407
73.2549
74.2549
75.2549
76.2549
77.2549
78.2549
59
59
59
59
59
59
59
59
59
59
59
59
59
59
59
59
59
59
59.4142
59.8284
60.2426
60.6569
61.0711
61.4853
61.8995
62.3137
62.7279
63.1421
63.5564
59
59
59
59
59
59
59
59
59
59
59
59
59.4142
59.8284
60.2426
60.6569
61.0711
61.4853
61.8995
62.3137
62.7279
63.1421
63.5564
63.9706
64.3848
64.799
65.2132
65.6274
66.0416
66.4559
66.8701
67.2843
67.6985
68.1127
68.5269
68.5269
68.1127
67.6985
67.2843
66.8701
66.4559
66.0416
62.3137
61.8995
61.4853
61.0711
60.6569
60.2426
59.8284
59.4142
59
59
59
59
59
59
59
59
59
59
59
59
59
59
59
59
59
59
59
59
59.4142
59.8284
60.2426
60.6569
61.0711
61.4853
61.8995
62.3137
62.7279
63.1421
63.5564
63.9706
64.3848
64.799
65.2132
65.6274
66.0416
66.4559
66.8701
67.2843
67.6985
68.1127
68.5269
68.9412
69.3554
69.7696
70.1838
70.598
71.0122
71.4264
71.8407
72.8407
73.8407
74.8407
75.8407
76.8407
77.8407
58
58
58
58
58
58
58
58
58
58
58
58
58
58
58
58
58
58
58.4142
58.8284
59.2426
59.6569
60.0711
60.4853
60.8995
61.3137
61.7279
62.1421
62.5564
58
58
58
58
58
58
58
58
58
58
58
58
58.4142
58.8284
59.2426
59.6569
60.0711
60.4853
60.8995
61.3137
61.7279
62.1421
62.5564
62.9706
63.3848
63.799
64.2132
64.6274
65.0416
65.4559
65.8701
66.2843
66.6985
67.1127
67.5269
67.5269
67.1127
66.6985
66.2843
65.8701
65.4559
65.0416
64.6274
64.2132
61.3137
60.8995
60.4853
60.0711
59.6569
59.2426
58.8284
58.4142
58
58
58
58
58
58
58
58
58
58
58
58
58
58
58
58
58
58
58
58
58.4142
58.8284
59.2426
59.6569
60.0711
60.4853
60.8995
61.3137
61.7279
62.1421
62.5564
62.9706
63.3848
63.799
64.2132
64.6274
65.0416
65.4559
65.8701
66.2843
66.6985
67.1127
67.5269
67.9412
68.3554
68.7696
69.1838
69.598
70.0122
70.4264
71.4264
72.4264
73.4264
74.4264
75.4264
76.4264
77.4264
57
57
57
57
57
57
57
57
57
57
57
57
57
57
57
57
57
57
57.4142
57.8284
58.2426
58.6569
59.0711
59.4853
59.8995
60.3137
60.7279
61.1421
61.5564
57
57
57
57
57
57
57
57
57
57
57
57
57.4142
57.8284
58.2426
58.6569
59.0711
59.4853
59.8995
60.3137
60.7279
61.1421
61.5564
61.9706
62.3848
62.799
63.2132
63.6274
64.0416
64.4559
64.8701
65.2843
65.6985
66.1127
66.5269
66.5269
66.1127
65.6985
65.2843
64.8701
64.4559
64.0416
63.6274
63.2132
62.799
62.3848
60.3137
59.8995
59.4853
59.0711
58.6569
58.2426
57.8284
57.4142
57
57
57
57
57
57
57
57
57
57
57
57
57
57
57
57
57
57
57
57
57.4142
57.8284
58.2426
58.6569
59.0711
59.4853
59.8995
60.3137
60.7279
61.1421
61.5564
61.9706
62.3848
62.799
63.2132
63.6274
64.0416
64.4559
64.8701
65.2843
65.6985
66.1127
66.5269
66.9412
67.3554
67.7696
68.1838
68.598
69.0122
70.0122
71.0122
72.0122
73.0122
74.0122
75.0122
76.0122
77.0122
56
56
56
56
56
56
56
56
56
56
56
56
56
56
56
56
56
56
56.4142
56.8284
57.2426
57.6569
58.0711
58.4853
58.8995
59.3137
59.7279
60.1421
60.5564
56
56
56
56
56
56
56
56
56
56
56
56
56.4142
56.8284
57.2426
57.6569
58.0711
58.4853
58.8995
59.3137
59.7279
60.1421
60.5564
60.9706
61.3848
61.799
62.2132
62.6274
63.0416
63.4559
63.8701
64.2843
64.6985
65.1127
65.5269
65.5269
65.1127
64.6985
64.2843
63.8701
63.4559
63.0416
62.6274
62.2132
61.799
61.3848
60.9706
60.5564
60.1421
59.3137
58.8995
58.4853
58.0711
57.6569
57.2426
56.8284
56.4142
56
56
56
56
56
56
56
56
56
56
56
56
56
56
56
56
56
56
56
56
56.4142
56.8284
57.2426
57.6569
58.0711
58.4853
58.8995
59.3137
59.7279
60.1421
60.5564
60.9706
61.3848
61.799
62.2132
62.6274
63.0416
63.4559
63.8701
64.2843
64.6985
65.1127
65.5269
65.9412
66.3554
66.7696
67.1838
67.598
68.598
69.598
70.598
71.598
72.598
73.598
74.598
75.598
55
55
55
55
55
55
55
55
55
55
55
55
55
55
55
55
55
55
55.4142
55.8284
56.2426
56.6569
57.0711
57.4853
57.8995
58.3137
58.7279
59.1421
59.5564
55
55
55
55
55
55
55
55
55
55
55
55
55.4142
55.8284
56.2426
56.6569
57.0711
57.4853
57.8995
58.3137
58.7279
59.1421
59.5564
59.9706
60.3848
60.799
61.2132
61.6274
62.0416
62.4559
62.8701
63.2843
63.6985
64.1127
64.5269
64.5269
64.1127
63.6985
63.2843
62.8701
62.4559
62.0416
61.6274
61.2132
60.799
60.3848
59.9706
59.5564
59.1421
58.7279
58.7279
58.3137
57.8995
57.4853
57.0711
56.6569
56.2426
55.8284
55.4142
55
55
55
55
55
55
55
55
55
55
55
55
55
55
55
55
55
55
55
55
55.4142
55.8284
56.2426
56.6569
57.0711
57.4853
57.8995
58.3137
58.7279
59.1421
59.5564
59.9706
60.3848
60.799
61.2132
61.6274
62.0416
62.4559
62.8701
63.2843
63.6985
64.1127
64.5269
64.9412
65.3554
65.7696
66.1838
67.1838
68.1838
69.1838
70.1838
71.1838
72.1838
73.1838
74.1838
75.1838
54
54
54
54
54
54
54
54
54
54
54
54
54
54
54
54
54
54
54.4142
54.8284
55.2426
55.6569
56.0711
56.4853
56.8995
57.3137
57.7279
58.1421
58.5564
54
54
54
54
54
54
54
54
54
54
54
54
54.4142
54.8284
55.2426
55.6569
56.0711
56.4853
56.8995
57.3137
57.7279
58.1421
58.5564
58.9706
59.3848
59.799
60.2132
60.6274
61.0416
61.4559
61.8701
62.2843
62.6985
63.1127
63.5269
63.5269
63.1127
62.6985
62.2843
61.8701
61.4559
61.0416
60.6274
60.2132
59.799
59.3848
58.9706
58.5564
58.1421
57.7279
57.7279
57.3137
56.8995
56.4853
56.0711
55.6569
55.2426
54.8284
54.4142
54
54
54
54
54
54
54
54
54
54
54
54
54
54
54
54
54
54
54
54
54.4142
54.8284
55.2426
55.6569
56.0711
56.4853
56.8995
57.3137
57.7279
58.1421
58.5564
58.9706
59.3848
59.799
60.2132
60.6274
61.0416
61.4559
61.8701
62.2843
62.6985
63.1127
63.5269
63.9412
64.3554
64.7696
65.7696
66.7696
67.7696
68.7696
69.7696
70.7696
71.7696
72.7696
73.7696
74.7696
53
53
53
53
53
53
53
53
53
53
53
53
53
53
53
53
53
53
53.4142
53.8284
54.2426
54.6569
55.0711
55.4853
55.8995
56.3137
56.7279
57.1421
57.5564
53
53
53
53
53
53
53
53
53
53
53
53
53.4142
53.8284
54.2426
54.6569
55.0711
55.4853
55.8995
56.3137
56.7279
57.1421
57.5564
57.9706
58.3848
58.799
59.2132
59.6274
60.0416
60.4559
60.8701
61.2843
61.6985
62.1127
62.5269
62.5269
62.1127
61.6985
61.2843
60.8701
60.4559
60.0416
59.6274
59.2132
58.799
58.3848
57.9706
57.5564
57.1421
56.7279
56.3137
55.8995
56.7279
56.3137
55.8995
55.4853
55.0711
54.6569
54.2426
53.8284
53.4142
53
53
53
53
53
53
53
53
53
53
53
53
53
53
53
53
53
53
53
53
53.4142
53.8284
54.2426
54.6569
55.0711
55.4853
55.8995
56.3137
56.7279
57.1421
57.5564
57.9706
58.3848
58.799
59.2132
59.6274
60.0416
60.4559
60.8701
61.2843
61.6985
62.1127
62.5269
62.9412
63.3554
64.3554
65.3554
66.3554
67.3554
68.3554
69.3554
70.3554
71.3554
72.3554
73.3554
52
52
52
52
52
52
52
52
52
52
52
52
52
52
52
52
52
52
52.4142
52.8284
53.2426
53.6569
54.0711
54.4853
54.8995
55.3137
55.7279
56.1421
52
52
52
52
52
52
52
52
52
52
52
52
52.4142
52.8284
53.2426
53.6569
54.0711
54.4853
54.8995
55.3137
55.7279
56.1421
56.5564
56.9706
57.3848
57.799
58.2132
58.6274
59.0416
59.4559
59.8701
60.2843
60.6985
61.1127
61.5269
61.5269
61.1127
60.6985
60.2843
59.8701
59.4559
59.0416
58.6274
58.2132
57.799
57.3848
56.9706
56.5564
56.1421
55.7279
55.3137
54.8995
54.4853
54.0711
53.6569
55.7279
55.3137
54.8995
54.4853
54.0711
53.6569
53.2426
52.8284
52.4142
52
52
52
52
52
52
52
52
52
52
52
52
52
52
52
52
52
52
52
52
52.4142
52.8284
53.2426
53.6569
54.0711
54.4853
54.8995
55.3137
55.7279
56.1421
56.5564
56.9706
57.3848
57.799
58.2132
58.6274
59.0416
59.4559
59.8701
60.2843
60.6985
61.1127
61.5269
61.9412
62.9412
63.9412
64.9412
65.9412
66.9412
67.9412
68.9412
69.9412
70.9412
71.9412
72.9412
51
51
51
51
51
51
51
51
51
51
51
51
51
51
51
51
51
51
51.4142
51.8284
52.2426
52.6569
53.0711
53.4853
53.8995
54.3137
54.7279
55.1421
51
51
51
51
51
51
51
51
51
51
51
51
51.4142
51.8284
52.2426
52.6569
53.0711
53.4853
53.8995
54.3137
54.7279
55.1421
55.5564
55.9706
56.3848
56.799
57.2132
57.6274
58.0416
58.4559
58.8701
59.2843
59.6985
60.1127
60.5269
60.5269
60.1127
59.6985
59.2843
58.8701
58.4559
58.0416
57.6274
57.2132
56.799
56.3848
55.9706
55.5564
55.1421
54.7279
54.3137
53.8995
53.4853
53.0711
52.6569
52.2426
54.7279
54.3137
53.8995
53.4853
53.0711
52.6569
52.2426
51.8284
51.4142
51
51
51
51
51
51
51
51
51
51
51
51
51
51
51
51
51
51
51
51
51.4142
51.8284
52.2426
52.6569
53.0711
53.4853
53.8995
54.3137
54.7279
55.1421
55.5564
55.9706
56.3848
56.799
57.2132
57.6274
58.0416
58.4559
58.8701
59.2843
59.6985
60.1127
60.5269
61.5269
62.5269
63.5269
64.5269
65.5269
66.5269
67.5269
68.5269
69.5269
70.5269
71.5269
50
50
50
50
50
50
50
50
50
50
50
50
50
50
50
50
50
50
50.4142
50.8284
51.2426
51.6569
52.0711
52.4853
52.8995
53.3137
53.7279
54.1421
50
50
50
50
50
50
50
50
50
50
50
50
50.4142
50.8284
51.2426
51.6569
52.0711
52.4853
52.8995
53.3137
53.7279
54.1421
54.5564
54.9706
55.3848
55.799
56.2132
56.6274
57.0416
57.4559
57.8701
58.2843
58.6985
59.1127
59.9411
59.5269
59.1127
58.6985
58.2843
57.8701
57.4559
57.0416
56.6274
56.2132
55.799
55.3848
54.9706
54.5564
54.1421
53.7279
53.3137
52.8995
52.4853
52.0711
51.6569
51.2426
50.8284
50.4142
50
53.7279
53.3137
52.8995
52.4853
52.0711
51.6569
51.2426
50.8284
50.4142
50
50
50
50
50
50
50
50
50
50
50
50
50
50
50
50
50
50
50
50
50.4142
50.8284
51.2426
51.6569
52.0711
52.4853
52.8995
53.3137
53.7279
54.1421
54.5564
54.9706
55.3848
55.799
56.2132
56.6274
57.0416
57.4559
57.8701
58.2843
58.6985
59.1127
60.1127
61.1127
62.1127
63.1127
64.1127
65.1127
66.1127
67.1127
68.1127
69.1127
49
49
49
49
49
49
49
49
49
49
49
49
49
49
49
49
49
49
49
49.4142
49.8284
50.2426
50.6569
51.0711
51.4853
51.8995
52.3137
52.7279
53.1421
49
49
49
49
49
49
49
49
49
49
49
49
49.4142
49.8284
50.2426
50.6569
51.0711
51.4853
51.8995
52.3137
52.7279
53.1421
53.5564
53.9706
54.3848
54.799
55.2132
55.6274
56.0416
56.4559
56.8701
57.2843
57.6985
58.6985
58.9411
58.5269
58.1127
57.6985
57.2843
56.8701
56.4559
56.0416
55.6274
55.2132
54.799
54.3848
53.9706
53.5564
53.1421
52.7279
52.3137
51.8995
51.4853
51.0711
50.6569
50.2426
49.8284
49.4142
49
49
49
52.7279
52.3137
51.8995
51.4853
51.0711
50.6569
50.2426
49.8284
49.4142
49
49
49
49
49
49
49
49
49
49
49
49
49
49
49
49
49
49
49
49
49.4142
49.8284
50.2426
50.6569
51.0711
51.4853
51.8995
52.3137
52.7279
53.1421
53.5564
53.9706
54.3848
54.799
55.2132
55.6274
56.0416
56.4559
56.8701
57.2843
57.6985
58.6985
59.6985
60.6985
61.6985
62.6985
63.6985
64.6985
65.6985
66.6985
48
48
48
48
48
48
48
48
48
48
48
48
48
48
48
48
48
48
48
48.4142
48.8284
49.2426
49.6569
50.0711
50.4853
50.8995
51.3137
51.7279
48
48
48
48
48
48
48
48
48
48
48
48
48.4142
48.8284
49.2426
49.6569
50.0711
50.4853
50.8995
51.3137
51.7279
52.1421
52.5564
52.9706
53.3848
53.799
54.2132
54.6274
55.0416
55.4559
55.8701
56.2843
57.2843
58.2843
57.9411
57.5269
57.1127
56.6985
56.2843
55.8701
55.4559
55.0416
54.6274
54.2132
53.799
53.3848
52.9706
52.5564
52.1421
51.7279
51.3137
50.8995
50.4853
50.0711
49.6569
49.2426
48.8284
48.4142
48
48
48
48
48
51.7279
51.3137
50.8995
50.4853
50.0711
49.6569
49.2426
48.8284
48.4142
48
48
48
48
48
48
48
48
48
48
48
48
48
48
48
48
48
48
48
48
48.4142
48.8284
49.2426
49.6569
50.0711
50.4853
50.8995
51.3137
51.7279
52.1421
52.5564
52.9706
53.3848
53.799
54.2132
54.6274
55.0416
55.4559
55.8701
56.2843
57.2843
58.2843
59.2843
60.2843
61.2843
62.2843
63.2843
64.2843
47
47
47
47
47
47
47
47
47
47
47
47
47
47
47
47
47
47
47
47.4142
47.8284
48.2426
48.6569
49.0711
49.4853
49.8995
50.3137
50.7279
47
47
47
47
47
47
47
47
47
47
47
47
47.4142
47.8284
48.2426
48.6569
49.0711
49.4853
49.8995
50.3137
50.7279
51.1421
51.5564
51.9706
52.3848
52.799
53.2132
53.6274
54.0416
54.4559
54.8701
55.8701
56.8701
57.3554
56.9411
56.5269
56.1127
55.6985
55.2843
54.8701
54.4559
54.0416
53.6274
53.2132
52.799
52.3848
51.9706
51.5564
51.1421
50.7279
50.3137
49.8995
49.4853
49.0711
48.6569
48.2426
47.8284
47.4142
47
47
47
47
47
47
50.7279
50.3137
49.8995
49.4853
49.0711
48.6569
48.2426
47.8284
47.4142
47
47
47
47
47
47
47
47
47
47
47
47
47
47
47
47
47
47
47
47
47.4142
47.8284
48.2426
48.6569
49.0711
49.4853
49.8995
50.3137
50.7279
51.1421
51.5564
51.9706
52.3848
52.799
53.2132
53.6274
54.0416
54.4559
54.8701
55.8701
56.8701
57.8701
58.8701
59.8701
60.8701
61.8701
62.8701
46
46
46
46
46
46
46
46
46
46
46
46
46
46
46
46
46
46
46
46.4142
46.8284
47.2426
47.6569
48.0711
48.4853
48.8995
49.3137
49.7279
46
46
46
46
46
46
46
46
46
46
46
46
46.4142
46.8284
47.2426
47.6569
48.0711
48.4853
48.8995
49.3137
49.7279
50.1421
50.5564
50.9706
51.3848
51.799
52.2132
52.6274
53.0416
53.4559
54.4559
55.4559
56.4559
56.9411
55.9411
55.5269
55.1127
54.6985
54.2843
53.8701
53.4559
53.0416
52.6274
52.2132
51.799
51.3848
50.9706
50.5564
50.1421
49.7279
49.3137
48.8995
48.4853
48.0711
47.6569
47.2426
46.8284
46.4142
46
46
46
46
46
46
49.7279
49.3137
48.8995
48.4853
48.0711
47.6569
47.2426
46.8284
46.4142
46
46
46
46
46
46
46
46
46
46
46
46
46
46
46
46
46
46
46
46
46.4142
46.8284
47.2426
47.6569
48.0711
48.4853
48.8995
49.3137
49.7279
50.1421
50.5564
50.9706
51.3848
51.799
52.2132
52.6274
53.0416
53.4559
54.4559
55.4559
56.4559
57.4559
58.4559
59.4559
60.4559
61.4559
62.4559
45
45
45
45
45
45
45
45
45
45
45
45
45
45
45
45
45
45
45
45.4142
45.8284
46.2426
46.6569
47.0711
47.4853
47.8995
48.3137
48.7279
45
45
45
45
45
45
45
45
45
45
45
45
45.4142
45.8284
46.2426
46.6569
47.0711
47.4853
47.8995
48.3137
48.7279
49.1421
49.5564
49.9706
50.3848
50.799
51.2132
51.6274
52.0416
53.0416
54.0416
55.0416
56.0416
56.5269
55.5269
54.5269
54.1127
53.6985
53.2843
52.8701
52.4559
52.0416
51.6274
51.2132
50.799
50.3848
49.9706
49.5564
49.1421
48.7279
48.3137
47.8995
47.4853
47.0711
46.6569
46.2426
45.8284
45.4142
45
45
45
45
45
45
45
45
45
48.7279
48.3137
47.8995
47.4853
47.0711
46.6569
46.2426
45.8284
45.4142
45
45
45
45
45
45
45
45
45
45
45
45
45
45
45
45
45
45
45
45
45.4142
45.8284
46.2426
46.6569
47.0711
47.4853
47.8995
48.3137
48.7279
49.1421
49.5564
49.9706
50.3848
50.799
51.2132
51.6274
52.0416
53.0416
54.0416
55.0416
56.0416
57.0416
58.0416
59.0416
60.0416
45
45
45
45
45
45
45
45
45
45
45
45
45
45.4142
44
44
44
44
44
44
44
44
44
44
44
44
44
44
44
44
44
44
44
44.4142
44.8284
45.2426
45.6569
46.0711
46.4853
46.8995
47.3137
47.7279
44
44
44
44
44
44
44
44
44
44
44
44
44
44.4142
44.8284
45.2426
45.6569
46.0711
46.4853
46.8995
47.3137
47.7279
48.1421
48.5564
48.9706
49.3848
49.799
50.2132
50.6274
51.6274
52.6274
53.6274
54.6274
55.6274
56.1127
55.1127
54.1127
53.1127
52.6985
52.2843
51.8701
51.4559
51.0416
50.6274
50.2132
49.799
49.3848
48.9706
48.5564
48.1421
47.7279
47.3137
46.8995
46.4853
46.0711
45.6569
45.2426
44.8284
44.4142
44
44
44
44
44
44
44
44
44
44
47.3137
46.8995
46.4853
46.0711
45.6569
45.2426
44.8284
44.4142
44
44
44
44
44
44
44
44
44
44
44
44
44
44
44
44
44
44
44
44
44.4142
44.8284
45.2426
45.6569
46.0711
46.4853
46.8995
47.3137
47.7279
48.1421
48.5564
48.9706
49.3848
49.799
50.2132
50.6274
51.6274
52.6274
53.6274
54.6274
55.6274
56.6274
44
44
44
44
44
44
44
44
44
44
44
44
44
44
44
44
44.4142
44.8284
45.2426
44.8284
44.4142
43
43
43
43
43
43
43
43
43
43
43
43
43
43
43
43
43
43
43
43
43.4142
43.8284
44.2426
44.6569
45.0711
45.4853
45.8995
46.3137
43
43
43
43
43
43
43
43
43
43
43
43
43
43.4142
43.8284
44.2426
44.6569
45.0711
45.4853
45.8995
46.3137
46.7279
47.1421
47.5564
47.9706
48.3848
48.799
49.2132
50.2132
51.2132
52.2132
53.2132
54.2132
55.2132
55.6985
54.6985
53.6985
52.6985
51.6985
51.2843
50.8701
50.4559
50.0416
49.6274
49.2132
48.799
48.3848
47.9706
47.5564
47.1421
46.7279
46.3137
45.8995
45.4853
45.0711
44.6569
44.2426
43.8284
43.4142
43
43
43
43
43
43
43
43
43
43
43
46.3137
45.8995
45.4853
45.0711
44.6569
44.2426
43.8284
43.4142
43
43
43
43
43
43
43
43
43
43
43
43
43
43
43
43
43
43
43
43
43.4142
43.8284
44.2426
44.6569
45.0711
45.4853
45.8995
46.3137
46.7279
47.1421
47.5564
47.9706
48.3848
48.799
49.2132
50.2132
51.2132
52.2132
53.2132
43
43
43
43
43
43
43
43
43
43
43
43
43
43
43
43
43
43
43.4142
43.8284
44.2426
43.8284
43.4142
43
43
42
42
42
42
42
42
42
42
42
42
42
42
42
42
42
42
42
42
42
42
42.4142
42.8284
43.2426
43.6569
44.0711
44.4853
44.8995
45.3137
42
42
42
42
42
42
42
42
42
42
42
42
42
42.4142
42.8284
43.2426
43.6569
44.0711
44.4853
44.8995
45.3137
45.7279
46.1421
46.5564
46.9706
47.3848
47.799
48.799
49.799
50.799
51.799
52.799
53.799
54.799
55.2843
54.2843
53.2843
52.2843
51.2843
50.2843
49.8701
49.4559
49.0416
48.6274
48.2132
47.799
47.3848
46.9706
46.5564
46.1421
45.7279
45.3137
44.8995
44.4853
44.0711
43.6569
43.2426
42.8284
42.4142
42
42
42
42
42
42
42
42
42
42
42
42
45.3137
44.8995
44.4853
44.0711
43.6569
43.2426
42.8284
42.4142
42
42
42
42
42
42
42
42
42
42
42
42
42
42
42
42
42
42
42
42
42.4142
42.8284
43.2426
43.6569
44.0711
44.4853
44.8995
45.3137
45.7279
46.1421
46.5564
46.9706
47.3848
47.799
48.799
49.799
50.799
42
42
42
42
42
42
42
42
42
42
42
42
42
42
42
42
42
42
42
42.4142
42.8284
43.2426
42.8284
42.4142
42
42
42
42
41
41
41
41
41
41
41
41
41
41
41
41
41
41
41
41
41
41
41
41
41.4142
41.8284
42.2426
42.6569
43.0711
43.4853
43.8995
44.8995
41
41
41
41
41
41
41
41
41
41
41
41
41
41
41.4142
41.8284
42.2426
42.6569
43.0711
43.4853
43.8995
44.3137
44.7279
45.1421
45.5564
45.9706
46.3848
47.3848
48.3848
49.3848
50.3848
51.3848
52.3848
53.3848
54.3848
54.8701
53.8701
52.8701
51.8701
50.8701
49.8701
48.8701
48.4559
48.0416
47.6274
47.2132
46.799
46.3848
45.9706
45.5564
45.1421
44.7279
44.3137
43.8995
43.4853
43.0711
42.6569
42.2426
41.8284
41.4142
41
41
41
41
41
41
41
41
41
41
41
41
41
41
44.3137
43.8995
43.4853
43.0711
42.6569
42.2426
41.8284
41.4142
41
41
41
41
41
41
41
41
41
41
41
41
41
41
41
41
41
41
41
41
41.4142
41.8284
42.2426
42.6569
43.0711
43.4853
43.8995
44.3137
44.7279
45.1421
45.5564
45.9706
46.3848
47.3848
48.3848
49.3848
41
41
41
41
41
41
41
41
41
41
41
41
41
41
41
41
41
41
41
41
41
41.4142
41.8284
42.2426
41.8284
41.4142
41
41
41
41
41
41
45.3848
45.3848
44.9706
44.5563
44.1421
43.7279
43.3137
42.8995
42.4853
42.0711
41.6569
41.2426
40.8284
40.4142
40
40
40
40
40
40
40
40
40
40
40
40
40
40
40
40
40
40
40
40
40
40
40
40.4142
40.8284
41.2426
41.6569
42.0711
42.4853
40
40
40
40
40
40
40
40
40
40
40
40
40
40
40.4142
40.8284
41.2426
41.6569
42.0711
42.4853
42.8995
43.3137
43.7279
44.1421
44.5564
44.9706
45.9706
46.9706
47.9706
48.9706
49.9706
50.9706
51.9706
52.9706
53.9706
54.4559
53.4559
52.4559
51.4559
50.4559
49.4559
48.4559
47.4559
47.0416
46.6274
46.2132
45.799
45.3848
44.9706
44.5564
44.1421
43.7279
43.3137
42.8995
42.4853
42.0711
41.6569
41.2426
40.8284
40.4142
40
40
40
40
40
40
40
40
40
40
40
40
40
40
40
43.3137
42.8995
42.4853
42.0711
41.6569
41.2426
40.8284
40.4142
40
40
40
40
40
40
40
40
40
40
40
40
40
40
40
40
40
40
40
40
40.4142
40.8284
41.2426
41.6569
42.0711
42.4853
42.8995
43.3137
43.7279
44.1421
44.5564
44.9706
45.9706
40
40
40
40
40
40
40
40
40
40
40
40
40
40
40
40
40
40
40
40
40
40
40.4142
40.8284
41.2426
40.8284
40.4142
40
40
40
40
40
40
40
40
40.6569
41.0711
41.4853
41.8995
42.3137
42.7279
43.1421
43.5563
43.9706
44.3848
44.3848
43.9706
43.5563
43.1421
42.7279
42.3137
41.8995
41.4853
41.0711
40.6569
40.2426
39.8284
39.4142
39
39
39
39
39
39
39
39
39
39
39
39
39
39
39
39
39
39
39
39
39
39
39
39
39
39
39
39
39
39
39
39.4142
39.8284
40.2426
40.6569
41.0711
41.4853
39
39
39
39
39
39
39
39
39
39
39
39
39
39
39.4142
39.8284
40.2426
40.6569
41.0711
41.4853
41.8995
42.3137
42.7279
43.1421
43.5564
44.5564
45.5564
46.5564
51.0416
50.0416
49.0416
48.0416
47.0416
46.0416
45.6274
45.2132
44.799
44.3848
43.9706
43.5564
43.1421
42.7279
42.3137
41.8995
41.4853
41.0711
40.6569
40.2426
39.8284
39.4142
39
39
39
39
39
39
39
39
39
39
39
39
39
39
39
39
42.8995
41.8995
41.4853
41.0711
40.6569
40.2426
39.8284
39.4142
39
39
39
39
39
39
39
39
39
39
39
39
39
39
39
39
39
39
39
39
39.4142
39.8284
40.2426
40.6569
41.0711
41.4853
41.8995
42.3137
42.7279
43.1421
43.5564
44.5564
39
39
39
39
39
39
39
39
39
39
39
39
39
39
39
39
39
39
39
39
39
39
39
39.4142
39.8284
40.2426
39.8284
39.4142
39
39
39
39
39
39
39
39
39
38
38
38.4142
38.8284
39.2426
39.6569
40.0711
40.4853
40.8995
41.3137
41.7279
42.1421
42.5563
42.9706
43.3848
43.3848
42.9706
42.5563
42.1421
41.7279
41.3137
40.8995
40.4853
40.0711
39.6569
39.2426
38.8284
38.4142
38
38
38
38
38
38
38
38
38
38
38
38
38
38
38
38
38
38
38
38
38
38
38
38
38
38
38
38
38
38
38
38
38
38
38.4142
38.8284
39.2426
39.6569
40.0711
40.4853
38
38
38
38
38
38
38
38
38
38
38
38
38
38
38
38
38.4142
38.8284
39.2426
39.6569
40.0711
40.4853
40.8995
41.3137
41.7279
42.1421
43.1421
46.6274
45.6274
44.6274
44.2132
43.799
43.3848
42.9706
42.5564
42.1421
41.7279
41.3137
40.8995
40.4853
40.0711
39.6569
39.2426
38.8284
38.4142
38
38
38
38
38
38
38
38
38
38
38
38
38
38
38
38
40.4853
40.0711
39.6569
39.2426
38.8284
38.4142
38
38
38
38
38
38
38
38
38
38
38
38
38
38
38
38
38
38
38
38
38.4142
38.8284
39.2426
39.6569
40.0711
40.4853
40.8995
41.3137
41.7279
42.1421
43.1421
38
38
38
38
38
38
38
38
38
38
38
38
38
38
38
38
38
38
38
38
38
38
38
38.4142
38.8284
39.2426
38.8284
38.4142
38
38
38
38
38
38
38
38
38
38
37
37
37.4142
37.8284
38.2426
38.6569
39.0711
39.4853
39.8995
40.3137
40.7279
41.1421
41.5563
41.9706
42.3848
42.3848
41.9706
41.5563
41.1421
40.7279
40.3137
39.8995
39.4853
39.0711
38.6569
38.2426
37.8284
37.4142
37
37
37
37
37
37
37
37
37
37
37
37
37
37
37
37
37
37
37
37
37
37
37
37
37
37
37
37
37
37
37
37
37
37
37.4142
37.8284
38.2426
38.6569
39.0711
39.4853
37
37
37
37
37
37
37
37
37
37
37
37
37
37
37
37
37.4142
37.8284
38.2426
38.6569
39.0711
39.4853
39.8995
40.3137
40.7279
41.7279
42.7279
46.2132
45.2132
44.2132
43.2132
42.799
42.3848
41.9706
41.5564
41.1421
40.7279
40.3137
39.8995
39.4853
39.0711
38.6569
38.2426
37.8284
37.4142
37
37
37
37
37
37
37
37
37
37
37
37
37
37
37
37
39.4853
39.0711
38.6569
38.2426
37.8284
37.4142
37
37
37
37
37
37
37
37
37
37
37
37
37
37
37
37
37
37
37
37
37.4142
37.8284
38.2426
38.6569
39.0711
39.4853
39.8995
40.3137
40.7279
41.7279
42.7279
37
37
37
37
37
37
37
37
37
37
37
37
37
37
37
37
37
37
37
37
37
37
37
37.4142
37.8284
38.2426
37.8284
37.4142
37
37
37
37
37
37
37
37
37
37
36
36
36
36
36
36
36.4142
36.8284
37.2426
37.6569
38.0711
38.4853
38.8995
39.3137
39.7279
40.1421
40.5563
40.9706
41.3848
41.3848
40.9706
40.5563
40.1421
39.7279
39.3137
38.8995
38.4853
38.0711
37.6569
37.2426
36.8284
36.4142
36
36
36
36
36
36
36
36
36
36
36
36
36
36
36
36
36
36
36
36
36
36
36
36
36
36
36
36
36
36
36
36
36
36
36
36
36
36
36.4142
36.8284
37.2426
37.6569
38.0711
38.4853
36
36
36
36
36
36
36
36
36
36
36
36
36
36
36
36
36.4142
36.8284
37.2426
37.6569
38.0711
38.4853
38.8995
39.3137
40.3137
44.799
43.799
42.799
41.799
41.3848
40.9706
40.5564
40.1421
39.7279
39.3137
38.8995
38.4853
38.0711
37.6569
37.2426
36.8284
36.4142
36
36
36
36
36
36
36
36
36
36
36
36
36
36
36
36
36
38.4853
38.0711
37.6569
37.2426
36.8284
36.4142
36
36
36
36
36
36
36
36
36
36
36
36
36
36
36
36
36
36
36
36
36.4142
36.8284
37.2426
37.6569
38.0711
38.4853
38.8995
39.3137
40.3137
36.8284
36.4142
36
36
36
36
36
36
36
36
36
36
36
36
36
36
36
36
36
36
36
36
36
36
36
36.4142
36.8284
37.2426
36.8284
36.4142
36
36
36
36
36
36
36
36
36
36
36
35
35
35
35
35
35
35
35
35
35
35.4142
35.8284
36.2426
36.6569
37.0711
37.4853
37.8995
38.3137
38.7279
39.1421
39.5563
39.9706
40.3848
40.3848
39.9706
39.5563
39.1421
38.7279
38.3137
37.8995
37.4853
37.0711
36.6569
36.2426
35.8284
35.4142
35
35
35
35
35
35
35
35
35
35
35
35
35
35
35
35
35
35
35
35
35
35
35
35
35
35
35
35
35
35
35
35
35
35
35
35
35
35
35
35
35.4142
35.8284
36.2426
36.6569
37.0711
35
35
35
35
35
35
35
35
35
35
35
35
35
35
35
35
35
35.4142
35.8284
36.2426
36.6569
37.0711
37.4853
37.8995
41.3848
40.3848
39.9706
39.5564
39.1421
38.7279
38.3137
37.8995
37.4853
37.0711
36.6569
36.2426
35.8284
35.4142
35
35
35
35
35
35
35
35
35
35
35
35
35
35
35
35
35
35
35
37.4853
37.0711
36.6569
36.2426
35.8284
35.4142
35
35
35
35
35
35
35
35
35
35
35
35
35
35
35
35
35
35
35
35
35.4142
35.8284
36.2426
36.6569
37.0711
37.4853
37.8995
38.8995
35.8284
35.4142
35
35
35
35
35
35
35
35
35
35
35
35
35
35
35
35
35
35
35
35
35
35
35
35.4142
35.8284
36.2426
35.8284
35.4142
35
35
35
35
35
35
35
35
35
35
35
35
35
34
34
34
34
34
34
34
34
34
34
34
34
34
34.4142
34.8284
35.2426
35.6569
36.0711
36.4853
36.8995
37.3137
37.7279
38.1421
38.5563
38.9706
39.3848
39.3848
38.9706
38.5563
38.1421
37.7279
37.3137
36.8995
36.4853
36.0711
35.6569
35.2426
34.8284
34.4142
34
34
34
34
34
34
34
34
34
34
34
34
34
34
34
34
34
34
34
34
34
34
34
34
34
34
34
34
34
34
34
34
34
34
34
34
34
34
34
34
34
34
34.4142
34.8284
35.2426
35.6569
36.0711
34
34
34
34
34
34
34
34
34
34
34
34
34
34
34
34
34
34.4142
34.8284
35.2426
35.6569
36.0711
36.4853
39.9706
38.9706
38.5564
38.1421
37.7279
37.3137
36.8995
36.4853
36.0711
35.6569
35.2426
34.8284
34.4142
34
34
34
34
34
34
34
34
34
34
34
34
34
34
34
34
34
34
34
36.4853
36.0711
35.6569
35.2426
34.8284
34.4142
34
34
34
34
34
34
34
34
34
34
34
34
34
34
34
34
34
34
34
34
34.4142
34.8284
35.2426
35.6569
36.0711
36.4853
37.4853
35.2426
34.8284
34.4142
34
34
34
34
34
34
34
34
34
34
34
34
34
34
34
34
34
34
34
34
34
34
34
34.4142
34.8284
35.2426
34.8284
34.4142
34
34
34
34
34
34
34
34
34
34
34
34
34
34
33
33
33
33
33
33
33
33
33
33
33
33
33
33
33
33
33
33.4142
33.8284
34.2426
34.6569
35.0711
35.4853
35.8995
36.3137
36.7279
37.1421
37.5563
37.9706
38.3848
38.3848
37.9706
37.5563
37.1421
36.7279
36.3137
35.8995
35.4853
35.0711
34.6569
34.2426
33.8284
33.4142
33
33
33
33
33
33
33
33
33
33
33
33
33
33
33
33
33
33
33
33
33
33
33
33
33
33
33
33
33
33
33
33
33
33
33
33
33
33
33
33
33
33
33
33
33
33.4142
33.8284
34.2426
34.6569
35.0711
33
33
33
33
33
33
33
33
33
33
33
33
33
33
33
33
33
33
33.4142
33.8284
34.2426
34.6569
35.0711
38.5564
37.5564
37.1421
36.7279
36.3137
35.8995
35.4853
35.0711
34.6569
34.2426
33.8284
33.4142
33
33
33
33
33
33
33
33
33
33
33
33
33
33
33
33
33
33
33
33
35.0711
34.6569
34.2426
33.8284
33.4142
33
33
33
33
33
33
33
33
33
33
33
33
33
33
33
33
33
33
33
33
33.4142
33.8284
34.2426
34.6569
35.0711
34.2426
33.8284
33.4142
33
33
33
33
33
33
33
33
33
33
33
33
33
33
33
33
33
33
33
33
33
33
33
33.4142
33.8284
34.2426
33.8284
33.4142
33
33
33
33
33
33
33
33
33
33
33
33
33
33
33
32
32
32
32
32
32
32
32
32
32
32
32
32
32
32
32
32
32
32
32.4142
32.8284
33.2426
33.6569
34.0711
34.4853
34.8995
35.3137
35.7279
36.1421
36.5563
36.9706
37.3848
37.3848
36.9706
36.5563
36.1421
35.7279
35.3137
34.8995
34.4853
34.0711
33.6569
33.2426
32.8284
32.4142
32
32
32
32
32
32
32
32
32
32
32
32
32
32
32
32
32
32
32
32
32
32
32
32
32
32
32
32
32
32
32
32
32
32
32
32
32
32
32
32
32
32
32
32
32
32
32
32.4142
32.8284
33.2426
33.6569
32
32
32
32
32
32
32
32
32
32
32
32
32
32
32
32
32
32
32.4142
32.8284
33.2426
33.6569
34.6569
37.1421
36.1421
35.7279
35.3137
34.8995
34.4853
34.0711
33.6569
33.2426
32.8284
32.4142
32
32
32
32
32
32
32
32
32
32
32
32
32
32
32
32
32
32
32
32
34.0711
33.6569
33.2426
32.8284
32.4142
32
32
32
32
32
32
32
32
32
32
32
32
32
32
32
32
32
32
32
32
32.4142
32.8284
33.2426
33.6569
34.0711
33.2426
32.8284
32.4142
32
32
32
32
32
32
32
32
32
32
32
32
32
32
32
32
32
32
32
32
32
32
32
32.4142
32.8284
33.2426
32.8284
32.4142
32
32
32
32
32
32
32
32
32
32
32
32
32
32
32
32
31
31
31
31
31
31
31
31
31
31
31
31
31
31
31
31
31
31
31
31
31.4142
31.8284
32.2426
32.6569
33.0711
33.4853
33.8995
34.3137
34.7279
35.1421
35.5563
35.9706
36.3848
36.3848
35.9706
35.5563
35.1421
34.7279
34.3137
33.8995
33.4853
33.0711
32.6569
32.2426
31.8284
31.4142
31
31
31
31
31
31
31
31
31
31
31
31
31
31
31
31
31
31
31
31
31
31
31
31
31
31
31
31
31
31
31
31
31
31
31
31
31
31
31
31
31
31
31
31
31
31
31
31
31.4142
31.8284
32.2426
32.6569
31
31
31
31
31
31
31
31
31
31
31
31
31
31
31
31
31
31
31
31
31.4142
31.8284
32.2426
34.7279
34.3137
33.8995
33.4853
33.0711
32.6569
32.2426
31.8284
31.4142
31
31
31
31
31
31
31
31
31
31
31
31
31
31
31
31
31
31
31
31
31
33.0711
32.6569
32.2426
31.8284
31.4142
31
31
31
31
31
31
31
31
31
31
31
31
31
31
31
31
31
31
31
31
31.4142
31.8284
32.2426
32.6569
32.2426
31.8284
31.4142
31
31
31
31
31
31
31
31
31
31
31
31
31
31
31
31
31
31
31
31
31
31
31
31.4142
31.8284
32.2426
31.8284
31.4142
31
31
31
31
31
31
31
31
31
31
31
31
31
31
31
31
30
30
30
30
30
30
30
30
30
30
30
30
30
30
30
30
30
30
30
30
30
30
30
30.4142
30.8284
31.2426
31.6569
32.0711
32.4853
32.8995
33.3137
33.7279
34.1421
34.5563
34.9706
35.3848
35.3848
34.9706
34.5563
34.1421
33.7279
33.3137
32.8995
32.4853
32.0711
31.6569
31.2426
30.8284
30.4142
30
30
30
30
30
30
30
30
30
30
30
30
30
30
30
30
30
30
30
30
30
30
30
30
30
30
30
30
30
30
30
30
30
30
30
30
30
30
30
30
30
30
30
30
30
30
30
30
30
30
30
30.4142
30.8284
31.2426
31.6569
30
30
30
30
30
30
30
30
30
30
30
30
30
30
30
30
30
30
30
30
30.4142
30.8284
31.2426
33.3137
32.8995
32.4853
32.0711
31.6569
31.2426
30.8284
30.4142
30
30
30
30
30
30
30
30
30
30
30
30
30
30
30
30
30
30
30
30
30
32.0711
31.6569
31.2426
30.8284
30.4142
30
30
30
30
30
30
30
30
30
30
30
30
30
30
30
30
30
30
30
30
30.4142
30.8284
31.2426
31.6569
31.2426
30.8284
30.4142
30
30
30
30
30
30
30
30
30
30
30
30
30
30
30
30
30
30
30
30
30
30
30
30.4142
30.8284
31.2426
30.8284
30.4142
30
30
30
30
30
30
30
30
30
30
30
30
30
30
30
30
30
30
29
29
29
29
29
29
29
29
29
29
29
29
29
29
29
29
29
29
29
29
29
29
29
29.4142
29.8284
30.2426
30.6569
31.0711
31.4853
31.8995
32.3137
32.7279
33.1421
33.5563
33.9706
34.3848
34.3848
33.9706
33.5563
33.1421
32.7279
32.3137
31.8995
31.4853
31.0711
30.6569
30.2426
29.8284
29.4142
29
29
29
29
29
29
29
29
29
29
29
29
29
29
29
29
29
29
29
29
29
29
29
29
29
29
29
29
29
29
29
29
29
29
29
29
29
29
29
29
29
29
29
29
29
29
29
29
29
29
29
29.4142
29.8284
30.2426
30.6569
29
29
29
29
29
29
29
29
29
29
29
29
29
29
29
29
29
29
29
29
29.4142
29.8284
30.2426
32.3137
31.8995
31.4853
31.0711
30.6569
30.2426
29.8284
29.4142
29
29
29
29
29
29
29
29
29
29
29
29
29
29
29
29
29
29
29
29
29
31.0711
30.6569
30.2426
29.8284
29.4142
29
29
29
29
29
29
29
29
29
29
29
29
29
29
29
29
29
29
29
29
29.4142
29.8284
30.2426
30.6569
30.2426
29.8284
29.4142
29
29
29
29
29
29
29
29
29
29
29
29
29
29
29
29
29
29
29
29
29
29
29
29.4142
29.8284
30.2426
29.8284
29.4142
29
29
29
29
29
29
29
29
29
29
29
29
29
29
29
29
29
29
28
28
28
28
28
28
28
28
28
28
28
28
28
28
28
28
28
28
28
28
28
28
28
28
28.4142
28.8284
29.2426
29.6569
30.0711
30.4853
30.8995
31.3137
31.7279
32.1421
32.5563
32.9706
33.3848
33.3848
32.9706
32.5563
32.1421
31.7279
31.3137
30.8995
30.4853
30.0711
29.6569
29.2426
28.8284
28.4142
28
28
28
28
28
28
28
28
28
28
28
28
28
28
28
28
28
28
28
28
28
28
28
28
28
28
28
28
28
28
28
28
28
28
28
28
28
28
28
28
28
28
28
28
28
28
28
28
28
28
28
28
28.4142
28.8284
29.2426
29.6569
28
28
28
28
28
28
28
28
28
28
28
28
28
28
28
28
28
28
28
28
28
28.4142
28.8284
31.3137
30.8995
30.4853
30.0711
29.6569
29.2426
28.8284
28.4142
28
28
28
28
28
28
28
28
28
28
28
28
28
28
28
28
28
28
28
28
28
29.6569
29.2426
28.8284
28.4142
28
28
28
28
28
28
28
28
28
28
28
28
28
28
28
28
28
28
28
28
28.4142
28.8284
29.2426
29.2426
28.8284
28.4142
28
28
28
28
28
28
28
28
28
28
28
28
28
28
28
28
28
28
28
28
28
28
28
28.4142
28.8284
29.2426
28.8284
28.4142
28
28
28
28
28
28
28
28
28
28
28
28
28
28
28
28
28
28
28
27
27
27
27
27
27
27
27
27
27
27
27
27
27
27
27
27
27
27
27
27
27
27
27
27
27.4142
27.8284
28.2426
28.6569
29.0711
29.4853
29.8995
30.3137
30.7279
31.1421
31.5563
31.9706
32.3848
32.3848
31.9706
31.5563
31.1421
30.7279
30.3137
29.8995
29.4853
29.0711
28.6569
28.2426
27.8284
27.4142
27
27
27
27
27
27
27
27
27
27
27
27
27
27
27
27
27
27
27
27
27
27
27
27
27
27
27
27
27
27
27
27
27
27
27
27
27
27
27
27
27
27
27
27
27
27
27
27
27
27
27
27
27
27
27.4142
27.8284
28.2426
27
27
27
27
27
27
27
27
27
27
27
27
27
27
27
27
27
27
27
27
27
27.4142
27.8284
29.8995
29.4853
29.0711
28.6569
28.2426
27.8284
27.4142
27
27
27
27
27
27
27
27
27
27
27
27
27
27
27
27
27
27
27
27
27
27
27
28.6569
28.2426
27.8284
27.4142
27
27
27
27
27
27
27
27
27
27
27
27
27
27
27
27
27
27
27
27
27.4142
27.8284
28.2426
28.2426
27.8284
27.4142
27
27
27
27
27
27
27
27
27
27
27
27
27
27
27
27
27
27
27
27
27
27
27
27.4142
27.8284
28.2426
27.8284
27.4142
27
27
27
27
27
27
27
27
27
27
27
27
27
27
27
27
27
27
27
26
26
26
26
26
26
26
26
26
26
26
26
26
26
26
26
26
26
26
26
26
26
26
26
26
26
26
26
26.4142
26.8284
27.2426
27.6569
28.0711
28.4853
28.8995
29.3137
29.7279
30.1421
30.5563
30.9706
31.3848
31.3848
30.9706
30.5563
30.1421
29.7279
29.3137
28.8995
28.4853
28.0711
27.6569
27.2426
26.8284
26.4142
26
26
26
26
26
26
26
26
26
26
26
26
26
26
26
26
26
26
26
26
26
26
26
26
26
26
26
26
26
26
26
26
26
26
26
26
26
26
26
26
26
26
26
26
26
26
26
26
26
26
26
26
26
26
26
26.4142
26.8284
27.2426
26
26
26
26
26
26
26
26
26
26
26
26
26
26
26
26
26
26
26
26
26
26
26.4142
28.4853
28.0711
27.6569
27.2426
26.8284
26.4142
26
26
26
26
26
26
26
26
26
26
26
26
26
26
26
26
26
26
26
26
26
26
26
27.6569
27.2426
26.8284
26.4142
26
26
26
26
26
26
26
26
26
26
26
26
26
26
26
26
26
26
26
26
26.4142
26.8284
26
26
26
26
26
26
27.2426
26.8284
26.4142
26
26
26
26
26
26
26
26
26
26
26
26
26
26
26
26
26
26
26
26
26
26
26
26.4142
26.8284
27.2426
26.8284
26.4142
26
26
26
26
26
26
26
26
26
26
26
26
26
26
26
26
26
26
26
26
25
25
25
25
25
25
25
25
25
25
25
25
25
25
25
25
25
25
25
25
25
25
25
25
25
25
25
25
25
25.4142
25.8284
26.2426
26.6569
27.0711
27.4853
27.8995
28.3137
28.7279
29.1421
29.5563
29.9706
30.3848
30.3848
29.9706
29.5563
29.1421
28.7279
28.3137
27.8995
27.4853
27.0711
26.6569
26.2426
25.8284
25.4142
25
25
25
25
25
25
25
25
25
25
25
25
25
25
25
25
25
25
25
25
25
25
25
25
25
25
25
25
25
25
25
25
25
25
25
25
25
25
25
25
25
25
25
25
25
25
25
25
25
25
25
25
25
25
25
25
25.4142
25.8284
26.2426
25
25
25
25
25
25
25
25
25
25
25
25
25
25
25
25
25
25
25
25
25
25
25.4142
28.0711
27.0711
26.6569
26.2426
25.8284
25.4142
25
25
25
25
25
25
25
25
25
25
25
25
25
25
25
25
25
25
25
25
25
25
25
26.6569
26.2426
25.8284
25.4142
25
25
25
25
25
25
25
25
25
25
25
25
25
25
25
25
25
25
25
25
25.4142
25.8284
25
25
25
25
25
25
25
25
25
25
25
25
25
25
26.2426
25.8284
25.4142
25
25
25
25
25
25
25
25
25
25
25
25
25
25
25
25
25
25
25
25
25
25
25
25.4142
25.8284
26.2426
25.8284
25.4142
25
25
25
25
25
25
25
25
25
25
25
25
25
25
25
25
25
25
25
25
24
24
24
24
24
24
24
24
24
24
24
24
24
24
24
24
24
24
24
24
24
24
24
24
24
24
24
24
24
24
24
24.4142
24.8284
25.2426
25.6569
26.0711
26.4853
26.8995
27.3137
27.7279
28.1421
28.5563
28.9706
29.3848
29.3848
28.9706
28.5563
28.1421
27.7279
27.3137
26.8995
26.4853
26.0711
25.6569
25.2426
24.8284
24.4142
24
24
24
24
24
24
24
24
24
24
24
24
24
24
24
24
24
24
24
24
24
24
24
24
24
24
24
24
24
24
24
24
24
24
24
24
24
24
24
24
24
24
24
24
24
24
24
24
24
24
24
24
24
24
24
24
24
24.4142
24.8284
25.2426
24
24
24
24
24
24
24
24
24
24
24
24
24
24
24
24
24
24
24
24
24
24
24
24.4142
25.6569
25.2426
24.8284
24.4142
24
24
24
24
24
24
24
24
24
24
24
24
24
24
24
24
24
24
24
24
24
24
24
25.2426
24.8284
24.4142
24
24
24
24
24
24
24
24
24
24
24
24
24
24
24
24
24
24
24
24
24.4142
24.8284
24
24
24
24
24
24
24
24
24
24
24
24
24
24
24
24
24
24
24
25.2426
24.8284
24.4142
24
24
24
24
24
24
24
24
24
24
24
24
24
24
24
24
24
24
24
24
24
24
24
24.4142
24.8284
25.2426
24.8284
24.4142
24
24
24
24
24
24
24
24
24
24
24
24
24
24
24
24
24
24
24
24
24
24
23
23
23
23
23
23
23
23
23
23
23
23
23
23
23
23
23
23
23
23
23
23
23
23
23
23
23
23
23
23
23
23.4142
23.8284
24.2426
24.6569
25.0711
25.4853
25.8995
26.3137
26.7279
27.1421
27.5563
27.9706
28.9706
28.9706
27.9706
27.5563
27.1421
26.7279
26.3137
25.8995
25.4853
25.0711
24.6569
24.2426
23.8284
23.4142
23
23
23
23
23
23
23
23
23
23
23
23
23
23
23
23
23
23
23
23
23
23
23
23
23
23
23
23
23
23
23
23
23
23
23
23
23
23
23
23
23
23
23
23
23
23
23
23
23
23
23
23
23
23
23
23
23
23
23.4142
23.8284
24.8284
23
23
23
23
23
23
23
23
23
23
23
23
23
23
23
23
23
23
23
23
23
23
23
23.4142
24.6569
24.2426
23.8284
23.4142
23
23
23
23
23
23
23
23
23
23
23
23
23
23
23
23
23
23
23
23
23
23
23
24.2426
23.8284
23.4142
23
23
23
23
23
23
23
23
23
23
23
23
23
23
23
23
23
23
23
23
23.4142
24.4142
23
23
23
23
23
23
23
23
23
23
23
23
23
23
23
23
23
23
23
23
23
23
24.2426
23.8284
23.4142
23
23
23
23
23
23
23
23
23
23
23
23
23
23
23
23
23
23
23
23
23
23
23
23.4142
23.8284
24.2426
23.8284
23.4142
23
23
23
23
23
23
23
23
23
23
23
23
23
23
23
23
23
23
23
23
23
23
22
22
22
22
22
22
22
22
22
22
22
22
22
22
22
22
22
22
22
22
22
22
22
22
22
22
22
22
22
22
22
22
22.4142
22.8284
23.2426
23.6569
24.0711
24.4853
24.8995
25.3137
25.7279
26.1421
26.5563
27.5563
28.5563
28.5563
27.5563
26.5563
26.1421
25.7279
25.3137
24.8995
24.4853
24.0711
23.6569
23.2426
22.8284
22.4142
22
22
22
22
22
22
22
22
22
22
22
22
22
22
22
22
22
22
22
22
22
22
22
22
22
22
22
22
22
22
22
22
22
22
22
22
22
22
22
22
22
22
22
22
22
22
22
22
22
22
22
22
22
22
22
22
22
22
22
22
22.4142
22
22
22
22
22
22
22
22
22
22
22
22
22
22
22
22
22
22
22
22
22
22
22
22
22
22.4142
23.2426
22.8284
22.4142
22
22
22
22
22
22
22
22
22
22
22
22
22
22
22
22
22
22
22
22
22
22
22
22
22
22
22
22
22
23.2426
22.8284
22.4142
22
22
22
22
22
22
22
22
22
22
22
22
22
22
22
22
22
22
22
22
22
22
22
22
22
22
22
22
22
22
22
22
22
22
22
22
22
22
22
22
22
22
22
22
23.2426
22.8284
22.4142
22
22
22
22
22
22
22
22
22
22
22
22
22
22
22
22
22
22
22
22
22
22
22
22.4142
22.8284
23.2426
22.8284
22.4142
22
22
22
22
22
22
22
22
22
22
22
22
22
22
22
22
22
22
22
22
22
22
22
21
21
21
21
21
21
21
21
21
21
21
21
21
21
21
21
21
21
21
21
21
21
21
21
21
21
21
21
21
21
21
21
21
21.4142
21.8284
22.2426
22.6569
23.0711
23.4853
23.8995
24.3137
24.7279
25.1421
26.1421
27.1421
28.1421
28.1421
27.1421
26.1421
25.1421
24.7279
24.3137
23.8995
23.4853
23.0711
22.6569
22.2426
21.8284
21.4142
21
21
21
21
21
21
21
21
21
21
21
21
21
21
21
21
21
21
21
21
21
21
21
21
21
21
21
21
21
21
21
21
21
21
21
21
21
21
21
21
21
21
21
21
21
21
21
21
21
21
21
21
21
21
21
21
21
21
21
21
21.4142
21
21
21
21
21
21
21
21
21
21
21
21
21
21
21
21
21
21
21
21
21
21
21
21
21
21.4142
22.2426
21.8284
21.4142
21
21
21
21
21
21
21
21
21
21
21
21
21
21
21
21
21
21
21
21
21
21
21
21
21
21
21
21
21
21
21
21
21
21
21
22.2426
21.8284
21.4142
21
21
21
21
21
21
21
21
21
21
21
21
21
21
21
21
21
21
21
21
21
21
21
21
21
21
21
21
21
21
21
21
21
21
21
21
21
21
21
21
21
21
21
21
21
21
21
22.2426
21.8284
21.4142
21
21
21
21
21
21
21
21
21
21
21
21
21
21
21
21
21
21
21
21
21
21
21
21.4142
21.8284
22.2426
21.8284
21.4142
21
21
21
21
21
21
21
21
21
21
21
21
21
21
21
21
21
21
21
21
21
21
21
20
20
20
20
20
20
20
20
20
20
20
20
20
20
20
20
20
20
20
20
20
20
20
20
20
20
20
20
20
20
20
20
20
20.4142
20.8284
21.2426
21.6569
22.0711
22.4853
22.8995
23.3137
23.7279
24.7279
25.7279
26.7279
27.7279
27.7279
26.7279
25.7279
24.7279
23.7279
23.3137
22.8995
22.4853
22.0711
21.6569
21.2426
20.8284
20.4142
20
20
20
20
20
20
20
20
20
20
20
20
20
20
20
20
20
20
20
20
20
20
20
20
20
20
20
20
20
20
20
20
20
20
20
20
20
20
20
20
20
20
20
20
20
20
20
20
20
20
20
20
20
20
20
20
20
20
20
20
20.4142
20
20
20
20
20
20
20
20
20
20
20
20
20
20
20
20
20
20
20
20
20
20
20
20
20
20.4142
21.2426
20.8284
20.4142
20
20
20
20
20
20
20
20
20
20
20
20
20
20
20
20
20
20
20
20
20
20
20
20
20
20
20
20
20
20
20
20
20
20
20
21.2426
20.8284
20.4142
20
20
20
20
20
20
20
20
20
20
20
20
20
20
20
20
20
20
20
20
20
20
20
20
20
20
20
20
20
20
20
20
20
20
20
20
20
20
20
20
20
20
20
20
20
20
20
21.2426
20.8284
20.4142
20
20
20
20
20
20
20
20
20
20
20
20
20
20
20
20
20
20
20
20
20
20
20
20.4142
20.8284
21.2426
20.8284
20.4142
20
20
20
20
20
20
20
20
20
20
20
20
20
20
20
20
20
20
20
20
20
20
20
19
19
19
19
19
19
19
19
19
19
19
19
19
19
19
19
19
19
19
19
19
19
19
19
19
19
19
19
19
19
19
19
19
19
19.4142
19.8284
20.2426
20.6569
21.0711
21.4853
21.8995
22.3137
23.3137
24.3137
25.3137
26.3137
27.3137
27.3137
26.3137
25.3137
24.3137
23.3137
22.3137
21.8995
21.4853
21.0711
20.6569
20.2426
19.8284
19.4142
19
19
19
19
19
19
19
19
19
19
19
19
19
19
19
19
19
19
19
19
19
19
19
19
19
19
19
19
19
19
19
19
19
19
19
19
19
19
19
19
19
19
19
19
19
19
19
19
19
19
19
19
19
19
19
19
19
19
19
19
19.4142
19
19
19
19
19
19
19
19
19
19
19
19
19
19
19
19
19
19
19
19
19
19
19
19
19
19.4142
20.2426
19.8284
19.4142
19
19
19
19
19
19
19
19
19
19
19
19
19
19
19
19
19
19
19
19
19
19
19
19
19
19
19
19
19
19
19
19
19
19
19
19
19
19
20.8284
19.8284
19.4142
19
19
19
19
19
19
19
19
19
19
19
19
19
19
19
19
19
19
19
19
19
19
19
19
19
19
19
19
19
19
19
19
19
19
19
19
19
19
19
19
19
19
19
19
19
19
19
19
19
19
20.2426
19.8284
19.4142
19
19
19
19
19
19
19
19
19
19
19
19
19
19
19
19
19
19
19
19
19
19
19
19.4142
19.8284
20.2426
19.8284
19.4142
19
19
19
19
19
19
19
19
19
19
19
19
19
19
19
19
19
19
19
19
19
19
19
18
18
18
18
18
18
18
18
18
18
18
18
18
18
18
18
18
18
18
18
18
18
18
18
18
18
18
18
18
18
18
18
18
18
18.4142
18.8284
19.2426
19.6569
20.0711
20.4853
20.8995
21.8995
22.8995
23.8995
24.8995
25.8995
26.8995
25.8995
24.8995
23.8995
22.8995
21.8995
20.8995
20.4853
20.0711
19.6569
19.2426
18.8284
18.4142
18
18
18
18
18
18
18
18
18
18
18
18
18
18
18
18
18
18
18
18
18
18
18
18
18
18
18
18
18
18
18
18
18
18
18
18
18
18
18
18
18
18
18
18
18
18
18
18
18
18
18
18
18
18
18
18
18
18
18
18
18
18.4142
18
18
18
18
18
18
18
18
18
18
18
18
18
18
18
18
18
18
18
18
18
18
18
18
18
18
18.8284
18.4142
18
18
18
18
18
18
18
18
18
18
18
18
18
18
18
18
18
18
18
18
18
18
18
18
18
18
18
18
18
18
18
18
18
18
18
18
18
18
18
18
18
18.4142
18
18
18
18
18
18
18
18
18
18
18
18
18
18
18
18
18
18
18
18
18
18
18
18
18
18
18
18
18
18
18
18
18
18
18
18
18
18
18
18
18
18
18
18
18
18
18
18
18
18
18
18.8284
18.4142
18
18
18
18
18
18
18
18
18
18
18
18
18
18
18
18
18
18
18
18
18
18
18
18.4142
18.8284
19.2426
18.8284
18.4142
18
18
18
18
18
18
18
18
18
18
18
18
18
18
18
18
18
18
18
18
18
18
18
18
17
17
17
17
17
17
17
17
17
17
17
17
17
17
17
17
17
17
17
17
17
17
17
17
17
17
17
17
17
17
17
17
17
17
17
17
17.4142
17.8284
18.2426
18.6569
19.0711
19.4853
20.4853
21.4853
20.4853
19.4853
19.0711
18.6569
18.2426
17.8284
17.4142
17
17
17
17
17
17
17
17
17
17
17
17
17
17
17
17
17
17
17
17
17
17
17
17
17
17
17
17
17
17
17
17
17
17
17
17
17
17
17
17
17
17
17
17
17
17
17
17
17
17
17
17
17
17
17
17
17
17
17
17
17
17
17.4142
17
17
17
17
17
17
17
17
17
17
17
17
17
17
17
17
17
17
17
17
17
17
17
17
17
17
17.8284
17.4142
17
17
17
17
17
17
17
17
17
17
17
17
17
17
17
17
17
17
17
17
17
17
17
17
17
17
17
17
17
17
17
17
17
17
17
17
17
17
17
17
17
17
17
17
17.4142
17
17
17
17
17
17
17
17
17
17
17
17
17
17
17
17
17
17
17
17
17
17
17
17
17
17
17
17
17
17
17
17
17
17
17
17
17
17
17
17
17
17
17
17
17
17
17
17
17
17
17
17
17.8284
17.4142
17
17
17
17
17
17
17
17
17
17
17
17
17
17
17
17
17
17
17
17
17
17
17
17.4142
17.8284
18.2426
17.8284
17.4142
17
17
17
17
17
17
17
17
17
17
17
17
17
17
17
17
17
17
17
17
17
17
17
17
16
16
16
16
16
16
16
16
16
16
16
16
16
16
16
16
16
16
16
16
16
16
16
16
16
16
16
16
16
16
16
16
16
16
16
16
16.4142
16.8284
17.2426
17.6569
18.0711
18.0711
17.6569
17.2426
16.8284
16.4142
16
16
16
16
16
16
16
16
16
16
16
16
16
16
16
16
16
16
16
16
16
16
16
16
16
16
16
16
16
16
16
16
16
16
16
16
16
16
16
16
16
16
16
16
16
16
16
16
16
16
16
16
16
16
16
16
16
16
16
16
16
16
16.4142
16
16
16
16
16
16
16
16
16
16
16
16
16
16
16
16
16
16
16
16
16
16
16
16
16
16
17.4142
16.4142
16
16
16
16
16
16
16
16
16
16
16
16
16
16
16
16
16
16
16
16
16
16
16
16
16
16
16
16
16
16
16
16
16
16
16
16
16
16
16
16
16
16
16
16
16
16
16
16.4142
16
16
16
16
16
16
16
16
16
16
16
16
16
16
16
16
16
16
16
16
16
16
16
16
16
16
16
16
16
16
16
16
16
16
16
16
16
16
16
16
16
16
16
16
16
16
16
16
16
16
16
16
16
16.8284
16.4142
16
16
16
16
16
16
16
16
16
16
16
16
16
16
16
16
16
16
16
16
16
16
16
16.4142
16.8284
17.2426
16.8284
16.4142
16
16
16
16
16
16
16
16
16
16
16
16
16
16
16
16
16
16
16
16
16
16
16
16
15
15
15
15
15
15
15
15
15
15
15
15
15
15
15
15
15
15
15
15
15
15
15
15
15
15
15
15
15
15
15
15
15
15
15
15
15.4142
15.8284
16.2426
16.6569
16.6569
16.2426
15.8284
15.4142
15
15
15
15
15
15
15
15
15
15
15
15
15
15
15
15
15
15
15
15
15
15
15
15
15
15
15
15
15
15
15
15
15
15
15
15
15
15
15
15
15
15
15
15
15
15
15
15
15
15
15
15
15
15
15
15
15
15
15
15
15
15
15
15
15
15
15
15
15
15
15
15
15
15
15
15
15
15
15
15
15
15
15
15
15
15
15
15
15
15
15
15
15
15
15
15
15
15
15
15
15
15
15
15
15
15
15
15
15
15
15
15
15
15
15
15
15
15
15
15
15
15
15
15
15
15
15
15
15
15
15
15
15
15
15
15
15
15
15.4142
15
15
15
15
15
15
15
15
15
15
15
15
15
15
15
15
15
15
15
15
15
15
15
15
15
15
15
15
15
15
15
15
15
15
15
15
15
15
15
15
15
15
15
15
15
15
15
15
15
15
15
15
15
15
15.8284
15.4142
15
15
15
15
15
15
15
15
15
15
15
15
15
15
15
15
15
15
15
15
15
15
15
15.4142
15.8284
16.2426
15.8284
15.4142
15
15
15
15
15
15
15
15
15
15
15
15
15
15
15
15
15
15
15
15
15
15
15
15
14
14
14
14
14
14
14
14
14
14
14
14
14
14
14
14
14
14
14
14
14
14
14
14
14
14
14
14
14
14
14
14
14
14
14
14
14
14.4142
14.8284
15.2426
15.2426
14.8284
14.4142
14
14
14
14
14
14
14
14
14
14
14
14
14
14
14
14
14
14
14
14
14
14
14
14
14
14
14
14
14
14
14
14
14
14
14
14
14
14
14
14
14
14
14
14
14
14
14
14
14
14
14
14
14
14
14
14
14
14
14
14
14
14
14
14
14
14
14
14
14
14
14
14
14
14
14
14
14
14
14
14
14
14
14
14
14
14
14
14
14
14
14
14
14
14
14
14
14
14
14
14
14
14
14
14
14
14
14
14
14
14
14
14
14
14
14
14
14
14
14
14
14
14
14
14
14
14
14
14
14
14
14
14
14
14
14
14
14
14
14
14
14
14
14
14
14
14.4142
14
14
14
14
14
14
14
14
14
14
14
14
14
14
14
14
14
14
14
14
14
14
14
14
14
14
14
14
14
14
14
14
14
14
14
14
14
14
14
14
14
14
14
14
14
14
14
14
14
14
14
14
14
14
14
14.8284
14.4142
14
14
14
14
14
14
14
14
14
14
14
14
14
14
14
14
14
14
14
14
14
14
14
14.4142
14.8284
15.2426
14.8284
14.4142
14
14
14
14
14
14
14
14
14
14
14
14
14
14
14
14
14
14
14
14
14
14
14
14
14
13
13
13
13
13
13
13
13
13
13
13
13
13
13
13
13
13
13
13
13
13
13
13
13
13
13
13
13
13
13
13
13
13
13
13
13
13
13.4142
13.8284
14.2426
13.8284
13.4142
13
13
13
13
13
13
13
13
13
13
13
13
13
13
13
13
13
13
13
13
13
13
13
13
13
13
13
13
13
13
13
13
13
13
13
13
13
13
13
13
13
13
13
13
13
13
13
13
13
13
13
13
13
13
13
13
13
13
13
13
13
13
13
13
13
13
13
13
13
13
13
13
13
13
13
13
13
13
13
13
13
13
13
13
13
13
13
13
13
13
13
13
13
13
13
13
13
13
13
13
13
13
13
13
13
13
13
13
13
13
13
13
13
13
13
13
13
13
13
13
13
13
13
13
13
13
13
13
13
13
13
13
13
13
13
13
13
13
13
13
13
13
13
13
13
13
13
13
13
13
13
13.4142
13
13
13
13
13
13
13
13
13
13
13
13
13
13
13
13
13
13
13
13
13
13
13
13
13
13
13
13
13
13
13
13
13
13
13
13
13
13
13
13
13
13
13
13
13
13
13
13
13
13
13
13
13
13
13
13.8284
13.4142
13
13
13
13
13
13
13
13
13
13
13
13
13
13
13
13
13
13
13
13
13
13
13
13.4142
13.8284
14.2426
13.8284
13.4142
13
13
13
13
13
13
13
13
13
13
13
13
13
13
13
13
13
13
13
13
13
13
13
13
13
12
12
12
12
12
12
12
12
12
12
12
12
12
12
12
12
12
12
12
12
12
12
12
12
12
12
12
12
12
12
12
12
12
12
12
12
12
12.4142
12.8284
13.8284
13.4142
12.4142
12
12
12
12
12
12
12
12
12
12
12
12
12
12
12
12
12
12
12
12
12
12
12
12
12
12
12
12
12
12
12
12
12
12
12
12
12
12
12
12
12
12
12
12
12
12
12
12
12
12
12
12
12
12
12
12
12
12
12
12
12
12
12
12
12
12
12
12
12
12
12
12
12
12
12
12
12
12
12
12
12
12
12
12
12
12
12
12
12
12
12
12
12
12
12
12
12
12
12
12
12
12
12
12
12
12
12
12
12
12
12
12
12
12
12
12
12
12
12
12
12
12
12
12
12
12
12
12
12
12
12
12
12
12
12
12
12
12
12
12
12
12
12
12
12
12
12
12
12
12
12
12.4142
12
12
12
12
12
12
12
12
12
12
12
12
12
12
12
12
12
12
12
12
12
12
12
12
12
12
12
12
12
12
12
12
12
12
12
12
12
12
12
12
12
12
12
12
12
12
12
12
12
12
12
12
12
12
12
13.4142
12.4142
12
12
12
12
12
12
12
12
12
12
12
12
12
12
12
12
12
12
12
12
12
12
12
12.4142
12.8284
13.2426
12.8284
12.4142
12
12
12
12
12
12
12
12
12
12
12
12
12
12
12
12
12
12
12
12
12
12
12
12
12
11
11
11
11
11
11
11
11
11
11
11
11
11
11
11
11
11
11
11
11
11
11
11
11
11
11
11
11
11
11
11
11
11
11
11
11
11
11.4142
11
11
11
11
11
11
11
11
11
11
11
11
11
11
11
11
11
11
11
11
11
11
11
11
11
11
11
11
11
11
11
11
11
11
11
11
11
11
11
11
11
11
11
11
11
11
11
11
11
11
11
11
11
11
11
11
11
11
11
11
11
11
11
11
11
11
11
11
11
11
11
11
11
11
11
11
11
11
11
11
11
11
11
11
11
11
11
11
11
11
11
11
11
11
11
11
11
11
11
11
11
11
11
11
11
11
11
11
11
11
11
11
11
11
11
11
11
11
11
11
11
11
11
11
11
11
11
11
11
11
11
11
11
11
11
11
11
11
11
11
11
11
11
11
11
11
11
11
11
11
11
11.4142
11
11
11
11
11
11
11
11
11
11
11
11
11
11
11
11
11
11
11
11
11
11
11
11
11
11
11
11
11
11
11
11
11
11
11
11
11
11
11
11
11
11
11
11
11
11
11
11
11
11
11
11
11
11
11
11
11
11
11
11
11
11
11
11
11
11
11
11
11
11
11
11
11
11
11
11
11
11
11.4142
11.8284
12.2426
11.8284
11.4142
11
11
11
11
11
11
11
11
11
11
11
11
11
11
11
11
11
11
11
11
11
11
11
11
11
10
10
10
10
10
10
10
10
10
10
10
10
10
10
10
10
10
10
10
10
10
10
10
10
10
10
10
10
10
10
10
10
10
10
10
10
10
10
10.4142
10
10
10
10
10
10
10
10
10
10
10
10
10
10
10
10
10
10
10
10
10
10
10
10
10
10
10
10
10
10
10
10
10
10
10
10
10
10
10
10
10
10
10
10
10
10
10
10
10
10
10
10
10
10
10
10
10
10
10
10
10
10
10
10
10
10
10
10
10
10
10
10
10
10
10
10
10
10
10
10
10
10
10
10
10
10
10
10
10
10
10
10
10
10
10
10
10
10
10
10
10
10
10
10
10
10
10
10
10
10
10
10
10
10
10
10
10
10
10
10
10
10
10
10
10
10
10
10
10
10
10
10
10
10
10
10
10
10
10
10
10
10
10
10
10
10
10
10
10
10
10
10
10
10
10
10
10
10
10
10
10
10
10
10
10
10
10
10
10
10
10
10
10
10
10
10
10
10
10
10
10
10
10
10
10
10
10
10
10
10
10
10
10
10
10
10
10
10
10
10
10
10
10
10
10
10
10
10
10
10
10
10
10
10
10
10
10
10
10
10
10
10
10
10
10
10
10
10
10
10
10
10.4142
10.8284
11.2426
10.8284
10.4142
10
10
10
10
10
10
10
10
10
10
10
10
10
10
10
10
10
10
10
10
10
10
10
10
10
9
9
9
9
9
9
9
9
9
9
9
9
9
9
9
9
9
9
9
9
9
9
9
9
9
9
9
9
9
9
9
9
9
9
9
9
9
9
9
9
9
9
9
9
9
9
9
9
9
9
9
9
9
9
9
9
9
9
9
9
9
9
9
9
9
9
9
9
9
9
9
9
9
9
9
9
9
9
9
9
9
9
9
9
9
9
9
9
9
9
9
9
9
9
9
9
9
9
9
9
9
9
9
9
9
9
9
9
9
9
9
9
9
9
9
9
9
9
9
9
9
9
9
9
9
9
9
9
9
9
9
9
9
9
9
9
9
9
9
9
9
9
9
9
9
9
9
9
9
9
9
9
9
9
9
9
9
9
9
9
9
9
9
9
9
9
9
9
9
9
9
9
9
9
9
9
9
9
9
9
9
9
9
9
9
9
9
9
9
9
9
9
9
9
9
9
9
9
9
9
9
9
9
9
9
9
9
9
9
9
9
9
9
9
9
9
9
9
9
9
9
9
9
9
9
9
9
9
9
9
9
9
9
9
9
9
9
9
9
9
9
9
9
9
9
9
9
9
9
9
9
9
9
9
9
9
9
9
9
9
9
9
9
9
9
9
9
9
9
9
9
9.41421
10.4142
10.8284
9.82843
9.41421
9
9
9
9
9
9
9
9
9
9
9
9
9
9
9
9
9
9
9
9
9
9
9
9
9
8
8
8
8
8
8
8
8
8
8
8
8
8
8
8
8
8
8
8
8
8
8
8
8
8
8
8
8
8
8
8
8
8
8
8
8
8
8
8
8
8
8
8
8
8
8
8
8
8
8
8
8
8
8
8
8
8
8
8
8
8
8
8
8
8
8
8
8
8
8
8
8
8
8
8
8
8
8
8
8
8
8
8
8
8
8
8
8
8
8
8
8
8
8
8
8
8
8
8
8
8
8
8
8
8
8
8
8
8
8
8
8
8
8
8
8
8
8
8
8
8
8
8
8
8
8
8
8
8
8
8
8
8
8
8
8
8
8
8
8
8
8
8
8
8
8
8
8
8
8
8
8
8
8
8
8
8
8
8
8
8
8
8
8
8
8
8
8
8
8
8
8
8
8
8
8
8
8
8
8
8
8
8
8
8
8
8
8
8
8
8
8
8
8
8
8
8
8
8
8
8
8
8
8
8
8
8
8
8
8
8
8
8
8
8
8
8
8
8
8
8
8
8
8
8
8
8
8
8
8
8
8
8
8
8
8
8
8
8
8
8
8
8
8
8
8
8
8
8
8
8
8
8
8
8
8
8
8
8
8
8
8
8
8
8
8
8
8
8
8
8
8
8.41421
8
8
8
8
8
8
8
8
8
8
8
8
8
8
8
8
8
8
8
8
8
8
8
8
8
7
7
7
7
7
7
7
7
7
7
7
7
7
7
7
7
7
7
7
7
7
7
7
7
7
7
7
7
7
7
7
7
7
7
7
7
7
7
7
7
7
7
7
7
7
7
7
7
7
7
7
7
7
7
7
7
7
7
7
7
7
7
7
7
7
7
7
7
7
7
7
7
7
7
7
7
7
7
7
7
7
7
7
7
7
7
7
7
7
7
7
7
7
7
7
7
7
7
7
7
7
7
7
7
7
7
7
7
7
7
7
7
7
7
7
7
7
7
7
7
7
7
7
7
7
7
7
7
7
7
7
7
7
7
7
7
7
7
7
7
7
7
7
7
7
7
7
7
7
7
7
7
7
7
7
7
7
7
7
7
7
7
7
7
7
7
7
7
7
7
7
7
7
7
7
7
7
7
7
7
7
7
7
7
7
7
7
7
7
7
7
7
7
7
7
7
7
7
7
7
7
7
7
7
7
7
7
7
7
7
7
7
7
7
7
7
7
7
7
7
7
7
7
7
7
7
7
7
7
7
7
7
7
7
7
7
7
7
7
7
7
7
7
7
7
7
7
7
7
7
7
7
7
7
7
7
7
7
7
7
7
7
7
7
7
7
7
7
7
7
7
7
7
7
7
7
7
7
7
7
7
7
7
7
7
7
7
7
7
7
7
7
7
7
7
7
7
6
6
6
6
6
6
6
6
6
6
6
6
6
6
6
6
6
6
6
6
6
6
6
6
6
6
6
6
6
6
6
6
6
6
6
6
6
6
6
6
6
6
6
6
6
6
6
6
6
6
6
6
6
6
6
6
6
6
6
6
6
6
6
6
6
6
6
6
6
6
6
6
6
6
6
6
6
6
6
6
6
6
6
6
6
6
6
6
6
6
6
6
6
6
6
6
6
6
6
6
6
6
6
6
6
6
6
6
6
6
6
6
6
6
6
6
6
6
6
6
6
6
6
6
6
6
6
6
6
6
6
6
6
6
6
6
6
6
6
6
6
6
6
6
6
6
6
6
6
6
6
6
6
6
6
6
6
6
6
6
6
6
6
6
6
6
6
6
6
6
6
6
6
6
6
6
6
6
6
6
6
6
6
6
6
6
6
6
6
6
6
6
6
6
6
6
6
6
6
6
6
6
6
6
6
6
6
6
6
6
6
6
6
6
6
6
6
6
6
6
6
6
6
6
6
6
6
6
6
6
6
6
6
6
6
6
6
6
6
6
6
6
6
6
6
6
6
6
6
6
6
6
6
6
6
6
6
6
6
6
6
6
6
6
6
6
6
6
6
6
6
6
6
6
6
6
6
6
6
6
6
6
6
6
6
6
6
6
6
6
6
6
6
6
6
6
6
6
6
6
6
6
6
6
6
6
6
6
6
6
6
6
6
6
6
6
6
6
6
6
6
6
6
6
6
6
6
6
6
6
6
6
6
6
6
6
6
6
6
6
6
6
6
6
6
6
6
6
6
6
6
6
6
6
6
6
6
6
6
6
6
6
6
6
6
6
6
6
6
6
6
6
6
6
6
6
6
6
6
6
6
6
6
6
6
6
6
6
6
6
6
6
6
6
6
6
6
6
6
6
6
6
6
6
6
6
6
6
6
6
6
6
6
6
6
6
6
6
6
6
6
6
6
6
6
6
6
6
6
6
6
6
6
6
6
6
6
6
6
6
6
6
6
6
6
6
6
6
6
6
6
6
6
6
6
6
6
6
6
6
6
6
6
6
6
6
6
6
6
6
6
6
6
6
6
6
6
6
6
6
6
6
6
6
6
6
6
6
6
6
6
6
6
6
6
6
6
6
6
6
6
6
6
6
6
6
6
6
6
6
6
6
5
5
5
5
5
5
5
5
5
5
5
5
5
5
5
5
5
5
5
5
5
5
5
5
5
5
5
5
5
5
5
5
5
5
5
5
5
5
5
5
5
5
5
5
5
5
5
5
5
5
5
5
5
5
5
5
5
5
5
5
5
5
5
5
5
5
5
5
5
5
5
5
5
5
5
5
5
5
5
5
5
5
5
5
5
5
5
5
5
5
5
5
5
5
5
5
5
5
5
5
5
5
5
5
5
5
5
5
5
5
5
5
5
5
5
5
5
5
5
5
5
5
5
5
5
5
5
5
5
5
5
5
5
5
5
5
5
5
5
5
5
5
5
5
5
5
5
5
5
5
5
5
5
5
5
5
5
5
5
5
5
5
5
5
5
5
5
5
5
5
5
5
5
5
5
5
5
5
5
5
5
5
5
5
5
5
5
5
5
5
5
5
5
5
5
5
5
5
5
5
5
5
5
5
5
5
5
5
5
5
5
5
5
5
5
5
5
5
5
5
5
5
5
5
5
5
5
5
5
5
5
5
5
5
5
5
5
5
5
5
5
5
5
5
5
5
5
5
5
5
5
5
5
5
5
5
5
5
5
5
5
5
5
5
5
5
5
5
5
5
5
5
5
5
5
5
5
5
5
5
5
5
5
5
5
5
5
5
5
5
5
5
5
5
5
5
5
5
5
5
5
5
5
5
5
5
5
5
5
5
5
5
5
5
5
5
5
5
5
5
5
5
5
5
5
5
5
5
5
5
5
5
5
5
5
5
5
5
5
5
5
5
5
5
5
5
5
5
5
5
5
5
5
5
5
5
5
5
5
5
5
5
5
5
5
5
5
5
5
5
5
5
5
5
5
5
5
5
5
5
5
5
5
5
5
5
5
5
5
5
5
5
5
5
5
5
5
5
5
5
5
5
5
5
5
5
5
5
5
5
5
5
5
5
5
5
5
5
5
5
5
5
5
5
5
5
5
5
5
5
5
5
5
5
5
5
5
5
5
5
5
5
5
5
5
5
5
5
5
5
5
5
5
5
5
5
5
5
5
5
5
5
5
5
5
5
5
5
5
5
5
5
5
5
5
5
5
5
5
5
5
5
5
5
5
5
5
5
5
5
5
5
5
5
5
5
5
5
5
5
5
5
5
5
5
5
5
5
5
5
5
5
4
4
4
4
4
4
4
4
4
4
4
4
4
4
4
4
4
4
4
4
4
4
4
4
4
4
4
4
4
4
4
4
4
4
4
4
4
4
4
4
4
4
4
4
4
4
4
4
4
4
4
4
4
4
4
4
4
4
4
4
4
4
4
4
4
4
4
4
4
4
4
4
4
4
4
4
4
4
4
4
4
4
4
4
4
4
4
4
4
4
4
4
4
4
4
4
4
4
4
4
4
4
4
4
4
4
4
4
4
4
4
4
4
4
4
4
4
4
4
4
4
4
4
4
4
4
4
4
4
4
4
4
4
4
4
4
4
4
4
4
4
4
4
4
4
4
4
4
4
4
4
4
4
4
4
4
4
4
4
4
4
4
4
4
4
4
4
4
4
4
4
4
4
4
4
4
4
4
4
4
4
4
4
4
4
4
4
4
4
4
4
4
4
4
4
4
4
4
4
4
4
4
4
4
4
4
4
4
4
4
4
4
4
4
4
4
4
4
4
4
4
4
4
4
4
4
4
4
4
4
4
4
4
4
4
4
4
4
4
4
4
4
4
4
4
4
4
4
4
4
4
4
4
4
4
4
4
4
4
4
4
4
4
4
4
4
4
4
4
4
4
4
4
4
4
4
4
4
4
4
4
4
4
4
4
4
4
4
4
4
4
4
4
4
4
4
4
4
4
4
4
4
4
4
4
4
4
4
4
4
4
4
4
4
4
4
4
4
4
4
4
4
4
4
4
4
4
4
4
4
4
4
4
4
4
4
4
4
4
4
4
4
4
4
4
4
4
4
4
4
4
4
4
4
4
4
4
4
4
4
4
4
4
4
4
4
4
4
4
4
4
4
4
4
4
4
4
4
4
4
4
4
4
4
4
4
4
4
4
4
4
4
4
4
4
4
4
4
4
4
4
4
4
4
4
4
4
4
4
4
4
4
4
4
4
4
4
4
4
4
4
4
4
4
4
4
4
4
4
4
4
4
4
4
4
4
4
4
4
4
4
4
4
4
4
4
4
4
4
4
4
4
4
4
4
4
4
4
4
4
4
4
4
4
4
4
4
4
4
4
4
4
4
4
4
4
4
4
4
4
4
4
4
4
4
4
4
4
4
4
4
4
4
4
4
4
4
4
4
4
4
4
4
4
4
4
4
4
4
4
4
4
3
3
3
3
3
3
3
3
3
3
3
3
3
3
3
3
3
3
3
3
3
3
3
3
3
3
3
3
3
3
3
3
3
3
3
3
3
3
3
3
3
3
3
3
3
3
3
3
3
3
3
3
3
3
3
3
3
3
3
3
3
3
3
3
3
3
3
3
3
3
3
3
3
3
3
3
3
3
3
3
3
3
3
3
3
3
3
3
3
3
3
3
3
3
3
3
3
3
3
3
3
3
3
3
3
3
3
3
3
3
3
3
3
3
3
3
3
3
3
3
3
3
3
3
3
3
3
3
3
3
3
3
3
3
3
3
3
3
3
3
3
3
3
3
3
3
3
3
3
3
3
3
3
3
3
3
3
3
3
3
3
3
3
3
3
3
3
3
3
3
3
3
3
3
3
3
3
3
3
3
3
3
3
3
3
3
3
3
3
3
3
3
3
3
3
3
3
3
3
3
3
3
3
3
3
3
3
3
3
3
3
3
3
3
3
3
3
3
3
3
3
3
3
3
3
3
3
3
3
3
3
3
3
3
3
3
3
3
3
3
3
3
3
3
3
3
3
3
3
3
3
3
3
3
3
3
3
3
3
3
3
3
3
3
3
3
3
3
3
3
3
3
3
3
3
3
3
3
3
3
3
3
3
3
3
3
3
3
3
3
3
3
3
3
3
3
3
3
3
3
3
3
3
3
3
3
3
3
3
3
3
3
3
3
3
3
3
3
3
3
3
3
3
3
3
3
3
3
3
3
3
3
3
3
3
3
3
3
3
3
3
3
3
3
3
3
3
3
3
3
3
3
3
3
3
3
3
3
3
3
3
3
3
3
3
3
3
3
3
3
3
3
3
3
3
3
3
3
3
3
3
3
3
3
3
3
3
3
3
3
3
3
3
3
3
3
3
3
3
3
3
3
3
3
3
3
3
3
3
3
3
3
3
3
3
3
3
3
3
3
3
3
3
3
3
3
3
3
3
3
3
3
3
3
3
3
3
3
3
3
3
3
3
3
3
3
3
3
3
3
3
3
3
3
3
3
3
3
3
3
3
3
3
3
3
3
3
3
3
3
3
3
3
3
3
3
3
3
3
3
3
3
3
3
3
3
3
3
3
3
3
3
3
3
3
3
3
3
3
3
3
3
3
3
3
3
3
3
3
3
3
3
2
2
2
2
2
2
2
2
2
2
2
2
2
2
2
2
2
2
2
2
2
2
2
2
2
2
2
2
2
2
2
2
2
2
2
2
2
2
2
2
2
2
2
2
2
2
2
2
2
2
2
2
2
2
2
2
2
2
2
2
2
2
2
2
2
2
2
2
2
2
2
2
2
2
2
2
2
2
2
2
2
2
2
2
2
2
2
2
2
2
2
2
2
2
2
2
2
2
2
2
2
2
2
2
2
2
2
2
2
2
2
2
2
2
2
2
2
2
2
2
2
2
2
2
2
2
2
2
2
2
2
2
2
2
2
2
2
2
2
2
2
2
2
2
2
2
2
2
2
2
2
2
2
2
2
2
2
2
2
2
2
2
2
2
2
2
2
2
2
2
2
2
2
2
2
2
2
2
2
2
2
2
2
2
2
2
2
2
2
2
2
2
2
2
2
2
2
2
2
2
2
2
2
2
2
2
2
2
2
2
2
2
2
2
2
2
2
2
2
2
2
2
2
2
2
2
2
2
2
2
2
2
2
2
2
2
2
2
2
2
2
2
2
2
2
2
2
2
2
2
2
2
2
2
2
2
2
2
2
2
2
2
2
2
2
2
2
2
2
2
2
2
2
2
2
2
2
2
2
2
2
2
2
2
2
2
2
2
2
2
2
2
2
2
2
2
2
2
2
2
2
2
2
2
2
2
2
2
2
2
2
2
2
2
2
2
2
2
2
2
2
2
2
2
2
2
2
2
2
2
2
2
2
2
2
2
2
2
2
2
2
2
2
2
2
2
2
2
2
2
2
2
2
2
2
2
2
2
2
2
2
2
2
2
2
2
2
2
2
2
2
2
2
2
2
2
2
2
2
2
2
2
2
2
2
2
2
2
2
2
2
2
2
2
2
2
2
2
2
2
2
2
2
2
2
2
2
2
2
2
2
2
2
2
2
2
2
2
2
2
2
2
2
2
2
2
2
2
2
2
2
2
2
2
2
2
2
2
2
2
2
2
2
2
2
2
2
2
2
2
2
2
2
2
2
2
2
2
2
2
2
2
2
2
2
2
2
2
2
2
2
2
2
2
2
2
2
2
2
2
2
2
2
2
2
2
2
2
2
2
2
2
2
2
2
2
2
2
2
2
2
2
2
2
2
2
2
2
2
2
2
2
1
1
1
1
1
1
1
1
1
1
1
1
1
1
1
1
1
1
1
1
1
1
1
1
1
1
1
1
1
1
1
1
1
1
1
1
1
1
1
1
1
1
1
1
1
1
1
1
1
1
1
1
1
1
1
1
1
1
1
1
1
1
1
1
1
1
1
1
1
1
1
1
1
1
1
1
1
1
1
1
1
1
1
1
1
1
1
1
1
1
1
1
1
1
1
1
1
1
1
1
1
1
1
1
1
1
1
1
1
1
1
1
1
1
1
1
1
1
1
1
1
1
1
1
1
1
1
1
1
1
1
1
1
1
1
1
1
1
1
1
1
1
1
1
1
1
1
1
1
1
1
1
1
1
1
1
1
1
1
1
1
1
1
1
1
1
1
1
1
1
1
1
1
1
1
1
1
1
1
1
1
1
1
1
1
1
1
1
1
1
1
1
1
1
1
1
1
1
1
1
1
1
1
1
1
1
1
1
1
1
1
1
1
1
1
1
1
1
1
1
1
1
1
1
1
1
1
1
1
1
1
1
1
1
1
1
1
1
1
1
1
1
1
1
1
1
1
1
1
1
1
1
1
1
1
1
1
1
1
1
1
1
1
1
1
1
1
1
1
1
1
1
1
1
1
1
1
1
1
1
1
1
1
1
1
1
1
1
1
1
1
1
1
1
1
1
1
1
1
1
1
1
1
1
1
1
1
1
1
1
1
1
1
1
1
1
1
1
1
1
1
1
1
1
1
1
1
1
1
1
1
1
1
1
1
1
1
1
1
1
1
1
1
1
1
1
1
1
1
1
1
1
1
1
1
1
1
1
1
1
1
1
1
1
1
1
1
1
1
1
1
1
1
1
1
1
1
1
1
1
1
1
1
1
1
1
1
1
1
1
1
1
1
1
1
1
1
1
1
1
1
1
1
1
1
1
1
1
1
1
1
1
1
1
1
1
1
1
1
1
1
1
1
1
1
1
1
1
1
1
1
1
1
1
1
1
1
1
1
1
1
1
1
1
1
1
1
1
1
1
1
1
1
1
1
1
1
1
1
1
1
1
1
1
1
1
1
1
1
1
1
1
1
1
1
1
1
1
1
1
1
1
1
1
1
1
1
1
1
1
1
1
1
1
1
1
1
1
1
1
1
1
1
1
1
1
1
1
1
1
1
1
0
0
0
0
0
0
0
0
0
0
0
0
0
0
0
0
0
0
0
0
0
0
0
0
0
0
0
0
0
0
0
0
0
0
0
0
0
0
0
0
0
0
0
0
0
0
0
0
0
0
0
0
0
0
0
0
0
0
0
0
0
0
0
0
0
0
0
0
0
0
0
0
0
0
0
0
0
0
0
0
0
0
0
0
0
0
0
0
0
0
0
0
0
0
0
0
0
0
0
0
0
0
0
0
0
0
0
0
0
0
0
0
0
0
0
0
0
0
0
0
0
0
0
0
0
0
0
0
0
0
0
0
0
0
0
0
0
0
0
0
0
0
0
0
0
0
0
0
0
0
0
0
0
0
0
0
0
0
0
0
0
0
0
0
0
0
0
0
0
0
0
0
0
0
0
0
0
0
0
0
0
0
0
0
0
0
0
0
0
0
0
0
0
0
0
0
0
0
0
0
0
0
0
0
0
0
0
0
0
0
0
0
0
0
0
0
0
0
0
0
0
0
0
0
0
0
0
0
0
0
0
0
0
0
0
0
0
0
0
0
0
0
0
0
0
0
0
0
0
0
0
0
0
0
0
0
0
0
0
0
0
0
0
0
0
0
0
0
0
0
0
0
0
0
0
0
0
0
0
0
0
0
0
0
0
0
0
0
0
0
0
0
0
0
0
0
0
0
0
0
0
0
0
0
0
0
0
0
0
0
0
0
0
0
0
0
0
0
0
0
0
0
0
0
0
0
0
0
0
0
0
0
0
0
0
0
0
0
0
0
0
0
0
0
0
0
0
0
0
0
0
0
0
0
0
0
0
0
0
0
0
0
0
0
0
0
0
0
0
0
0
0
0
0
0
0
0
0
0
0
0
0
0
0
0
0
0
0
0
0
0
0
0
0
0
0
0
0
0
0
0
0
0
0
0
0
0
0
0
0
0
0
0
0
0
0
0
0
0
0
0
0
0
0
0
0
0
0
0
0
0
0
0
0
0
0
0
0
0
0
0
0
0
0
0
0
0
0
0
0
0
0
0
0
0
0
0
0
0
0
0
0
0
0
0
0
0
0
0
0
0
0
0
0
0
0
0
0
0
0
0
0
0
0
0
0
0
0
0
0
0
0
0
0
0
0
0
0
0
0
0
0
0
0
0
0
0
0
0
0
0
0
