6
6
6
6
6
6
6
6
6
6
6
6
6
6
6
6
6
6
6
6
6
6
6
6
6
6
6
6
6
6
6
6
6
6
6
6
6
6
6
6
6
6
6
6
6
6
6
6
6
6
6
6
6
6
6
6
6
6
6
6
6
6
6
6
6
6
6
6
6
6
6
6
6
6
6
6
6
6
6
6
6
6
6
6
6
6
6
6
6
6
6
6
6
6
6
6
6
6
6
6
7
7
8
8
9
9
10
10
11
11.4142
11
12.4142
12
13.4142
13
14.4142
14
15.4142
15
16.4142
16
17
17.4142
17.4142
17
17
17
17
17
17
17
17
17
17
17
17
18
18.4142
18.8284
19.8284
18.4142
18
18
18
18
18
18
19
20.2426
19.4142
19
19
19
19
20
21.2426
20.4142
20
21
22.2426
21.4142
21
21
21
22
22
22
22
22
22
22
22
22
22
22
22
22
22
22
22
22
22
22
22
22
23.2426
22.8284
22.4142
22
22
22
22
23
23
23
23
23
23
23
23
23
23
23
23
23
23
24.2426
24.6569
23.8284
23
23
23
23
24
24
24
24
24
24
24
24
24
24
24
25.6569
24.8284
24
24
25
25
25
25
25
25
25
25
25
25
25
26.6569
26.2426
25.8284
25
25
26
26
26
26
26
26
26
26
26
26
26
26
26
26
26
26
26
26
26
26
26
26
26
26
26
26
26
27.6569
28.0711
27.2426
26
26
27
27
27
27
27
27
27
27
27
27
27
27
27
27
27
27
27
27
27
27
27
27
27
27
27
29.0711
28.2426
27
27
27
28
28
28
28
28
28
28
28
28
28
28
28
28
28
28
28
28
28
30.0711
30.4853
31.4853
30.6569
29.6569
29.2426
28
28
29
29
29
29
29
31.8995
31.0711
29
30
30
30
30
30
30
30
30
30
30
30
30
30
30
30
30
30
30
32.8995
32.0711
30
30
31
31
31
31
31
31
31
31
31
31
31
31
31
31
31
33.8995
34.3137
33.4853
33.0711
31
31
32
32
32
32
32
32
32
32
32
32
32
32
32
32
32
35.3137
34.8995
34.4853
32
32
32
33
33
33
33
33
33
33
33
33
33
33
33
33
33
36.3137
36.7279
35.8995
33
33
34
34
34
34
34
34
34
34
34
34
34
34
34
34
34
34
37.7279
38.1421
37.3137
36.8995
34
34
35
35
35
35
35
35
35
35
35
35
35
35
35
39.1421
38.3137
35
36
36
36
36
36
36
36
36
36
36
36
36
36
36
40.1421
40.5564
41.5564
40.7279
39.7279
39.3137
36
36
36
37
37
37
37
37
41.9706
42.9706
42.1421
41.1421
37
38
38
38
38
38
38
38
38
38
38
38
43.3848
42.5564
38
39
39
39
39
39
39
39
39
39
39
39
39
39
39
39
44.3848
44.799
43.9706
43.5564
39
39
40
40
40
40
40
40
40
40
40
40
40
40
45.799
46.2132
47.2132
46.3848
45.3848
44.9706
40
41
41
41
41
41
41
41
41
41
41
41
41
41
41
41
47.6274
48.6274
47.799
46.799
41
41
42
42
42
42
42
42
42
42
42
42
42
42
42
42
42
42
42
49.0416
50.0416
49.2132
48.2132
42
43
43
43
43
43
43
43
43
43
43
43
43
43
43
43
43
43
43
43
43
43
43
43
43
43
50.4559
51.4559
50.6274
49.6274
43
43
44
44
44
44
44
44
44
44
51.8701
52.8701
53.8701
53.0416
52.0416
51.0416
44
45
45
45
45
45
45
45
54.2843
55.2843
54.4559
53.4559
45
46
46
46
55.6985
56.6985
57.6985
56.8701
55.8701
54.8701
46
47
47
47
58.1127
57.2843
47
47
47
48
48
48
48
48
48
58.5269
59.5269
60.5269
59.6985
58.6985
57.6985
48
49
49
49
60.9411
61.9411
62.9411
62.1127
61.1127
60.1127
49
50
50
50
50
63.3554
64.3554
65.3554
66.3554
65.5269
64.5269
63.5269
62.5269
50
51
51
51
51
51
66.7696
67.7696
68.7696
67.9412
66.9412
65.9412
51
52
52
52
52
52
52
69.1838
70.1838
71.1838
72.1838
73.1838
72.3554
71.3554
70.3554
69.3554
68.3554
52
52
53
53
53
73.598
74.598
75.598
76.598
77.598
78.598
77.7696
76.7696
75.7696
74.7696
73.7696
72.7696
53
54
54
54
79.0122
80.0122
81.0122
82.0122
83.0122
84.0122
85.0122
86.0122
87.0122
86.1838
85.1838
84.1838
83.1838
82.1838
81.1838
80.1838
79.1838
78.1838
54
55
55
55
55
56
56
56
56
56
56
56
57
57
57
57
58
58
58
58
59
59
59
59
60
60
60
60
61
61
61
61
62
62
62
62
62
63
63
63
63
63.4142
64
64
64
64.4142
65
65
65
65.4142
67.4142
66.4142
66
66
66
66.4142
67.8284
67
67
67.4142
68.8284
68
68
68.4142
70.2426
69.8284
69
69.4142
69
69.4142
69.8284
70.8284
71.2426
70.4142
70
71.2426
72.2426
71.4142
71.4142
71
72.2426
72.6569
73.6569
73.2426
72.4142
72.4142
73.6569
74.6569
73.4142
73.4142
74.6569
75.6569
74.4142
74.8284
75.8284
74.4142
75.6569
77.0711
76.6569
76.2426
75.4142
76.6569
77.0711
79.4853
78.4853
78.0711
77.2426
76.4142
78.0711
79.8995
78.2426
78.6569
78.8284
77.8284
77.4142
79.0711
79.4853
81.3137
80.8995
79.6569
79.2426
80.4853
80.8995
81.8995
82.7279
82.3137
80.6569
81.0711
80.2426
82.3137
85.1422
84.1422
83.7279
82.0711
81.6569
81.2426
83.3137
83.7279
85.5564
83.0711
82.6569
84.7279
86.9706
86.5564
84.0711
84.4853
83.6569
85.7279
86.1422
88.3848
87.9706
85.4853
85.0711
84.6569
87.1422
87.5564
88.5564
89.799
89.3848
86.4853
86.8995
87.8995
86.0711
88.9706
93.2132
92.2132
91.2132
90.799
88.3137
87.4853
87.0711
89.9706
90.3848
94.6274
93.6274
89.3137
89.7279
88.4853
97.598
98.0122
98.4264
98.8407
99.2549
99.6691
100.083
100.498
100.912
101.326
101.74
102.154
91.3848
91.799
98.0417
97.0417
96.0417
95.0417
90.7279
91.1422
90.8995
89.8995
89.4853
96.1127
96.5269
96.9411
97.3554
97.7696
98.1838
98.598
103.154
103.569
103.983
104.397
104.811
105.225
105.64
106.054
92.799
93.2132
94.2132
95.2132
99.4559
98.4559
92.1422
92.5564
93.5564
92.3137
91.3137
95.8701
96.2843
96.6985
97.1127
107.054
107.468
107.882
108.297
108.297
95.6274
96.6274
136.77
137.184
137.598
138.012
138.426
138.841
139.255
139.669
140.669
141.669
142.669
143.669
144.669
145.669
146.669
147.669
148.669
149.669
150.669
151.669
152.669
153.669
154.669
103.87
102.87
101.87
100.87
99.8701
93.9706
94.9706
92.7279
96.8701
109.297
97.0417
98.0417
135.77
154.255
104.284
95.3848
93.7279
96.6274
97.0416
97.4559
97.8701
110.297
109.882
109.468
98.4559
134.77
153.841
154.841
155.841
156.841
157.841
158.841
159.841
160.841
161.841
162.841
163.841
164.841
165.841
166.841
167.841
168.841
169.841
170.841
171.841
106.699
105.699
104.699
96.3848
96.799
95.1422
94.7279
96.799
97.2132
97.6274
110.468
110.054
109.64
109.225
98.8701
99.8701
100.87
101.87
133.77
171.426
172.426
173.426
174.426
175.426
176.426
177.426
178.426
179.426
180.426
181.426
181.598
180.598
179.598
111.113
110.113
109.113
108.113
107.113
97.799
98.2132
97.5564
96.5564
96.1422
96.9706
97.3848
97.799
110.225
109.811
109.397
102.284
103.284
132.77
179.184
178.184
177.184
176.184
175.184
174.184
173.184
172.184
171.184
170.184
169.184
168.184
167.184
116.527
115.527
114.527
113.527
112.527
111.527
99.2132
99.6274
100.627
98.9706
97.9706
97.1421
97.5564
97.9706
110.397
109.983
109.569
103.699
104.699
105.699
106.699
131.77
166.77
165.77
164.77
163.77
162.77
161.77
160.77
159.77
158.77
157.77
156.77
155.77
154.77
153.77
124.941
123.941
122.941
121.941
120.941
119.941
118.941
117.941
116.941
101.042
102.042
100.385
99.3848
97.3137
97.7279
98.1421
110.569
110.154
107.113
108.113
109.113
110.113
130.77
153.355
152.355
151.355
150.355
149.355
148.355
147.355
146.355
145.355
144.355
143.355
142.355
141.355
140.355
139.355
138.355
137.355
136.355
135.355
134.355
133.355
132.355
131.355
130.355
129.355
128.355
127.355
126.355
125.355
102.456
103.456
101.799
100.799
97.8995
98.3137
111.154
110.74
110.326
110.527
111.527
112.527
113.527
114.527
129.77
103.87
104.87
104.213
103.213
102.213
98.0711
98.4853
98.8995
111.326
110.912
110.498
114.941
115.941
116.941
117.941
118.941
119.941
120.941
121.941
129.355
105.284
106.284
107.284
108.284
106.627
105.627
104.627
99.0711
111.498
122.355
123.355
124.355
125.355
126.355
127.355
128.355
108.699
107.042
99.6569
100.071
112.498
112.083
109.113
110.113
108.456
107.456
100.243
100.657
113.083
110.527
111.527
112.527
113.527
111.87
110.87
109.87
108.87
100.414
100.828
101.243
114.083
113.669
113.941
114.941
115.941
113.284
112.284
101.414
114.669
114.255
113.841
116.355
117.355
118.355
119.355
116.699
115.699
114.699
113.699
102
102.414
114.841
114.426
119.77
120.77
121.77
121.113
120.113
119.113
118.113
117.113
103
103
115.426
122.184
123.184
124.184
125.184
126.184
127.184
128.184
123.527
122.527
121.527
104
116.426
116.012
128.598
129.598
130.598
131.598
132.598
133.598
128.941
127.941
126.941
125.941
124.941
123.941
105
105
117.012
134.012
135.012
136.012
137.012
138.012
139.012
140.012
141.012
142.012
143.012
143.355
142.355
141.355
140.355
139.355
138.355
137.355
136.355
135.355
134.355
133.355
132.355
131.355
130.355
129.355
106
118.012
107
119.012
118.598
108
119.598
109
109
109
120.598
120.184
119.77
110
120.77
111
121.77
112
112
122.77
113
123.77
123.355
114
124.355
115
125.355
116
126.355
117
127.355
118
128.355
119
129.355
139.468
139.882
140.882
141.882
142.882
143.882
144.882
145.882
146.882
147.882
148.882
149.882
150.882
151.882
152.882
153.882
154.882
155.882
156.882
157.882
158.882
159.882
160.882
161.882
162.882
163.882
164.882
165.882
166.882
167.882
168.882
169.882
170.882
171.882
172.882
173.882
174.882
175.882
176.882
177.882
178.882
179.882
180.882
181.882
182.882
183.882
184.882
185.882
186.882
187.882
188.882
189.882
189.711
188.711
187.711
186.711
185.711
184.711
183.711
182.711
181.711
180.711
179.711
178.711
177.711
176.711
175.711
174.711
173.711
172.711
171.711
170.711
169.711
168.711
167.711
166.711
165.711
164.711
163.711
162.711
161.711
160.711
159.711
158.711
157.711
156.711
155.711
154.711
153.711
152.711
151.711
150.711
149.711
148.711
147.711
146.711
145.711
144.711
143.711
142.711
141.711
140.711
140.297
139.882
139.468
139.054
138.64
138.225
137.811
137.397
136.983
136.569
136.154
135.74
135.326
134.912
134.498
134.083
133.669
133.255
132.841
132.426
132.012
131.598
131.184
130.77
130.355
129.941
129.527
129.113
128.699
128.284
127.87
127.456
127.042
126.627
126.213
125.799
125.385
124.971
124.556
124.142
123.728
123.314
122.9
122.485
122.071
121.657
121.243
120.828
120.414
120
120
120
120
120
120
120
120
120
120
120
120
120
120
120
120
120
120
120
120
120
120
120
120
120
120
120
120
120
120
120
120
120
120
120
120
120
120
120
120
120
120
120
120
120
120
120
120
120
120
120
120
120.414
120.828
121.243
121.657
122.071
122.485
122.9
123.314
123.728
124.142
124.556
124.971
125.385
125.799
126.213
126.627
127.042
127.456
127.87
128.284
128.699
129.113
129.527
129.941
130.355
130.77
131.184
131.598
132.012
132.426
132.841
133.255
133.669
134.083
134.498
134.912
135.326
135.74
136.154
136.569
136.983
137.397
137.811
138.811
139.811
140.811
141.811
142.811
143.811
144.811
145.811
146.811
147.811
148.811
149.154
148.154
147.154
146.154
145.154
144.154
143.154
142.154
141.154
140.154
139.154
138.154
137.154
136.154
135.74
135.326
134.912
134.498
134.083
133.669
133.255
132.841
132.426
132.012
131.598
131.184
130.77
130.355
129.941
129.527
129.113
128.699
128.284
127.87
127.456
127.042
126.627
126.213
125.799
125.385
124.971
124.556
124.142
123.728
123.314
122.9
122.485
122.071
121.657
121.243
120.828
120.414
120
120
120
120
120
120
120
120
120
120
120
120
120
120
120
120
120
120
120
120
120
120
120
120
120
120
120
120
130.355
129.941
129.527
129.113
128.699
128.284
127.87
127.456
127.042
126.627
126.213
125.799
125.385
124.971
124.556
124.142
123.728
123.314
122.899
122.485
122.071
121.657
121.243
120.828
120.414
120
120
120
120
120
120
120
120
120
120
120
120
120
120
120
120
120
120
120
120
120
120
120
120
120
120
120.414
120.828
121.243
121.657
122.071
122.485
122.9
123.314
123.728
124.142
124.556
124.971
125.385
125.799
126.213
126.627
127.042
127.456
127.87
128.284
128.699
129.113
129.527
129.941
130.355
130.77
131.184
131.598
132.012
132.426
132.841
133.255
133.669
134.083
134.498
134.912
135.326
135.74
136.154
136.569
136.983
137.397
137.811
138.225
138.64
139.054
