6
6
6
6
6
6
6
6
6
6
6
6
6
6
6
6
6
6
6
6
6
6
6
6
6
6
6
6
6
6
6
6
6
6
6
6
6
6
6
6
6
6
6
6
6
6
6
6
6
6
6
6
6
6
6
6
6
6
6
6
6
6
6
6
6
6
6
6
6
6
6
6
6
6
6
6
6
6
6
6
6
6
6
6
6
6
6
6
6
6
6
6
6
6
6
6
6
6
6
6
6
6
6
6
6
6
6
6
6
6
6
6
6
6
6
6
6
6
6
6
6
6
6
6
6
6
6
6
6
6
6
6
6
6
6
6
6
6
6
6
6
6
6
6
6
6
6
6
6
6
6
6
6
6
6
6
6
6
6
6
6
6
6
6
6
6
6
6
6
6
6
6
6
6
6
6
6
6
6
6
6
6
6
6
6
6
6
6
6
6
6
6
6
6
6
6
6
6
6
6
6
6
6
6
6
6
6
6
6
6
6
6
6
6
6
6
6
6
6
6
6
6
6
6
6
6
6
6
6
6
6
6
6
6
6
6
6
6
6
6
6
6
6
6
6
6
6
6
6
6
6
6
6
6
6
6
6
6
6
6
6
6
6
6
6
6
6
6
6
6
6
6
6
6
6
6
6
6
6
6
6
6
6
6
6
6
6
6
6
6
6
6
6
6
6
6
6
6
7
7
7
7
7
7
7
7
7
7
7
7
7
7
7
7
7
7
7
7
7
7
7
7
7
7
8
8
8
8
8
8
8
8
8
8
8
8
8
8
8
8
8
8
8
8.41421
8
8
8
8
8
8
9
9
9
9
9.41421
9
9
9
9
9
9
9
9
9
9
9
9.41421
9
9
9
9
9
9.41421
9.82843
10.8284
10.4142
9.41421
9
9
9
9
9
9
9
9
10
10
10
10
10.4142
10.8284
11.8284
10.4142
10
10
10.4142
10
10
10
10
10
10
10.4142
10
10.4142
10.8284
11.4142
10.4142
10
10
10
10
10
10
10
10
10
11
11
11
12.2426
13.2426
14.2426
11.8284
11.4142
11.4142
40.5564
41.5564
11
11
11
11
11
11
11
11.4142
11.8284
11
11
11.8284
12.2426
13.2426
14.2426
13.8284
12.8284
11.8284
11
11
11
11
11
11
11
11
11
11
11
11.4142
12
12
12
14.6569
15.6569
16.6569
17.6569
18.6569
19.6569
20.6569
21.6569
22.6569
23.6569
24.6569
14.2426
13.2426
12.8284
12.4142
12.8284
37.7279
38.1421
39.1421
40.1421
41.1421
42.1421
43.1421
44.1421
12
12
12
12
12
12.8284
13.2426
14.2426
15.2426
12
12
12
12
12
12
12.4142
12
12.4142
12.8284
13
13
13
13
13
25.0711
14.6569
13.8284
36.7279
43.7279
13
13
13
13
13
13
13
15.6569
13
13
13
13
13
13
13
13
13
13
13
13
13
13.4142
13.8284
14
14
14
14
14
25.4853
26.4853
27.4853
28.4853
17.0711
16.0711
15.6569
14.8284
35.3137
36.3137
43.3137
44.3137
15.4142
14.4142
14
14
14
14
14
14
16.0711
17.0711
18.0711
19.0711
20.0711
21.0711
22.0711
23.0711
24.0711
25.0711
26.0711
27.0711
28.0711
29.0711
30.0711
14
14
14
14
14
14
14
14
14
14
14
14
14
14.4142
14
14
14
14.4142
14.8284
15.2426
16.2426
15
15
15
15
28.8995
29.8995
20.4853
19.4853
18.4853
17.4853
15.8284
16.2426
17.2426
18.2426
31.8995
32.8995
33.8995
34.8995
43.8995
44.8995
15.8284
15
15
15
15
15
30.4853
31.4853
32.4853
33.4853
34.4853
35.4853
36.4853
37.4853
38.4853
39.4853
15
15
15
15
15
15
15
15
15
15
15
15
15
15
15
15
15.4142
15
15
15.4142
16.6569
17.6569
16
16
16
16
30.3137
31.3137
24.8995
23.8995
22.8995
21.8995
20.8995
18.6569
19.6569
20.6569
29.4853
30.4853
31.4853
44.3848
16.8284
16
16.4142
16
16
16
16
39.8995
40.8995
41.8995
42.8995
16
16
16
16
16
16
16
16
16
16
16
16
16
16.4142
17.4142
16.4142
16
16
16.4142
18.0711
19.0711
17
17
17
17
17
31.7279
32.7279
33.7279
27.3137
26.3137
25.3137
21.0711
22.0711
23.0711
24.0711
25.0711
26.0711
27.0711
28.0711
29.0711
43.3848
42.9706
18.2426
17.8284
17
17.4142
17
17.4142
17
17
17
17
43.3137
44.3137
45.3137
46.3137
47.3137
17
17
17
17
17
17
17
17
17
17.4142
17.8284
17.8284
17
17
17.4142
19.4853
18
18
18
18
18
18
34.1421
35.1421
30.7279
29.7279
28.7279
27.7279
41.9706
19.2426
18
18.4142
18.4142
18
18
18
18
47.7279
48.7279
49.7279
50.7279
18
18
18
18
18.4142
18
18
18
18.8284
19.2426
18.8284
18
18
18.4142
20.4853
20.8995
19
19
19
19
19
19
19
35.5563
36.5563
33.1421
32.1421
31.1421
41.5564
40.5564
40.1421
20.6569
20.2426
19
19.4142
20.8284
19.8284
19.4142
19.4142
19.8284
20.8284
19
19
19
19
51.1421
52.1421
53.1421
19
19
19
19.4142
19.4142
19
19.4142
19.8284
20.2426
21.2426
20.6569
20.2426
19
19.4142
21.8995
20
20
20
36.9706
37.9706
38.9706
39.9706
36.5563
35.5563
34.5563
33.5563
39.1421
38.7279
22.0711
21.6569
20.4142
21.2426
21.2426
20
53.5563
54.5563
55.5563
56.5563
20.4142
20.4142
20.8284
20.4142
21.6569
22.6569
23.0711
22.0711
21.6569
20
20.4142
22.8995
21
21
21
21
21
21
21
40.3848
36.9706
37.7279
23.0711
21.4142
22.2426
22.2426
21
21
21
21
21
21
56.9706
21.4142
21.8284
22.2426
21.8284
21.4142
21.8284
23.0711
23.4853
21
21
21
21.4142
23.8995
22
22
22
22
22
22
22
40.799
41.799
42.3848
41.3848
40.3848
39.3848
38.3848
37.3848
37.3137
36.3137
25.4853
24.4853
24.0711
22.4142
23.6569
23.2426
23.2426
23.6569
22
22
22
22
22
57.3848
58.3848
59.3848
60.3848
23.2426
23.6569
24.0711
23.6569
22.8284
23.2426
24.2426
22.8284
23.2426
22.8284
24.0711
24.4853
25.4853
26.4853
24.8995
24.4853
22
22
22.4142
24.8995
23
23
23
23
23.4142
23.8284
35.8995
34.8995
33.8995
32.8995
31.8995
30.8995
29.8995
28.8995
27.8995
26.8995
25.8995
23.4142
23.8284
24.8284
24.6569
24.6569
23
23
23.4142
23.8284
24.2426
24.6569
60.799
61.799
24.6569
24.2426
23.8284
24.6569
25.6569
26.6569
27.6569
23.8284
26.8995
27.8995
28.8995
29.8995
29.3137
28.3137
27.3137
26.3137
25.8995
23
23.4142
25.8995
24
24
24
24
24
24.8284
25.2426
25.6569
24
24
24
24
24
24
24
24
24
24
24
24
24
24
24
24
24
24
24.4142
24.8284
25.2426
25.2426
26.0711
25.6569
25.6569
26.0711
25.6569
26.0711
26.4853
26.8995
27.3137
62.2132
63.2132
24.8284
24.4142
24
24
28.0711
29.0711
30.0711
31.0711
32.0711
33.0711
34.0711
35.0711
36.0711
24.8284
24.4142
24
24
24.4142
26.4853
26.8995
25
25
25
25
25
26.6569
27.0711
25.8284
25.4142
25
25
25
25
26.2426
26.6569
27.0711
27.4853
27.8995
28.3137
26.2426
26.6569
29.4853
28.4853
27.4853
27.0711
27.0711
27.4853
28.4853
28.3137
28.7279
29.1421
29.5563
29.9706
30.3848
63.6274
64.6274
65.6274
66.6274
25
25
25
25
36.4853
37.4853
38.4853
39.4853
40.4853
25.4142
25
25
25.4142
27.4853
26
26
26
28.0711
30.5563
30.1421
29.7279
29.3137
28.8995
28.4853
28.0711
27.6569
27.2426
26.8284
29.3137
29.7279
30.1421
30.5563
30.9706
27.6569
28.0711
29.0711
30.0711
31.8995
30.8995
29.8995
28.8995
29.8995
31.3848
31.799
32.2132
32.6274
33.0416
67.0416
68.0416
26
26
26
26
40.8995
41.8995
26.4142
26
26
26
26
26.4142
28.0711
28.4853
29.0711
29.4853
36.4558
35.4558
34.4558
34.0416
33.6274
33.2132
32.799
32.3848
31.9706
31.5563
31.9706
32.3848
32.799
33.2132
34.2132
30.4853
31.4853
32.4853
33.4853
34.3137
33.3137
32.3137
30.3137
31.3137
32.3137
34.0416
34.4558
35.4558
36.4558
37.4558
38.4558
39.4558
40.4558
68.4558
69.4558
27
27
27
27
42.3137
43.3137
27
27
27
27.4142
27
29.0711
30.4853
39.8701
38.8701
37.8701
36.8701
34.6274
35.6274
36.6274
37.6274
38.6274
39.6274
32.7279
33.7279
34.7279
35.7279
40.8701
41.8701
42.8701
43.8701
44.8701
45.8701
46.8701
47.8701
69.8701
70.8701
71.8701
72.8701
28
28
28
43.7279
44.7279
45.7279
28
28
28
28
30.0711
31.4853
40.2843
40.0416
36.1421
37.1421
38.1421
48.2843
73.2843
74.2843
75.2843
29
46.1421
29
29
29
31.0711
32.4853
41.6985
41.2843
41.0416
41.4558
42.4558
43.4558
44.4558
38.5563
49.2843
49.6985
50.6985
51.6985
52.6985
53.6985
54.6985
55.6985
56.6985
75.6985
30
30
30.4142
30.8284
46.5563
30
30
30
30
30
30
32.0711
33.4853
43.1127
42.6985
44.8701
45.8701
46.8701
46.2132
45.2132
44.2132
38.9706
39.9706
40.9706
41.9706
42.9706
57.1127
58.1127
59.1127
60.1127
61.1127
76.1127
77.1127
78.1127
31.8284
32.2426
32.6569
33.0711
46.9706
31
31
31
31
31
31
31
33.0711
34.4853
44.5269
44.1127
44.6274
43.6274
42.6274
41.6274
40.6274
43.3848
44.3848
45.3848
46.3848
47.3848
61.5269
62.5269
78.5269
79.5269
80.5269
34.0711
34.4853
34.8995
35.3137
47.3848
32
32
32
32
34.0711
35.4853
45.5269
41.0416
40.0416
39.6274
39.2132
38.799
47.799
48.799
49.799
50.799
51.799
52.799
62.9411
63.9411
80.9411
81.9411
82.9411
83.9411
36.3137
36.7279
37.1421
37.5563
47.799
33
33
33
33
33
33
35.0711
36.8995
36.4853
46.5269
39.799
39.3848
38.9706
38.5563
34
34
34
34
34
34
34
34
34
34
53.2132
54.2132
55.2132
56.2132
57.2132
58.2132
59.2132
60.2132
61.2132
62.2132
64.3553
65.3553
66.3553
84.3553
85.3553
86.3553
87.3553
88.3553
38.5563
38.9706
39.3848
46.2132
47.2132
48.2132
34
34
34
34.4142
34
34
34
34
36.0711
36.4853
68.6274
67.6274
66.6274
65.6274
64.6274
38.3137
37.8995
47.5269
39.5563
39.1421
38.7279
38.3137
37.8995
35.4142
35
35
35
35
35
35
62.6274
63.6274
64.6274
65.6274
66.6274
67.6274
68.6274
69.6274
70.6274
71.6274
72.6274
73.6274
74.6274
75.6274
76.6274
66.7696
88.7696
89.7696
90.7696
40.3848
40.799
41.2132
46.6274
35
35
36.6569
36.2426
35.8284
35.4142
35
35
37.4853
37.8995
63.799
64.799
65.799
66.799
67.799
68.799
69.799
69.2132
68.2132
64.2132
63.2132
62.2132
61.2132
60.2132
59.2132
58.2132
40.7279
39.7279
39.3137
48.5269
38.8995
38.4853
38.0711
37.6569
37.2426
37.6569
37.2426
36.8284
36.4142
36
36
77.0416
78.0416
79.0416
80.0416
81.0416
82.0416
83.0416
84.0416
67.7696
91.1838
92.1838
93.1838
94.1838
95.1838
42.2132
42.6274
46.0416
47.0416
36
36
38.0711
37.6569
36
36
38.8995
39.3137
40.3137
58.9706
59.3848
60.3848
61.3848
62.3848
63.3848
57.799
56.799
55.799
54.799
53.799
52.799
51.799
51.3848
45.1421
44.1421
43.1421
42.1421
41.1421
49.5269
49.9411
38.2426
38.6569
37
84.4558
85.4558
86.4558
87.4558
68.7696
94.7696
93.7696
92.7696
91.7696
90.7696
90.3554
43.6274
46.4559
37
39.0711
37
40.7279
41.7279
42.7279
43.7279
44.7279
45.7279
57.9706
50.3848
45.5564
50.9411
39.2426
38.8284
38.4142
38
40.4853
40.0711
39.6569
38
38.4142
87.8701
69.7696
89.3554
44.6274
45.0416
46.8701
38
38
41.3137
40.8995
40.4853
40.0711
38
38
46.1421
48.5564
49.5564
50.5564
51.5564
52.5564
53.5564
54.5564
55.5564
56.5564
57.5564
49.9706
48.9706
47.9706
46.9706
45.9706
51.9411
102.083
103.083
104.083
105.083
106.083
107.083
108.083
109.083
110.083
111.083
112.083
113.083
39
39
39
39
42.3137
41.8995
41.4853
39.4142
39.8284
88.2843
89.2843
90.2843
91.2843
92.2843
93.2843
94.2843
70.7696
88.9411
87.9411
86.9411
85.9411
84.9411
83.9411
46.0416
47.2843
39
39
39
39.4142
43.1421
42.7279
42.3137
39
39
39
39
46.5564
47.5564
52.9411
53.3553
95.6691
96.6691
97.6691
98.6691
99.6691
100.669
101.669
112.669
113.669
114.669
115.669
116.669
40
40
40
40
40
44.1421
43.7279
43.3137
40.8284
41.2426
41.6569
94.6985
95.6985
96.6985
71.7696
83.5269
82.5269
81.5269
80.5269
79.5269
78.5269
77.5269
76.5269
47.0416
48.2843
48.6985
40.4142
40.8284
41.2426
41.6569
42.0711
42.4853
43.3137
43.7279
44.1421
44.5563
44.5563
44.1421
136.61
137.61
138.61
139.61
40
40
54.3553
54.7696
55.7696
56.7696
92.2549
93.2549
94.2549
95.2549
116.255
117.255
118.255
119.255
120.255
41
41
41
41
41.4142
41.8284
44.7279
45.1421
45.5564
45.5563
45.1421
42.6569
65.1127
66.1127
67.1127
68.1127
69.1127
96.6691
95.6691
94.6691
93.6691
92.6691
74.1838
73.1838
72.7696
76.1127
75.1127
74.1127
73.1127
72.1127
71.1127
70.1127
48.4559
48.0416
49.6985
50.1127
51.1127
43.4853
43.8995
44.3137
132.196
133.196
134.196
135.196
136.196
139.196
140.196
141.196
142.196
143.196
41
41
41
41
57.1838
58.1838
59.1838
86.8406
87.8406
88.8406
89.8406
90.8406
91.8406
119.841
120.841
121.841
122.841
42.8284
43.2426
43.6569
44.0711
44.4853
44.8995
45.3137
45.7279
43.6569
44.0711
63.5269
64.5269
65.5269
69.5269
70.5269
71.5269
72.5269
73.5269
74.5269
92.2549
91.2549
90.2549
75.598
74.598
69.6985
68.6985
67.6985
66.6985
65.6985
64.6985
51.8701
50.8701
49.8701
49.4559
51.5269
52.5269
53.5269
130.782
131.782
142.782
143.782
144.782
42
42
42
47.5563
47.9706
48.3848
48.799
49.2132
49.6274
59.598
60.598
61.598
62.598
63.598
64.598
65.598
66.598
67.598
68.598
75.4264
76.4264
77.4264
78.4264
79.4264
80.4264
81.4264
82.4264
83.4264
84.4264
85.4264
86.4264
122.426
123.426
124.426
45.0711
45.4853
61.9411
62.9411
63.9411
74.9411
75.9411
76.9411
89.8406
88.8406
87.8406
86.8406
85.8406
84.8406
83.8406
79.0122
78.0122
77.0122
76.0122
64.2843
63.2843
62.2843
61.2843
60.2843
59.2843
58.2843
57.2843
56.2843
55.2843
54.2843
53.2843
52.2843
53.9411
54.9411
55.9411
56.9411
128.539
128.953
129.368
130.368
144.368
145.368
43
43
43.4142
43.8284
46.8995
46.4853
46.8995
47.3137
47.7279
48.1421
48.5563
50.6274
51.0416
51.4558
51.8701
52.2843
52.6985
53.1127
53.5269
69.0122
70.0122
71.0122
72.0122
73.0122
74.0122
75.0122
124.012
125.012
126.012
127.012
46.4853
46.8995
47.3137
61.3554
62.3554
77.3554
78.3554
79.3554
80.3554
83.4264
82.4264
81.4264
80.4264
79.4264
57.3554
58.3554
59.3554
60.3554
61.3554
127.125
127.539
144.953
145.953
146.953
44.8284
45.2426
45.6569
46.0711
46.4853
48.7279
48.3137
47.8995
54.5269
54.9411
55.3553
55.7696
56.1838
127.426
128.426
48.3137
61.7696
80.7696
81.7696
82.7696
83.7696
84.7696
61.7696
62.7696
63.7696
125.711
126.125
146.539
146.61
47.4853
47.8995
48.3137
48.7279
49.1421
49.5564
49.7279
57.1838
128.841
129.841
130.841
49.3137
62.1838
85.1838
64.1838
65.1838
66.1838
67.1838
124.711
145.61
145.196
50.5564
53.6274
51.5564
51.1421
50.7279
58.1838
58.598
59.0122
131.255
50.3137
50.7279
62.598
86.1838
86.598
87.598
67.598
123.711
144.196
51.5564
51.9706
52.3848
52.799
53.2132
54.6274
53.3848
52.9706
52.5564
60.0122
60.4264
60.5269
60.9411
106.669
107.669
108.669
109.669
110.669
111.669
112.669
113.669
131.669
132.669
133.669
134.669
51.7279
52.1421
52.5563
63.0122
88.0122
89.0122
90.0122
91.0122
92.0122
93.0122
68.0122
69.0122
70.0122
121.297
122.297
123.297
143.782
142.782
141.782
55.6274
56.0416
56.4559
56.8701
57.2843
57.6985
58.6985
59.6985
60.6985
61.6985
62.6985
63.6985
64.6985
65.6985
55.2132
54.799
54.3848
61.9411
62.3553
62.7696
104.083
105.083
106.083
107.083
114.083
115.083
116.083
117.083
135.083
136.083
137.083
138.083
53.5563
53.9706
54.3848
63.4264
93.4264
94.4264
95.4264
96.4264
97.4264
98.4264
98.4975
70.4264
71.4264
72.4264
119.882
120.882
141.368
140.368
66.1127
67.1127
68.1127
69.1127
70.1127
56.6274
56.2132
63.7696
64.1838
104.497
117.497
118.497
119.497
138.497
139.497
140.497
55.3848
55.799
63.8406
98.9117
97.9117
96.9117
95.9117
94.9117
93.9117
92.9117
91.9117
90.9117
89.9117
88.9117
87.9117
86.9117
85.9117
85.4975
86.1838
85.1838
84.1838
83.1838
82.1838
81.1838
80.1838
79.1838
78.1838
77.1838
76.1838
72.8406
73.8406
74.8406
118.468
119.468
139.953
138.953
137.953
70.5269
71.5269
58.0416
57.6274
65.1838
65.598
66.0122
66.4264
103.912
104.912
119.912
120.912
121.912
140.912
141.912
142.912
143.912
56.799
57.2132
57.6274
64.2549
65.2549
86.4975
86.0833
85.6691
85.2549
84.8406
84.4264
84.0122
83.598
83.1838
82.7696
83.1838
83.598
93.598
92.598
91.598
90.598
89.598
88.598
87.598
86.598
76.598
75.598
74.598
73.598
72.598
71.598
70.598
69.598
75.2549
76.2549
117.054
118.054
137.539
136.539
135.539
71.9412
72.9412
59.4559
59.0416
67.4264
67.8406
68.2549
68.6691
104.326
122.326
123.326
124.326
144.326
145.326
146.326
58.6274
59.0416
59.4559
59.8701
60.2843
65.6691
66.6691
67.6691
84.598
85.0122
85.4264
85.8406
86.2549
86.6691
97.8112
98.8112
98.0122
97.0122
96.0122
95.0122
94.0122
70.0122
69.0122
68.0122
67.0122
66.0122
65.0122
64.0122
76.6691
77.6691
78.6691
114.64
115.64
116.64
135.125
134.125
133.125
73.3554
60.4559
69.6691
70.0833
70.4975
104.74
105.74
124.74
125.74
126.74
146.74
147.74
148.74
149.74
150.74
61.2843
61.6985
62.1127
62.5269
62.9411
68.0833
69.0833
70.0833
71.0833
87.6691
88.0833
88.4975
88.9117
89.3259
89.7401
90.1544
90.5686
90.9828
91.397
91.8112
92.2254
93.2254
94.2254
95.2254
96.2254
97.2254
98.2254
65.0122
64.598
64.1838
63.7696
63.3554
62.9411
62.5269
79.0833
80.0833
81.0833
113.225
114.225
132.711
131.711
130.711
129.711
74.3554
61.4559
71.4975
106.154
127.154
151.154
152.154
153.154
154.154
155.154
156.154
63.9411
71.4975
72.4975
73.4975
74.4975
75.4975
76.4975
77.4975
78.4975
63.5269
81.4975
82.4975
83.4975
110.397
110.811
111.811
112.811
129.297
128.297
127.297
126.297
125.882
75.3554
63.2843
62.8701
62.4559
72.4975
72.9117
73.3259
73.7401
74.1544
106.569
128.154
128.569
129.569
156.569
64.9411
65.3554
65.7696
66.1838
66.598
78.9117
64.5269
64.1127
63.6985
63.2843
62.8701
62.4559
62.0416
62.4559
62.8701
83.9117
109.397
124.882
76.3554
64.6985
64.2843
75.1544
75.5686
75.9828
106.983
129.983
130.983
156.983
157.983
158.983
159.983
160.983
161.983
162.983
163.983
164.983
165.983
166.983
167.983
168.983
169.983
170.983
171.983
172.983
173.983
174.983
175.983
176.983
177.983
178.983
179.983
180.983
181.983
182.983
183.983
184.983
185.983
186.983
187.983
188.983
189.983
67.598
68.0122
68.4264
68.8406
79.3259
80.3259
81.3259
82.3259
83.3259
84.3259
85.3259
63.8701
64.2843
64.6985
65.1127
65.5269
65.9411
66.3554
84.3259
85.3259
86.3259
107.983
108.983
124.468
123.468
122.468
121.468
120.468
119.468
77.3554
65.6985
76.9828
77.397
78.397
79.397
80.397
107.397
108.397
109.397
131.397
132.397
133.397
190.397
191.397
192.397
193.397
194.397
195.397
196.397
197.397
69.8406
70.2549
70.6691
85.7402
86.7402
87.7402
88.7402
89.7402
90.7402
67.3554
67.7696
68.1838
68.598
69.0122
69.4264
86.7402
87.7402
88.7402
89.7402
90.7402
103.569
104.569
105.569
106.569
107.569
119.054
118.054
117.054
116.054
115.054
114.054
113.054
112.054
77.8407
67.1127
66.6985
80.8112
81.8112
82.8112
83.8112
84.8112
109.811
110.811
133.811
197.811
198.811
199.811
200.811
201.811
202.811
71.6691
72.0833
91.1544
92.1544
93.1544
94.1544
95.1544
96.1544
70.4264
70.8406
71.2549
71.6691
91.1544
92.1544
93.1544
94.1544
95.1544
96.1544
97.1544
98.1544
99.1544
100.154
101.154
102.154
103.154
134.154
135.154
136.154
137.154
138.154
139.154
140.154
141.154
140.64
139.64
138.64
111.64
110.64
109.64
109.225
108.811
108.397
107.983
107.569
107.154
78.2549
68.1127
85.2254
86.2254
87.2254
88.2254
89.2254
111.225
112.225
134.811
135.225
203.225
204.225
205.225
206.225
207.225
73.0833
73.4975
73.9117
74.3259
96.5686
97.5686
98.5686
99.5686
100.569
101.569
102.569
72.6691
73.0833
133.569
134.569
138.225
137.225
136.225
135.225
106.154
79.6691
78.6691
69.9411
69.5269
69.1127
89.6396
90.6396
91.6396
92.6396
112.64
136.225
207.64
208.64
209.64
75.3259
75.7402
102.983
103.983
104.983
105.983
106.983
107.983
74.0833
74.4975
74.9117
132.983
133.983
134.811
133.811
132.811
105.154
81.0833
80.0833
71.3554
70.9411
256.895
255.895
254.895
253.895
252.895
251.895
250.895
249.895
248.895
247.895
246.895
245.895
244.895
243.895
242.895
241.895
93.0539
94.0539
95.0539
113.054
114.054
115.054
137.225
137.64
210.054
211.054
212.054
213.054
214.054
76.7402
77.1544
77.5686
77.9828
108.397
109.397
110.397
111.397
112.397
113.397
75.9117
76.3259
76.7402
131.397
132.397
133.397
132.397
131.397
130.397
104.154
84.4975
83.4975
82.4975
81.4975
72.3554
258.48
257.48
256.48
241.48
240.48
239.48
238.48
237.48
95.4681
96.4681
97.4681
98.4681
115.468
138.64
214.468
215.468
216.468
217.468
78.9828
79.397
79.8112
113.811
114.811
115.811
116.811
117.811
118.811
119.811
77.7402
78.1544
131.811
129.983
128.983
127.983
103.154
87.9117
86.9117
85.9117
84.9117
73.3554
259.066
258.066
237.066
236.066
235.652
98.8823
115.882
139.64
217.882
218.882
219.882
80.8112
120.225
121.225
122.225
123.225
124.225
79.1544
132.225
127.569
102.154
88.3259
74.7696
74.3554
258.652
234.652
99.8823
100.297
101.297
116.297
140.64
220.297
81.8112
82.2254
82.6397
83.6397
124.64
80.1544
131.64
132.64
127.154
126.154
125.154
124.154
101.154
99.7402
98.7402
97.7402
96.7402
95.7402
94.7402
93.7402
92.7402
91.7402
90.7402
89.7402
88.7402
75.7696
256.865
257.279
257.694
258.108
234.238
233.238
232.238
231.238
101.711
102.711
103.711
104.711
116.711
141.64
220.711
221.711
222.711
223.711
224.711
84.0539
85.0539
86.0539
87.0539
88.0539
125.054
126.054
127.054
128.054
129.054
130.054
174.368
175.368
176.368
177.368
178.368
179.368
180.368
181.368
182.368
183.368
184.368
81.1544
81.5686
132.054
123.74
122.74
121.74
100.74
77.1838
76.7696
255.451
255.865
230.823
229.823
228.823
105.125
106.125
115.125
116.125
117.125
142.64
168.125
169.125
170.125
171.125
172.125
173.125
174.125
175.125
176.125
177.125
178.125
179.125
180.125
181.125
182.125
183.125
184.125
225.125
226.125
227.125
228.125
229.125
88.4681
89.4681
90.4681
91.4681
92.4681
93.4681
130.468
131.468
132.468
133.468
134.468
168.953
169.953
170.953
171.953
172.953
173.953
183.953
184.953
185.953
186.953
187.953
188.953
189.953
190.953
191.953
82.5686
105.468
106.468
107.468
108.468
109.468
110.468
111.468
112.468
113.468
114.468
115.468
116.468
117.468
118.468
132.468
122.154
121.154
120.154
119.154
118.154
79.0122
78.598
78.1838
254.451
228.409
227.409
226.409
106.539
107.539
108.539
109.539
110.539
113.539
114.539
115.539
143.64
162.539
163.539
164.539
165.539
166.539
167.539
168.539
184.539
185.539
186.539
187.539
188.539
189.539
190.539
191.539
192.539
229.539
230.539
231.539
232.539
233.539
93.8823
94.8823
95.8823
96.8823
97.8823
98.8823
134.882
135.882
136.882
137.882
138.882
139.882
162.539
163.539
164.539
165.539
166.539
167.539
168.539
191.539
192.539
193.539
194.539
195.539
196.539
83.5686
83.9828
84.397
103.882
104.882
105.882
118.882
119.882
120.882
121.882
122.882
123.882
132.882
118.569
117.569
116.569
115.569
114.569
113.569
112.569
111.569
100.983
80.4264
80.0122
253.037
253.451
225.995
224.995
110.953
111.953
112.953
113.953
144.64
159.953
160.953
161.953
162.953
192.953
193.953
194.953
195.953
196.953
197.953
198.953
233.953
234.953
235.953
236.953
237.953
99.2965
100.297
101.297
102.297
103.297
140.297
141.297
142.297
143.297
144.297
145.297
159.125
160.125
161.125
162.125
196.125
197.125
198.125
199.125
200.125
201.125
85.397
103.297
104.297
124.297
125.297
126.297
127.297
128.297
133.297
111.983
110.983
109.983
108.983
107.983
106.983
105.983
104.983
103.983
102.983
101.983
101.397
81.8407
81.4264
251.208
251.622
252.037
224.581
223.581
222.581
146.054
145.64
157.368
158.368
159.368
160.368
199.368
200.368
201.368
202.368
203.368
204.368
238.368
239.368
240.368
241.368
103.711
104.711
105.711
106.711
107.711
108.711
145.711
146.711
147.711
148.711
149.711
150.711
151.711
152.711
153.711
154.711
155.711
156.711
157.711
158.711
200.711
201.711
202.711
203.711
86.397
101.711
102.711
103.711
128.711
129.711
130.711
133.711
134.711
101.811
83.2549
82.8407
249.794
250.208
222.167
221.167
220.752
147.054
155.782
156.782
157.782
204.782
205.782
206.782
207.782
208.782
209.782
241.782
242.782
243.782
244.782
109.125
110.125
111.125
112.125
113.125
204.125
205.125
206.125
87.397
87.8112
101.125
102.125
131.125
132.125
133.125
135.125
136.125
137.125
102.225
85.4975
85.0833
84.6691
84.2549
248.794
219.752
219.338
148.468
148.054
154.196
155.196
156.196
210.196
211.196
212.196
213.196
214.196
245.196
246.196
247.196
248.196
249.196
113.539
114.539
115.539
116.539
206.539
207.539
208.539
209.539
88.8112
101.539
133.539
137.539
138.539
139.539
140.539
141.539
102.64
86.4975
247.38
247.794
218.338
217.924
149.468
154.61
214.61
249.61
250.61
251.61
116.953
209.953
210.953
89.8112
101.953
134.539
141.953
142.953
143.953
144.953
103.054
87.9117
87.4975
246.38
236.924
235.924
234.924
216.924
150.468
154.61
155.024
215.61
216.024
217.024
218.024
219.024
220.024
252.024
117.953
118.368
119.368
120.368
121.368
211.368
90.8112
102.368
135.539
145.368
103.468
90.5686
90.1544
89.7402
89.3259
88.9117
245.38
242.338
241.338
240.338
239.338
238.338
237.338
234.51
233.51
232.51
231.51
230.51
216.51
215.51
152.882
151.882
151.468
155.196
155.61
220.439
221.439
222.439
223.439
224.439
252.439
253.439
254.439
255.439
121.782
122.782
123.782
124.782
125.782
211.782
212.782
91.8112
92.2254
102.782
136.539
145.782
146.782
147.782
148.782
149.782
150.782
151.782
103.882
94.4681
94.0539
93.6397
93.2254
92.8112
92.397
91.9828
91.5686
243.551
243.966
244.38
244.752
243.752
242.752
230.096
229.096
215.096
214.096
213.096
154.297
153.297
156.196
224.853
225.853
226.853
227.853
228.853
255.853
256.853
257.853
126.196
127.196
128.196
129.196
130.196
131.196
213.196
214.196
215.196
93.2254
103.196
137.539
152.196
153.196
154.196
155.196
156.196
157.196
104.297
103.297
102.297
101.297
100.297
99.2965
98.2965
97.2965
96.2965
95.8823
95.4681
242.551
247.167
246.167
245.167
228.681
227.681
212.681
211.681
156.711
155.711
154.711
156.368
156.782
157.196
229.267
230.267
231.267
232.267
233.267
258.267
259.267
260.267
131.61
132.61
133.61
134.61
135.61
136.61
215.61
216.61
94.2254
103.61
138.539
157.61
158.61
159.61
241.137
241.551
248.581
247.581
227.267
211.267
210.267
160.125
159.125
158.125
157.125
157.368
233.681
234.681
235.681
236.681
260.681
261.681
262.681
137.024
138.024
139.024
140.024
141.024
142.024
143.024
144.024
145.024
146.024
147.024
148.024
149.024
150.024
151.024
152.024
153.024
154.024
155.024
185.024
186.024
187.024
188.024
189.024
190.024
191.024
192.024
217.024
95.2254
104.024
139.539
160.024
161.024
162.024
163.024
164.024
239.723
240.137
250.995
249.995
248.995
226.853
209.853
208.853
207.853
206.853
163.539
162.539
161.539
160.539
158.368
237.096
238.096
239.096
240.096
241.096
262.865
261.865
260.865
259.865
155.439
156.439
157.439
158.439
159.439
160.439
161.439
162.439
182.439
183.439
184.439
185.439
192.439
193.439
194.439
195.439
217.439
218.439
96.2254
96.6397
104.439
141.953
140.953
140.539
164.439
165.439
166.439
167.439
238.723
252.409
251.409
226.439
206.439
205.439
204.439
169.953
168.953
167.953
166.953
165.953
164.953
163.953
158.953
159.368
204.823
205.823
206.823
207.823
208.823
209.823
210.823
211.823
212.823
213.823
214.823
215.823
216.823
217.823
218.823
219.823
220.823
241.51
242.51
243.51
244.51
245.51
246.51
247.51
248.51
259.451
258.451
257.451
162.853
163.853
164.853
181.853
182.853
195.853
196.853
197.853
218.853
97.6397
104.853
105.853
141.238
167.853
168.853
169.853
237.309
237.723
252.823
226.024
204.024
203.024
202.024
201.61
178.368
177.368
176.368
175.368
174.368
173.368
172.368
171.368
170.368
159.953
200.995
201.409
202.409
203.409
204.409
220.409
221.409
222.409
223.409
224.409
225.409
248.924
257.037
256.037
255.037
254.037
253.622
165.267
182.267
198.267
219.267
220.267
98.6397
106.267
107.267
108.267
139.823
140.238
170.267
171.267
172.267
173.267
236.309
254.238
253.823
225.61
200.61
178.782
160.953
199.995
224.995
249.924
250.338
251.338
252.338
253.338
254.338
255.338
256.338
252.622
166.267
166.681
181.681
182.681
199.267
199.681
200.681
220.681
99.6397
108.681
138.823
173.681
233.895
234.895
235.895
253.895
225.196
200.196
199.196
198.196
197.196
196.196
195.196
194.196
193.196
192.196
191.196
190.196
189.196
188.196
187.196
186.196
185.196
184.196
183.196
182.196
181.196
180.196
179.196
161.953
198.581
199.581
224.581
225.581
226.581
227.581
228.581
229.581
256.752
257.752
258.752
259.752
260.752
252.208
251.208
250.208
249.208
248.208
167.681
168.096
169.096
182.096
201.096
202.096
221.096
100.64
101.054
101.468
109.096
110.096
137.409
138.409
174.096
175.096
176.096
177.096
178.096
232.48
233.48
251.48
252.48
253.48
225.61
162.953
163.368
195.167
196.167
197.167
198.167
229.167
230.167
231.167
232.167
233.167
234.167
235.167
261.167
262.167
262.794
261.794
247.794
246.794
245.794
244.794
243.794
169.51
170.51
182.51
202.51
221.51
102.468
110.51
111.51
135.995
136.995
178.51
179.51
180.51
181.51
231.066
232.066
250.066
251.066
226.024
164.368
193.752
194.752
234.752
235.752
236.752
237.752
238.752
239.752
261.38
260.38
243.38
242.38
241.38
240.38
239.38
238.38
237.38
170.924
182.924
203.51
203.924
221.924
222.924
223.924
103.468
103.882
111.924
112.924
113.924
114.924
132.581
133.581
134.581
135.581
181.924
182.924
183.924
184.924
185.924
186.924
187.924
188.924
189.924
228.652
229.652
230.652
248.652
249.652
227.439
226.439
165.368
192.338
193.338
239.338
240.338
241.338
242.338
243.338
244.338
245.338
246.338
259.966
258.966
236.966
235.966
234.966
233.966
232.966
231.966
230.966
229.966
171.924
183.338
204.924
205.338
224.338
104.882
115.338
116.338
117.338
128.167
129.167
130.167
131.167
132.167
154.338
155.338
156.338
157.338
158.338
159.338
160.338
161.338
162.338
190.338
227.238
228.238
247.238
248.238
228.853
227.853
166.368
166.782
167.782
188.924
189.924
190.924
191.924
245.924
246.924
247.924
248.924
249.924
250.924
258.551
229.551
228.551
227.551
226.551
225.551
224.551
172.924
173.338
183.752
206.338
206.752
207.752
224.752
105.882
117.752
118.752
119.752
120.752
121.752
122.752
123.752
124.752
125.752
126.752
127.752
150.752
151.752
152.752
153.752
154.752
162.752
163.752
164.752
190.752
224.823
225.823
226.823
244.823
245.823
246.823
229.267
168.196
169.196
187.51
188.51
250.51
251.51
252.51
253.51
254.51
258.137
257.137
256.137
224.137
223.137
222.137
221.137
220.137
174.338
184.167
208.167
225.167
226.167
106.882
107.297
149.167
150.167
151.167
165.167
166.167
167.167
168.167
191.167
220.409
221.409
222.409
223.409
224.409
243.409
244.409
232.681
231.681
230.681
229.681
171.681
171.267
170.853
170.439
170.024
169.61
169.196
169.61
170.61
184.096
185.096
186.096
187.096
254.096
255.096
256.096
255.723
219.723
218.723
217.723
216.723
175.338
184.581
209.167
209.581
226.581
108.297
146.581
147.581
148.581
149.581
168.581
169.581
191.581
192.995
193.995
194.995
195.995
196.995
197.995
198.995
199.995
200.995
201.995
202.995
203.995
204.995
205.995
206.995
207.995
208.995
209.995
210.995
211.995
212.995
213.995
214.995
215.995
216.995
217.995
218.995
219.995
242.995
234.096
233.096
172.681
170.196
171.024
172.024
173.024
174.024
175.024
181.267
181.681
182.681
183.681
255.681
256.681
257.681
258.681
255.309
216.309
215.309
214.309
213.309
212.895
176.752
176.338
184.995
185.995
210.581
226.995
109.297
146.995
169.995
191.995
242.409
243.409
234.51
176.51
175.51
174.51
174.096
173.681
171.196
170.782
170.368
169.953
169.539
169.125
175.439
180.267
207.267
208.267
209.267
210.267
211.267
212.267
213.267
214.267
215.267
216.267
217.267
218.267
219.267
220.267
221.267
258.267
254.895
211.895
177.752
186.409
211.581
211.995
227.409
110.297
110.711
111.125
146.409
147.409
170.995
241.823
242.823
235.924
234.924
177.924
176.924
170.125
169.711
169.297
168.882
168.468
175.853
176.853
177.853
178.853
179.853
203.853
204.853
205.853
206.853
221.681
222.681
223.681
224.681
258.681
259.681
260.681
254.48
211.48
210.48
209.48
208.48
178.752
186.823
212.995
227.823
228.823
112.125
143.823
144.823
145.823
146.823
171.995
172.409
240.238
241.238
242.238
239.338
238.338
237.338
236.338
180.338
179.338
178.338
169.468
169.054
168.64
203.267
204.267
225.096
226.096
227.096
228.096
229.096
261.096
262.096
263.096
256.066
255.066
254.066
208.066
207.066
179.752
187.238
188.238
213.995
214.409
214.823
229.238
113.125
113.539
141.238
142.238
143.238
144.238
173.409
239.652
240.652
240.752
239.752
181.752
180.752
169.64
170.054
203.681
229.51
230.51
231.51
232.51
233.51
263.51
264.51
265.51
255.652
206.652
205.652
204.652
203.652
181.167
180.752
188.652
189.652
190.652
215.823
216.238
229.652
230.652
114.539
122.823
123.238
123.652
124.652
125.652
126.652
127.652
128.652
129.652
130.652
131.652
132.652
133.652
134.652
135.652
136.652
137.652
138.652
139.652
140.652
141.652
174.409
239.066
240.066
242.167
241.167
215.167
214.167
213.167
212.167
211.167
210.167
209.167
208.167
182.167
171.054
171.468
171.882
172.297
203.096
204.096
233.924
234.924
235.924
236.924
237.924
238.924
265.924
266.924
267.924
267.238
256.238
255.238
203.238
202.238
201.238
200.238
183.581
182.581
182.167
191.066
192.066
217.238
217.652
231.066
115.539
115.953
122.995
123.409
123.823
175.409
237.48
238.48
239.48
245.581
244.581
243.581
242.581
219.581
218.581
217.581
216.581
215.581
208.581
207.581
206.581
205.581
204.581
183.167
173.297
173.711
203.51
239.338
240.338
241.338
242.338
243.338
244.338
266.823
265.823
264.823
263.823
262.823
259.823
258.823
257.823
256.823
255.823
199.823
198.823
197.823
196.823
185.995
184.995
183.995
192.48
193.48
218.652
231.48
232.48
233.48
116.953
123.995
176.409
236.895
237.895
246.995
245.995
222.995
221.995
220.995
219.995
204.995
203.995
202.995
201.995
184.167
174.711
175.125
175.539
203.924
244.752
245.752
246.752
247.752
248.752
249.752
250.752
251.752
262.409
261.409
260.409
259.409
196.409
195.409
194.409
193.409
192.409
191.409
190.409
189.409
188.409
187.409
186.409
193.895
194.895
219.652
220.066
233.895
117.953
118.368
124.581
124.995
177.409
237.309
248.409
247.409
223.409
202.409
185.167
176.539
204.338
252.167
195.309
196.309
197.309
221.066
234.309
235.309
119.368
125.581
178.409
237.723
248.823
225.823
224.823
224.409
202.823
201.823
200.823
186.167
177.539
204.752
253.167
253.581
254.581
255.581
256.581
257.581
233.238
232.238
231.238
230.238
229.238
228.238
227.238
226.238
225.238
224.238
223.238
222.238
221.238
220.238
219.238
218.238
217.238
216.238
197.723
222.066
222.48
222.895
235.723
120.368
126.581
179.409
237.137
238.137
251.238
250.238
249.238
227.238
226.238
201.238
200.238
187.167
178.539
178.953
205.167
257.995
258.995
259.995
260.995
261.995
262.995
235.652
234.652
233.652
216.652
215.652
214.652
198.137
199.137
200.137
223.895
236.137
121.368
121.782
122.196
127.581
180.409
197.551
237.551
252.652
251.652
230.652
229.652
228.652
227.652
200.652
199.652
198.652
188.167
179.953
180.368
205.581
263.409
264.409
265.409
266.409
267.409
238.066
237.066
236.066
215.066
214.066
213.066
212.066
200.551
201.551
202.551
224.895
225.309
236.551
237.551
123.196
128.581
181.823
181.409
193.551
194.551
195.551
196.551
197.966
207.966
208.966
209.966
210.966
211.966
212.966
213.966
214.966
215.966
236.966
237.966
254.066
253.066
232.066
231.066
199.066
198.066
189.167
181.368
205.995
206.995
267.823
268.823
269.823
269.48
239.48
238.48
212.48
211.48
210.48
202.966
203.966
226.309
237.966
124.196
124.61
129.581
182.823
190.966
191.966
192.966
193.966
198.966
206.38
207.38
208.38
216.38
217.38
218.38
237.38
254.48
234.48
233.48
232.48
198.48
197.48
190.167
190.581
182.368
207.409
269.895
268.895
267.895
266.895
240.895
239.895
210.895
209.895
204.38
205.38
227.309
227.723
238.38
239.38
240.38
125.61
126.024
130.581
184.238
183.823
188.38
189.38
190.38
191.38
199.966
205.794
206.794
218.794
219.794
220.794
237.794
256.895
255.895
254.895
235.895
234.895
197.895
191.581
191.995
192.995
183.368
183.782
193.823
194.823
195.823
196.823
197.823
198.823
199.823
200.823
201.823
202.823
203.823
204.823
207.823
208.823
209.823
210.823
211.823
267.309
266.309
241.309
210.309
209.309
208.309
191.581
191.995
192.409
192.823
193.238
193.652
194.066
205.794
206.794
228.723
240.794
127.024
131.581
131.995
187.652
186.652
185.652
185.238
188.966
189.38
200.966
206.208
221.208
222.208
236.208
237.208
238.208
258.309
257.309
237.309
236.309
198.309
197.309
193.409
194.409
184.782
191.823
192.238
193.238
194.238
205.238
206.238
212.238
213.238
214.238
215.238
216.238
217.238
218.238
219.238
220.238
221.238
266.723
265.723
264.723
263.723
242.723
242.309
208.723
207.723
191.752
192.167
192.581
195.066
195.48
195.895
196.309
207.208
208.208
209.208
229.723
230.137
230.551
241.208
242.208
128.024
128.439
132.995
186.622
187.622
189.551
189.966
201.966
204.622
205.622
206.622
222.622
236.622
258.723
238.723
237.723
197.723
194.823
195.823
185.782
192.409
192.823
206.652
221.652
222.652
223.652
224.652
225.652
226.652
227.652
264.137
263.137
243.723
208.137
207.137
192.752
192.338
192.752
197.309
197.723
198.137
209.622
210.622
231.551
242.622
129.439
129.853
130.267
133.995
134.409
183.208
184.208
185.208
186.208
189.723
190.137
190.551
202.966
205.037
223.622
237.037
260.137
259.137
239.137
198.723
196.238
197.238
198.238
199.238
186.782
193.409
207.652
228.066
229.066
230.066
231.066
232.066
233.066
263.551
244.723
207.551
193.752
199.137
211.037
212.037
232.551
243.037
244.037
131.267
135.409
135.823
136.823
137.823
180.38
180.794
181.794
182.794
190.723
203.966
206.037
224.622
237.451
260.551
241.551
240.551
240.137
199.723
199.652
187.782
193.995
194.409
208.652
233.48
263.966
246.551
246.137
245.723
207.966
206.966
205.966
195.167
194.752
200.137
200.551
200.966
212.451
233.551
233.966
244.451
132.267
132.681
138.238
179.38
191.723
204.966
207.037
225.622
226.037
237.865
261.966
260.966
242.966
241.966
200.723
200.309
199.895
200.066
201.066
188.782
194.167
194.581
194.995
209.652
210.066
210.48
233.895
234.895
235.895
236.895
237.895
238.895
239.895
240.895
241.895
242.895
243.895
244.895
245.895
264.38
263.38
247.551
206.38
196.581
196.167
201.966
202.38
212.865
213.865
234.966
244.865
133.681
138.652
139.652
140.652
141.652
142.652
174.966
175.966
176.966
177.966
178.966
192.309
192.723
205.966
208.037
227.037
237.279
238.279
262.38
243.38
200.895
201.48
202.48
203.48
189.782
195.167
211.48
246.309
247.309
248.309
249.309
250.309
251.309
252.309
253.309
254.309
255.309
256.309
257.309
263.794
262.794
261.794
248.551
206.794
205.794
197.581
203.38
203.794
214.279
235.966
236.38
245.279
246.279
134.681
135.096
143.066
144.066
145.066
146.066
147.066
148.066
149.066
150.066
151.066
152.066
153.066
154.066
155.066
171.551
172.551
173.551
174.551
193.309
206.966
208.622
209.037
228.037
237.694
264.794
263.794
262.794
244.794
244.38
201.895
203.895
204.895
205.895
190.782
195.752
196.167
212.48
257.723
258.723
259.723
260.723
262.208
249.551
206.208
198.581
204.794
214.694
215.694
216.694
237.38
246.694
136.096
155.48
156.48
157.48
158.48
159.48
170.137
171.137
193.895
194.309
207.966
209.622
229.037
238.108
265.208
246.208
245.794
202.895
206.309
207.309
208.309
191.782
196.752
213.48
261.137
262.137
263.137
262.622
261.622
250.966
250.551
206.622
200.409
199.995
199.581
205.794
206.208
217.108
218.108
238.38
247.108
137.096
137.51
137.924
159.895
160.895
161.895
162.895
163.895
166.723
167.723
168.723
169.723
194.895
208.966
210.622
230.037
238.522
265.622
248.622
247.622
247.208
203.895
208.723
209.723
210.723
192.782
197.338
197.752
214.48
214.895
263.551
264.551
265.551
262.037
251.966
207.622
207.208
201.409
207.208
218.522
239.38
247.522
248.522
249.522
138.924
164.309
165.309
166.309
195.309
209.966
211.622
231.037
238.936
267.037
266.037
249.037
204.895
211.137
212.137
193.782
198.338
215.895
234.966
235.966
236.966
237.966
238.966
239.966
240.966
241.966
242.966
243.966
265.966
266.966
262.451
252.966
208.208
202.409
208.208
208.622
209.037
218.936
219.936
240.38
240.794
249.936
139.924
140.338
163.723
164.723
165.723
166.723
167.723
168.723
169.723
195.723
210.966
212.622
232.037
239.35
267.451
250.037
205.895
212.551
194.782
199.338
216.895
235.38
244.38
267.38
268.38
262.865
253.966
209.208
203.409
210.037
220.35
241.794
250.35
141.338
164.137
170.137
196.137
211.966
213.622
233.037
239.765
267.865
251.037
206.895
212.966
195.782
200.338
217.895
234.794
235.794
245.38
245.794
268.794
263.279
262.279
254.966
210.208
204.409
211.037
220.765
242.794
250.765
142.338
164.551
171.137
171.551
194.551
195.551
196.551
212.966
214.622
234.037
240.179
268.279
252.451
252.037
207.895
213.38
214.38
196.782
201.338
218.895
233.208
234.208
235.208
246.794
247.208
269.208
270.208
262.694
255.966
211.208
205.409
212.037
221.179
243.794
251.179
143.338
162.966
163.966
164.966
172.551
172.966
194.966
213.966
215.622
235.037
240.593
268.694
253.451
208.895
214.794
197.782
202.338
219.895
232.622
233.622
248.208
270.622
263.108
256.966
212.208
206.409
213.037
213.451
221.593
244.794
251.593
144.338
144.752
163.38
173.966
195.38
214.966
216.622
236.037
241.007
269.108
254.451
209.895
215.208
216.208
198.782
203.338
220.895
233.037
249.208
271.037
272.037
273.037
263.522
257.966
213.208
207.409
214.451
222.007
223.007
224.007
245.794
252.007
145.752
162.794
163.794
174.966
195.794
215.966
217.622
218.037
237.037
242.007
269.522
255.451
210.895
216.622
199.782
204.338
221.895
233.451
250.208
273.451
263.936
258.966
214.208
208.409
215.451
224.421
246.794
253.007
146.752
163.208
175.966
196.208
216.966
217.38
217.794
218.208
218.622
219.037
238.037
238.451
238.865
239.279
239.694
240.108
240.522
240.936
241.35
241.765
242.179
242.593
243.007
269.936
268.936
267.936
266.936
265.936
264.936
263.936
262.936
261.936
260.936
259.936
258.936
258.522
258.108
257.694
257.279
256.865
256.451
211.895
211.48
211.066
210.652
210.238
209.823
209.409
208.995
208.581
208.167
208.581
208.995
209.409
209.823
210.238
210.652
211.066
211.48
211.895
212.309
212.723
213.137
213.551
213.966
214.38
214.794
215.208
215.622
216.037
217.037
200.782
201.196
201.61
202.024
202.439
202.853
203.267
203.681
204.096
204.51
204.924
205.338
222.895
223.309
223.723
224.137
224.551
224.966
225.38
225.794
226.208
226.622
227.037
227.451
227.865
228.865
229.865
230.865
231.865
232.865
233.865
251.208
251.622
252.037
252.451
252.865
253.865
254.865
255.865
256.865
257.865
258.865
259.865
260.865
261.865
262.865
263.865
264.865
265.865
266.865
267.865
268.865
269.865
270.865
271.865
272.865
273.865
264.936
264.522
264.108
263.694
263.279
262.865
262.451
262.037
261.622
261.208
260.794
260.38
259.966
215.208
214.794
214.38
213.966
213.551
213.137
212.723
212.309
211.895
211.48
211.066
210.652
210.238
209.823
209.409
216.451
216.865
217.279
217.694
218.108
218.522
218.936
219.35
219.765
220.179
220.593
221.007
221.421
221.836
222.836
223.836
224.836
247.794
248.208
248.622
249.037
249.451
249.865
250.279
250.694
251.108
251.522
251.936
252.35
252.765
253.179
253.593
254.007
254.421
147.752
148.167
148.581
148.995
149.409
149.823
150.238
150.652
151.066
151.48
151.895
152.309
152.723
153.137
153.551
153.966
154.38
154.794
155.208
155.622
156.622
157.622
158.622
159.622
160.622
161.622
162.622
163.622
176.966
177.38
177.794
178.208
178.622
179.622
180.622
181.622
182.622
183.622
184.622
185.622
186.622
187.622
188.622
189.622
190.622
191.622
192.622
193.622
194.622
195.622
196.622
