1.10997
1.11363
1.1173
1.12097
1.12463
1.1283
1.13196
1.13563
1.11095
1.11465
1.11835
1.12205
1.12574
1.12944
1.13314
1.13684
1.14054
1.14424
1.14793
1.11195
1.11568
1.11941
1.12314
1.12688
1.13061
1.13434
1.13807
1.1418
1.14553
1.14927
1.153
1.15673
1.16046
1.11297
1.11673
1.1205
1.12426
1.12803
1.1318
1.13556
1.13933
1.14309
1.14686
1.15062
1.15439
1.15815
1.16192
1.16569
1.114
1.1178
1.1216
1.1254
1.1292
1.133
1.1368
1.1406
1.14441
1.14821
1.15201
1.15581
1.15961
1.16341
1.16721
1.17101
1.17481
1.11506
1.11889
1.12273
1.12657
1.1304
1.13424
1.13807
1.14191
1.14574
1.14958
1.15341
1.15725
1.16108
1.16492
1.16875
1.17259
1.17642
1.18026
1.11613
1.12001
1.12388
1.12775
1.13162
1.13549
1.13936
1.14323
1.1471
1.15098
1.15485
1.15872
1.16259
1.16646
1.17033
1.1742
1.17807
1.18194
1.18582
1.11723
1.12114
1.12505
1.12895
1.13286
1.13677
1.14068
1.14458
1.14849
1.1524
1.15631
1.16022
1.16412
1.16803
1.17194
1.17585
1.17975
1.18366
1.18757
1.11835
1.12229
1.12624
1.13018
1.13413
1.13807
1.14202
1.14596
1.14991
1.15385
1.1578
1.16174
1.16569
1.16963
1.17358
1.17752
1.18147
1.18541
1.18936
1.1933
1.11948
1.12347
1.12745
1.13143
1.13542
1.1394
1.14338
1.14736
1.15135
1.15533
1.15931
1.1633
1.16728
1.17126
1.17524
1.17923
1.18321
1.18719
1.19118
1.19516
1.12064
1.12467
1.12869
1.13271
1.13673
1.14075
1.14477
1.1488
1.15282
1.15684
1.16086
1.16488
1.1689
1.17292
1.17695
1.18097
1.18499
1.18901
1.19303
1.19705
1.12183
1.12589
1.12995
1.13401
1.13807
1.14213
1.14619
1.15025
1.15432
1.15838
1.16244
1.1665
1.17056
1.17462
1.17868
1.18274
1.1868
1.19086
1.19492
1.19899
1.20305
1.21285
1.12303
1.12714
1.13124
1.13534
1.13944
1.14354
1.14764
1.15174
1.15584
1.15994
1.16405
1.16815
1.17225
1.17635
1.18045
1.18455
1.18865
1.19275
1.19685
1.20096
1.21086
1.22076
1.12426
1.12841
1.13255
1.13669
1.14083
1.14498
1.14912
1.15326
1.1574
1.16154
1.16569
1.16983
1.17397
1.17811
1.18225
1.1864
1.19054
1.19468
1.19882
1.20882
1.21882
1.22882
1.12552
1.1297
1.13389
1.13807
1.14226
1.14644
1.15062
1.15481
1.15899
1.16318
1.16736
1.17154
1.17573
1.17991
1.1841
1.18828
1.19246
1.19665
1.20675
1.21685
1.22695
1.23705
1.1268
1.13103
1.13525
1.13948
1.14371
1.14793
1.15216
1.15639
1.16061
1.16484
1.16907
1.17329
1.17752
1.18175
1.18597
1.1902
1.19443
1.20463
1.21484
1.22504
1.23524
1.24545
1.12811
1.13238
1.13665
1.14092
1.14519
1.14946
1.15373
1.158
1.16227
1.16654
1.17081
1.17508
1.17935
1.18362
1.18789
1.19216
1.20247
1.21278
1.22309
1.2334
1.24371
1.25402
1.12944
1.13376
1.13807
1.14239
1.1467
1.15102
1.15533
1.15965
1.16396
1.16827
1.17259
1.1769
1.18122
1.18553
1.18985
1.20027
1.21068
1.2211
1.23152
1.24193
1.25235
1.26277
1.1308
1.13516
1.13952
1.14389
1.14825
1.15261
1.15697
1.16133
1.16569
1.17005
1.17441
1.17877
1.18313
1.18749
1.19801
1.20854
1.21907
1.22959
1.24012
1.25064
1.26117
1.2717
1.1322
1.1366
1.14101
1.14542
1.14982
1.15423
1.15864
1.16304
1.16745
1.17185
1.17626
1.18067
1.18507
1.19571
1.20635
1.21699
1.22763
1.23827
1.2489
1.25954
1.14542
1.14101
1.1366
1.1322
1.12779
1.13362
1.13807
1.14253
1.14698
1.15143
1.15589
1.16034
1.1648
1.16925
1.1737
1.17816
1.18261
1.19336
1.20412
1.21487
1.22562
1.23637
1.24713
1.25788
1.26863
1.1648
1.16034
1.15589
1.15143
1.14698
1.14253
1.13807
1.13362
1.12916
1.13507
1.13957
1.14407
1.14858
1.15308
1.15758
1.16208
1.16659
1.17109
1.17559
1.18009
1.19096
1.20183
1.2127
1.22357
1.23444
1.24531
1.25618
1.26705
1.17109
1.16659
1.16208
1.15758
1.15308
1.14858
1.14407
1.13957
1.13507
1.13057
1.13655
1.14111
1.14566
1.15021
1.15476
1.15931
1.16387
1.16842
1.17297
1.17752
1.18851
1.1995
1.21049
1.22148
1.23247
1.24345
1.25444
1.26543
1.27642
1.17752
1.17297
1.16842
1.16387
1.15931
1.15476
1.15021
1.14566
1.14111
1.13655
1.132
1.13807
1.14267
1.14728
1.15188
1.15648
1.16108
1.16569
1.17029
1.17489
1.186
1.19711
1.20822
1.21934
1.23045
1.24156
1.25267
1.26378
1.27489
1.1887
1.1841
1.17949
1.17489
1.17029
1.16569
1.16108
1.15648
1.15188
1.14728
1.14267
1.13807
1.13347
1.13962
1.14428
1.14893
1.15359
1.15824
1.16289
1.16755
1.1722
1.18344
1.19467
1.20591
1.21715
1.22838
1.23962
1.25085
1.26209
1.27333
1.28456
1.19082
1.18616
1.18151
1.17686
1.1722
1.16755
1.16289
1.15824
1.15359
1.14893
1.14428
1.13962
1.13497
1.14121
1.14592
1.15062
1.15533
1.16004
1.16474
1.16945
1.18082
1.19218
1.20354
1.21491
1.22627
1.23763
1.249
1.26036
1.27172
1.28309
1.29445
1.19769
1.19299
1.18828
1.18357
1.17887
1.17416
1.16945
1.16474
1.16004
1.15533
1.15062
1.14592
1.14121
1.1365
1.14283
1.14759
1.15235
1.15712
1.16188
1.16664
1.17813
1.18963
1.20112
1.21262
1.22411
1.2356
1.2471
1.25859
1.27009
1.28158
1.29307
1.20473
1.19997
1.1952
1.19044
1.18568
1.18092
1.17616
1.1714
1.16664
1.16188
1.15712
1.15235
1.14759
1.14283
1.13807
1.14449
1.14931
1.15413
1.15894
1.16376
1.17539
1.18702
1.19864
1.21027
1.2219
1.23353
1.24515
1.25678
1.26841
1.28004
1.20711
1.20229
1.19747
1.19266
1.18784
1.18303
1.17821
1.17339
1.16858
1.16376
1.15894
1.15413
1.14931
1.14449
1.13968
1.14619
1.15107
1.15594
1.16081
1.17258
1.18434
1.19611
1.20787
1.21964
1.2314
1.24317
1.25493
1.2667
1.27846
1.20954
1.20467
1.1998
1.19492
1.19005
1.18518
1.18031
1.17543
1.17056
1.16569
1.16081
1.15594
1.15107
1.14619
1.14132
1.14793
1.15286
1.1578
1.1697
1.18161
1.19351
1.20541
1.21732
1.22922
1.24113
1.25303
1.2219
1.21697
1.21204
1.20711
1.20218
1.19725
1.19231
1.18738
1.18245
1.17752
1.17259
1.16766
1.16273
1.1578
1.15286
1.14793
1.143
1.14972
1.15471
1.16675
1.1788
1.19085
1.2029
1.21495
1.227
1.23904
1.25109
1.23163
1.21958
1.21459
1.2096
1.20461
1.19962
1.19463
1.18964
1.18465
1.17966
1.17467
1.16968
1.16469
1.1597
1.15471
1.14972
1.14473
1.15154
1.16374
1.17593
1.18813
1.20032
1.21252
1.22471
1.23691
1.2416
1.22941
1.21721
1.21216
1.20711
1.20206
1.197
1.19195
1.1869
1.18185
1.1768
1.17175
1.1667
1.16164
1.15659
1.15154
1.14649
1.25181
1.23947
1.22712
1.21478
1.20966
1.20455
1.19944
1.19432
1.18921
1.1841
1.17898
1.17387
1.16875
1.16364
1.15853
1.15341
1.1483
1.26228
1.24978
1.23728
1.22478
1.21228
1.20711
1.20193
1.19675
1.19157
1.1864
1.18122
1.17604
1.17086
1.16569
1.16051
1.15533
1.15015
1.27302
1.26036
1.2477
1.23505
1.22239
1.20973
1.20449
1.19924
1.194
1.18876
1.18351
1.17827
1.17303
1.16778
1.16254
1.1573
1.15205
1.28403
1.27121
1.25839
1.24557
1.23275
1.21993
1.20711
1.2018
1.19649
1.19118
1.18587
1.18056
1.17524
1.16993
1.16462
1.15931
1.154
1.26935
1.25637
1.24338
1.23039
1.2174
1.20442
1.19904
1.19366
1.18828
1.1829
1.17752
1.17214
1.16676
1.16138
1.156
1.2806
1.26745
1.25429
1.24113
1.22797
1.21481
1.20166
1.19621
1.19076
1.18531
1.17986
1.17441
1.16896
1.16351
1.15806
1.29216
1.27882
1.26549
1.25216
1.23882
1.22549
1.21216
1.19882
1.1933
1.18778
1.18225
1.17673
1.17121
1.16569
1.16016
1.29051
1.27699
1.26348
1.24997
1.23645
1.22294
1.20943
1.19591
1.19031
1.18472
1.17912
1.17352
1.16792
1.16233
1.28881
1.27511
1.26141
1.24772
1.23402
1.22032
1.20662
1.19292
1.18725
1.18157
1.1759
1.17023
1.16455
1.30096
1.28707
1.27318
1.25929
1.2454
1.23151
1.21763
1.20374
1.18985
1.1841
1.17834
1.17259
1.16684
1.28528
1.2712
1.25711
1.24303
1.22894
1.21486
1.20077
1.18669
1.18085
1.17502
1.16919
1.28344
1.26915
1.25487
1.24058
1.22629
1.21201
1.19772
1.18344
1.17752
1.1716
1.26705
1.25256
1.23806
1.22357
1.20908
1.19459
1.18009
1.17409
1.17056
1.17665
1.18274
1.18883
1.19492
1.20102
1.22077
1.20606
1.19136
1.17665
1.1731
1.17929
1.18547
1.19165
1.19783
1.20402
1.2102
1.21638
1.22256
1.22875
1.17573
1.182
1.18828
1.19456
1.20083
1.20711
1.21338
1.21966
1.22594
1.23221
1.23849
1.17843
1.1848
1.19118
1.19755
1.20392
1.21029
1.21667
1.22304
1.22941
1.23578
1.24216
1.24853
1.2549
1.26127
1.18122
1.18769
1.19416
1.20064
1.20711
1.21358
1.22005
1.22652
1.233
1.23947
1.24594
1.25241
1.25888
1.26536
1.27183
1.1841
1.19067
1.19724
1.20382
1.21039
1.21697
1.22354
1.23012
1.23669
1.24327
1.24984
1.25642
1.26299
1.26957
1.27614
1.18706
1.19375
1.20043
1.20711
1.21379
1.22047
1.22715
1.23383
1.24051
1.24719
1.25387
1.26055
1.26724
1.27392
1.2806
1.28728
1.29396
1.19013
1.19692
1.20371
1.2105
1.21729
1.22408
1.23087
1.23766
1.24445
1.25124
1.25804
1.26483
1.27162
1.27841
1.2852
1.29199
1.29878
1.1933
1.2002
1.20711
1.21401
1.22091
1.22782
1.23472
1.24163
1.24853
1.25543
1.26234
1.26924
1.27614
1.28305
1.28995
1.29685
1.30376
1.31066
1.19658
1.2036
1.21062
1.21764
1.22466
1.23168
1.2387
1.24572
1.25274
1.25976
1.26678
1.2738
1.28082
1.28784
1.29486
1.30189
1.30891
1.31593
1.33288
1.19997
1.20711
1.21425
1.22139
1.22853
1.23567
1.24282
1.24996
1.2571
1.26424
1.27138
1.27852
1.28567
1.29281
1.29995
1.30709
1.31423
1.33147
1.34871
1.20347
1.21074
1.21801
1.22527
1.23254
1.23981
1.24708
1.25434
1.26161
1.26888
1.27614
1.28341
1.29068
1.29794
1.30521
1.31248
1.33002
1.34757
1.36511
1.20711
1.2145
1.2219
1.2293
1.23669
1.24409
1.25149
1.25888
1.26628
1.27368
1.28107
1.28847
1.29587
1.30326
1.31066
1.32852
1.34638
1.36423
1.38209
1.39995
1.21087
1.2184
1.22594
1.23347
1.241
1.24853
1.25606
1.26359
1.27112
1.27865
1.28618
1.29372
1.30125
1.30878
1.32696
1.34514
1.36332
1.38151
1.39969
1.41787
1.21478
1.22245
1.23012
1.23779
1.24546
1.25313
1.2608
1.26847
1.27614
1.28381
1.29148
1.29915
1.30683
1.32534
1.34386
1.36238
1.3809
1.39942
1.41794
1.43646
1.21883
1.22665
1.23446
1.24228
1.25009
1.25791
1.26572
1.27354
1.28135
1.28917
1.29698
1.3048
1.32367
1.34254
1.3614
1.38027
1.39914
1.41801
1.43687
1.45574
1.22304
1.231
1.23897
1.24694
1.2549
1.26287
1.27083
1.2788
1.28676
1.29473
1.3027
1.32193
1.34116
1.36039
1.37962
1.39885
1.41808
1.43731
1.45654
1.47577
1.22741
1.23553
1.24366
1.25178
1.2599
1.26802
1.27614
1.28426
1.29239
1.30051
1.32012
1.33972
1.35933
1.37894
1.39855
1.41816
1.43776
1.45737
1.47698
1.49659
1.23196
1.24024
1.24853
1.25681
1.2651
1.27338
1.28167
1.28995
1.29823
1.31823
1.33823
1.35823
1.37823
1.39823
1.41823
1.43823
1.45823
1.47823
1.49823
1.51823
1.23669
1.24515
1.2536
1.26205
1.27051
1.27896
1.28741
1.29587
1.31628
1.33668
1.35709
1.3775
1.39791
1.41832
1.43872
1.45913
1.47954
1.49995
1.52036
1.54077
1
1
1
1.10989
1.11835
1.1268
1.13525
1.14371
1.15216
1.16061
1.16907
1.17752
1.18597
1.19443
1.20288
1.21133
1.21979
1.22824
1.24162
1.25025
1.25888
1.26751
1.27614
1.28477
1.2934
1.31424
1.33507
1.3559
1.37674
1.39757
1.4184
1.43924
1.46007
1.4809
1.50174
1.52257
1.5434
1.00863
1
1
1
1
1
1
1
1
1
1
1
1
1.06904
1.07767
1.08629
1.09492
1.10355
1.11218
1.12081
1.12944
1.13807
1.1467
1.15533
1.16396
1.17259
1.18122
1.18985
1.19848
1.20711
1.21574
1.22437
1.233
1.24677
1.25558
1.26439
1.27321
1.28202
1.29083
1.31211
1.33338
1.35466
1.37594
1.39721
1.41849
1.43977
1.46104
1.48232
1.5036
1.52487
1.54615
1.56743
1.02644
1.01763
1.00881
1
1
1
1
1
1
1
1
1
1
1
1
1
1
1
1
1
1
1
1
1
1
1
1.03525
1.04407
1.05288
1.06169
1.0705
1.07932
1.08813
1.09694
1.10576
1.11457
1.12338
1.1322
1.14101
1.14982
1.15864
1.16745
1.17626
1.18507
1.19389
1.2027
1.21151
1.22033
1.22914
1.23795
1.25213
1.26114
1.27014
1.27914
1.28815
1.30989
1.33163
1.35337
1.37511
1.39684
1.41858
1.44032
1.46206
1.4838
1.50554
1.52728
1.54902
1.57076
1.5925
1.02701
1.01801
1.009
1
1
1
1
1
1
1
1
1
1
1
1
1
1
1
1
1
1
1
1
1
1
1
1.03602
1.04502
1.05403
1.06303
1.07204
1.08104
1.09005
1.09905
1.10806
1.11706
1.12606
1.13507
1.14407
1.15308
1.16208
1.17109
1.18009
1.1891
1.1981
1.20711
1.21611
1.22512
1.23412
1.24313
1.25773
1.26694
1.27614
1.28535
1.30757
1.32979
1.35201
1.37424
1.39646
1.41868
1.4409
1.46313
1.48535
1.50757
1.52979
1.55201
1.57424
1.59646
1.61868
1.04602
1.03682
1.02761
1.01841
1.0092
1
1
1
1
1
1
1
1
1
1
1
1
1
1
1
1
1
1
1
1
1
1
1
1
1
1
1
1
1
1
1
1.0092
1.01841
1.02761
1.03682
1.04602
1.05523
1.06443
1.07364
1.08284
1.09205
1.10125
1.11046
1.11966
1.12887
1.13807
1.14728
1.15648
1.16569
1.17489
1.1841
1.1933
1.2025
1.21171
1.22091
1.23012
1.23932
1.24853
1.26359
1.273
1.28242
1.30515
1.32787
1.3506
1.37333
1.39606
1.41878
1.44151
1.46424
1.48696
1.50969
1.53242
1.55515
1.57787
1.6006
1.62333
1.05648
1.04707
1.03766
1.02824
1.01883
1.00941
1
1
1
1
1
1
1
1
1
1
1
1
1
1
1
1
1
1
1
1
1
1
1
1
1
1
1
1
1
1
1
1
1
1
1
1
1
1
1.00941
1.01883
1.02824
1.03766
1.04707
1.05648
1.0659
1.07531
1.08473
1.09414
1.10355
1.11297
1.12238
1.1318
1.14121
1.15062
1.16004
1.16945
1.17887
1.18828
1.19769
1.20711
1.21652
1.22593
1.23535
1.24476
1.25418
1.26972
1.27935
1.30261
1.32587
1.34912
1.37238
1.39563
1.41889
1.44214
1.4654
1.48866
1.51191
1.53517
1.55842
1.58168
1.60494
1.62819
1.0578
1.04816
1.03853
1.0289
1.01927
1.00963
1
1
1
1
1
1
1
1
1
1
1
1
1
1
1
1
1
1
1
1
1
1
1
1
1
1
1
1
1
1
1
1
1
1
1
1
1
1
1
1
1
1
1
1
1
1.00963
1.01927
1.0289
1.03853
1.04816
1.0578
1.06743
1.07706
1.0867
1.09633
1.10596
1.11559
1.12523
1.13486
1.14449
1.15413
1.16376
1.17339
1.18302
1.19266
1.20229
1.21192
1.22156
1.23119
1.24082
1.25046
1.26009
1.27614
1.29995
1.32376
1.34757
1.37138
1.39519
1.419
1.44281
1.46662
1.49043
1.51424
1.53805
1.56186
1.58567
1.60948
1.63329
1.6571
1.06904
1.05917
1.04931
1.03945
1.02959
1.01972
1.00986
1
1
1
1
1
1
1
1
1
1
1
1
1
1
1
1
1
1
1
1
1
1.01972
1.00986
1
1
1
1
1
1
1
1
1
1
1
1
1
1
1
1
1
1
1
1
1
1
1
1
1
1
1
1.00986
1.01972
1.02959
1.03945
1.04931
1.05917
1.06904
1.0789
1.08876
1.09862
1.10848
1.11835
1.12821
1.13807
1.14793
1.1578
1.16766
1.17752
1.18738
1.19724
1.20711
1.21697
1.22683
1.23669
1.24656
1.25642
1.26628
1.29717
1.32156
1.34595
1.37034
1.39473
1.41912
1.44351
1.4679
1.49229
1.51668
1.54107
1.56546
1.58985
1.61424
1.07072
1.06062
1.05051
1.04041
1.03031
1.02021
1.0101
1
1
1
1
1
1
1
1
1
1
1
1
1
1
1
1
1
1
1
1
1
1.03031
1.02021
1.0101
1
1
1
1
1
1
1
1
1
1
1
1
1
1
1
1
1
1
1
1
1
1
1
1
1
1
1
1
1
1.0101
1.02021
1.03031
1.04041
1.05051
1.06062
1.07072
1.08082
1.09092
1.10103
1.11113
1.12123
1.13134
1.14144
1.15154
1.16164
1.17175
1.18185
1.19195
1.20206
1.21216
1.22226
1.23236
1.24247
1.25257
1.26267
1.27278
1.31924
1.34424
1.36924
1.39424
1.41924
1.44424
1.46924
1.49424
1.51924
1.54424
1.56924
1.59424
1.61924
1.08284
1.07249
1.06213
1.05178
1.04142
1.03107
1.02071
1.01036
1
1
1
1
1
1
1
1
1
1
1
1
1
1
1
1
1
1
1
1
1
1
1.03107
1.02071
1.01036
1
1
1
1
1
1
1
1
1
1
1
1
1
1
1
1
1
1
1
1
1
1
1
1
1
1
1
1
1
1
1
1
1
1.01036
1.02071
1.03107
1.04142
1.05178
1.06213
1.07249
1.08284
1.0932
1.10355
1.11391
1.12426
1.13462
1.14497
1.15533
1.16569
1.17604
1.1864
1.19675
1.20711
1.21746
1.22782
1.23817
1.24853
1.25888
1.26924
1.29424
1.34244
1.36809
1.39373
1.41937
1.44501
1.47065
1.49629
1.52193
1.54757
1.57321
1.08497
1.07435
1.06373
1.0531
1.04248
1.03186
1.02124
1.01062
1
1
1
1
1
1
1
1
1
1
1
1
1
1
1
1
1
1
1
1
1
1
1
1.04248
1.03186
1.02124
1.01062
1
1
1
1
1
1
1
1
1
1
1
1
1
1
1
1
1
1
1
1
1
1
1
1
1
1
1
1
1
1
1
1
1
1
1.01062
1.02124
1.03186
1.04248
1.0531
1.06373
1.07435
1.08497
1.09559
1.10621
1.11683
1.12745
1.13807
1.14869
1.15931
1.16993
1.18055
1.19118
1.2018
1.21242
1.22304
1.23366
1.24428
1.2549
1.26552
1.29116
1.3168
1.36687
1.39319
1.4195
1.44582
1.47214
1.0872
1.0763
1.0654
1.0545
1.0436
1.0327
1.0218
1.0109
1
1
1
1
1
1
1
1
1
1
1
1
1
1
1
1
1
1
1
1
1
1
1
1.0436
1.0327
1.0218
1.0109
1
1
1
1
1
1
1
1
1
1
1
1
1
1
1
1
1
1
1
1
1
1
1
1
1.0109
1
1
1
1
1
1
1
1
1
1
1
1.0109
1.0218
1.0327
1.0436
1.0545
1.0654
1.0763
1.0872
1.0981
1.109
1.1199
1.1308
1.1417
1.1526
1.16351
1.17441
1.18531
1.19621
1.20711
1.21801
1.22891
1.23981
1.25071
1.26161
1.28792
1.31424
1.34056
1.39262
1.41965
1.44667
1.4737
1.50073
1.08956
1.07836
1.06717
1.05597
1.04478
1.03358
1.02239
1.0112
1
1
1
1
1
1
1
1
1
1
1
1
1
1
1
1
1
1
1
1
1
1
1
1.04478
1.03358
1.02239
1.0112
1
1
1
1
1
1
1
1
1
1
1
1
1
1
1
1
1
1
1
1
1
1
1
1
1.0112
1
1
1
1
1
1
1
1
1
1
1
1.0112
1.02239
1.03358
1.04478
1.05597
1.06717
1.07836
1.08956
1.10075
1.11195
1.12314
1.13434
1.14553
1.15673
1.16792
1.17912
1.19031
1.20151
1.2127
1.2239
1.23509
1.24629
1.25748
1.28451
1.31154
1.33857
1.36559
1.09205
1.08054
1.06904
1.05753
1.04602
1.03452
1.02301
1.01151
1
1
1
1
1
1
1
1
1
1
1
1
1
1
1
1
1
1
1
1
1
1
1
1
1
1.02301
1.01151
1
1.04602
1.03452
1.02301
1.01151
1
1
1
1
1
1
1
1
1
1
1
1
1
1
1
1
1
1
1
1
1
1
1
1
1.01151
1
1
1
1
1
1
1
1
1
1
1
1.01151
1.02301
1.03452
1.04602
1.05753
1.06904
1.08054
1.09205
1.10355
1.11506
1.12657
1.13807
1.14958
1.16108
1.17259
1.18409
1.1956
1.20711
1.21861
1.23012
1.24162
1.25313
1.28091
1.30869
1.33646
1.36424
1.39202
1
1
1
1
1
1
1
1
1
1.09468
1.08284
1.07101
1.05917
1.04734
1.0355
1.02367
1.01183
1
1
1
1
1
1
1
1
1
1
1
1
1
1
1
1
1
1
1
1
1
1
1
1
1
1.05917
1.04734
1.0355
1.02367
1.01183
1
1
1
1
1
1.07101
1.05917
1.04734
1.0355
1.02367
1.01183
1
1
1
1
1
1
1
1
1
1
1
1
1
1
1
1
1
1
1
1
1
1
1
1
1.01183
1
1
1
1
1
1
1
1
1
1
1
1
1
1.01183
1.02367
1.0355
1.04734
1.05917
1.07101
1.08284
1.09468
1.10651
1.11835
1.13018
1.14202
1.15385
1.16569
1.17752
1.18935
1.20119
1.21302
1.22486
1.23669
1.24853
1.2771
1.30567
1.33424
1.36281
1.39139
1.41996
1
1
1
1
1
1
1
1
1
1
1
1
1
1
1
1
1
1
1
1
1
1.09746
1.08528
1.0731
1.06091
1.04873
1.03655
1.02437
1.01218
1
1
1
1
1
1
1
1
1
1
1
1
1
1
1
1
1
1
1
1
1
1
1
1
1
1
1.08528
1.0731
1.06091
1.04873
1.03655
1.02437
1.01218
1
1
1
1
1
1
1.0731
1.06091
1.04873
1.03655
1.02437
1.01218
1
1
1
1
1
1
1
1
1
1
1
1
1
1
1
1
1
1
1
1
1
1
1
1
1.01218
1
1
1
1
1
1
1
1
1
1
1
1
1
1
1.01218
1.02437
1.03655
1.04873
1.06091
1.0731
1.08528
1.09746
1.10964
1.12183
1.13401
1.14619
1.15838
1.17056
1.18274
1.19492
1.20711
1.21929
1.23147
1.24366
1.27307
1.30248
1.33189
1.3613
1.39071
1.42013
1.44954
1
1
1
1
1
1
1
1
1
1
1
1
1
1
1
1
1
1
1
1
1
1
1
1
1
1
1
1
1
1
1
1.10042
1.08786
1.07531
1.06276
1.05021
1.03766
1.0251
1.01255
1
1
1
1
1
1
1
1
1
1
1
1
1
1
1
1
1
1
1
1
1
1
1
1
1
1
1.10042
1.08786
1.07531
1.06276
1.05021
1.03766
1.0251
1.01255
1
1
1
1
1
1
1
1
1
1.07531
1.06276
1.05021
1.03766
1.0251
1.01255
1
1
1
1
1
1
1
1
1
1
1
1
1
1
1
1
1
1
1
1
1
1
1
1
1.01255
1.0251
1
1
1
1
1
1
1
1
1
1
1
1
1
1
1.01255
1.0251
1.03766
1.05021
1.06276
1.07531
1.08786
1.10042
1.11297
1.12552
1.13807
1.15062
1.16317
1.17573
1.18828
1.20083
1.21338
1.22593
1.23849
1.26879
1.29909
1.3294
1.3597
1.39
1.4203
1.45061
1.48091
1
1
1
1
1
1
1
1
1
1
1
1
1
1
1
1
1
1
1
1
1
1
1
1
1
1
1
1
1
1
1
1
1
1
1
1
1
1.10355
1.09061
1.07766
1.06472
1.05178
1.03883
1.02589
1.01294
1
1
1
1
1
1
1
1
1
1
1
1
1
1
1
1
1
1
1
1
1
1
1
1
1
1
1
1.1165
1.10355
1.09061
1.07766
1.06472
1.05178
1.03883
1.02589
1.01294
1
1
1
1
1
1
1
1
1
1
1.07766
1.06472
1.05178
1.03883
1.02589
1.01294
1
1
1
1
1
1
1
1
1
1
1
1
1
1
1
1
1
1
1
1
1
1
1
1
1.01294
1.02589
1
1
1
1
1
1
1
1
1
1
1
1
1
1
1
1.01294
1.02589
1.03883
1.05178
1.06472
1.07766
1.09061
1.10355
1.1165
1.12944
1.14239
1.15533
1.16827
1.18122
1.19416
1.20711
1.22005
1.233
1.26425
1.2955
1.32675
1.358
1.38925
1.4205
1.45175
1.483
1.51425
1
1
1
1
1
1
1
1
1
1
1
1
1
1
1
1
1
1
1
1
1
1
1
1
1
1
1
1
1
1
1
1
1
1
1
1
1
1
1
1
1.10689
1.09353
1.08017
1.06681
1.05345
1.04009
1.02672
1.01336
1
1
1
1
1
1
1
1
1
1
1
1
1
1
1
1
1
1
1
1
1
1
1
1
1
1
1
1.12026
1.10689
1.09353
1.08017
1.06681
1.05345
1.04009
1.02672
1.01336
1
1
1
1
1
1
1
1
1
1
1
1.08017
1.06681
1.05345
1.04009
1.02672
1.01336
1
1
1
1
1
1
1
1
1
1
1
1
1
1
1
1
1
1
1
1
1
1
1
1
1.01336
1.02672
1
1
1
1
1
1
1
1
1
1
1
1
1
1
1
1.01336
1.02672
1.04009
1.05345
1.06681
1.08017
1.09353
1.10689
1.12026
1.13362
1.14698
1.16034
1.1737
1.18706
1.20043
1.21379
1.22715
1.25941
1.29167
1.32392
1.35618
1.38844
1.4207
1.45296
1.48521
1.51747
1.54973
1
1
1
1
1
1
1
1
1
1
1
1
1
1
1
1
1
1
1
1
1
1
1
1
1
1
1
1
1
1
1
1
1
1
1
1
1
1
1
1
1
1
1
1
1.09665
1.08284
1.06904
1.05523
1.04142
1.02761
1.01381
1
1
1
1
1
1
1
1
1
1
1
1
1
1
1
1
1
1
1
1
1
1
1
1
1
1
1
1.12426
1.11046
1.09665
1.08284
1.06904
1.05523
1.04142
1.02761
1.01381
1
1
1
1
1
1
1
1
1
1
1
1.08284
1.06904
1.05523
1.04142
1.02761
1.01381
1
1
1
1
1
1
1
1
1
1
1
1
1
1
1
1
1
1
1
1
1
1
1
1
1.01381
1.02761
1
1
1
1
1
1
1
1
1
1
1
1
1
1
1
1.01381
1.02761
1.04142
1.05523
1.06904
1.08284
1.09665
1.11046
1.12426
1.13807
1.15188
1.16569
1.17949
1.1933
1.20711
1.22091
1.25425
1.28758
1.32091
1.35425
1.38758
1.42091
1.45425
1.48758
1.52091
1.55425
1.58758
1
1
1
1
1
1
1
1
1
1
1
1
1
1
1
1
1
1
1
1
1
1
1
1
1
1
1
1
1
1
1
1
1
1
1
1
1
1
1
1
1
1
1
1
1.09998
1.0857
1.07142
1.05713
1.04285
1.02857
1.01428
1
1
1
1
1
1
1
1
1
1
1
1
1
1
1
1
1
1
1
1
1
1
1
1
1
1
1
1.12855
1.11427
1.09998
1.0857
1.07142
1.05713
1.04285
1.02857
1.01428
1
1
1
1
1
1
1
1
1
1
1
1.0857
1.07142
1.05713
1.04285
1.02857
1.01428
1
1
1
1
1
1
1
1
1
1
1
1
1
1
1
1
1
1
1
1
1
1
1
1
1.01428
1.02857
1
1
1
1
1
1
1
1
1
1
1
1
1
1
1
1.01428
1.02857
1.04285
1.05713
1.07142
1.0857
1.09998
1.11427
1.12855
1.14283
1.15712
1.1714
1.18568
1.19997
1.21425
1.24873
1.28321
1.3177
1.35218
1.38666
1.42114
1.45563
1.49011
1.52459
1.55908
1.59356
1.62804
1
1
1
1
1
1
1
1
1
1
1
1
1
1
1
1
1
1
1
1
1
1
1
1
1
1
1
1
1
1
1
1
1
1
1
1
1
1
1
1
1
1
1
1
1
1
1
1
1
1.10355
1.08876
1.07397
1.05917
1.04438
1.02959
1.01479
1
1
1
1
1
1
1
1
1
1
1
1
1
1
1
1
1
1
1
1
1
1
1
1
1
1
1
1.13314
1.11835
1.10355
1.08876
1.07397
1.05917
1.04438
1.02959
1.01479
1
1
1
1
1
1
1
1
1
1
1
1
1
1.10968
1.07397
1.05917
1.04438
1.02959
1.01479
1
1
1
1
1
1
1
1
1
1
1
1
1
1
1
1
1
1
1
1
1
1
1
1
1.01479
1.02959
1
1
1
1
1
1
1
1
1
1
1
1
1
1
1
1
1.01479
1.02959
1.04438
1.05917
1.07397
1.08876
1.10355
1.11835
1.13314
1.14793
1.16273
1.17752
1.19231
1.20711
1.24282
1.27854
1.31425
1.34996
1.38568
1.42139
1.45711
1.49282
1.52854
1.56425
1.59996
1.63568
1.67139
1
1
1
1
1
1
1
1
1
1
1
1
1
1
1
1
1
1
1
1
1
1
1
1
1
1
1
1
1
1
1
1
1
1
1
1
1
1
1
1
1
1
1
1
1
1
1
1
1
1
1
1.10739
1.09205
1.07671
1.06136
1.04602
1.03068
1.01534
1
1
1
1
1
1
1
1
1
1
1
1
1
1
1
1
1
1
1
1
1
1
1
1
1
1
1
1
1
1.13807
1.12273
1.10739
1.09205
1.07671
1.06136
1.04602
1.03068
1.01534
1
1
1
1
1
1
1
1
1
1
1
1
1
1
1.06136
1.04602
1.03068
1.01534
1
1
1
1
1
1
1
1
1
1
1
1
1
1
1
1
1
1
1
1
1
1
1
1
1.01534
1.03068
1
1
1
1
1
1
1
1
1
1
1
1
1
1
1
1
1.01534
1.03068
1.04602
1.06136
1.07671
1.09205
1.10739
1.12273
1.13807
1.15341
1.16875
1.18409
1.19944
1.23647
1.27351
1.31055
1.34758
1.38462
1.42166
1.4587
1.49573
1
1
1
1
1
1
1
1
1
1
1
1
1
1
1
1
1
1
1
1
1
1
1
1
1
1
1
1
1
1
1
1
1
1
1
1
1
1
1
1
1
1
1
1
1
1
1
1
1
1
1
1
1.01593
1.03186
1.09559
1.07966
1.06373
1.04779
1.03186
1.01593
1
1
1
1
1
1
1
1
1
1
1
1
1
1
1
1
1
1
1
1
1
1
1
1
1
1
1
1
1
1.14338
1.12745
1.11152
1.09559
1.07966
1.06373
1.04779
1.03186
1.01593
1
1
1
1
1
1
1
1
1
1
1
1
1
1
1
1.06373
1.04779
1.03186
1.01593
1
1
1
1
1
1
1
1
1
1
1
1
1
1
1
1
1
1
1
1
1
1
1
1
1.01593
1.03186
1
1
1
1
1
1
1
1
1
1
1
1
1
1
1
1
1.01593
1.03186
1.04779
1.06373
1.07966
1.09559
1.11152
1.12745
1.14338
1.15931
1.17524
1.19118
1.22964
1.2681
1.30656
1.34502
1.38348
1
1
1
1
1
1
1
1
1
1
1
1
1
1
1
1
1
1
1
1
1
1
1
1
1
1
1
1
1
1
1
1
1
1
1
1
1
1
1
1
1
1
1
1
1
1
1
1
1
1
1
1
1
1
1
1
1.01657
1.03314
1.09941
1.08284
1.06627
1.04971
1.03314
1.01657
1
1
1
1
1
1
1
1
1
1
1
1
1
1
1
1
1
1
1
1
1
1
1
1
1
1
1
1
1
1.14912
1.13255
1.11598
1.09941
1.08284
1.06627
1.04971
1.03314
1.01657
1
1
1
1
1
1
1
1
1
1
1
1
1
1
1
1.06627
1.04971
1.03314
1.01657
1
1
1
1
1
1
1
1
1
1
1
1
1
1
1
1
1
1
1
1
1
1
1
1
1.01657
1.03314
1
1
1
1
1
1
1
1
1
1
1
1
1
1
1
1
1.01657
1.03314
1.04971
1.06627
1.08284
1.09941
1.11598
1.13255
1.14912
1.16569
1.18225
1.22225
1.26225
1.30225
1
1
1
1
1
1
1
1
1
1
1
1
1
1
1
1
1
1
1
1
1
1
1
1
1
1
1
1
1
1
1
1
1
1
1
1
1
1
1
1
1
1
1
1
1
1
1
1
1
1
1
1
1
1
1
1
1.01726
1.03452
1.08629
1.06904
1.05178
1.03452
1.01726
1
1
1
1
1
1
1
1
1
1
1
1
1
1
1
1
1
1
1
1
1
1
1
1
1
1
1
1
1
1.13807
1.12081
1.10355
1.08629
1.06904
1.05178
1.03452
1.01726
1
1
1
1
1
1
1
1
1
1
1
1
1
1
1
1
1.06904
1.05178
1.03452
1.01726
1
1
1
1
1
1
1
1
1
1
1
1
1
1
1
1
1
1
1
1
1
1
1
1
1.01726
1
1
1
1
1
1
1
1
1
1
1
1
1
1
1
1
1.01726
1.03452
1.05178
1.06904
1.08629
1.10355
1.12081
1.13807
1.15533
1.17259
1.21426
1.25592
1
1
1
1
1
1
1
1
1
1
1
1
1
1
1
1
1
1
1
1
1
1
1
1
1
1
1
1
1
1
1
1
1
1
1
1
1
1
1
1
1
1
1
1
1
1
1
1
1
1
1
1
1
1
1
1
1
1
1
1
1.01801
1.03602
1.09005
1.07204
1.05403
1.03602
1.01801
1
1
1
1
1
1
1
1
1
1
1
1
1
1
1
1
1
1
1
1
1
1
1
1
1
1
1
1
1
1.14407
1.12606
1.10806
1.09005
1.07204
1.05403
1.03602
1.01801
1
1
1
1
1
1
1
1
1
1
1
1
1
1
1
1
1
1
1.05403
1.03602
1.01801
1
1
1
1
1
1
1
1
1
1
1
1
1
1
1
1
1
1
1
1
1
1
1
1
1.01801
1
1
1
1
1
1
1
1
1
1
1
1
1
1
1
1
1
1
1.01801
1.03602
1.05403
1.07204
1.09005
1.10806
1.12606
1.14407
1.16208
1.20556
1
1
1
1
1
1
1
1
1
1
1
1
1
1
1
1
1
1
1
1
1
1
1
1
1
1
1
1
1
1
1
1
1
1
1
1
1
1
1
1
1
1
1
1
1
1
1
1
1
1
1
1
1
1
1
1
1
1
1
1
1.01883
1.03766
1.12077
1.07531
1.05648
1.03766
1.01883
1
1
1
1
1
1
1
1
1
1
1
1
1
1
1
1
1
1
1
1
1
1
1
1
1
1
1
1
1
1.1318
1.11297
1.09414
1.07531
1.05648
1.03766
1.01883
1
1
1
1
1
1
1
1
1
1
1
1
1
1
1
1
1
1
1.05648
1.03766
1.01883
1
1
1
1
1
1
1
1
1
1
1
1
1
1
1
1
1
1
1
1
1
1
1
1
1.01883
1
1
1
1
1
1
1
1
1
1
1
1
1
1
1
1
1
1
1.01883
1.03766
1.05648
1.07531
1.09414
1.11297
1.1318
1.15062
1
1
1
1
1
1
1
1
1
1
1
1
1
1
1
1
1
1
1
1
1
1
1
1
1
1
1
1
1
1
1
1
1
1
1
1
1
1
1
1
1
1
1
1
1
1
1
1
1
1
1
1
1
1
1
1
1
1
1
1
1
1.01972
1.03945
1.05917
1.03945
1.01972
1
1
1
1
1
1
1
1
1
1
1
1
1
1
1
1
1
1
1
1
1
1
1
1
1
1
1
1
1
1.13807
1.11835
1.09862
1.0789
1.05917
1.03945
1.01972
1
1
1
1
1
1
1
1
1
1
1
1
1
1
1
1
1
1
1
1.05917
1.03945
1.01972
1
1
1
1
1
1
1
1
1
1
1
1
1
1
1
1
1
1
1
1
1
1
1
1
1.01972
1
1
1
1
1
1
1
1
1
1
1
1
1
1
1
1
1
1
1.01972
1.03945
1.05917
1.0789
1.09862
1.11835
1.13807
1
1
1
1
1
1
1
1
1
1
1
1
1
1
1
1
1
1
1
1
1
1
1
1
1
1
1
1
1
1
1
1
1
1
1
1
1
1
1
1
1
1
1
1
1
1
1
1
1
1
1
1
1
1
1
1
1
1
1
1
1
1.02071
1.04142
1.06213
1.04142
1.02071
1
1
1
1
1
1
1
1
1
1
1
1
1
1
1
1
1
1
1
1
1
1
1
1
1
1
1
1
1
1.17426
1.12426
1.10355
1.08284
1.06213
1.04142
1.02071
1
1
1
1
1
1
1
1
1
1
1
1
1
1
1
1
1
1
1
1.06213
1.04142
1.02071
1
1
1
1
1
1
1
1
1
1
1
1
1
1
1
1
1
1
1
1
1
1
1
1
1.02071
1
1
1
1
1
1
1
1
1
1
1
1
1
1
1
1
1
1
1.02071
1.04142
1.06213
1.08284
1.10355
1.12426
1.17426
1
1
1
1
1
1
1
1
1
1
1
1
1
1
1
1
1
1
1
1
1
1
1
1
1
1
1
1
1
1
1
1
1
1
1
1
1
1
1
1
1
1
1
1
1
1
1
1
1
1
1
1
1
1
1
1
1
1
1
1
1
1
1
1
1
1
1
1
1
1
1
1
1
1
1
1
1
1
1
1.0218
1.0436
1.0654
1.0436
1.0218
1
1
1
1
1
1
1
1
1
1
1
1
1
1
1
1
1
1
1
1
1
1
1
1
1
1
1
1
1
1.109
1.0872
1.0654
1.0436
1.0218
1
1
1
1
1
1
1
1
1
1
1
1
1
1
1
1
1
1
1
1.0654
1.0436
1.0218
1
1
1
1
1
1
1
1
1
1
1
1
1
1
1
1
1
1
1
1
1
1
1
1
1.0218
1
1
1
1
1
1
1
1
1
1
1
1
1
1
1
1
1
1
1.0218
1.0436
1.0654
1.0872
1.109
1
1
1
1
1
1
1
1
1
1
1
1
1
1
1
1
1
1
1
1
1
1
1
1
1
1
1
1
1
1
1
1
1
1
1
1
1
1
1
1
1
1
1
1
1
1
1
1
1
1
1
1
1
1
1
1
1
1
1
1
1
1
1
1
1
1
1
1
1
1
1
1
1
1
1
1
1
1
1
1
1
1
1
1
1
1
1
1
1.02301
1.04602
1.04602
1.02301
1
1
1
1
1
1
1
1
1
1
1
1
1
1
1
1
1
1
1
1
1
1
1
1
1
1
1
1
1
1.11506
1.09205
1.06904
1.04602
1.02301
1
1
1
1
1
1
1
1
1
1
1
1
1
1
1
1
1
1
1
1
1.04602
1.02301
1
1
1
1
1
1
1
1
1
1
1
1
1
1
1
1
1
1
1
1
1
1
1
1
1.02301
1
1
1
1
1
1
1
1
1
1
1
1
1
1
1
1
1
1
1.02301
1.04602
1.06904
1.09205
1.11506
1
1
1
1
1
1
1
1
1
1
1
1
1
1
1
1
1
1
1
1
1
1
1
1
1
1
1
1
1
1
1
1
1
1
1
1
1
1
1
1
1
1
1
1
1
1
1
1
1
1
1
1
1
1
1
1
1
1
1
1
1
1
1
1
1
1
1
1
1
1
1
1
1
1
1
1
1
1
1
1
1
1
1
1
1
1
1
1
1
1
1
1
1
1
1
1
1
1.02437
1.04873
1.04873
1.02437
1
1
1
1
1
1
1
1
1
1
1
1
1
1
1
1
1
1
1
1
1
1
1
1
1
1
1
1
1
1.09746
1.0731
1.04873
1.02437
1
1
1
1
1
1
1
1
1
1
1
1
1
1
1
1
1
1
1
1
1
1.04873
1.02437
1
1
1
1
1
1
1
1
1
1
1
1
1
1
1
1
1
1
1
1
1
1
1
1
1.02437
1
1
1
1
1
1
1
1
1
1
1
1
1
1
1
1
1
1
1.02437
1.04873
1.0731
1.09746
1
1
1
1
1
1
1
1
1
1
1
1
1
1
1
1
1
1
1
1
1
1
1
1
1
1
1
1
1
1
1
1
1
1
1
1
1
1
1
1
1
1
1
1
1
1
1
1
1
1
1
1
1
1
1
1
1
1
1
1
1
1
1
1
1
1
1
1
1
1
1
1
1
1
1
1
1
1
1
1
1
1
1
1
1
1
1
1
1
1
1
1
1
1
1
1
1
1
1
1
1
1
1
1
1
1
1
1.02589
1.05178
1.05178
1.02589
1
1
1
1
1
1
1
1
1
1
1
1
1
1
1
1
1
1
1
1
1
1
1
1
1
1
1
1
1
1.10355
1.07766
1.05178
1.02589
1
1
1
1
1
1
1
1
1
1
1
1
1
1
1
1
1
1
1
1
1
1.05178
1.02589
1
1
1
1
1
1
1
1
1
1
1
1
1
1
1
1
1
1
1
1
1
1
1
1
1.02589
1
1
1
1
1
1
1
1
1
1
1
1
1
1
1
1
1
1
1.02589
1.05178
1.07766
1.10355
1
1
1
1
1
1
1
1
1
1
1
1
1
1
1
1
1
1
1
1
1
1
1
1
1
1
1
1
1
1
1
1
1
1
1
1
1
1
1
1
1
1
1
1
1
1
1
1
1
1
1
1
1
1
1
1
1
1
1
1
1
1
1
1
1
1
1
1
1
1
1
1
1
1
1
1
1
1
1
1
1
1
1
1
1
1
1
1
1
1
1
1
1
1
1
1
1
1
1
1
1
1
1
1
1
1
1
1
1
1
1
1
1
1
1
1.02761
1.05523
1.02761
1
1
1
1
1
1
1
1
1
1
1
1
1
1
1
1
1
1
1
1
1
1
1
1
1
1
1
1
1
1.08284
1.05523
1.02761
1
1
1
1
1
1
1
1
1
1
1
1
1
1
1
1
1
1
1
1
1
1.09428
1.02761
1
1
1
1
1
1
1
1
1
1
1
1
1
1
1
1
1
1
1
1
1
1
1
1
1.02761
1
1
1
1
1
1
1
1
1
1
1
1
1
1
1
1
1
1
1.02761
1.05523
1.08284
1
1
1
1
1
1
1
1
1
1
1
1
1
1
1
1
1
1
1
1
1
1
1
1
1
1
1
1
1
1
1
1
1
1
1
1
1
1
1
1
1
1
1
1
1
1
1
1
1
1
1
1
1
1
1
1
1
1
1
1
1
1
1
1
1
1
1
1
1
1
1
1
1
1
1
1
1
1
1
1
1
1
1
1
1
1
1
1
1
1
1
1
1
1
1
1
1
1
1
1
1
1
1
1
1
1
1
1
1
1
1
1
1
1
1
1
1.02959
1.10102
1.02959
1
1
1
1
1
1
1
1
1
1
1
1
1
1
1
1
1
1
1
1
1
1
1
1
1
1
1
1
1
1.08876
1.05917
1.02959
1
1
1
1
1
1
1
1
1
1
1
1
1
1
1
1
1
1
1
1
1
1
1
1
1
1
1
1
1
1
1
1
1
1
1
1
1
1
1
1
1
1
1
1
1
1
1
1
1
1
1
1
1
1
1
1
1
1
1
1
1
1
1
1
1
1.02959
1.05917
1.1306
1
1
1
1
1
1
1
1
1
1
1
1
1
1
1
1
1
1
1
1
1
1
1
1
1
1
1
1
1
1
1
1
1
1
1
1
1
1
1
1
1
1
1
1
1
1
1
1
1
1
1
1
1
1
1
1
1
1
1
1
1
1
1
1
1
1
1
1
1
1
1
1
1
1
1
1
1
1
1
1
1
1
1
1
1
1
1
1
1
1
1
1
1
1
1
1
1
1
1
1
1
1
1
1
1
1
1
1
1
1
1
1
1
1
1
1
1
1
1.03186
1
1
1
1
1
1
1
1
1
1
1
1
1
1
1
1
1
1
1
1
1
1
1
1
1
1
1
1
1
1.06373
1.03186
1
1
1
1
1
1
1
1
1
1
1
1
1
1
1
1
1
1
1
1
1
1
1
1
1
1
1
1
1
1
1
1
1
1
1
1
1
1
1
1
1
1
1
1
1
1
1
1
1
1
1
1
1
1
1
1
1
1
1
1
1
1
1
1
1
1.03186
1
1
1
1
1
1
1
1
1
1
1
1
1
1
1
1
1
1
1
1
1
1
1
1
1
1
1
1
1
1
1
1
1
1
1
1
1
1
1
1
1
1
1
1
1
1
1
1
1
1
1
1
1
1
1
1
1
1
1
1
1
1
1
1
1
1
1
1
1
1
1
1
1
1
1
1
1
1
1
1
1
1
1
1
1
1
1
1
1
1
1
1
1
1
1
1
1
1
1
1
1
1
1
1
1
1
1
1
1
1
1
1
1
1
1
1
1
1
1.03452
1
1
1
1
1
1
1
1
1
1
1
1
1
1
1
1
1
1
1
1
1
1
1
1
1
1
1
1
1
1.06904
1.03452
1
1
1
1
1
1
1
1
1
1
1
1
1
1
1
1
1
1
1
1
1
1
1
1
1
1
1
1
1
1
1
1
1
1
1
1
1
1
1
1
1
1
1
1
1
1
1
1
1
1
1
1
1
1
1
1
1
1
1
1
1
1
1
1
1
1.03452
1
1
1
1
1
1
1
1
1
1
1
1
1
1
1
1
1
1
1
1
1
1
1
1
1
1
1
1
1
1
1
1
1
1
1
1
1
1
1
1
1
1
1
1
1
1
1
1
1
1
1
1
1
1
1
1
1
1
1
1
1
1
1
1
1
1
1
1
1
1
1
1
1
1
1
1
1
1
1
1
1
1
1
1
1
1
1
1
1
1
1
1
1
1
1
1
1
1
1
1
1
1
1
1
1
1
1
1
1
1
1
1
1
1
1
1
1
1
1.03766
1
1
1
1
1
1
1
1
1
1
1
1
1
1
1
1
1
1
1
1
1
1
1
1
1
1
1
1
1
1.07531
1.03766
1
1
1
1
1
1
1
1
1
1
1
1
1
1
1
1
1
1
1
1
1
1
1
1
1
1
1
1
1
1
1
1
1
1
1
1
1
1
1
1
1
1
1
1
1
1
1
1
1
1
1
1
1
1
1
1
1
1
1
1
1
1
1
1
1
1.03766
1
1
1
1
1
1
1
1
1
1
1
1
1
1
1
1
1
1
1
1
1
1
1
1
1
1
1
1
1
1
1
1
1
1
1
1
1
1
1
1
1
1
1
1
1
1
1
1
1
1
1
1
1
1
1
1
1
1
1
1
1
1
1
1
1
1
1
1
1
1
1
1
1
1
1
1
1
1
1
1
1
1
1
1
1
1
1
1
1
1
1
1
1
1
1
1
1
1
1
1
1
1
1
1
1
1
1
1
1
1
1
1
1
1
1
1
1
1
1
1
1
1
1
1
1
1
1
1
1
1
1
1
1
1
1
1
1
1
1
1
1
1
1
1
1
1
1
1
1
1
1.08284
1.04142
1
1
1
1
1
1
1
1
1
1
1
1
1
1
1
1
1
1
1
1
1
1
1
1
1
1
1
1
1
1
1
1
1
1
1
1
1
1
1
1
1
1
1
1
1
1
1
1
1
1
1
1
1
1
1
1
1
1
1
1
1
1
1
1
1
1.04142
1
1
1
1
1
1
1
1
1
1
1
1
1
1
1
1
1
1
1
1
1
1
1
1
1
1
1
1
1
1
1
1
1
1
1
1
1
1
1
1
1
1
1
1
1
1
1
1
1
1
1
1
1
1
1
1
1
1
1
1
1
1
1
1
1
1
1
1
1
1
1
1
1
1
1
1
1
1
1
1
1
1
1
1
1
1
1
1
1
1
1
1
1
1
1
1
1
1
1
1
1
1
1
1
1
1
1
1
1
1
1
1
1
1
1
1
1
1
1
1
1
1
1
1
1
1
1
1
1
1
1
1
1
1
1
1
1
1
1
1
1
1
1
1
1
1
1
1
1
1
1.09205
1.04602
1
1
1
1
1
1
1
1
1
1
1
1
1
1
1
1
1
1
1
1
1
1
1
1
1
1
1
1
1
1
1
1
1
1
1
1
1
1
1
1
1
1
1
1
1
1
1
1
1
1
1
1
1
1
1
1
1
1
1
1
1
1
1
1
1
1
1.04602
1
1
1
1
1
1
1
1
1
1
1
1
1
1
1
1
1
1
1
1
1
1
1
1
1
1
1
1
1
1
1
1
1
1
1
1
1
1
1
1
1
1
1
1
1
1
1
1
1
1
1
1
1
1
1
1
1
1
1
1
1
1
1
1
1
1
1
1
1
1
1
1
1
1
1
1
1
1
1
1
1
1
1
1
1
1
1
1
1
1
1
1
1
1
1
1
1
1
1
1
1
1
1
1
1
1
1
1
1
1
1
1
1
1
1
1
1
1
1
1
1
1
1
1
1
1
1
1
1
1
1
1
1
1
1
1
1
1
1
1
1
1
1
1
1
1
1
1
1
1
1.17678
1.05178
1
1
1
1
1
1
1
1
1
1
1
1
1
1
1
1
1
1
1
1
1
1
1
1
1
1
1
1
1
1
1
1
1
1
1
1
1
1
1
1
1
1
1
1
1
1
1
1
1
1
1
1
1
1
1
1
1
1
1
1
1
1
1
1
1
1
1.05178
1
1
1
1
1
1
1
1
1
1
1
1
1
1
1
1
1
1
1
1
1
1
1
1
1
1
1
1
1
1
1
1
1
1
1
1
1
1
1
1
1
1
1
1
1
1
1
1
1
1
1
1
1
1
1
1
1
1
1
1
1
1
1
1
1
1
1
1
1
1
1
1
1
1
1
1
1
1
1
1
1
1
1
1
1
1
1
1
1
1
1
1
1
1
1
1
1
1
1
1
1
1
1
1
1
1
1
1
1
1
1
1
1
1
1
1
1
1
1
1
1
1
1
1
1
1
1
1
1
1
1
1
1
1
1
1
1
1
1
1
1
1
1
1
1
1
1
1
1
1
1
1
1
1
1
1
1
1
1
1
1
1
1
1
1
1
1
1
1
1
1
1
1
1
1
1
1
1
1
1
1
1
1
1
1
1
1
1
1
1
1
1
1
1
1
1
1
1
1
1
1
1
1
1
1
1
1
1
1
1
1
1
1
1
1
1
1
1
1
1
1
1
1
1
1
1
1
1
1
1
1
1
1
1
1
1
1
1
1
1
1
1
1
1
1
1
1
1
1
1
1
1
1
1
1
1
1
1
1
1
1
1
1
1
1
1
1
1
1
1
1
1
1
1
1
1
1
1
1
1
1
1
1
1
1
1
1
1
1
1
1
1
1
1
1
1
1
1
1
1
1
1
1
1
1
1
1
1
1
1
1
1
1
1
1
1
1
1
1
1
1
1
1
1
1
1
1
1
1
1
1
1
1
1
1
1
1
1
1
1
1
1
1
1
1
1
1
1
1
1
1
1
1
1
1
1
1
1
1
1
1
1
1
1
1
1
1
1
1
1
1
1
1
1
1
1
1
1
1
1
1
1
1
1
1
1
1
1
1
1
1
1
1
1
1
1
1
1
1
1
1
1
1
1
1
1
1
1
1
1
1
1
1
1
1
1
1
1
1
1
1
1
1
1
1
1
1
1
1
1
1
1
1
1
1
1
1
1
1
1
1
1
1
1
1
1
1
1
1
1
1
1
1
1
1
1
1
1
1
1
1
1
1
1
1
1
1
1
1
1
1
1
1
1
1
1
1
1
1
1
1
1
1
1
1
1
1
1
1
1
1
1
1
1
1
1
1
1
1
1
1
1
1
1
1
1
1
1
1
1
1
1
1
1
1
1
1
1
1
1
1
1
1
1
1
1
1
1
1
1
1
1
1
1
1
1
1
1
1
1
1
1
1
1
1
1
1
1
1
1
1
1
1
1
1
1
1
1
1
1
1
1
1
1
1
1
1
1
1
1
1
1
1
1
1
1
1
1
1
1
1
1
1
1
1
1
1
1
1
1
1
1
1
1
1
1
1
1
1
1
1
1
1
1
1
1
1
1
1
1
1
1
1
1
1
1
1
1
1
1
1
1
1
1
1
1
1
1
1
1
1
1
1
1
1
1
1
1
1
1
1
1
1
1
1
1
1
1
1
1
1
1
1
1
1
1
1
1
1
1
1
1
1
1
1
1
1
1
1
1
1
1
1
1
1
1
1
1
1
1
1
1
1
1
1
1
1
1
1
1
1
1
1
1
1
1
1
1
1
1
1
1
1
1
1
1
1
1
1
1
1
1
1
1
1
1
1
1
1
1
1
1
1
1
1
1
1
1
1
1
1
1
1
1
1
1
1
1
1
1
1
1
1
1
1
1
1
1
1
1
1
1
1
1
1
1
1
1
1
1
1
1
1
1
1
1
1
1
1
1
1
1
1
1
1
1
1
1
1
1
1
1
1
1
1
1
1
1
1
1
1
1
1
1
1
1
1
1
1
1
1
1
1
1
1
1
1
1
1
1
1
1
1
1
1
1
1
1
1
1
1
1
1
1
1
1
1
1
1
1
1
1
1
1
1
1
1
1
1
1
1
1
1
1
1
1
1
1
1
1
1
1
1
1
1
1
1
1
1
1
1
1
1
1
1
1
1
1
1
1
1
1
1
1
1
1
1
1
1
1
1
1
1
1
1
1
1
1
1
1
1
1
1
1
1
1
1
1
1
1
1
1
1
1
1
1
1
1
1
1
1
1
1
1
1
1
1
1
1
1
1
1
1
1
1
1
1
1
1
1
1
1
1
1
1
1
1
1
1
1
1
1
1
1
1
1
1
1
1
1
1
1
1
1
1
1
1
1
1
1
1
1
1
1
1
1
1
1
1
1
1
1
1
1
1
1
1
1
1
1
1
1
1
1
1
1
1
1
1
1
1
1
1
1
1
1
1
1
1
1
1
1
1
1
1
1
1
1
1
1
1
1
1
1
1
1
1
1
1
1
1
1
1
1
1
1
1
1
1
1
1
1
1
1
1
1
1
1
1
1
1
1
1
1
1
1
1
1
1
1
1
1
1
1
1
1
1
1
1
1
1
1
1
1
1
1
1
1
1
1
1
1
1
1
1
1
1
1
1
1
1
1
1
1
1
1
1
1
1
1
1
1
1
1
1
1
1
1
1
1
1
1
1
1
1
1
1
1
1
1
1
1
1
1
1
1
1
1
1
1
1
1
1
1
1
1
1
1
1
1
1
1
1
1
1
1
1
1
1
1
1
1
1
1
1
1
1
1
1
1
1
1
1
1
1
1
1
1
1
1
1
1
1
1
1
1
1
1
1
1
1
1
1
1
1
1
1
1
1
1
1
1
1
1
1
1
1
1
1
1
1
1
1
1
1
1
1
1
1
1
1
1
1
1
1
1
1
1
1
1
1
1
1
1
1
1
1
1
1
1
1
1
1
1
1
1
1
1
1
1
1
1
1
1
1
1
1
1
1
1
1
1
1
1
1
1
1
1
1
1
1
1
1
1
1
1
1
1
1
1
1
1
1
1
1
1
1
1
1
1
1
1
1
1
1
1
1
1
1
1
1
1
1
1
1
1
1
1
1
1
1
1
1
1
1
1
1
1
1
1
1
1
1
1
1
1
1
1
1
1
1
1
1
1
1
1
1
1
1
1
1
1
1
1
1
1
1
1
1
1
1
1
1
1
1
1
1
1
1
1
1
1
1
1
1
1
1
1
1
1
1
1
1
1
1
1
1
1
1
1
1
1
1
1
1
1
1
1
1
1
1
1
1
1
1
1
1
1
1
1
1
1
1
1
1
1
1
1
1
1
1
1
1
1
1
1
1
1
1
1
1
1
1
1
1
1
1
1
1
1
1
1
1
1
1
1
1
1
1
1
1
1
1
1
1
1
1
1
1
1
1
1
1
1
1
1
1
1
1
1
1
1
1
1
1
1
1
1
1
1
1
1
1
1
1
1
1
1
1
1
1
1
1
1
1
1
1
1
1
1
1
1
1
1
1
1
1
1
1
1
1
1
1
1
1
1
1
1
1
1
1
1
1
1
1
1
1
1
1
1
1
1
1
1
1
1
1
1
1
1
1
1
1
1
1
1
1
1
1
1
1
1
1
1
1
1
1
1
1
1
1
1
1
1
1
1
1
1
1
1
1
1
1
1
1
1
1
1
1
1
1
1
1
1
1
1
1
1
1
1
1
1
1
1
1
1
1
1
1
1
1
1
1
1
1
1
1
1
1
1
1
1
1
1
1
1
1
1
1
1
1
1
1
1
1
1
1
1
1
1
1
1
1
1
1
1
1
1
1
1
1
1
1
1
1
1
1
1
1
1
1
1
1
1
1
1
1
1
1
1
1
1
1
1
1
1
1
1
1
1
1
1
1
1
1
1
1
1
1
1
1
1
1
1
1
1
1
1
1
1
1
1
1
1
1
1
1
1
1
1
1
1
1
1
1
1
1
1
1
1
1
1
1
1
1
1
1
1
1
1
1
1
1
1
1
1
1
1
1
1
1
1
1
1
1
1
1
1
1
1
1
1
1
1
1
1
1
1
1
1
1
1
1
1
1
1
1
1
1
1
1
1
1
1
1
1
1
1
1
1
1
1
1
1
1
1
1
1
1
1
1
1
1
1
1
1
1
1
1
1
1
1
1
1
1
1
1
1
1
1
1
1
1
1
1
1
1
1
1
1
1
1
1
1
1
1
1
1
1
1
1
1
1
1
1
1
1
1
1
1
1
1
1
1
1
1
1
1
1
1
1
1
1
1
1
1
1
1
1
1
1
1
1
1
1
1
1
1
1
1
1
1
1
1
1
1
1
1
1
1
1
1
1
1
1
1
1
1
1
1
1
1
1
1
1
1
1
1
1
1
1
1
1
1
1
1
1
1
1
1
1
1
1
1
1
1
1
1
1
1
1
1
1
1
1
1
1
1
1
1
1
1
1
1
1
1
1
1
1
1
1
1
1
1
1
1
1
1
1
1
1
1
1
1
1
1
1
1
1
1
1
1
1
1
1
1
1
1
1
1
1
1
1
1
1
1
1
1
1
1
1
1
1
1
1
1
1
1
1
1
1
1
1
1
1
1
1
1
1
1
1
1
1
1
1
1
1
1
1
1
1
1
1
1
1
1
1
1
1
1
1
1
1
1
1
1
1
1
1
1
1
1
1
1
1
1
1
1
1
1
1
1
1
1
1
1
1
1
1
1
1
1
1
1
1
1
1
1
1
1
1
1
1
1
1
1
1
1
1
1
1
1
1
1
1
1
1
1
1
1
1
1
1
1
1
1
1
1
1
1
1
1
1
1
1
1
1
1
1
1
1
1
1
1
1
1
1
1
1
1
1
1
1
1
1
1
1
1
1
1
1
1
1
1
1
1
1
1
1
1
1
1
1
1
1
1
1
1
1
1
1
1
1
1
1
1
1
1
1
1
1
1
1
1
1
1
1
1
1
1
1
1
1
1
1
1
1
1
1
1
1
1
1
1
1
1
1
1
1
1
1
1
1
1
1
1
1
1
1
1
1
1
1
1
1
1
1
1
1
1
1
1
1
1
1
1
1
1
1
1
1
1
1
1
1
1
1
1
1
1
1
1
1
1
1
1
1
1
1
1
1
1
1
1
1
1
1
1
1
1
1
1
1
1
1
1
1
1
1
1
1
1
1
1
1
1
1
1
1
1
1
1
1
1
1
1
1
1
1
1
1
1
1
1
1
1
1
1
1
1
1
1
1
1
1
1
1
1
1
1
1
1
1
1
1
1
1
1
1
1
1
1
1
1
1
1
1
1
1
1
1
1
1
1
1
1
1
1
1
1
1
1
1
1
1
1
1
1
1
1
1
1
1
1
1
1
1
1
1
1
1
1
1
1
1
1
1
1
1
1
1
1
1
1
1
1
1
1
1
1
1
1
1
1
1
1
1
1
1
1
1
1
1
1
1
1
1
1
1
1
1
1
1
1
1
1
1
1
1
1
1
1
1
1
1
1
1
1
1
1
1
1
1
1
1
1
1
1
1
1
1
1
1
1
1
1
1
1
1
1
1
1
1
1
1
1
1
1
1
1
1
1
1
1
1
1
1
1
1
1
1
1
1
1
1
1
1
1
1
1
1
1
1
1
1
1
1
1
1
1
1
1
1
1
1
1
1
1
1
1
1
1
1
1
1
1
1
1
1
1
1
1
1
1
1
1
1
1
1
1
1
1
1
1
1
1
1
1
1
1
1
1
1
1
1
1
1
1
1
1
1
1
1
1
1
1
1
1
1
1
1
1
1
1
1
1
1
1
1
1
1
1
1
1
1
1
1
1
1
1
1
1
1
1
1
1
1
1
1
1
1
1
1
1
1
1
1
1
1
1
1
1
1
1
1
1
1
1
1
1
1
1
1
1
1
1
1
1
1
1
1
1
1
1
1
1
1
1
1
1
1
1
1
1
1
1
1
1
1
1
1
1
1
1
1
1
1
1
1
1
1
1
1
1
1
1
1
1
1
1
1
1
1
1
1
1
1
1
1
1
1
1
1
1
1
1
1
1
1
1
1
1
1
1
1
1
1
1
1
1
1
1
1
1
1
1
1
1
1
1
1
1
1
1
1
1
1
1
1
1
1
1
1
1
1
1
1
1
1
1
1
1
1
1
1
1
1
1
1
1
1
1
1
1
1
1
1
1
1
1
1
1
1
1
1
1
1
1
1
1
1
1
1
1
1
1
1
1
1
1
1
1
1
1
1
1
1
1
1
1
1
1
1
1
1
1
1
1
1
1
1
1
1
1
1
1
1
1
1
1
1
1
1
1
1
1
1
1
1
1
1
1
1
1
1
1
1
1
1
1
1
1
1
1
1
1
1
1
1
1
1
1
1
1
1
1
1
1
1
1
1
1
1
1
1
1
1
1
1
1
1
1
1
1
1
1
1
1
1
1
1
1
1
1
1
1
1
1
1
1
1
1
1
1
1
1
1
1
1
1
1
1
1
1
1
1
1
1
1
1
1
1
1
1
1
1
1
1
1
1
1
1
1
1
1
1
1
1
1
1
1
1
1
1
1
1
1
1
1
1
1
1
1
1
1
1
1
1
1
1
1
1
1
1
1
1
1
1
1
1
1
1
1
1
1
1
1
1
1
1
1
1
1
1
1
1
1
1
1
1
1
1
1
1
1
1
1
1
1
1
1
1
1
1
1
1
1
1
1
1
1
1
1
1
1
1
1
1
1
1
1
1
1
1
1
1
1
1
1
1
1
1
1
1
1
1
1
1
1
1
1
1
1
1
1
1
1
1
1
1
1
1
1
1
1
1
1
1
1
1
1
1
1
1
1
1
1
1
1
1
1
1
1
1
1
1
1
1
1
1
1
1
1
1
1
1
1
1
1
1
1
1
1
1
1
1
1
1
1
1
1
1
1
1
1
1
1
1
1
1
1
1
1
1
1
1
1
1
1
1
1
1
1
1
1
1
1
1
1
1
1
1
1
1
1
1
1
1
1
1
1
1
1
1
1
1
1
1
1
1
1
1
1
1
1
1
1
1
1
1
1
1
1
1
1
1
1
1
1
1
1
1
1
1
1
1
1
1
1
1
1
1
1
1
1
1
1
1
1
1
1
1
1
1
1
1
1
1
1
1
1
1
1
1
1
1
1
1
1
1
1
1
1
1
1
1
1
1
1
1
1
1
1
1
1
1
1
1
1
1
1
1
1
1
1
1
1
1
1
1
1
1
1
1
1
1
1
1
1
1
1
1
1
1
1
1
1
1
1
1
1
1
1
1
1
1
1
1
1
1
1
1
1
1
1
1
1
1
1
1
1
1
1
1
1
1
1
1
1
1
1
1
1
1
1
1
1
1
1
1
1
1
1
1
1
1
1
1
1
1
1
1
1
1
1
1
1
1
1
1
1
1
1
1
1
1
1
1
1
1
1
1
1
1
1
1
1
1
1
1
1
1
1
1
1
1
1
1
1
1
1
1
1
1
1
1
1
1
1
1
1
1
1
1
1
1
1
1
1
1
1
1
1
1
1
1
1
1
1
1
1
1
1
1
1
1
1
1
1
1
1
1
1
1
1
1
1
1
1
1
1
1
1
1
1
1
1
1
1
1
1
1
1
1
1
1
1
1
1
1
1
1
1
1
1
1
1
1
1
1
1
1
1
1
1
1
1
1
1
1
1
1
1
1
1
1
1
1
1
1
1
1
1
1
1
1
1
1
1
1
1
1
1
1
1
1
1
1
1
1
1
1
1
1
1
1
1
1
1
1
1
1
1
1
1
1
1
1
1
1
1
1
1
1
1
1
1
1
1
1
1
1
1
1
1
1
1
1
1
1
1
1
1
1
1
1
1
1
1
1
1
1
1
1
1
1
1
1
1
1
1
1
1
1
1
1
1
1
1
1
1
1
1
1
1
1
1
1
1
1
1
1
1
1
1
1
1
1
1
1
1
1
1
1
1
1
1
1
1
1
1
1
1
1
1
1
1
1
1
1
1
1
1
1
1
1
1
1
1
1
1
1
1
1
1
1
1
1
1
1
1
1
1
1
1
1
1
1
1
1
1
1
1
1
1
1
1
1
1
1
1
1
1
1
1
1
1
1
1
1
1
1
1
1
1
1
1
1
1
1
1
1
1
1
1
1
1
1
1
1
1
1
1
1
1
1
1
1
1
1
1
1
1
1
1
1
1
1
1
1
1
1
1
1
1
1
1
1
1
1
1
1
1
1
1
1
1
1
1
1
1
1
1
1
1
1
1
1
1
1
1
1
1
1
1
1
1
1
1
1
1
1
1
1
1
1
1
1
1
1
1
1
1
1
1
1
1
1
1
1
1
1
1
1
1
1
1
1
1
1
1
1
1
1
1
1
1
1
1
1
1
1
1
1
1
1
1
1
1
1
1
1
1
1
1
1
1
1
1
1
1
1
1
1
1
1
1
1
1
1
1
1
1
1
1
1
1
1
1
1
1
1
1
1
1
1
1
1
1
1
1
1
1
1
1
1
1
1
1
1
1
1
1
1
1
1
1
1
1
1
1
1
1
1
1
1
1
1
1
1
1
1
1
1
1
1
1
1
1
1
1
1
1
1
1
1
1
1
1
1
1
1
1
1
1
1
1
1
1
1
1
1
1
1
1
1
1
1
1
1
1
1
1
1
1
1
1
1
1
1
1
1
1
1
1
1
1
1
1
1
1
1
1
1
1
1
1
1
1
1
1
1
1
1
1
1
1
1
1
1
1
1
1
1
1
1
1
1
1
1
