161.451
161.037
160.622
160.208
159.794
159.38
158.966
158.551
158.137
157.723
157.309
156.895
156.48
156.066
155.652
155.238
154.823
154.409
153.995
153.581
153.167
152.752
152.338
151.924
151.51
151.096
150.681
151.096
151.51
120
120.414
120.828
121.243
121.657
122.071
122.485
122.9
123.314
123.728
124.142
124.556
124.971
125.385
125.799
126.213
126.627
127.042
127.456
127.87
128.284
128.699
129.113
129.527
129.941
130.355
130.77
131.184
131.598
132.012
132.426
132.841
133.255
133.669
134.083
134.498
134.912
135.326
199.593
198.593
197.593
196.593
195.593
194.593
193.593
192.593
191.593
190.593
189.593
188.593
187.593
186.593
185.593
184.593
183.593
182.593
181.593
180.593
179.593
178.593
177.593
176.593
176.179
175.765
175.35
174.936
174.522
174.108
173.694
173.279
172.865
172.451
172.037
127.042
127.456
127.87
128.284
128.699
129.113
129.527
129.941
130.355
130.77
131.184
131.598
132.012
132.426
132.841
133.255
133.669
134.083
134.498
134.912
135.326
135.74
136.154
136.569
136.983
137.397
137.811
160.451
150.51
119
134.326
199.179
171.037
126.042
136.811
159.451
149.51
118
133.326
198.765
170.037
125.042
135.811
158.451
148.51
117
132.326
199.35
198.35
169.037
124.042
134.811
157.451
147.51
147.924
148.338
116
116
116
131.326
198.936
168.037
122.213
122.627
123.042
133.811
134.225
156.451
147.338
115
130.326
198.522
167.037
121.213
133.225
156.037
146.338
114
129.326
198.108
166.037
120.213
132.225
155.622
145.338
113
127.912
128.912
197.694
165.037
164.622
119.213
131.225
155.208
144.338
112
127.498
197.279
163.622
118.213
130.225
154.794
143.338
143.752
111
111
127.083
197.865
196.865
162.622
116.799
117.213
129.225
129.64
154.38
142.752
110
124.669
125.669
126.669
197.451
161.622
161.208
115.799
128.64
153.966
141.752
142.167
109
109
124.255
199.037
198.037
197.037
160.208
114.799
127.64
128.054
153.551
141.167
108
122.841
123.841
198.622
159.208
158.794
113.385
113.799
127.054
153.137
140.167
140.581
107
107
107
122.426
199.208
198.208
157.794
112.385
126.054
126.468
126.882
152.723
139.581
106
122.012
198.794
156.794
111.385
126.468
152.309
138.581
105
105
120.598
121.598
198.38
156.38
155.38
154.38
109.971
110.385
126.054
127.054
151.895
137.581
137.995
138.409
104.414
104
118.184
119.184
120.184
198.966
197.966
153.966
152.966
108.971
126.64
151.48
150.48
149.48
148.48
147.48
146.48
137.409
137.823
103.414
117.77
198.551
152.551
151.551
107.142
107.556
107.971
126.225
127.225
146.066
145.066
144.066
143.066
142.066
141.066
136.823
137.238
102.828
102.414
116.355
117.355
199.137
198.137
151.137
150.137
149.137
106.142
126.811
127.811
140.652
139.652
138.652
137.652
136.238
136.652
137.066
103.071
102.657
102.243
101.828
114.941
115.941
200.723
199.723
198.723
148.723
147.723
104.728
105.142
127.397
128.397
129.397
137.238
136.238
136.066
136.48
102.485
102.071
113.527
114.527
201.309
200.309
147.309
146.309
103.314
103.728
128.983
129.983
130.983
135.823
134.823
133.823
133.409
135.48
135.895
102.314
101.899
101.485
111.113
112.113
113.113
201.895
200.895
145.895
144.895
143.895
143.48
101.485
101.9
102.314
130.569
131.569
132.569
132.409
134.895
135.309
102.142
101.728
101.314
110.699
203.48
202.48
201.48
142.48
142.066
100.485
132.154
133.154
134.154
131.409
130.995
134.309
101.142
109.284
110.284
203.066
141.066
99.4853
133.74
129.995
129.581
133.309
133.723
134.137
134.551
101.385
100.971
100.556
100.142
107.87
108.87
203.652
202.652
140.652
139.652
138.652
137.652
98.0711
98.4853
133.326
134.326
128.581
128.167
133.551
133.966
134.38
135.38
101.213
100.799
100.385
105.456
106.456
107.456
204.238
203.238
137.238
136.238
135.238
96.6569
97.0711
133.912
134.912
135.912
136.912
137.912
127.167
134.966
134.267
133.267
101.87
101.456
101.042
100.627
100.213
104.042
105.042
204.823
203.823
134.823
133.823
132.823
131.823
130.823
95.2426
95.6569
137.498
138.498
139.498
140.498
141.498
142.498
126.752
125.752
125.338
132.853
131.853
130.853
129.853
102.527
102.113
101.699
101.284
100.87
101.627
102.627
103.627
206.409
205.409
204.409
130.409
129.409
128.409
127.409
126.409
93.4142
93.8284
94.2426
142.083
143.083
144.083
145.083
146.083
147.083
148.083
149.083
150.083
124.338
123.924
129.439
128.439
127.439
126.439
125.439
124.439
103.598
103.184
102.77
102.355
101.941
101.527
99.2132
100.213
101.213
206.995
205.995
125.995
124.995
123.995
122.995
121.995
120.995
92
92.4142
149.669
122.924
124.024
123.024
122.024
121.024
120.024
119.024
118.024
106.74
106.326
105.912
105.498
105.083
104.669
104.255
103.841
103.426
103.012
102.598
97.799
98.799
209.581
208.581
207.581
206.581
120.581
119.581
119.167
118.752
118.338
91
91
149.255
121.924
117.61
116.61
115.61
114.61
113.61
113.196
112.782
112.368
111.953
111.539
111.125
110.711
110.297
109.882
109.468
109.054
108.64
108.225
107.811
107.397
106.983
106.569
106.154
105.74
97.3848
210.167
209.167
117.338
116.924
116.51
116.096
115.681
115.267
90
90
148.841
120.924
120.51
95.9706
96.9706
209.752
114.267
89
148.426
119.51
94.5564
95.5564
210.338
209.338
147.338
146.338
145.338
144.338
143.338
142.338
141.338
113.267
112.853
112.439
112.024
111.61
88
88
88
148.012
118.51
91.1422
92.1422
93.1422
94.1422
211.752
210.752
150.752
149.752
148.752
147.752
140.924
139.924
138.924
137.924
136.924
135.924
110.61
110.196
109.782
109.368
87
87
147.598
117.51
89.7279
90.7279
214.167
213.167
212.167
153.167
152.167
151.167
135.51
134.51
133.51
132.51
108.368
107.953
107.539
107.125
86
86
147.184
117.096
116.096
115.681
87.8995
88.3137
89.3137
215.581
214.581
155.581
154.581
153.581
132.096
131.096
106.125
105.711
105.297
104.882
104.468
85
85
85
146.77
114.681
86.8995
216.995
215.995
156.995
155.995
130.681
129.681
103.468
103.054
102.64
84
84
146.355
113.681
85.4853
85.8995
218.409
217.409
157.409
129.267
128.267
127.267
126.267
101.64
101.225
100.811
100.397
83
83
145.941
112.681
84.0711
84.4853
220.823
219.823
218.823
158.823
158.409
125.853
124.853
99.397
98.9828
98.5686
82
82
145.527
111.681
83.0711
221.238
159.823
124.439
97.5686
97.1544
96.7402
96.3259
81
81
81
145.113
110.681
81.6569
82.0711
221.652
160.823
124.024
123.024
95.3259
80
144.699
109.681
80.6569
223.066
222.066
161.823
122.61
121.61
94.3259
93.9117
93.4975
93.0833
79
79
144.284
107.853
108.267
108.681
78.8284
79.2426
80.2426
224.48
223.48
162.823
121.196
120.196
119.196
92.0833
91.6691
91.2549
90.8407
78
78
143.87
106.853
77.8284
224.895
163.823
118.782
89.8407
89.4264
89.0122
88.598
77
77
96.4559
97.4559
98.4559
99.4559
100.456
101.456
102.456
103.456
104.456
105.456
106.456
107.456
108.456
109.456
110.456
111.456
112.456
113.456
114.456
115.456
116.456
117.456
118.456
119.456
120.456
121.456
143.456
105.853
76.4142
76.8284
227.309
226.309
225.309
164.823
118.368
117.368
87.598
87.1838
86.7696
86.3554
76
91.0417
92.0417
93.0417
94.0417
95.0417
96.0417
121.87
122.87
123.87
124.87
125.87
126.87
127.87
128.87
129.87
130.87
131.87
132.87
133.87
134.87
135.87
136.87
137.87
138.87
143.87
104.853
75.4142
227.723
165.823
116.953
115.953
85.3554
84.9411
84.5269
75
75
75
86.6274
87.6274
88.6274
89.6274
90.6274
139.284
140.284
141.284
142.284
143.284
144.284
103.439
103.853
74.4142
228.137
166.823
167.238
115.539
114.539
113.539
83.5269
83.1127
82.6985
82.2843
74.4142
74
82.2132
83.2132
84.2132
85.2132
86.2132
102.439
73.4142
229.551
228.551
168.238
113.125
81.2843
80.8701
80.4559
73.4142
81.799
101.439
72.4142
229.966
169.238
112.711
111.711
79.4559
72.4142
80.3848
81.3848
100.024
100.439
71
71.4142
230.38
170.238
170.652
111.297
110.297
78.4559
78.0416
77.6274
77.2132
71.8284
71.4142
76.9706
77.9706
78.9706
79.9706
99.0244
70
230.794
171.652
109.882
108.882
76.2132
75.799
71.6569
71.2426
70.8284
75.5564
76.5564
97.196
97.6102
98.6102
69
231.208
172.652
173.066
174.066
108.468
107.468
106.468
74.799
74.3848
73.9706
73.5564
70.6569
72.7279
73.1422
74.1422
75.1422
95.7818
96.196
68
231.622
174.48
175.48
106.054
72.5564
72.1421
71.7279
69.6569
71.3137
71.7279
94.3676
94.7818
67
232.037
175.895
176.895
177.895
105.64
104.64
70.7279
70.3137
69.8995
69.4853
69.0711
68.6569
69.8995
70.3137
92.9534
93.3676
66
232.451
178.309
179.309
180.309
104.225
103.225
102.225
68.4853
68.0711
68.0711
68.8995
91.1249
91.5392
91.9534
65
232.865
231.865
180.723
181.723
182.723
101.811
100.811
99.8112
67.0711
66.6569
66.2426
65.8284
67.4853
67.0711
67.0711
67.4853
68.4853
89.2965
89.7107
90.1249
64
64
232.279
183.137
184.137
185.137
186.137
99.397
64.8284
64.4142
66.4853
66.0711
88.2965
63
232.694
186.551
98.9828
97.9828
63.4142
65.4853
64.6569
65.0711
86.0539
86.4681
86.8823
87.2965
102.012
101.012
100.012
99.0122
98.0122
97.0122
96.0122
95.0122
94.0122
93.0122
92.0122
91.0122
62
233.108
186.966
187.966
188.966
97.5686
96.5686
62.4142
62
64.4853
63.2426
63.6569
84.2254
84.6396
85.0539
110.426
109.426
108.426
107.426
106.426
105.426
104.426
103.426
102.426
90.598
89.598
88.598
87.598
86.598
85.598
84.598
83.598
61
233.522
232.522
231.522
189.38
190.38
191.38
192.38
96.1544
95.1544
94.1544
61
61
61
61
63.4853
62.2426
79.9117
80.3259
80.7401
81.1544
81.5686
81.9828
82.397
82.8112
83.2254
114.841
113.841
112.841
111.841
110.841
83.1838
82.1838
81.1838
80.1838
79.1838
78.1838
60
231.936
192.794
193.794
194.794
195.794
93.7402
92.7402
91.7402
60
60
62.8995
62.4853
60.8284
61.2426
78.9117
118.255
117.255
116.255
115.255
77.7696
76.7696
75.7696
59
59
232.35
231.35
196.208
197.208
91.3259
90.3259
59
59
61.8995
59.8284
77.9117
121.669
120.669
119.669
118.669
75.3554
74.3554
73.3554
72.3554
58
231.765
230.765
197.622
198.622
199.622
89.9117
88.9117
87.9117
86.9117
58
58
60.8995
58.8284
76.9117
119.64
120.64
121.64
71.9412
70.9412
69.9412
57
57
57
231.179
230.179
229.179
200.037
201.037
202.037
86.4975
85.4975
57
57
57
59.8995
57
57.4142
58.4142
75.9117
116.225
117.225
118.225
119.225
69.5269
68.5269
67.5269
66.5269
56
229.593
228.593
227.593
202.451
85.0833
84.0833
83.0833
82.0833
56
56
58.8995
56
74.9117
115.811
66.1127
55
55
228.007
202.865
203.865
81.6691
55
55
57.8995
55
73.9117
114.397
115.397
65.6985
64.6985
54
228.421
227.421
204.279
81.2549
80.2549
79.2549
54
56.8995
54
72.9117
110.983
111.983
112.983
113.983
64.2843
63.2843
53
53
227.836
226.836
225.836
224.836
223.836
202.836
201.836
200.836
199.836
199.421
199.007
198.593
198.179
197.765
197.35
196.936
196.522
196.108
195.694
195.279
194.865
194.451
194.037
204.694
78.8407
77.8407
76.8407
75.8407
53
53
53
55.8995
53
71.9117
109.569
110.569
62.8701
61.8701
60.8701
59.8701
52
224.25
223.25
222.25
221.25
220.25
219.25
218.25
217.25
215.25
214.25
213.25
212.25
211.25
210.25
209.25
208.25
207.25
206.25
205.25
204.25
203.25
195.037
194.622
194.208
193.794
193.38
192.966
192.551
205.108
206.108
75.4264
74.4264
73.4264
52
54.8995
52
70.9117
106.154
107.154
108.154
109.154
59.4559
58.4559
51
51
217.664
216.664
215.664
193.551
193.137
192.723
206.522
73.0122
72.0122
71.0122
51
51
53.8995
51
69.9117
104.74
105.74
58.0416
57.0416
56.6274
50
50
50
193.723
193.309
192.895
192.48
206.936
70.598
69.598
68.598
50
50
52.8995
50
68.9117
103.326
104.326
55.6274
55.2132
49
49
193.48
193.066
192.652
207.35
68.1838
67.1838
66.1838
65.1838
49
51.8995
49
67.9117
100.912
101.912
102.912
54.2132
53.799
48
48
193.652
193.238
192.823
193.238
207.765
64.7696
63.7696
48
48
50.8995
48
67.4975
100.497
52.799
47
47
47
194.238
208.179
63.3554
47
47
47
49.8995
47
60.2549
60.6691
61.0833
61.4975
62.4975
63.4975
64.4975
65.4975
66.4975
98.0833
99.0833
100.083
51.799
46
195.238
195.652
207.593
208.593
62.9411
61.9411
60.9411
59.9411
46
48.8995
46
59.2549
96.6691
97.6691
51.3848
50.3848
45
45
196.652
197.066
197.48
197.895
208.007
59.5269
58.5269
57.5269
45
47.8995
47.4853
45
56.1838
56.598
57.0122
57.4264
57.8406
58.2549
94.2549
95.2549
96.2549
49.9706
48.9706
48.5564
44
44
198.895
199.309
199.723
208.007
208.421
57.1127
56.1127
55.1127
44
44
46.4853
44
53.9411
54.3554
54.7696
55.1838
92.8406
93.8406
47.5564
47.1421
43
43
200.723
201.137
201.551
201.966
207.765
208.179
208.593
209.007
54.6985
53.6985
43
45.4853
43
43
43
51.6985
52.1127
52.5269
52.9411
90.4264
91.4264
92.4264
46.1421
42
42
42
202.966
203.38
203.794
208.35
208.765
53.2843
52.2843
51.2843
42
42
44.4853
42
49.4558
49.8701
50.2843
50.6985
88.0122
89.0122
90.0122
45.1421
44.7279
41
41
204.794
205.208
205.622
206.037
206.451
206.865
207.279
207.694
208.108
208.522
208.936
209.35
50.8701
49.8701
48.8701
41
43.4853
41
47.2132
47.6274
48.0416
48.4558
86.598
87.598
43.7279
40
40
48.4559
47.4559
40
42.4853
42.0711
40
40
45.799
46.2132
83.1838
84.1838
85.1838
86.1838
42.7279
42.3137
39
39
47.0416
46.0416
39
39
41.0711
39
39
43.9706
44.3848
44.799
82.7696
41.3137
38
38
38
45.6274
38
40.0711
38
41.7279
42.1421
42.5563
42.9706
81.3553
82.3553
40.3137
37
45.2132
44.2132
37
39.0711
37
40.7279
78.9411
79.9411
80.9411
39.8995
38.8995
38.4853
36
36
43.799
42.799
41.799
36
38.0711
36
36
38.8995
39.3137
39.7279
75.5269
76.5269
77.5269
78.5269
37.4853
35
35
41.3848
40.3848
35
35
35
37.0711
36.6569
35
35
35
37.0711
37.4853
37.8995
71.1127
72.1127
73.1127
74.1127
75.1127
36.4853
36.0711
34
39.9706
38.9706
34
35.6569
34
34
34
35.2426
35.6569
36.0711
64.6985
65.6985
66.6985
67.6985
68.6985
69.6985
70.6985
35.0711
33
33
33
38.5564
37.5564
37.1421
33
34.6569
33
33
33
33
33
33.4142
33.8284
34.2426
61.2843
62.2843
63.2843
64.2843
34.0711
32
32
36.1421
35.7279
32
32
33.6569
32
32
32
32
32
32
32
60.2843
33.0711
32.6569
31
31
34.7279
31
33.2426
32.2426
31.8284
31
31
31
31
31
31
31
31
31
31
31
31
59.8701
31.6569
30
30
30
30
30
30
30
30
30
33.7279
30
30.8284
30
30
30
30
30
30
30
30
30
30
30
59.4558
30.6569
29
29
29
32.7279
32.3137
29
29.8284
59.0416
30.2426
29.2426
28.8284
28
28
28
28
28
28
28
28
28
28
28
28
28
28
28
31.3137
30.8995
28
28.8284
58.6274
27.8284
27
27
27
27
27
27
27
27
27
27
29.8995
27
27.8284
47.2132
48.2132
49.2132
50.2132
51.2132
52.2132
53.2132
54.2132
55.2132
56.2132
57.2132
58.2132
26.8284
26
26
26
26
26
26
26
26
26
26
29.4853
28.4853
28.0711
26
26
26.8284
26.4142
38.799
39.799
40.799
41.799
42.799
43.799
44.799
45.799
46.799
25
25
25
25
25
25
25
25
25
25
25
25
25
25
25
25
25.8284
25
25
25
25
25
25
25
27.0711
25
25.4142
34.3848
35.3848
36.3848
37.3848
38.3848
24
24
24
24
24
24
24
24
24
24.8284
24.4142
24
24
24
24
24
24
24
26.0711
25.6569
24
24.4142
29.9706
30.9706
31.9706
32.9706
33.9706
23
23
23
23
23
23
23
23
23
23.4142
23
23
23
23
23
23
23
23
23
23
23
23
23
23
24.6569
23
23.4142
27.5563
28.5563
29.5563
22
22
22
22
22
22
22
22.4142
22
22
22
22
22
22
22
22
22
22
22
22
22
22
22
22
23.6569
23.2426
22
22.4142
25.7279
26.1421
27.1421
21
21
21
21
21
21.4142
21
21
21
21
21
21
21
21
21
21
21
22.2426
21
21.4142
24.7279
20
20
20.4142
20
20
20
20
20
21.2426
20
20.4142
23.3137
24.3137
19
19
19
19
19.4142
19
19
19
19
19
19
19
19
19
19
20.2426
19
19.4142
19
21.8995
22.8995
18
18
18
18
18
18
18.4142
18
18
18
18
18
18
18
18
18
18
18
18
19.8284
18.8284
18.4142
18
18
20.4853
21.4853
17
17
17
17
17.4142
17
17
17
17
17
17
17
17
17
17
17.4142
17
17
18.6569
19.0711
20.0711
16
16
16
16
16
16
16
16
16
16
16
16
16.4142
16
16
16
16
17.2426
17.6569
15
15
15
15
15
15
15
15
15
15
15
15
15
15.4142
15
15
16.2426
14
14
14
14
14
14
14
14
14
14
14
14
14
14
14.4142
14
14
14
14.8284
15.2426
13
13
13
13
13
13
13
13
13
13
13
13
13.8284
12
12
12
12
12
12
12
12
12
12
12
12.8284
11
11
11
11
11
11
11
11
11
11
11
11
11
11.4142
12.4142
10
10
10
10
10
10
10
10
10
10
10
10
10
10
10
10
10
9
9
9
9
9
9
9
9
9
9
9
9
9
8
8
8
8
8
8
8
8
8
8
8
8
7
7
7
7
7
7
7
7
7
7
7
7
7
6
6
6
6
6
6
6
6
6
6
6
6
6
6
6
6
6
6
6
6
6
6
6
6
6
6
6
6
6
6
6
6
6
6
6
6
6
6
6
6
6
6
6
6
6
6
6
6
6
6
6
6
6
6
6
6
6
6
6
6
6
6
6
6
6
6
6
6
6
6
6
6
6
6
6
6
6
6
6
6
6
6
6
6
6
6
6
6
6
6
6
6
6
6
6
6
6
6
6
6
6
6
6
6
6
6
6
6
6
6
6
6
6
6
6
6
6
6
6
6
6
6
6
6
6
6
6
6
6
6
6
6
6
6
6
6
6
6
6
6
6
6
6
6
6
6
6
6
6
6
6
6
6
6
6
6
6
6
6
6
6
6
6
6
6
6
6
6
6
6
6
6
6
6
6
6
6
6
6
6
6
6
6
6
6
6
6
6
6
6
6
6
6
6
6
6
6
6
6
6
6
6
6
6
6
6
6
6
6
6
6
6
6
6
6
6
6
6
6
6
6
6
6
6
6
6
6
6
6
6
6
6
6
6
6
6
6
6
6
6
6
6
6
6
6
6
6
6
