182.439
181.439
180.439
179.439
178.439
177.439
176.439
183.024
182.024
181.024
180.024
179.024
178.024
177.024
176.024
175.024
174.024
173.024
172.024
183.61
182.61
181.61
180.61
179.61
178.61
177.61
176.61
175.61
174.61
173.61
172.61
171.61
170.61
169.61
147.953
146.953
145.953
144.953
143.953
142.953
141.953
140.953
139.953
138.953
137.953
136.953
135.953
134.953
133.953
132.953
131.953
183.196
182.196
181.196
180.196
179.196
178.196
177.196
176.196
175.196
174.196
173.196
172.196
171.196
170.196
169.196
168.196
167.196
166.196
149.539
148.539
147.539
146.539
145.539
144.539
143.539
142.539
141.539
140.539
139.539
138.539
137.539
136.539
135.539
134.539
133.539
132.539
131.539
130.539
129.539
128.539
127.539
127.125
183.782
182.782
181.782
180.782
179.782
178.782
177.782
176.782
175.782
174.782
173.782
172.782
171.782
170.782
169.782
168.782
167.782
166.782
165.782
164.782
163.782
162.782
162.368
149.125
148.125
147.125
146.125
145.125
144.125
143.125
142.125
141.125
140.125
139.125
138.125
137.125
136.125
135.125
134.125
133.125
132.125
131.125
130.125
129.125
128.125
127.125
126.125
183.368
182.368
181.368
180.368
179.368
178.368
177.368
176.368
175.368
174.368
173.368
172.368
171.368
170.368
169.368
168.368
167.368
166.368
165.368
164.368
163.368
162.368
161.368
151.711
150.711
149.711
148.711
147.711
146.711
145.711
144.711
143.711
142.711
141.711
140.711
139.711
138.711
137.711
136.711
135.711
134.711
133.711
132.711
131.711
130.711
129.711
128.711
127.711
126.711
125.711
124.711
123.711
181.953
180.953
179.953
178.953
177.953
176.953
175.953
174.953
173.953
172.953
171.953
170.953
169.953
168.953
167.953
166.953
165.953
164.953
163.953
162.953
161.953
160.953
159.953
158.953
157.953
154.297
153.297
152.297
151.297
150.297
149.297
148.297
147.297
146.297
145.297
144.297
143.297
142.297
141.297
140.297
139.297
138.297
137.297
136.297
135.297
134.297
133.297
132.297
131.297
130.297
129.297
128.297
127.297
126.297
125.297
124.297
123.297
122.297
121.297
120.297
181.539
180.539
179.539
178.539
177.539
176.539
175.539
174.539
173.539
172.539
171.539
170.539
169.539
168.539
167.539
166.539
165.539
164.539
163.539
162.539
161.539
160.539
159.539
158.539
157.539
156.539
155.539
154.539
153.539
154.853
153.882
152.882
151.882
150.882
149.882
148.882
147.882
146.882
145.882
144.882
143.882
142.882
141.882
140.882
139.882
138.882
137.882
136.882
135.882
134.882
133.882
132.882
131.882
130.882
129.882
128.882
127.882
126.882
125.882
124.882
123.882
122.882
121.882
120.882
119.882
118.882
117.882
180.125
179.125
178.125
177.125
176.125
175.125
174.125
173.125
172.125
171.125
170.125
169.125
168.125
167.125
166.125
165.125
164.125
163.125
162.125
161.125
160.125
159.125
158.125
157.125
156.125
155.125
154.125
153.125
152.125
151.125
150.125
149.125
148.125
153.439
153.853
153.468
152.468
151.468
150.468
149.468
148.468
147.468
146.468
145.468
144.468
143.468
142.468
141.468
140.468
139.468
138.468
137.468
136.468
135.468
134.468
133.468
132.468
131.468
130.468
129.468
128.468
127.468
126.468
125.468
124.468
123.468
122.468
121.468
120.468
119.468
118.468
117.468
116.468
115.468
114.468
178.711
177.711
176.711
175.711
174.711
173.711
172.711
171.711
170.711
169.711
168.711
167.711
166.711
165.711
164.711
163.711
162.711
161.711
160.711
159.711
158.711
157.711
156.711
155.711
154.711
153.711
152.711
151.711
150.711
149.711
148.711
147.711
146.711
145.711
144.711
143.711
142.711
141.711
140.711
92.9828
92.5686
92.1544
91.7402
91.3259
90.9117
152.024
152.439
152.853
153.054
152.054
151.054
150.054
149.054
148.054
147.054
146.054
145.054
144.054
143.054
142.054
141.054
140.054
139.054
138.054
137.054
136.054
135.054
134.054
133.054
132.054
131.054
130.054
129.054
128.054
127.054
126.054
125.054
124.054
123.054
122.054
121.054
120.054
119.054
118.054
117.054
116.054
115.054
114.054
113.054
112.054
111.054
176.297
175.297
174.297
173.297
172.297
171.297
170.297
169.297
168.297
167.297
166.297
165.297
164.297
163.297
162.297
161.297
160.297
159.297
158.297
157.297
156.297
155.297
154.297
153.297
152.297
151.297
150.297
149.297
148.297
147.297
146.297
145.297
144.297
143.297
142.297
141.297
140.297
139.297
138.297
137.297
136.297
135.297
134.297
133.297
132.297
131.297
94.4681
94.0539
93.6397
93.2254
92.8112
92.397
91.9828
91.5686
91.1544
90.7402
90.3259
89.9117
89.4975
89.0833
88.6691
88.2549
87.8406
87.4264
150.196
150.61
151.024
151.439
151.853
152.267
151.64
150.64
149.64
148.64
147.64
146.64
145.64
144.64
143.64
142.64
141.64
140.64
139.64
138.64
137.64
136.64
135.64
134.64
133.64
132.64
131.64
130.64
129.64
128.64
127.64
126.64
125.64
124.64
123.64
122.64
121.64
120.64
119.64
118.64
117.64
116.64
115.64
114.64
113.64
112.64
111.64
110.64
109.64
108.64
107.64
170.882
169.882
168.882
167.882
166.882
165.882
164.882
163.882
162.882
161.882
160.882
159.882
158.882
157.882
156.882
155.882
154.882
153.882
152.882
151.882
150.882
149.882
148.882
147.882
146.882
145.882
144.882
143.882
142.882
141.882
140.882
139.882
138.882
137.882
136.882
135.882
134.882
133.882
132.882
131.882
130.882
129.882
128.882
127.882
126.882
125.882
124.882
123.882
122.882
121.882
120.882
119.882
118.882
97.8823
96.8823
95.8823
94.8823
93.8823
93.4681
93.0539
92.6397
92.2254
91.8112
91.397
90.9828
90.5686
90.1544
89.7402
89.3259
88.9117
88.4975
88.0833
87.6691
87.2549
86.8406
86.4264
86.0122
149.196
149.61
150.024
150.439
150.853
151.267
151.225
150.225
149.225
148.225
147.225
146.225
145.225
144.225
143.225
142.225
141.225
140.225
139.225
138.225
137.225
136.225
135.225
134.225
133.225
132.225
131.225
130.225
129.225
128.225
127.225
126.225
125.225
124.225
123.225
122.225
121.225
120.225
119.225
118.225
117.225
116.225
115.225
114.225
113.225
112.225
111.225
110.225
109.225
108.225
107.225
106.225
105.225
104.811
163.468
162.468
161.468
160.468
159.468
158.468
157.468
156.468
155.468
154.468
153.468
152.468
151.468
150.468
149.468
148.468
147.468
146.468
145.468
144.468
143.468
142.468
141.468
140.468
139.468
138.468
137.468
136.468
135.468
134.468
133.468
132.468
131.468
130.468
129.468
128.468
127.468
126.468
125.468
124.468
123.468
122.468
121.468
120.468
119.468
118.468
117.468
116.468
115.468
114.468
113.468
112.468
111.468
110.468
109.468
108.468
107.468
106.468
105.468
104.468
103.468
102.468
101.468
100.468
99.4681
98.4681
97.4681
96.4681
95.4681
94.4681
93.4681
92.4681
92.0539
91.6397
91.2254
90.8112
90.397
89.9828
89.5686
89.1544
88.7402
88.3259
87.9117
87.4975
87.0833
86.6691
86.2549
85.8406
85.4264
85.0122
84.598
84.1838
148.196
148.61
149.024
149.439
149.853
150.853
150.811
149.811
148.811
147.811
146.811
145.811
144.811
143.811
142.811
141.811
140.811
139.811
138.811
137.811
136.811
135.811
134.811
133.811
132.811
131.811
130.811
129.811
128.811
127.811
126.811
125.811
124.811
123.811
122.811
121.811
120.811
119.811
118.811
117.811
116.811
115.811
114.811
113.811
112.811
111.811
110.811
109.811
108.811
107.811
106.811
105.811
104.811
103.811
163.054
162.054
161.054
160.054
159.054
158.054
157.054
156.054
155.054
154.054
153.054
152.054
151.054
150.054
149.054
148.054
147.054
146.054
145.054
144.054
143.054
142.054
141.054
140.054
139.054
138.054
137.054
136.054
135.054
134.054
133.054
132.054
131.054
130.054
129.054
128.054
127.054
126.054
125.054
124.054
123.054
122.054
121.054
120.054
119.054
118.054
117.054
116.054
115.054
114.054
113.054
112.054
111.054
110.054
109.054
108.054
107.054
106.054
105.054
104.054
103.054
102.054
101.054
100.054
99.0539
98.0539
97.0539
96.0539
95.0539
94.0539
93.0539
92.0539
91.0539
90.6397
90.2254
89.8112
89.397
88.9828
88.5686
88.1544
87.7402
87.3259
86.9117
86.4975
86.0833
85.6691
85.2549
84.8406
84.4264
84.0122
83.598
83.1838
146.782
147.196
147.61
148.024
148.439
149.439
150.439
150.397
149.397
148.397
147.397
146.397
145.397
144.397
143.397
142.397
141.397
140.397
139.397
138.397
137.397
136.397
135.397
134.397
133.397
132.397
131.397
130.397
129.397
128.397
127.397
126.397
125.397
124.397
123.397
122.397
121.397
120.397
119.397
118.397
117.397
116.397
115.397
114.397
113.397
112.397
111.397
110.397
109.397
108.397
107.397
106.397
105.397
104.397
103.397
102.397
101.397
156.64
155.64
154.64
153.64
152.64
151.64
150.64
149.64
148.64
147.64
146.64
145.64
144.64
143.64
142.64
141.64
140.64
139.64
138.64
137.64
136.64
135.64
134.64
133.64
132.64
131.64
130.64
129.64
128.64
127.64
126.64
125.64
124.64
123.64
122.64
121.64
120.64
119.64
118.64
117.64
116.64
115.64
114.64
113.64
112.64
111.64
110.64
109.64
108.64
107.64
106.64
105.64
104.64
103.64
102.64
101.64
100.64
99.6397
98.6397
97.6397
96.6397
95.6397
94.6397
93.6397
92.6397
91.6397
90.6397
89.6397
89.2254
88.8112
88.397
87.9828
87.5686
87.1544
86.7402
86.3259
85.9117
85.4975
85.0833
84.6691
84.2549
83.8406
83.4264
83.0122
82.598
82.1838
81.7696
81.3554
145.368
145.782
146.196
146.61
147.024
148.024
149.024
150.024
149.983
148.983
147.983
146.983
145.983
144.983
143.983
142.983
141.983
140.983
139.983
138.983
137.983
136.983
135.983
134.983
133.983
132.983
131.983
130.983
129.983
128.983
127.983
126.983
125.983
124.983
123.983
122.983
121.983
120.983
119.983
118.983
117.983
116.983
115.983
114.983
113.983
112.983
111.983
110.983
109.983
108.983
107.983
106.983
105.983
104.983
103.983
102.983
101.983
100.983
99.9828
98.9828
97.9828
96.9828
151.225
150.225
149.225
148.225
147.225
146.225
145.225
144.225
143.225
142.225
141.225
140.225
139.225
138.225
137.225
136.225
135.225
134.225
133.225
132.225
131.225
130.225
129.225
128.225
127.225
126.225
125.225
124.225
123.225
122.225
121.225
120.225
119.225
118.225
117.225
116.225
115.225
114.225
113.225
112.225
111.225
110.225
109.225
108.225
107.225
106.225
105.225
104.225
103.225
102.225
101.225
100.225
99.2254
98.2254
97.2254
96.2254
95.2254
94.2254
93.2254
92.2254
91.2254
90.2254
89.2254
88.2254
87.8112
87.397
86.9828
86.5686
86.1544
85.7402
85.3259
84.9117
84.4975
84.0833
83.6691
83.2549
82.8406
82.4264
82.0122
81.598
81.1838
80.7696
80.3554
79.9411
144.368
144.782
145.196
145.61
146.61
147.61
148.61
149.61
149.569
148.569
147.569
146.569
145.569
144.569
143.569
142.569
141.569
140.569
139.569
138.569
137.569
136.569
135.569
134.569
133.569
132.569
131.569
130.569
129.569
128.569
127.569
126.569
125.569
124.569
123.569
122.569
121.569
120.569
119.569
118.569
117.569
116.569
115.569
114.569
113.569
112.569
111.569
110.569
109.569
108.569
107.569
106.569
105.569
104.569
103.569
102.569
101.569
100.569
99.5686
98.5686
97.5686
96.5686
95.5686
94.5686
93.5686
147.811
146.811
145.811
144.811
143.811
142.811
141.811
140.811
139.811
138.811
137.811
136.811
135.811
134.811
133.811
132.811
131.811
130.811
129.811
128.811
127.811
126.811
125.811
124.811
123.811
122.811
121.811
120.811
119.811
118.811
117.811
116.811
115.811
114.811
113.811
112.811
111.811
110.811
109.811
108.811
107.811
106.811
105.811
104.811
103.811
102.811
101.811
100.811
99.8112
98.8112
97.8112
96.8112
95.8112
94.8112
93.8112
92.8112
91.8112
90.8112
89.8112
88.8112
87.8112
86.8112
86.397
85.9828
85.5686
85.1544
84.7402
84.3259
83.9117
83.4975
83.0833
82.6691
82.2549
81.8406
81.4264
81.0122
80.598
80.1838
79.7696
79.3554
78.9411
78.5269
142.539
142.953
143.368
143.782
144.196
145.196
146.196
147.196
148.196
149.196
149.154
148.154
147.154
146.154
145.154
144.154
143.154
142.154
141.154
140.154
139.154
138.154
137.154
136.154
135.154
134.154
133.154
132.154
131.154
130.154
129.154
128.154
127.154
126.154
125.154
124.154
123.154
122.154
121.154
120.154
119.154
118.154
117.154
116.154
115.154
114.154
113.154
112.154
111.154
110.154
109.154
108.154
107.154
106.154
105.154
104.154
103.154
102.154
101.154
100.154
99.1544
98.1544
97.1544
96.1544
95.1544
94.1544
93.1544
92.1544
91.1544
90.1544
89.1544
141.397
140.397
139.397
138.397
137.397
136.397
135.397
134.397
133.397
132.397
131.397
130.397
129.397
128.397
127.397
126.397
125.397
124.397
123.397
122.397
121.397
120.397
119.397
118.397
117.397
116.397
115.397
114.397
113.397
112.397
111.397
110.397
109.397
108.397
107.397
106.397
105.397
104.397
103.397
102.397
101.397
100.397
99.397
98.397
97.397
96.397
95.397
94.397
93.397
92.397
91.397
90.397
89.397
88.397
87.397
86.397
85.397
84.9828
84.5686
84.1544
83.7402
83.3259
82.9117
82.4975
82.0833
81.6691
81.2549
80.8406
80.4264
80.0122
79.598
79.1838
78.7696
78.3554
77.9411
77.5269
141.539
141.953
142.368
142.782
143.782
144.782
145.782
146.782
147.782
148.782
149.569
148.569
147.569
146.569
145.569
144.569
143.569
142.569
141.569
140.569
139.569
138.569
137.569
120.74
119.74
118.74
117.74
116.74
115.74
114.74
113.74
112.74
111.74
110.74
109.74
108.74
107.74
106.74
105.74
104.74
103.74
102.74
101.74
100.74
99.7402
98.7402
97.7402
96.7402
95.7402
94.7402
93.7402
92.7402
91.7402
90.7402
89.7402
88.7402
87.7402
86.7402
135.983
134.983
133.983
132.983
131.983
130.983
129.983
128.983
127.983
126.983
125.983
124.983
123.983
122.983
121.983
120.983
119.983
118.983
117.983
116.983
115.983
114.983
113.983
112.983
111.983
110.983
109.983
108.983
107.983
106.983
105.983
104.983
103.983
102.983
101.983
100.983
99.9828
98.9828
97.9828
96.9828
95.9828
94.9828
93.9828
92.9828
91.9828
90.9828
89.9828
88.9828
87.9828
86.9828
85.9828
84.9828
83.9828
83.5686
83.1544
82.7402
82.3259
81.9117
81.4975
81.0833
80.6691
80.2549
79.8406
79.4264
79.0122
78.598
78.1838
77.7696
77.3554
76.9411
76.5269
76.1127
140.125
140.539
140.953
141.368
142.368
143.368
144.368
145.368
146.368
147.368
148.368
149.368
148.983
147.983
146.983
145.983
144.983
143.983
142.983
141.983
140.983
139.983
115.326
114.326
113.326
112.326
111.326
110.326
109.326
108.326
107.326
106.326
105.326
104.326
103.326
102.326
101.326
100.326
99.3259
98.3259
97.3259
96.3259
95.3259
94.3259
93.3259
92.3259
91.3259
90.3259
89.3259
88.3259
87.3259
86.3259
85.3259
84.3259
83.3259
129.569
128.569
127.569
126.569
125.569
124.569
123.569
122.569
121.569
120.569
119.569
118.569
117.569
116.569
115.569
114.569
113.569
112.569
111.569
110.569
109.569
108.569
107.569
106.569
105.569
104.569
103.569
102.569
101.569
100.569
99.5686
98.5686
97.5686
96.5686
95.5686
94.5686
93.5686
92.5686
91.5686
90.5686
89.5686
88.5686
87.5686
86.5686
85.5686
84.5686
83.5686
82.5686
82.1544
81.7402
81.3259
80.9117
80.4975
80.0833
79.6691
79.2549
78.8406
78.4264
78.0122
77.598
77.1838
76.7696
76.3554
75.9411
75.5269
75.1127
139.125
139.539
139.953
140.953
141.953
142.953
143.953
144.953
145.953
146.953
147.953
148.953
149.397
148.397
147.397
146.397
145.397
144.397
143.397
111.912
110.912
109.912
108.912
107.912
106.912
105.912
104.912
103.912
102.912
101.912
100.912
99.9117
98.9117
97.9117
96.9117
95.9117
94.9117
93.9117
92.9117
91.9117
90.9117
89.9117
88.9117
87.9117
86.9117
85.9117
84.9117
83.9117
82.9117
81.9117
80.9117
79.9117
79.4975
123.154
122.154
121.154
120.154
119.154
118.154
117.154
116.154
115.154
114.154
113.154
112.154
111.154
110.154
109.154
108.154
107.154
106.154
105.154
104.154
103.154
102.154
101.154
100.154
99.1544
98.1544
97.1544
96.1544
95.1544
94.1544
93.1544
92.1544
91.1544
90.1544
89.1544
88.1544
87.1544
86.1544
85.1544
84.1544
83.1544
82.1544
81.1544
80.7402
80.3259
79.9117
79.4975
79.0833
78.6691
78.2549
77.8406
77.4264
77.0122
76.598
76.1838
75.7696
75.3554
74.9411
74.5269
74.1127
73.6985
73.2843
137.711
138.125
138.539
139.539
140.539
141.539
142.539
143.539
144.539
145.539
146.539
147.539
148.539
149.539
148.811
147.811
146.811
145.811
144.811
108.498
107.498
106.498
105.498
104.498
103.498
102.498
101.498
100.498
99.4975
98.4975
97.4975
96.4975
95.4975
94.4975
93.4975
92.4975
91.4975
90.4975
89.4975
88.4975
87.4975
86.4975
85.4975
84.4975
83.4975
82.4975
81.4975
80.4975
79.4975
78.4975
78.0833
77.6691
115.74
114.74
113.74
112.74
111.74
110.74
109.74
108.74
107.74
106.74
105.74
104.74
103.74
102.74
101.74
100.74
99.7402
98.7402
97.7402
96.7402
95.7402
94.7402
93.7402
92.7402
91.7402
90.7402
89.7402
88.7402
87.7402
86.7402
85.7402
84.7402
83.7402
82.7402
81.7402
80.7402
79.7402
79.3259
78.9117
78.4975
78.0833
77.6691
77.2549
76.8406
76.4264
76.0122
75.598
75.1838
74.7696
74.3554
73.9411
73.5269
73.1127
72.6985
72.2843
136.711
137.125
138.125
139.125
140.125
141.125
142.125
143.125
144.125
145.125
146.125
147.125
148.125
149.125
149.225
148.225
147.225
146.225
145.811
108.083
107.083
106.083
105.083
104.083
103.083
102.083
101.083
100.083
99.0833
98.0833
97.0833
96.0833
95.0833
94.0833
93.0833
92.0833
91.0833
90.0833
89.0833
88.0833
87.0833
86.0833
85.0833
84.0833
83.0833
82.0833
81.0833
80.0833
79.0833
78.0833
77.0833
76.6691
115.326
114.326
113.326
112.326
111.326
110.326
109.326
108.326
107.326
106.326
105.326
104.326
103.326
102.326
101.326
100.326
99.3259
98.3259
97.3259
96.3259
95.3259
94.3259
93.3259
92.3259
91.3259
90.3259
89.3259
88.3259
87.3259
86.3259
85.3259
84.3259
83.3259
82.3259
81.3259
80.3259
79.3259
78.3259
77.9117
77.4975
77.0833
76.6691
76.2549
75.8406
75.4264
75.0122
74.598
74.1838
73.7696
73.3554
72.9411
72.5269
72.1127
71.6985
71.2843
135.711
136.711
137.711
138.711
139.711
140.711
141.711
142.711
143.711
144.711
145.711
146.711
147.711
148.711
149.64
148.64
147.64
147.225
104.669
103.669
102.669
101.669
100.669
99.6691
98.6691
97.6691
96.6691
95.6691
94.6691
93.6691
92.6691
91.6691
90.6691
89.6691
88.6691
87.6691
86.6691
85.6691
84.6691
83.6691
82.6691
81.6691
80.6691
79.6691
78.6691
77.6691
76.6691
75.6691
75.2549
109.912
108.912
107.912
106.912
105.912
104.912
103.912
102.912
101.912
100.912
99.9117
98.9117
97.9117
96.9117
95.9117
94.9117
93.9117
92.9117
91.9117
90.9117
89.9117
88.9117
87.9117
86.9117
85.9117
84.9117
83.9117
82.9117
81.9117
80.9117
79.9117
78.9117
77.9117
76.9117
76.4975
76.0833
75.6691
75.2549
74.8406
74.4264
74.0122
73.598
73.1838
72.7696
72.3554
71.9411
71.5269
71.1127
70.6985
70.2843
134.297
135.297
136.297
137.297
138.297
139.297
140.297
141.297
142.297
143.297
144.297
145.297
146.297
147.297
148.297
149.297
149.054
148.64
102.255
101.255
100.255
99.2549
98.2549
97.2549
96.2549
95.2549
94.2549
93.2549
92.2549
91.2549
90.2549
89.2549
88.2549
87.2549
86.2549
85.2549
84.2549
83.2549
82.2549
81.2549
80.2549
79.2549
78.2549
77.2549
76.2549
75.2549
74.2549
73.8407
73.4264
73.0122
105.498
104.498
103.498
102.498
101.498
100.498
99.4975
98.4975
97.4975
96.4975
95.4975
94.4975
93.4975
92.4975
91.4975
90.4975
89.4975
88.4975
87.4975
86.4975
85.4975
84.4975
83.4975
82.4975
81.4975
80.4975
79.4975
78.4975
77.4975
76.4975
75.4975
75.0833
74.6691
74.2549
73.8406
73.4264
73.0122
72.598
72.1838
71.7696
71.3554
70.9411
70.5269
70.1127
69.6985
69.2843
68.8701
132.468
132.882
133.882
134.882
135.882
136.882
137.882
138.882
139.882
140.882
141.882
142.882
143.882
144.882
145.882
146.882
147.882
148.882
149.882
149.64
100.841
99.8407
98.8407
97.8407
96.8407
95.8407
94.8407
93.8407
92.8407
91.8407
90.8407
89.8407
88.8407
87.8407
86.8407
85.8407
84.8407
83.8407
82.8407
81.8407
80.8407
79.8407
78.8407
77.8407
76.8407
75.8407
74.8407
73.8407
72.8407
72.4264
72.0122
71.598
71.1838
70.7696
99.9117
98.9117
97.9117
96.9117
95.9117
94.9117
93.9117
92.9117
91.9117
90.9117
89.9117
88.9117
87.9117
77.0833
76.0833
75.0833
74.0833
73.6691
73.2549
72.8406
72.4264
72.0122
71.598
71.1838
70.7696
70.3554
69.9411
69.5269
69.1127
68.6985
68.2843
67.8701
131.468
132.468
133.468
134.468
135.468
136.468
137.468
138.468
139.468
140.468
141.468
142.468
143.468
144.468
145.468
146.468
147.468
148.468
97.4264
96.4264
95.4264
94.4264
93.4264
92.4264
91.4264
90.4264
89.4264
88.4264
87.4264
86.4264
85.4264
84.4264
83.4264
82.4264
81.4264
80.4264
79.4264
78.4264
77.4264
76.4264
75.4264
74.4264
73.4264
72.4264
71.4264
71.0122
70.598
70.1838
69.7696
69.3554
68.9411
74.6691
73.6691
72.6691
72.2549
71.8406
71.4264
71.0122
70.598
70.1838
69.7696
69.3554
68.9411
68.5269
68.1127
67.6985
67.2843
66.8701
130.054
131.054
132.054
133.054
134.054
135.054
136.054
137.054
138.054
139.054
140.054
141.054
142.054
143.054
144.054
145.054
146.054
147.054
148.054
96.0122
95.0122
94.0122
93.0122
92.0122
91.0122
90.0122
89.0122
88.0122
87.0122
86.0122
85.0122
84.0122
83.0122
82.0122
81.0122
80.0122
79.0122
78.0122
77.0122
76.0122
75.0122
74.0122
73.0122
72.0122
71.0122
70.0122
69.598
69.1838
68.7696
68.3554
67.9411
67.5269
67.1127
66.6985
66.2843
71.2549
70.8406
70.4264
70.0122
69.598
69.1838
68.7696
68.3554
67.9411
67.5269
67.1127
66.6985
66.2843
65.8701
65.4558
128.64
129.64
130.64
131.64
132.64
133.64
134.64
135.64
136.64
137.64
138.64
139.64
140.64
141.64
142.64
143.64
144.64
145.64
146.64
94.598
93.598
92.598
91.598
90.598
89.598
88.598
87.598
86.598
85.598
84.598
83.598
82.598
81.598
80.598
79.598
78.598
77.598
76.598
75.598
74.598
73.598
72.598
71.598
70.598
69.598
68.598
68.1838
67.7696
67.3554
66.9411
66.5269
66.1127
65.6985
65.2843
64.8701
64.4559
64.0416
69.8406
69.4264
69.0122
68.598
68.1838
67.7696
67.3554
66.9411
66.5269
66.1127
65.6985
65.2843
64.8701
64.4558
127.225
128.225
129.225
130.225
131.225
132.225
133.225
134.225
135.225
136.225
137.225
138.225
139.225
140.225
141.225
142.225
143.225
144.225
145.225
92.1838
91.1838
90.1838
89.1838
88.1838
87.1838
86.1838
85.1838
84.1838
83.1838
82.1838
81.1838
80.1838
79.1838
78.1838
77.1838
76.1838
75.1838
74.1838
73.1838
72.1838
71.1838
70.1838
69.1838
68.1838
67.1838
66.7696
66.3554
65.9411
65.5269
65.1127
64.6985
64.2843
63.8701
63.4559
63.0416
62.6274
62.2132
61.799
69.4264
68.4264
68.0122
67.598
67.1838
66.7696
66.3554
65.9411
65.5269
65.1127
64.6985
64.2843
63.8701
63.4558
92.2254
93.2254
94.2254
95.2254
96.2254
97.2254
98.2254
99.2254
100.225
125.397
125.811
126.811
127.811
128.811
129.811
130.811
131.811
132.811
133.811
134.811
135.811
136.811
137.811
138.811
139.811
140.811
141.811
142.811
143.811
144.811
59.5564
59.1422
58.7279
58.3137
57.8995
57.4853
57.0711
56.6569
90.7696
89.7696
88.7696
87.7696
86.7696
85.7696
84.7696
83.7696
82.7696
81.7696
80.7696
79.7696
78.7696
77.7696
76.7696
75.7696
74.7696
73.7696
72.7696
71.7696
70.7696
69.7696
68.7696
67.7696
66.7696
65.7696
65.3554
64.9411
64.5269
64.1127
63.6985
63.2843
62.8701
62.4559
62.0416
61.6274
61.2132
60.799
60.3848
59.9706
59.5564
67.0122
66.598
66.1838
65.7696
65.3554
64.9411
64.5269
64.1127
63.6985
63.2843
62.8701
62.4558
62.0416
61.6274
90.397
90.8112
91.8112
92.8112
93.8112
94.8112
95.8112
96.8112
97.8112
98.8112
99.8112
124.397
125.397
126.397
127.397
128.397
129.397
130.397
131.397
132.397
133.397
134.397
135.397
136.397
137.397
138.397
139.397
140.397
141.397
142.397
143.397
144.397
58.5564
58.1422
57.7279
57.3137
56.8995
56.4853
56.0711
55.6569
90.3554
89.3554
88.3554
87.3554
86.3554
85.3554
84.3554
83.3554
82.3554
81.3554
80.3554
79.3554
78.3554
77.3554
76.3554
75.3554
74.3554
73.3554
72.3554
71.3554
70.3554
69.3554
68.3554
67.3554
66.3554
65.3554
64.3554
63.9412
63.5269
63.1127
62.6985
62.2843
61.8701
61.4559
61.0416
60.6274
60.2132
59.799
59.3848
58.9706
58.5564
66.0122
65.598
65.1838
64.7696
64.3554
63.9411
63.5269
63.1127
62.6985
62.2843
61.8701
61.4558
61.0416
60.6274
89.397
90.397
91.397
92.397
93.397
94.397
95.397
96.397
97.397
98.397
99.397
121.983
122.983
123.983
124.983
125.983
126.983
127.983
128.983
129.983
130.983
131.983
132.983
133.983
134.983
135.983
136.983
137.983
138.983
139.983
140.983
141.983
57.9706
57.5564
57.1422
56.7279
56.3137
55.8995
55.4853
55.0711
54.6569
54.2426
53.8284
88.9411
87.9411
86.9411
85.9411
84.9411
83.9411
82.9411
81.9411
80.9411
79.9411
78.9411
77.9411
76.9411
75.9411
74.9411
73.9411
72.9411
71.9411
70.9411
69.9411
68.9411
67.9411
66.9411
65.9411
64.9411
63.9412
62.9412
62.5269
62.1127
61.6985
61.2843
60.8701
60.4559
60.0416
59.6274
59.2132
58.799
58.3848
57.9706
57.5564
57.1421
56.7279
56.3137
55.8995
65.0122
64.598
64.1838
63.7696
63.3554
62.9411
62.5269
62.1127
61.6985
61.2843
60.8701
60.4558
60.0416
59.6274
85.9828
86.9828
87.9828
88.9828
89.9828
90.9828
91.9828
92.9828
93.9828
94.9828
95.9828
96.9828
97.9828
98.9828
118.569
119.569
120.569
121.569
122.569
123.569
124.569
125.569
126.569
127.569
128.569
129.569
130.569
131.569
132.569
133.569
134.569
135.569
136.569
137.569
138.569
139.569
140.569
141.569
57.799
57.3848
56.9706
56.5564
56.1422
55.7279
55.3137
54.8995
54.4853
54.0711
53.6569
53.2426
52.8284
52.4142
86.5269
85.5269
84.5269
83.5269
82.5269
81.5269
80.5269
79.5269
78.5269
77.5269
76.5269
75.5269
74.5269
73.5269
72.5269
71.5269
70.5269
69.5269
68.5269
67.5269
66.5269
65.5269
64.5269
63.5269
62.5269
61.5269
61.1127
60.6985
60.2843
59.8701
59.4559
59.0416
58.6274
58.2132
57.799
57.3848
56.9706
56.5564
56.1421
55.7279
55.3137
54.8995
54.4853
63.598
63.1838
62.7696
62.3554
61.9411
61.5269
61.1127
60.6985
60.2843
59.8701
59.4558
59.0416
58.6274
82.5686
83.5686
84.5686
85.5686
86.5686
87.5686
88.5686
89.5686
90.5686
91.5686
92.5686
93.5686
94.5686
95.5686
96.5686
97.5686
98.5686
113.154
114.154
115.154
116.154
117.154
118.154
119.154
120.154
121.154
122.154
123.154
124.154
125.154
126.154
127.154
128.154
129.154
130.154
131.154
132.154
133.154
134.154
135.154
136.154
137.154
138.154
139.154
140.154
56.799
56.3848
55.9706
55.5564
55.1422
54.7279
54.3137
53.8995
53.4853
53.0711
52.6569
52.2426
51.8284
51.4142
51
51
84.1127
83.1127
82.1127
81.1127
80.1127
79.1127
78.1127
77.1127
76.1127
75.1127
74.1127
73.1127
72.1127
71.1127
70.1127
69.1127
68.1127
67.1127
66.1127
65.1127
64.1127
63.1127
62.1127
61.1127
60.1127
59.6985
59.2843
58.8701
58.4559
58.0416
57.6274
57.2132
56.799
56.3848
55.9706
55.5564
55.1421
54.7279
54.3137
53.8995
53.4853
53.0711
52.6569
52.2426
62.598
62.1838
61.7696
61.3554
60.9411
60.5269
60.1127
59.6985
59.2843
58.8701
58.4558
58.0416
57.6274
57.2132
81.1544
82.1544
83.1544
84.1544
85.1544
86.1544
87.1544
88.1544
89.1544
90.1544
91.1544
92.1544
93.1544
94.1544
95.1544
96.1544
97.1544
98.1544
98.7401
99.7401
100.74
101.74
102.74
103.74
104.74
105.74
106.74
107.74
108.74
109.74
110.74
111.74
112.74
113.74
114.74
115.74
116.74
117.74
118.74
119.74
120.74
121.74
122.74
123.74
124.74
125.74
126.74
127.74
128.74
129.74
130.74
131.74
132.74
133.74
134.74
135.74
136.74
137.74
138.74
139.74
55.799
55.3848
54.9706
54.5564
54.1422
53.7279
53.3137
52.8995
52.4853
52.0711
51.6569
51.2426
50.8284
50.4142
50
50
50
82.6985
81.6985
80.6985
79.6985
78.6985
77.6985
76.6985
75.6985
74.6985
73.6985
72.6985
71.6985
70.6985
69.6985
68.6985
67.6985
66.6985
65.6985
64.6985
63.6985
62.6985
61.6985
60.6985
59.6985
58.6985
58.2843
57.8701
57.4559
57.0416
56.6274
56.2132
55.799
55.3848
54.9706
54.5564
54.1421
53.7279
53.3137
52.8995
52.4853
52.0711
51.6569
51.2426
50.8284
61.598
61.1838
60.7696
60.3554
59.9411
59.5269
59.1127
58.6985
58.2843
57.8701
57.4558
57.0416
56.6274
56.2132
79.3259
79.7401
80.7401
81.7401
82.7401
83.7401
84.7401
85.7401
86.7401
87.7401
88.7401
89.7401
90.7401
91.7401
92.7401
93.7401
94.7401
95.7401
96.7401
97.7401
98.3259
99.3259
100.326
101.326
102.326
103.326
104.326
105.326
106.326
107.326
108.326
109.326
110.326
111.326
112.326
113.326
114.326
115.326
116.326
117.326
118.326
119.326
120.326
121.326
122.326
123.326
124.326
125.326
126.326
127.326
128.326
129.326
130.326
131.326
132.326
133.326
134.326
135.326
136.326
137.326
138.326
55.2132
54.799
54.3848
53.9706
53.5564
53.1422
52.7279
52.3137
51.8995
51.4853
51.0711
50.6569
50.2426
49.8284
49.4142
49
49
49
79.2843
78.2843
77.2843
76.2843
75.2843
74.2843
73.2843
72.2843
71.2843
70.2843
69.2843
68.2843
67.2843
66.2843
65.2843
64.2843
63.2843
62.2843
61.2843
60.2843
59.2843
58.2843
57.2843
56.8701
56.4559
56.0416
55.6274
55.2132
54.799
54.3848
53.9706
53.5564
53.1421
52.7279
52.3137
51.8995
51.4853
51.0711
50.6569
50.2426
49.8284
49.4142
60.598
60.1838
59.7696
59.3554
58.9411
58.5269
58.1127
57.6985
57.2843
56.8701
56.4558
56.0416
55.6274
55.2132
54.799
77.4975
77.9117
78.3259
79.3259
80.3259
81.3259
82.3259
83.3259
84.3259
85.3259
86.3259
87.3259
88.3259
89.3259
90.3259
91.3259
92.3259
93.3259
94.3259
95.3259
96.3259
97.3259
97.9117
98.9117
99.9117
100.912
101.912
102.912
103.912
104.912
105.912
106.912
107.912
108.912
109.912
110.912
111.912
112.912
113.912
114.912
115.912
116.912
117.912
118.912
119.912
120.912
121.912
122.912
123.912
124.912
125.912
126.912
127.912
128.912
129.912
130.912
131.912
132.912
133.912
134.912
135.912
136.912
53.799
53.3848
52.9706
52.5564
52.1422
51.7279
51.3137
50.8995
50.4853
50.0711
49.6569
49.2426
48.8284
48.4142
48
48
48
48
75.8701
74.8701
73.8701
72.8701
71.8701
70.8701
69.8701
68.8701
67.8701
66.8701
65.8701
64.8701
63.8701
62.8701
61.8701
60.8701
59.8701
58.8701
57.8701
56.8701
55.8701
55.4559
55.0416
54.6274
54.2132
53.799
53.3848
52.9706
52.5564
52.1421
51.7279
51.3137
50.8995
50.4853
50.0711
49.6569
49.2426
48.8284
48.4142
48
59.598
59.1838
58.7696
58.3554
57.9411
57.5269
57.1127
56.6985
56.2843
55.8701
55.4558
55.0416
54.6274
54.2132
53.799
76.0833
76.4975
76.9117
77.9117
78.9117
79.9117
80.9117
81.9117
82.9117
83.9117
84.9117
85.9117
86.9117
87.9117
88.9117
89.9117
90.9117
91.9117
92.9117
93.9117
94.9117
95.9117
96.9117
97.4975
98.4975
99.4975
100.497
101.497
102.497
103.497
104.497
105.497
106.497
107.497
108.497
109.497
110.497
111.497
112.497
113.497
114.497
115.497
116.497
117.497
118.497
119.497
120.497
121.497
122.497
123.497
124.497
125.497
126.497
127.497
128.497
129.497
130.497
131.497
132.497
133.497
134.497
135.497
136.497
52.799
52.3848
51.9706
51.5564
51.1422
50.7279
50.3137
49.8995
49.4853
49.0711
48.6569
48.2426
47.8284
47.4142
47
47
47
47
47.4142
47.8284
58.4559
57.4559
56.4559
55.4559
54.4559
54.0416
53.6274
53.2132
52.799
52.3848
51.9706
51.5564
51.1421
50.7279
50.3137
49.8995
49.4853
49.0711
48.6569
48.2426
47.8284
47.4142
47
47
47
58.598
58.1838
57.7696
57.3554
56.9411
56.5269
56.1127
55.6985
55.2843
54.8701
54.4558
54.0416
53.6274
53.2132
52.799
52.3848
74.6691
75.0833
75.4975
76.4975
77.4975
78.4975
79.4975
80.4975
81.4975
82.4975
83.4975
84.4975
85.4975
86.4975
87.4975
88.4975
89.4975
90.4975
91.4975
92.4975
93.4975
94.4975
95.4975
96.4975
97.0833
98.0833
99.0833
100.083
101.083
102.083
103.083
104.083
105.083
106.083
107.083
108.083
109.083
110.083
111.083
112.083
113.083
114.083
115.083
116.083
117.083
118.083
119.083
120.083
121.083
122.083
123.083
124.083
125.083
126.083
127.083
128.083
129.083
130.083
131.083
132.083
133.083
134.083
135.083
136.083
52.3848
51.3848
50.9706
50.5564
50.1422
49.7279
49.3137
48.8995
48.4853
48.0711
47.6569
47.2426
46.8284
46.4142
46
46
46
46
46.4142
46.8284
58.0416
57.0416
56.0416
55.0416
54.0416
53.0416
52.6274
52.2132
51.799
51.3848
50.9706
50.5564
50.1421
49.7279
49.3137
48.8995
48.4853
48.0711
47.6569
47.2426
46.8284
46.4142
46
46
46
57.598
57.1838
56.7696
56.3554
55.9411
55.5269
55.1127
54.6985
54.2843
53.8701
53.4558
53.0416
52.6274
52.2132
51.799
51.3848
73.6691
74.0833
75.0833
76.0833
77.0833
78.0833
79.0833
80.0833
81.0833
82.0833
83.0833
84.0833
85.0833
86.0833
87.0833
88.0833
89.0833
90.0833
91.0833
92.0833
93.0833
94.0833
95.0833
96.0833
96.6691
97.6691
98.6691
99.6691
100.669
101.669
102.669
103.669
104.669
105.669
106.669
107.669
108.669
109.669
110.669
111.669
112.669
113.669
114.669
115.669
116.669
117.669
118.669
119.669
120.669
121.669
122.669
123.669
124.669
125.669
126.669
127.669
128.669
129.669
130.669
131.669
132.669
133.669
51.9706
50.9706
49.9706
49.5564
49.1422
48.7279
48.3137
47.8995
47.4853
47.0711
46.6569
46.2426
45.8284
45.4142
45
45
45
45
45.4142
45.8284
53.6274
52.6274
51.6274
51.2132
50.799
50.3848
49.9706
49.5564
49.1421
48.7279
48.3137
47.8995
47.4853
47.0711
46.6569
46.2426
45.8284
45.4142
45
45
45
56.1838
55.7696
55.3554
54.9411
54.5269
54.1127
53.6985
53.2843
52.8701
52.4558
52.0416
51.6274
51.2132
50.799
50.3848
72.6691
73.6691
74.6691
75.6691
76.6691
77.6691
78.6691
79.6691
80.6691
81.6691
82.6691
83.6691
84.6691
85.6691
86.6691
87.6691
88.6691
89.6691
90.6691
91.6691
92.6691
93.6691
94.6691
95.6691
96.2549
97.2549
98.2549
99.2549
100.255
101.255
102.255
103.255
104.255
105.255
106.255
107.255
108.255
109.255
110.255
111.255
112.255
113.255
114.255
115.255
116.255
117.255
118.255
119.255
120.255
121.255
122.255
123.255
124.255
125.255
126.255
127.255
128.255
129.255
130.255
131.255
132.255
49.5564
48.5564
48.1422
47.7279
47.3137
46.8995
46.4853
46.0711
45.6569
45.2426
44.8284
44.4142
44
44
44
44
44.4142
44.8284
45.2426
51.2132
50.2132
49.799
49.3848
48.9706
48.5564
48.1421
47.7279
47.3137
46.8995
46.4853
46.0711
45.6569
45.2426
44.8284
44.4142
44
44
44
44
55.1838
54.7696
54.3554
53.9411
53.5269
53.1127
52.6985
52.2843
51.8701
51.4558
51.0416
50.6274
50.2132
49.799
49.3848
48.9706
48.5563
70.2549
71.2549
72.2549
73.2549
74.2549
75.2549
76.2549
77.2549
78.2549
79.2549
80.2549
81.2549
82.2549
83.2549
84.2549
85.2549
86.2549
87.2549
88.2549
89.2549
90.2549
91.2549
92.2549
93.2549
94.2549
95.2549
95.8406
96.8406
97.8406
98.8406
99.8406
100.841
101.841
102.841
103.841
104.841
105.841
106.841
107.841
108.841
109.841
110.841
111.841
112.841
113.841
114.841
115.841
116.841
117.841
118.841
119.841
120.841
121.841
122.841
123.841
124.841
125.841
126.841
127.841
128.841
129.841
130.841
49.1422
48.1422
47.1422
46.7279
46.3137
45.8995
45.4853
45.0711
44.6569
44.2426
43.8284
43.4142
43
43
43
43
43.4142
43.8284
44.2426
48.799
48.3848
47.9706
47.5564
47.1421
46.7279
46.3137
45.8995
45.4853
45.0711
44.6569
44.2426
43.8284
43.4142
43
43
43
43
54.1838
53.7696
53.3554
52.9411
52.5269
52.1127
51.6985
51.2843
50.8701
50.4558
50.0416
49.6274
49.2132
48.799
48.3848
47.9706
47.5563
47.1421
68.8406
69.8406
70.8406
71.8406
72.8406
73.8406
74.8406
75.8406
76.8406
77.8406
78.8406
79.8406
80.8406
81.8406
82.8406
83.8406
84.8406
85.8406
86.8406
87.8406
88.8406
89.8406
90.8406
91.8406
92.8406
93.8406
94.8406
96.2549
97.2549
98.2549
99.2549
100.255
101.255
102.255
103.255
104.255
105.255
106.255
107.255
108.255
109.255
110.255
111.255
112.255
113.255
114.255
115.255
116.255
117.255
118.255
119.255
120.255
121.255
122.255
123.255
124.255
125.255
126.255
127.255
128.255
47.7279
46.7279
45.7279
45.3137
44.8995
44.4853
44.0711
43.6569
43.2426
42.8284
42.4142
42
42
42
42
42.4142
42.8284
43.2426
43.6569
47.3848
46.9706
46.5564
46.1421
45.7279
45.3137
44.8995
44.4853
44.0711
43.6569
43.2426
42.8284
42.4142
42
42
42
42
42
53.1838
52.7696
52.3554
51.9411
51.5269
51.1127
50.6985
50.2843
49.8701
49.4558
49.0416
48.6274
48.2132
47.799
47.3848
46.9706
46.5563
46.1421
67.4264
68.4264
69.4264
70.4264
71.4264
72.4264
73.4264
74.4264
75.4264
76.4264
77.4264
78.4264
79.4264
80.4264
81.4264
82.4264
83.4264
84.4264
85.4264
86.4264
87.4264
88.4264
97.2549
97.6691
98.6691
99.6691
100.669
101.669
102.669
103.669
104.669
105.669
106.669
107.669
108.669
109.669
110.669
111.669
112.669
113.669
114.669
115.669
116.669
117.669
118.669
119.669
120.669
121.669
122.669
123.669
124.669
125.669
126.669
127.669
46.3137
45.3137
44.3137
43.8995
43.4853
43.0711
42.6569
42.2426
41.8284
41.4142
41
41
41
41
41.4142
41.8284
42.2426
42.6569
46.9706
45.9706
45.5564
45.1421
44.7279
44.3137
43.8995
43.4853
43.0711
42.6569
42.2426
41.8284
41.4142
41
41
41
41
41
80.0122
79.0122
52.1838
51.7696
51.3554
50.9411
50.5269
50.1127
49.6985
49.2843
48.8701
48.4558
48.0416
47.6274
47.2132
46.799
46.3848
45.9706
45.5563
45.1421
44.7279
66.0122
67.0122
68.0122
69.0122
70.0122
71.0122
72.0122
73.0122
74.0122
75.0122
76.0122
77.0122
78.0122
79.0122
80.0122
81.0122
82.0122
83.0122
84.0122
85.0122
98.2549
98.6691
99.0833
100.083
101.083
102.083
103.083
104.083
105.083
106.083
107.083
108.083
109.083
110.083
111.083
112.083
113.083
114.083
115.083
116.083
117.083
118.083
119.083
120.083
121.083
122.083
123.083
124.083
125.083
40.4142
40.8284
41.2426
41.6569
42.0711
42.4853
42.8995
42.4853
42.0711
41.6569
41.2426
40.8284
40.4142
40
40
40
40
40.4142
40.8284
41.2426
41.6569
42.0711
44.5564
44.1421
43.7279
43.3137
42.8995
42.4853
42.0711
41.6569
41.2426
40.8284
40.4142
40
40
40
40
40
40
84.598
83.598
82.598
81.598
80.598
79.598
78.598
77.598
76.598
75.598
74.598
73.598
50.7696
50.3554
49.9411
49.5269
49.1127
48.6985
48.2843
47.8701
47.4558
47.0416
46.6274
46.2132
45.799
45.3848
44.9706
44.5563
44.1421
43.7279
43.3137
64.1838
64.598
65.598
66.598
67.598
68.598
69.598
70.598
71.598
72.598
73.598
74.598
75.598
76.598
77.598
78.598
79.598
80.598
81.598
82.598
83.598
99.2549
99.6691
100.083
100.497
101.497
102.497
103.497
104.497
105.497
106.497
107.497
108.497
109.497
110.497
111.497
112.497
113.497
114.497
115.497
116.497
117.497
118.497
119.497
120.497
121.497
122.497
39
39
39
39.4142
39.8284
40.2426
40.6569
41.0711
41.4853
41.8995
42.3137
42.7279
41.4853
41.0711
40.6569
40.2426
39.8284
39.4142
39
39
39
39
39.4142
39.8284
40.2426
40.6569
41.0711
43.1421
42.7279
42.3137
41.8995
41.4853
41.0711
40.6569
40.2426
39.8284
39.4142
39
39
39
39
39
39
86.1838
85.1838
84.1838
83.1838
82.1838
81.1838
80.1838
79.1838
78.1838
77.1838
76.1838
75.1838
74.1838
73.1838
72.1838
71.1838
70.1838
50.3554
49.3554
48.9411
48.5269
48.1127
47.6985
47.2843
46.8701
46.4558
46.0416
45.6274
45.2132
44.799
44.3848
43.9706
43.5563
43.1421
42.7279
42.3137
62.7696
63.1838
64.1838
65.1838
66.1838
67.1838
68.1838
69.1838
70.1838
71.1838
72.1838
73.1838
74.1838
75.1838
76.1838
77.1838
78.1838
79.1838
80.1838
81.1838
82.1838
105.912
106.912
107.912
108.912
109.912
110.912
111.912
112.912
113.912
114.912
115.912
116.912
38
38
38
38
38.4142
38.8284
39.2426
39.6569
40.0711
40.4853
40.8995
41.3137
41.7279
42.1421
40.0711
39.6569
39.2426
38.8284
38.4142
38
38
38
38
38.4142
38.8284
39.2426
39.6569
40.0711
40.4853
40.8995
42.1421
41.7279
41.3137
40.8995
40.4853
40.0711
39.6569
39.2426
38.8284
38.4142
38
38
38
38
38
38
38
38
86.7696
85.7696
84.7696
83.7696
82.7696
81.7696
80.7696
79.7696
78.7696
77.7696
76.7696
75.7696
74.7696
73.7696
72.7696
71.7696
70.7696
69.7696
68.7696
67.7696
67.3553
47.9411
47.5269
47.1127
46.6985
46.2843
45.8701
45.4558
45.0416
44.6274
44.2132
43.799
43.3848
42.9706
42.5563
42.1421
41.7279
41.3137
40.8995
40.4853
61.3554
61.7696
62.7696
63.7696
64.7696
65.7696
66.7696
67.7696
68.7696
69.7696
70.7696
71.7696
72.7696
73.7696
74.7696
75.7696
76.7696
77.7696
78.7696
79.7696
106.912
107.326
108.326
109.326
110.326
111.326
112.326
113.326
114.326
115.326
116.326
117.326
37
37
37
37
37.4142
37.8284
38.2426
38.6569
39.0711
39.4853
39.8995
40.3137
40.7279
41.1421
39.6569
38.6569
38.2426
37.8284
37.4142
37
37
37
37
37.4142
37.8284
38.2426
38.6569
39.0711
39.4853
39.8995
41.1421
40.7279
40.3137
39.8995
39.4853
39.0711
38.6569
38.2426
37.8284
37.4142
37
37
37
37
37
37
37
37
86.3553
85.3553
84.3553
83.3553
82.3553
81.3553
80.3553
79.3553
78.3553
77.3553
76.3553
75.3553
74.3553
73.3553
72.3553
71.3553
70.3553
69.3553
68.3553
67.3553
66.3553
47.5269
46.5269
46.1127
45.6985
45.2843
44.8701
44.4558
44.0416
43.6274
43.2132
42.799
42.3848
41.9706
41.5563
41.1421
40.7279
40.3137
39.8995
39.4853
60.3554
61.3554
62.3554
63.3554
64.3553
65.3553
66.3553
67.3553
68.3553
69.3553
70.3553
71.3553
72.3553
73.3553
74.3553
75.3553
76.3553
77.3553
78.3553
79.3553
36
36
36
36
36
36.4142
36.8284
37.2426
37.6569
38.0711
38.4853
38.8995
39.3137
39.7279
40.1421
37.2426
36.8284
36.4142
36
36
36
36
36.4142
36.8284
37.2426
37.6569
38.0711
38.4853
38.8995
39.3137
39.7279
39.3137
38.8995
38.4853
38.0711
37.6569
37.2426
36.8284
36.4142
36
36
36
36
36
36
36
36
85.9411
84.9411
83.9411
82.9411
81.9411
80.9411
79.9411
78.9411
77.9411
76.9411
75.9411
74.9411
73.9411
72.9411
71.9411
70.9411
69.9411
68.9411
67.9411
66.9411
65.9411
64.9411
63.9411
47.1127
46.1127
45.1127
44.6985
44.2843
43.8701
43.4558
43.0416
42.6274
42.2132
41.799
41.3848
40.9706
40.5563
40.1421
39.7279
39.3137
38.8995
38.4853
38.0711
58.9411
59.9411
60.9411
61.9411
62.9411
63.9411
64.9411
65.9411
66.9411
67.9411
68.9411
69.9411
70.9411
71.9411
72.9411
73.9411
74.9411
75.9411
76.9411
77.9411
35
35
35
35
35
35
35
35.4142
35.8284
36.2426
36.6569
37.0711
37.4853
37.8995
38.3137
38.7279
39.1421
39.5563
35.8284
35.4142
35
35
35
35
35.4142
35.8284
36.2426
36.6569
37.0711
37.4853
37.8995
38.3137
38.7279
38.7279
38.3137
37.8995
37.4853
37.0711
36.6569
36.2426
35.8284
35.4142
35
35
35
35
35
35
35
35
35
86.5269
85.5269
84.5269
83.5269
82.5269
81.5269
80.5269
79.5269
78.5269
77.5269
76.5269
75.5269
74.5269
73.5269
72.5269
71.5269
70.5269
69.5269
68.5269
67.5269
66.5269
65.5269
64.5269
63.5269
62.5269
61.5269
60.5269
45.6985
44.6985
43.6985
43.2843
42.8701
42.4558
42.0416
41.6274
41.2132
40.799
40.3848
39.9706
39.5563
39.1421
38.7279
38.3137
37.8995
37.4853
37.0711
36.6569
55.5269
56.5269
57.5269
58.5269
59.5269
60.5269
61.5269
62.5269
63.5269
64.5269
65.5269
66.5269
67.5269
68.5269
69.5269
70.5269
71.5269
72.5269
73.5269
74.5269
75.5269
76.5269
34
34
34
34
34
34
34
34.4142
34.8284
35.2426
35.6569
36.0711
36.4853
36.8995
37.3137
37.7279
38.1421
38.5563
34.8284
34.4142
34
34
34
34
34.4142
34.8284
35.2426
35.6569
36.0711
36.4853
36.8995
37.3137
37.7279
38.1421
37.7279
37.3137
36.8995
36.4853
36.0711
35.6569
35.2426
34.8284
34.4142
34
34
34
34
34
34
34
34
34
86.1127
85.1127
84.1127
83.1127
82.1127
81.1127
80.1127
79.1127
78.1127
77.1127
76.1127
75.1127
74.1127
73.1127
72.1127
71.1127
70.1127
69.1127
68.1127
67.1127
66.1127
65.1127
64.1127
63.1127
62.1127
61.1127
60.1127
59.1127
58.1127
44.2843
43.2843
42.2843
41.8701
41.4558
41.0416
40.6274
40.2132
39.799
39.3848
38.9706
38.5563
38.1421
37.7279
37.3137
36.8995
36.4853
36.0711
35.6569
52.1127
53.1127
54.1127
55.1127
56.1127
57.1127
58.1127
59.1127
60.1127
61.1127
62.1127
63.1127
64.1127
65.1127
66.1127
67.1127
68.1127
69.1127
70.1127
71.1127
72.1127
73.1127
74.1127
33
33
33
33
33
33
33
33
33.4142
33.8284
34.2426
34.6569
35.0711
35.4853
35.8995
36.3137
36.7279
37.1421
37.5563
33.4142
33
33
33
33
33.4142
33.8284
34.2426
34.6569
35.0711
35.4853
35.8995
36.3137
36.7279
37.1421
37.5563
37.9706
36.3137
35.8995
35.4853
35.0711
34.6569
34.2426
33.8284
33.4142
33
33
33
33
33
33
33
33
33
85.6985
84.6985
83.6985
82.6985
81.6985
80.6985
79.6985
78.6985
77.6985
76.6985
75.6985
74.6985
73.6985
72.6985
71.6985
70.6985
69.6985
68.6985
67.6985
66.6985
65.6985
64.6985
63.6985
62.6985
61.6985
60.6985
59.6985
58.6985
57.6985
56.6985
55.6985
54.6985
53.6985
52.6985
42.8701
41.8701
40.8701
40.4558
40.0416
39.6274
39.2132
38.799
38.3848
37.9706
37.5563
37.1421
36.7279
36.3137
35.8995
35.4853
35.0711
34.6569
34.2426
33.8284
49.6985
50.6985
51.6985
52.6985
53.6985
54.6985
55.6985
56.6985
57.6985
58.6985
59.6985
60.6985
61.6985
62.6985
63.6985
64.6985
65.6985
66.6985
67.6985
68.6985
69.6985
70.6985
71.6985
72.6985
32
32
32
32
32
32
32
32
32
32.4142
32.8284
33.2426
33.6569
34.0711
34.4853
34.8995
35.3137
35.7279
36.1421
36.5563
32.4142
32
32
32
32
32.4142
32.8284
33.2426
33.6569
34.0711
34.4853
34.8995
35.3137
35.7279
36.1421
36.5563
36.9706
37.3848
35.3137
34.8995
34.4853
34.0711
33.6569
33.2426
32.8284
32.4142
32
32
32
32
32
32
32
32
32
32
85.2843
84.2843
83.2843
82.2843
81.2843
80.2843
79.2843
78.2843
77.2843
76.2843
75.2843
74.2843
73.2843
72.2843
71.2843
70.2843
69.2843
68.2843
67.2843
66.2843
65.2843
64.2843
63.2843
62.2843
61.2843
60.2843
59.2843
58.2843
57.2843
56.2843
55.2843
54.2843
53.2843
52.2843
51.2843
50.2843
49.2843
48.2843
42.4558
41.4558
40.4558
39.4558
39.0416
38.6274
38.2132
37.799
37.3848
36.9706
36.5563
36.1421
35.7279
35.3137
34.8995
34.4853
34.0711
33.6569
33.2426
32.8284
32.4142
42.2843
43.2843
44.2843
45.2843
46.2843
47.2843
48.2843
49.2843
50.2843
51.2843
52.2843
53.2843
54.2843
55.2843
56.2843
57.2843
58.2843
59.2843
60.2843
61.2843
62.2843
63.2843
64.2843
65.2843
66.2843
67.2843
68.2843
69.2843
70.2843
71.2843
31
31
31
31
31
31
31
31
31
31.4142
31.8284
32.2426
32.6569
33.0711
33.4853
33.8995
34.3137
34.7279
35.1421
35.5563
31
31
31
31
31.4142
31.8284
32.2426
32.6569
33.0711
33.4853
33.8995
34.3137
34.7279
35.1421
35.5563
35.9706
36.3848
36.799
37.2132
37.6274
34.8995
33.8995
33.4853
33.0711
32.6569
32.2426
31.8284
31.4142
31
31
31
31
31
31
31
31
31
31
83.8701
82.8701
81.8701
80.8701
79.8701
78.8701
77.8701
76.8701
75.8701
74.8701
73.8701
72.8701
71.8701
70.8701
69.8701
68.8701
67.8701
66.8701
65.8701
64.8701
63.8701
62.8701
61.8701
60.8701
59.8701
58.8701
57.8701
56.8701
55.8701
54.8701
53.8701
52.8701
51.8701
50.8701
49.8701
48.8701
47.8701
46.8701
45.8701
44.8701
43.8701
42.8701
41.8701
40.0416
39.0416
38.0416
37.6274
37.2132
36.799
36.3848
35.9706
35.5563
35.1421
34.7279
34.3137
33.8995
33.4853
33.0711
32.6569
32.2426
31.8284
31.4142
31
35.5563
35.9706
36.3848
36.799
37.2132
37.6274
38.0416
38.4558
38.8701
39.8701
40.8701
41.8701
42.8701
43.8701
44.8701
45.8701
46.8701
47.8701
48.8701
49.8701
50.8701
51.8701
52.8701
53.8701
54.8701
55.8701
56.8701
57.8701
58.8701
59.8701
60.8701
61.8701
62.8701
63.8701
64.8701
65.8701
66.8701
67.8701
68.8701
69.8701
70.8701
30
30
30
30
30
30
30
30
30
30.4142
30.8284
31.2426
31.6569
32.0711
32.4853
32.8995
33.3137
33.7279
34.1421
34.5563
30
30
30
30
30.4142
30.8284
31.2426
31.6569
32.0711
32.4853
32.8995
33.3137
33.7279
34.1421
34.5563
34.9706
35.3848
35.799
36.2132
36.6274
37.0416
37.4558
37.8701
38.2843
39.2843
40.2843
41.2843
42.2843
43.2843
44.2843
45.2843
46.2843
47.2843
48.2843
49.2843
50.2843
51.2843
32.4853
32.0711
31.6569
31.2426
30.8284
30.4142
30
30
30
30
30
30
30
30
30
30
83.4558
82.4558
81.4558
80.4558
79.4558
78.4558
77.4558
76.4558
75.4558
74.4558
73.4558
72.4558
71.4558
70.4558
69.4558
68.4558
67.4558
66.4558
65.4558
64.4558
63.4558
62.4558
61.4558
60.4558
59.4558
58.4558
57.4558
56.4558
55.4558
54.4558
53.4558
52.4558
51.4558
50.4558
49.4558
48.4558
47.4558
46.4558
45.4558
44.4558
43.4558
42.4558
41.4558
40.4558
39.4558
38.4558
37.4558
37.0416
36.6274
31.6569
32.0711
32.4853
32.8995
33.3137
33.7279
34.1421
34.1421
38.6274
37.6274
36.6274
36.2132
35.799
35.3848
34.9706
34.5563
34.1421
33.7279
33.3137
32.8995
32.4853
32.0711
31.6569
31.2426
30.8284
30.4142
30
30
32.4853
32.8995
33.3137
33.7279
34.1421
34.5563
34.9706
35.3848
35.799
36.2132
36.6274
37.0416
37.4558
38.4558
39.4558
40.4558
41.4558
42.4558
43.4558
44.4558
45.4558
46.4558
47.4558
48.4558
49.4558
50.4558
51.4558
52.4558
53.4558
54.4558
55.4558
56.4558
57.4558
58.4558
59.4558
60.4558
61.4558
62.4558
63.4558
64.4558
65.4558
66.4558
67.4558
68.4558
69.4558
29
29
29
29
29
29
29
29
29
29.4142
29.8284
30.2426
30.6569
31.0711
31.4853
31.8995
32.3137
32.7279
33.1421
33.5563
29
29
29
29
29.4142
29.8284
30.2426
30.6569
31.0711
31.4853
31.8995
32.3137
32.7279
33.1421
33.5563
33.9706
34.3848
34.799
35.2132
35.6274
36.0416
36.4558
36.8701
37.8701
38.8701
39.8701
40.8701
41.8701
42.8701
43.8701
44.8701
45.8701
46.8701
47.8701
48.8701
49.8701
50.8701
31.4853
31.0711
30.6569
30.2426
29.8284
29.4142
29
29
29
29
29
29
29
29
29
29
83.0416
82.0416
81.0416
80.0416
79.0416
78.0416
77.0416
76.0416
75.0416
74.0416
73.0416
72.0416
71.0416
70.0416
69.0416
68.0416
67.0416
66.0416
65.0416
64.0416
63.0416
62.0416
61.0416
60.0416
59.0416
58.0416
57.0416
56.0416
55.0416
54.0416
53.0416
52.0416
51.0416
50.0416
49.0416
48.0416
47.0416
46.0416
45.0416
44.0416
43.0416
42.0416
41.0416
40.0416
39.0416
38.0416
37.0416
36.0416
35.6274
30.6569
31.0711
31.4853
31.8995
32.3137
32.7279
33.1421
33.1421
38.2132
37.2132
36.2132
35.2132
34.799
34.3848
33.9706
33.5563
33.1421
32.7279
32.3137
31.8995
31.4853
31.0711
30.6569
30.2426
29.8284
29.4142
29
29
31.4853
31.8995
32.3137
32.7279
33.1421
33.5563
33.9706
34.3848
34.799
35.2132
35.6274
36.0416
37.0416
38.0416
39.0416
40.0416
41.0416
42.0416
43.0416
44.0416
45.0416
46.0416
47.0416
48.0416
49.0416
50.0416
51.0416
52.0416
53.0416
54.0416
55.0416
56.0416
57.0416
58.0416
59.0416
60.0416
61.0416
62.0416
63.0416
64.0416
65.0416
66.0416
67.0416
68.0416
69.0416
28
28
28
28
28
28
28
28
28
28
28.4142
28.8284
29.2426
29.6569
30.0711
30.4853
30.8995
31.3137
31.7279
32.1421
28
28
28
28
28.4142
28.8284
29.2426
29.6569
30.0711
30.4853
30.8995
31.3137
31.7279
32.1421
32.5563
32.9706
33.3848
33.799
34.2132
34.6274
35.0416
35.4558
36.4558
37.4558
38.4558
39.4558
40.4558
41.4558
42.4558
43.4558
44.4558
45.4558
46.4558
47.4558
48.4558
49.4558
50.4558
51.4558
52.4558
53.4558
30.4853
30.0711
29.6569
29.2426
28.8284
28.4142
28
28
28
28
28
28
28
28
28
28
81.6274
80.6274
79.6274
78.6274
77.6274
76.6274
75.6274
74.6274
73.6274
72.6274
71.6274
70.6274
69.6274
68.6274
67.6274
66.6274
65.6274
64.6274
63.6274
62.6274
61.6274
60.6274
59.6274
58.6274
57.6274
56.6274
55.6274
54.6274
53.6274
52.6274
51.6274
50.6274
49.6274
48.6274
47.6274
46.6274
45.6274
44.6274
43.6274
42.6274
41.6274
40.6274
39.6274
38.6274
37.6274
36.6274
35.6274
34.6274
34.2132
33.799
33.3848
32.9706
32.5563
28
28.4142
28.8284
29.2426
29.6569
30.0711
30.4853
30.8995
31.3137
31.7279
32.1421
32.1421
31.7279
31.3137
30.8995
30.4853
34.799
33.799
33.3848
32.9706
32.5563
32.1421
31.7279
31.3137
30.8995
30.4853
30.0711
29.6569
29.2426
28.8284
28.4142
28
28
28.8284
29.2426
29.6569
30.0711
30.4853
30.8995
31.3137
31.7279
32.1421
32.5563
32.9706
33.3848
33.799
34.2132
34.6274
35.6274
36.6274
37.6274
38.6274
39.6274
40.6274
41.6274
42.6274
43.6274
44.6274
45.6274
46.6274
47.6274
48.6274
49.6274
50.6274
51.6274
52.6274
53.6274
54.6274
55.6274
56.6274
57.6274
58.6274
59.6274
60.6274
61.6274
62.6274
63.6274
64.6274
65.6274
66.6274
27
27
27
27
27
27
27
27
27
27
27.4142
27.8284
28.2426
28.6569
29.0711
29.4853
29.8995
30.3137
30.7279
31.1421
27
27
27
27
27.4142
27.8284
28.2426
28.6569
29.0711
29.4853
29.8995
30.3137
30.7279
31.1421
31.5563
31.9706
32.3848
32.799
33.2132
33.6274
34.0416
35.0416
36.0416
37.0416
38.0416
39.0416
40.0416
41.0416
42.0416
43.0416
44.0416
45.0416
46.0416
47.0416
48.0416
49.0416
50.0416
51.0416
52.0416
53.0416
54.0416
29.4853
29.0711
28.6569
28.2426
27.8284
27.4142
27
27
27
27
27
27
27
27
27
27
27
27
79.2132
78.2132
77.2132
76.2132
75.2132
74.2132
73.2132
72.2132
71.2132
70.2132
69.2132
68.2132
67.2132
66.2132
65.2132
64.2132
63.2132
62.2132
61.2132
60.2132
59.2132
58.2132
57.2132
56.2132
55.2132
54.2132
53.2132
52.2132
51.2132
50.2132
49.2132
48.2132
47.2132
46.2132
45.2132
44.2132
43.2132
42.2132
41.2132
40.2132
39.2132
38.2132
37.2132
36.2132
35.2132
34.2132
33.2132
32.799
32.3848
31.9706
31.5563
31.1421
30.7279
30.3137
29.8995
29.4853
27
27
27
27.4142
27.8284
28.2426
28.6569
29.0711
29.4853
29.8995
30.3137
30.7279
31.1421
31.1421
30.7279
30.3137
29.8995
29.4853
29.0711
28.6569
33.3848
32.3848
31.9706
31.5563
31.1421
30.7279
30.3137
29.8995
29.4853
29.0711
28.6569
28.2426
27.8284
27.4142
27
27
27
27
27
27
27.4142
27.8284
28.2426
28.6569
29.0711
29.4853
29.8995
30.3137
30.7279
31.1421
31.5563
31.9706
32.3848
32.799
33.2132
34.2132
35.2132
36.2132
37.2132
38.2132
39.2132
40.2132
41.2132
42.2132
43.2132
44.2132
45.2132
46.2132
47.2132
48.2132
49.2132
50.2132
51.2132
52.2132
53.2132
54.2132
55.2132
56.2132
57.2132
58.2132
59.2132
60.2132
61.2132
62.2132
63.2132
64.2132
65.2132
26
26
26
26
26
26
26
26
26
26
26.4142
26.8284
27.2426
27.6569
28.0711
28.4853
28.8995
29.3137
29.7279
26
26
26
26
26.4142
26.8284
27.2426
27.6569
28.0711
28.4853
28.8995
29.3137
29.7279
30.1421
30.5563
30.9706
31.3848
31.799
32.2132
32.6274
33.6274
34.6274
35.6274
36.6274
37.6274
38.6274
39.6274
40.6274
41.6274
42.6274
43.6274
44.6274
45.6274
46.6274
47.6274
48.6274
49.6274
50.6274
51.6274
52.6274
53.6274
28.0711
27.6569
27.2426
26.8284
26.4142
26
26
26
26
26
26
26
26
26
26
26
26
76.799
75.799
74.799
73.799
72.799
71.799
70.799
69.799
68.799
67.799
66.799
65.799
64.799
63.799
62.799
61.799
60.799
59.799
58.799
57.799
56.799
55.799
54.799
53.799
52.799
51.799
50.799
49.799
48.799
47.799
46.799
45.799
44.799
43.799
42.799
41.799
40.799
39.799
38.799
37.799
36.799
35.799
34.799
33.799
32.799
31.799
31.3848
30.9706
30.5563
30.1421
29.7279
29.3137
28.8995
28.4853
28.0711
27.6569
27.2426
26.8284
26
26
26
26
26
26.4142
26.8284
27.2426
27.6569
28.0711
28.4853
28.8995
29.3137
29.7279
30.1421
30.1421
29.7279
29.3137
28.8995
28.4853
28.0711
27.6569
27.2426
26.8284
26.4142
31.9706
30.9706
30.5563
30.1421
29.7279
29.3137
28.8995
28.4853
28.0711
27.6569
27.2426
26.8284
26.4142
26
26
26
26
26
26
26
26
26.4142
26.8284
27.2426
27.6569
28.0711
28.4853
28.8995
29.3137
29.7279
30.1421
30.5563
30.9706
31.3848
31.799
32.799
33.799
34.799
35.799
36.799
37.799
38.799
39.799
40.799
41.799
42.799
43.799
44.799
45.799
46.799
47.799
48.799
49.799
50.799
51.799
52.799
53.799
54.799
55.799
56.799
57.799
58.799
59.799
60.799
61.799
62.799
63.799
25
25
25
25
25
25
25
25
25
25
25
25
25.4142
25.8284
26.2426
26.6569
27.0711
27.4853
27.8995
28.3137
29.3137
25
25
25
25
25.4142
25.8284
26.2426
26.6569
27.0711
27.4853
27.8995
28.3137
28.7279
29.1421
29.5563
29.9706
30.3848
30.799
31.2132
32.2132
33.2132
34.2132
35.2132
36.2132
37.2132
38.2132
39.2132
40.2132
41.2132
42.2132
43.2132
44.2132
45.2132
46.2132
47.2132
48.2132
49.2132
50.2132
51.2132
52.2132
53.2132
54.2132
55.2132
27.0711
26.6569
26.2426
25.8284
25.4142
25
25
25
25
25
25
25
25
25
25
25
25
73.3848
72.3848
71.3848
70.3848
69.3848
68.3848
67.3848
66.3848
65.3848
64.3848
63.3848
62.3848
61.3848
60.3848
59.3848
58.3848
57.3848
56.3848
55.3848
54.3848
53.3848
52.3848
51.3848
50.3848
49.3848
48.3848
47.3848
46.3848
45.3848
44.3848
43.3848
42.3848
41.3848
40.3848
39.3848
38.3848
37.3848
36.3848
35.3848
34.3848
33.3848
32.3848
31.3848
30.3848
29.9706
29.5563
29.1421
28.7279
28.3137
27.8995
27.4853
27.0711
26.6569
26.2426
25.8284
25.4142
25
25
25
25
25
25
25
25
25.4142
25.8284
26.2426
26.6569
27.0711
27.4853
27.8995
28.3137
28.7279
29.1421
29.1421
28.7279
28.3137
27.8995
27.4853
27.0711
26.6569
26.2426
25.8284
25.4142
25
25
30.5563
29.5563
29.1421
28.7279
28.3137
27.8995
27.4853
27.0711
26.6569
26.2426
25.8284
25.4142
25
25
25
25
25
25
25
25
25
25
25
25.4142
25.8284
26.2426
26.6569
27.0711
27.4853
27.8995
28.3137
28.7279
29.1421
29.5563
29.9706
30.3848
31.3848
32.3848
33.3848
34.3848
35.3848
36.3848
37.3848
38.3848
39.3848
40.3848
41.3848
42.3848
43.3848
44.3848
45.3848
46.3848
47.3848
48.3848
49.3848
50.3848
51.3848
52.3848
53.3848
54.3848
55.3848
56.3848
57.3848
58.3848
59.3848
60.3848
61.3848
24
24
24
24
24
24
24
24
24
24
24
24
24.4142
24.8284
25.2426
25.6569
26.0711
26.4853
26.8995
24
24
24
24
24.4142
24.8284
25.2426
25.6569
26.0711
26.4853
26.8995
27.3137
27.7279
28.1421
28.5563
28.9706
29.3848
29.799
30.799
31.799
32.799
33.799
34.799
35.799
36.799
37.799
38.799
39.799
40.799
41.799
42.799
43.799
44.799
45.799
46.799
47.799
48.799
49.799
50.799
51.799
52.799
53.799
54.799
26.0711
25.6569
25.2426
24.8284
24.4142
24
24
24
24
24
24
24
24
24
24
24
24
67.9706
66.9706
65.9706
64.9706
63.9706
62.9706
61.9706
60.9706
59.9706
58.9706
57.9706
56.9706
55.9706
54.9706
53.9706
52.9706
51.9706
50.9706
49.9706
48.9706
47.9706
46.9706
45.9706
44.9706
43.9706
42.9706
41.9706
40.9706
39.9706
38.9706
37.9706
36.9706
35.9706
34.9706
33.9706
32.9706
31.9706
30.9706
29.9706
28.9706
28.5563
28.1421
27.7279
27.3137
26.8995
26.4853
26.0711
25.6569
25.2426
24.8284
24.4142
24
24
24
24
24
24
24
24
24
24
24
24
24.4142
24.8284
25.2426
25.6569
26.0711
26.4853
26.8995
27.3137
27.7279
28.1421
28.1421
27.7279
27.3137
26.8995
26.4853
26.0711
25.6569
25.2426
24.8284
24.4142
24
24
24
28.1421
27.7279
27.3137
26.8995
26.4853
26.0711
25.6569
25.2426
24.8284
24.4142
24
24
24
24
24
24
24
24
24
24
24
24
24
24
24
24.4142
24.8284
25.2426
25.6569
26.0711
26.4853
26.8995
27.3137
27.7279
28.1421
28.5563
28.9706
29.9706
30.9706
31.9706
32.9706
33.9706
34.9706
35.9706
36.9706
37.9706
38.9706
39.9706
40.9706
41.9706
42.9706
43.9706
44.9706
45.9706
46.9706
47.9706
48.9706
49.9706
50.9706
51.9706
52.9706
53.9706
54.9706
55.9706
56.9706
57.9706
58.9706
59.9706
23
23
23
23
23
23
23
23
23
23
23
23
23.4142
23.8284
24.2426
24.6569
25.0711
25.4853
25.8995
23
23
23
23
23
23.4142
23.8284
24.2426
24.6569
25.0711
25.4853
25.8995
26.3137
26.7279
27.1421
27.5563
27.9706
28.3848
29.3848
30.3848
31.3848
32.3848
33.3848
34.3848
35.3848
36.3848
37.3848
38.3848
39.3848
40.3848
41.3848
42.3848
43.3848
44.3848
45.3848
46.3848
47.3848
48.3848
49.3848
50.3848
51.3848
52.3848
53.3848
54.3848
24.6569
24.2426
23.8284
23.4142
23
23
23
23
23
23
23
23
23
23
23
23
23
23
23
23
23
23
58.5563
57.5563
56.5563
55.5563
54.5563
53.5563
52.5563
51.5563
50.5563
49.5563
48.5563
47.5563
46.5563
45.5563
44.5563
43.5563
42.5563
41.5563
40.5563
39.5563
38.5563
37.5563
36.5563
35.5563
34.5563
33.5563
32.5563
31.5563
30.5563
29.5563
28.5563
27.5563
27.1421
26.7279
26.3137
25.8995
25.4853
25.0711
24.6569
24.2426
23.8284
23.4142
23
23
23
23
23
23
23
23
23
23
23
23
23
23
23
23.4142
23.8284
24.2426
24.6569
25.0711
25.4853
25.8995
26.3137
26.7279
27.1421
27.1421
26.7279
26.3137
25.8995
25.4853
25.0711
24.6569
24.2426
23.8284
23.4142
23
23
23
23
23
23
23
23
23
23
23
23
23
26.7279
26.3137
25.8995
25.4853
25.0711
24.6569
24.2426
23.8284
23.4142
23
23
23
23
23
23
23
23
23
23
23
23
23
23
23
23
23.4142
23.8284
24.2426
24.6569
25.0711
25.4853
25.8995
26.3137
26.7279
27.1421
27.5563
28.5563
29.5563
30.5563
31.5563
32.5563
33.5563
34.5563
35.5563
36.5563
37.5563
38.5563
39.5563
40.5563
41.5563
42.5563
43.5563
44.5563
45.5563
46.5563
47.5563
48.5563
49.5563
50.5563
51.5563
52.5563
53.5563
54.5563
55.5563
56.5563
57.5563
23
23
23
23
22
22
22
22
22
22
22
22
22
22
22
22
22
22
22
22
22
22
22
22.4142
22.8284
23.2426
23.6569
24.0711
24.4853
22
22
22
22
22
22.4142
22.8284
23.2426
23.6569
24.0711
24.4853
24.8995
25.3137
25.7279
26.1421
26.5563
26.9706
27.9706
28.9706
29.9706
30.9706
31.9706
32.9706
33.9706
34.9706
35.9706
36.9706
37.9706
38.9706
39.9706
40.9706
41.9706
42.9706
43.9706
44.9706
45.9706
46.9706
47.9706
48.9706
49.9706
50.9706
51.9706
23.6569
23.2426
22.8284
22.4142
22
22
22
22
22
22
22
22
22
22
22
22
22
22
22
22
22
22
22
22
22
22
22
22
48.1421
47.1421
46.1421
45.1421
44.1421
43.1421
42.1421
41.1421
40.1421
39.1421
38.1421
37.1421
36.1421
35.1421
34.1421
33.1421
32.1421
31.1421
30.1421
29.1421
28.1421
27.1421
26.1421
25.7279
25.3137
24.8995
24.4853
24.0711
23.6569
23.2426
22.8284
22.4142
22
22
22
22
22
22
22
22
22
22
22
22
22
22
22
22
22
22.4142
22.8284
23.2426
23.6569
24.0711
24.4853
24.8995
25.3137
25.7279
26.1421
26.1421
25.7279
25.3137
24.8995
24.4853
24.0711
23.6569
23.2426
22.8284
22.4142
22
22
22
22
22
22
22
22
22
22
22
22
22
22
22
22
22
22
25.3137
24.8995
24.4853
24.0711
23.6569
23.2426
22.8284
22.4142
22
22
22
22
22
22
22
22
22
22
22
22
22
22
22
22
22
22
22.4142
22.8284
23.2426
23.6569
24.0711
24.4853
24.8995
25.3137
25.7279
26.1421
27.1421
28.1421
29.1421
30.1421
31.1421
32.1421
33.1421
34.1421
35.1421
36.1421
37.1421
38.1421
39.1421
40.1421
41.1421
42.1421
43.1421
44.1421
45.1421
46.1421
47.1421
48.1421
49.1421
50.1421
51.1421
52.1421
53.1421
54.1421
55.1421
22
22
22
22
22
22
22
22
21
21
21
21
21
21
21
21
21
21
21
21
21
21
21
21
21
21
21
21
21
21
21.4142
21.8284
22.2426
22.6569
23.0711
21
21
21
21
21
21
21.4142
21.8284
22.2426
22.6569
23.0711
23.4853
23.8995
24.3137
24.7279
25.1421
25.5563
26.5563
27.5563
28.5563
29.5563
30.5563
31.5563
32.5563
33.5563
34.5563
35.5563
36.5563
37.5563
38.5563
39.5563
40.5563
41.5563
42.5563
43.5563
44.5563
45.5563
46.5563
47.5563
48.5563
49.5563
50.5563
51.5563
22.6569
22.2426
21.8284
21.4142
21
21
21
21
21
21
21
21
21
21
21
21
21
21
21
21
21
21
21
21
21
21
21
21
21
21
37.7279
36.7279
35.7279
34.7279
33.7279
32.7279
31.7279
30.7279
29.7279
28.7279
27.7279
26.7279
25.7279
24.7279
24.3137
23.8995
23.4853
23.0711
22.6569
22.2426
21.8284
21.4142
21
21
21
21
21
21
21
21
21
21
21
21
21
21
21
21
21
21
21.4142
21.8284
22.2426
22.6569
23.0711
23.4853
23.8995
24.3137
24.7279
25.1421
25.1421
24.7279
24.3137
23.8995
23.4853
23.0711
22.6569
22.2426
21.8284
21.4142
21
21
21
21
21
21
21
21
21
21
21
21
21
21
21
21
21
21
21
21
21
23.8995
23.4853
23.0711
22.6569
22.2426
21.8284
21.4142
21
21
21
21
21
21
21
21
21
21
21
21
21
21
21
21
21
21
21
21
21
21.4142
21.8284
22.2426
22.6569
23.0711
23.4853
23.8995
24.3137
24.7279
25.7279
26.7279
27.7279
28.7279
29.7279
30.7279
31.7279
32.7279
33.7279
34.7279
35.7279
36.7279
37.7279
38.7279
39.7279
40.7279
41.7279
42.7279
43.7279
44.7279
45.7279
46.7279
47.7279
48.7279
49.7279
50.7279
51.7279
52.7279
21
21
21
21
21
21
21
21
21
20
20
20
20
20
20
20
20
20
20
20
20
20
20
20
20
20
20
20
20
20
20
20.4142
20.8284
21.2426
21.6569
22.0711
20
20
20
20
20
20
20.4142
20.8284
21.2426
21.6569
22.0711
22.4853
22.8995
23.3137
23.7279
24.1421
25.1421
26.1421
27.1421
28.1421
29.1421
30.1421
31.1421
32.1421
33.1421
34.1421
35.1421
36.1421
37.1421
38.1421
39.1421
40.1421
41.1421
42.1421
43.1421
44.1421
45.1421
46.1421
47.1421
48.1421
49.1421
50.1421
51.1421
22.2426
21.2426
20.8284
20.4142
20
20
20
20
20
20
20
20
20
20
20
20
20
20
20
20
20
20
20
20
20
20
20
20
20
20
37.3137
36.3137
35.3137
34.3137
33.3137
32.3137
31.3137
30.3137
29.3137
28.3137
27.3137
26.3137
25.3137
24.3137
23.3137
22.8995
22.4853
22.0711
21.6569
21.2426
20.8284
20.4142
20
20
20
20
20
20
20
20
20
20
20
20
20
20
20
20
20
20
20.4142
20.8284
21.2426
21.6569
22.0711
22.4853
22.8995
23.3137
23.7279
24.7279
24.1421
23.7279
23.3137
22.8995
22.4853
22.0711
21.6569
21.2426
20.8284
20.4142
20
20
20
20
20
20
20
20
20
20
20
20
20
20
20
20
20
20
20
20
20
23.4853
22.4853
22.0711
21.6569
21.2426
20.8284
20.4142
20
20
20
20
20
20
20
20
20
20
20
20
20
20
20
20
20
20
20
20
20
20.4142
20.8284
21.2426
21.6569
22.0711
22.4853
22.8995
23.3137
24.3137
25.3137
26.3137
27.3137
28.3137
29.3137
30.3137
31.3137
32.3137
33.3137
34.3137
35.3137
36.3137
37.3137
38.3137
39.3137
40.3137
41.3137
42.3137
43.3137
44.3137
45.3137
46.3137
47.3137
48.3137
49.3137
50.3137
51.3137
52.3137
20
20
20
20
20
20
20
20
20
19
19
19
19
19
19
19
19
19
19
19
19
19
19
19
19
19
19
19
19
19
19
19
19
19
19.4142
19.8284
20.2426
20.6569
21.6569
19
19
19
19
19
19
19
19.4142
19.8284
20.2426
20.6569
21.0711
21.4853
21.8995
22.3137
22.7279
23.7279
24.7279
25.7279
26.7279
27.7279
28.7279
29.7279
30.7279
31.7279
32.7279
33.7279
34.7279
35.7279
36.7279
37.7279
38.7279
39.7279
40.7279
41.7279
42.7279
43.7279
44.7279
45.7279
46.7279
47.7279
48.7279
49.7279
19.8284
19.4142
19
19
19
19
19
19
19
19
19
19
19
19
19
19
19
19
19
19
19
19
19
19
19
19
19
19
19
19
28.8995
27.8995
26.8995
25.8995
24.8995
23.8995
22.8995
21.8995
21.4853
21.0711
20.6569
20.2426
19.8284
19.4142
19
19
19
19
19
19
19
19
19
19
19
19
19
19
19
19
19
19
19
19
19
19.4142
19.8284
20.2426
20.6569
21.0711
21.4853
21.8995
22.3137
23.3137
24.3137
23.7279
22.7279
22.3137
21.8995
21.4853
21.0711
20.6569
20.2426
19.8284
19.4142
19
19
19
19
19
19
19
19
19
19
19
19
19
19
19
19
19
19
19
19
19
19
19
19
19
19
21.0711
20.6569
20.2426
19.8284
19.4142
19
19
19
19
19
19
19
19
19
19
19
19
19
19
19
19
19
19
19
19
19
19
19
19.4142
19.8284
20.2426
20.6569
21.0711
21.4853
21.8995
22.8995
23.8995
24.8995
25.8995
26.8995
27.8995
28.8995
29.8995
30.8995
31.8995
32.8995
33.8995
34.8995
35.8995
36.8995
37.8995
38.8995
39.8995
40.8995
41.8995
42.8995
43.8995
44.8995
45.8995
46.8995
47.8995
19
19
19
19
19
19
19
19
19
19
18
18
18
18
18
18
18
18
18
18
18
18
18
18
18
18
18
18
18
18
18
18
18
18
18
18
18.4142
18.8284
19.2426
20.2426
18
18
18
18
18
18
18
18
18
18.4142
18.8284
19.2426
19.6569
20.0711
20.4853
20.8995
21.3137
22.3137
23.3137
24.3137
25.3137
26.3137
27.3137
28.3137
29.3137
30.3137
31.3137
32.3137
33.3137
34.3137
35.3137
36.3137
37.3137
38.3137
39.3137
40.3137
41.3137
42.3137
43.3137
44.3137
45.3137
46.3137
47.3137
48.3137
18.8284
18.4142
18
18
18
18
18
18
18
18
18
18
18
18
18
18
18
18
18
18
18
18
18
18
18
18
18
18
18
18
18
24.4853
23.4853
22.4853
21.4853
20.4853
20.0711
19.6569
19.2426
18.8284
18.4142
18
18
18
18
18
18
18
18
18
18
18
18
18
18
18
18
18
18
18
18
18
18
18
18.4142
18.8284
19.2426
19.6569
20.0711
20.4853
20.8995
21.8995
22.8995
23.8995
23.3137
22.3137
21.3137
20.8995
20.4853
20.0711
19.6569
19.2426
18.8284
18.4142
18
18
18
18
18
18
18
18
18
18
18
18
18
18
18
18
18
18
18
18
18
18
18
18
18
18
18
19.6569
19.2426
18.8284
18.4142
18
18
18
18
18
18
18
18
18
18
18
18
18
18
18
18
18
18
18
18
18
18
18
18
18
18.4142
18.8284
19.2426
19.6569
20.0711
20.4853
21.4853
22.4853
23.4853
24.4853
25.4853
26.4853
27.4853
18
18
18
18
18
18
18
18
18
18
18
17
17
17
17
17
17
17
17
17
17
17
17
17
17
17
17
17
17
17
17
17
17
17
17
17
17
17
17
17
17.4142
17.8284
17
17
17
17
17
17
17
17
17
17
17.4142
17.8284
18.2426
18.6569
19.0711
19.4853
19.8995
20.8995
21.8995
22.8995
23.8995
24.8995
25.8995
26.8995
27.8995
28.8995
29.8995
30.8995
31.8995
32.8995
33.8995
34.8995
35.8995
36.8995
37.8995
38.8995
39.8995
40.8995
41.8995
42.8995
43.8995
44.8995
45.8995
17.8284
17.4142
17
17
17
17
17
17
17
17
17
17
17
17
17
17
17
17
17
17
17
17
17
17
17
17
17
17
17
17
17
17
17
20.0711
19.0711
18.6569
18.2426
17.8284
17.4142
17
17
17
17
17
17
17
17
17
17
17
17
17
17
17
17
17
17
17
17
17
17
17
17.4142
17.8284
18.2426
18.6569
19.0711
19.4853
20.4853
21.4853
22.4853
23.4853
22.8995
21.8995
20.8995
19.8995
19.4853
19.0711
18.6569
18.2426
17.8284
17.4142
17
17
17
17
17
17
17
17
17
17
17
17
17
17
17
17
17
17
17
17
17
17
17
17
17
17
17
17
17
17
18.6569
18.2426
17.8284
17.4142
17
17
17
17
17
17
17
17
17
17
17
17
17
17
17
17
17
17
17
17
17
17
17
17
17
17
17
17.4142
17.8284
18.2426
18.6569
19.0711
20.0711
21.0711
17
17
17
17
17
17
17
17
17
17
17
17
17
16
16
16
16
16
16
16
16
16
16
16
16
16
16
16
16
16
16
16
16
16
16
16
16
16
16
16
16
16
16
16.4142
16.8284
16
16
16
16
16
16
16
16
16
16
16.4142
16.8284
17.2426
17.6569
18.0711
18.4853
19.4853
20.4853
32.3137
33.3137
34.3137
35.3137
36.3137
37.3137
38.3137
39.3137
40.3137
41.3137
42.3137
43.3137
44.3137
16.4142
16
16
16
16
16
16
16
16
16
16
16
16
16
16
16
16
16
16
16
16
16
16
16
16
16
16
16
16
16
16
16
16
16
18.6569
17.6569
17.2426
16.8284
16.4142
16
16
16
16
16
16
16
16
16
16
16
16
16
16
16
16
16
16
16
16
16
16
16
16
16.4142
16.8284
17.2426
17.6569
18.0711
19.0711
20.0711
21.0711
22.0711
21.4853
20.4853
19.4853
18.4853
18.0711
17.6569
17.2426
16.8284
16.4142
16
16
16
16
16
16
16
16
16
16
16
16
16
16
16
16
16
16
16
16
16
16
16
16
16
16
16
16
16
16
17.2426
16.8284
16.4142
16
16
16
16
16
16
16
16
16
16
16
16
16
16
16
16
16
16
16
16
16
16
16
16
16
16
16
16
16
16
16.4142
16.8284
17.2426
17.6569
18.6569
16
16
16
16
16
16
16
16
16
16
16
16
16
16
15
15
15
15
15
15
15
15
15
15
15
15
15
15
15
15
15
15
15
15
15
15
15
15
15
15
15
15
15
15
15
15
15.4142
15
15
15
15
15
15
15
15
15
15
15
15.4142
15.8284
16.2426
16.6569
17.0711
15.4142
15
15
15
15
15
15
15
15
15
15
15
15
15
15
15
15
15
15
15
15
15
15
15
15
15
15
15
15
15
15
15
15
15
15
17.2426
16.2426
15.8284
15.4142
15
15
15
15
15
15
15
15
15
15
15
15
15
15
15
15
15
15
15
15
15
15
15
15
15.4142
15.8284
16.2426
16.6569
17.6569
18.6569
17.0711
16.6569
16.2426
15.8284
15.4142
15
15
15
15
15
15
15
15
15
15
15
15
15
15
15
15
15
15
15
15
15
15
15
15
15
15
15
15
15
15
15
15
15
16.8284
15.8284
15.4142
15
15
15
15
15
15
15
15
15
15
15
15
15
15
15
15
15
15
15
15
15
15
15
15
15
15
15
15
15
15
15
15.4142
15.8284
16.2426
17.2426
15
15
15
15
15
15
15
15
15
15
15
15
15
15
14
14
14
14
14
14
14
14
14
14
14
14
14
14
14
14
14
14
14
14
14
14
14
14
14
14
14
14
14
14
14
14
14
14
14.4142
14
14
14
14
14
14
14
14
14
14
14
14
14.4142
14.8284
15.2426
15.6569
14
14
14
14
14
14
14.4142
14
14
14
14
14
14
14
14
14
14
14
14
14
14
14
14
14
14
14
14
14
14
14
14
14
14
14
14
14
14
14
14
14
14
14
14
14
14
14
14
14
14
14
14
15.8284
14.8284
14.4142
14
14
14
14
14
14
14
14
14
14
14
14
14
14
14
14
14
14
14
14
14
14
14
14
14
14
14.4142
14.8284
15.2426
15.6569
15.2426
14.8284
14.4142
14
14
14
14
14
14
14
14
14
14
14
14
14
14
14
14
14
14
14
14
14
14
14
14
14
14
14
14
14
14
14
14
14
14.4142
14
14
14
14
14
14
14
14
14
14
14
14
14
14
14
14
14
14
14
14
14
14
14
14
14
14
14
14
14
14
14
14.4142
14.8284
14
14
14
14
14
14
14
14
14
14
14
14
14
14
14
13
13
13
13
13
13
13
13
13
13
13
13
13
13
13
13
13
13
13
13
13
13
13
13
13
13
13
13
13
13
13
13
13
13
13
13
13
13
13.4142
13
13
13
13
13
13
13
13
13
13
13
13
13
13
13.4142
13.8284
14.2426
13
13
13
13
13
13
13
13
13
13.4142
13
13
13
13
13
13
13
13
13
13
13
13
13
13
13
13
13
13
13
13
13
13
13
13
13
13
13
13
13
13
13
13
13
13
13
13
13
13
13
13
13
13
13
13
13
13
13
13
13
13.4142
13
13
13
13
13
13
13
13
13
13
13
13
13
13
13
13
13
13
13
13
13
13
13
13
13
13
13.4142
13.8284
14.2426
13.8284
13.4142
13
13
13
13
13
13
13
13
13
13
13
13
13
13
13
13
13
13
13
13
13
13
13
13
13
13
13
13
13
13
13
13
13
13
13.4142
13
13
13
13
13
13
13
13
13
13
13
13
13
13
13
13
13
13
13
13
13
13
13
13
13
13
13
13
13
13
13
13
13
13.4142
13
13
13
13
13
13
13
13
13
13
13
13
13
13
13
12
12
12
12
12
12
12
12
12
12
12
12
12
12
12
12
12
12
12
12
12
12
12
12
12
12
12
12
12
12
12
12
12
12
12
12
12
12
12.4142
12
12
12
12
12
12
12
12
12
12
12
12
12
12
12.4142
12.8284
13.2426
12
12
12
12
12
12
12
12
12
12.4142
12
12
12
12
12
12
12
12
12
12
12
12
12
12
12
12
12
12
12
12
12
12
12
12
12
12
12
12
12
12
12
12
12
12
12
12
12
12
12
12
12
12
12
12
12
12
12
12
12
12.4142
12
12
12
12
12
12
12
12
12
12
12
12
12
12
12
12
12
12
12
12
12
12
12
12
12
12
12.4142
12.8284
13.2426
12.8284
12.4142
12
12
12
12
12
12
12
12
12
12
12
12
12
12
12
12
12
12
12
12
12
12
12
12
12
12
12
12
12
12
12
12
12
12
12.4142
12
12
12
12
12
12
12
12
12
12
12
12
12
12
12
12
12
12
12
12
12
12
12
12
12
12
12
12
12
12
12
12
12
12.4142
12
12
12
12
12
12
12
12
12
12
12
12
12
12
12
11
11
11
11
11
11
11
11
11
11
11
11
11
11
11
11
11
11
11
11
11
11
11
11
11
11
11
11
11
11
11
11
11
11
11
11
11
11
11
11
11
11
11
11
11
11
11
11
11
11
11
11
11.4142
11.8284
11
11
11
11
11
11
11
11
11
11
11
11
11
11
11
11
11
11
11
11
11
11
11
11
11
11
11
11
11
11
11
11
11
11
11
11
11
11
11
11
11
11
11
11
11
11
11
11
11
11
11
11
11
11
11
11
11
11
11
11
11
11
11
11
11.4142
11
11
11
11
11
11
11
11
11
11
11
11
11
11
11
11
11
11
11
11
11
11
11
11
11
11
11.4142
12.4142
11.8284
11.4142
11
11
11
11
11
11
11
11
11
11
11
11
11
11
11
11
11
11
11
11
11
11
11
11
11
11
11
11
11
11
11
11
11
11
11
11
11
11
11
11
11
11
11
11
11
11
11
11
11
11
11
11
11
11
11
11
11
11
11
11
11
11
11
11
11
11
11
11
11.4142
11
11
11
11
11
11
11
11
11
11
11
11
11
11
11
10
10
10
10
10
10
10
10
10
10
10
10
10
10
10
10
10
10
10
10
10
10
10
10
10
10
10
10
10
10
10
10
10
10
10
10
10
10
10
10
10
10
10
10
10
10
10
10
10
10
10
10
10
10.4142
10.8284
10
10
10
10
10
10
10
10
10
10
10
10
10
10
10
10
10
10
10
10
10
10
10
10
10
10
10
10
10
10
10
10
10
10
10
10
10
10
10
10
10
10
10
10
10
10
10
10
10
10
10
10
10
10
10
10
10
10
10
10
10
10
10
10
10
10
10
10
10
10
10
10
10
10
10
10
10
10
10
10
10
10
10
10
10
10
10
10
10
10
10
10
10
10
10
11.4142
10.4142
10
10
10
10
10
10
10
10
10
10
10
10
10
10
10
10
10
10
10
10
10
10
10
10
10
10
10
10
10
10
10
10
10
10
10
10
10
10
10
10
10
10
10
10
10
10
10
10
10
10
10
10
10
10
10
10
10
10
10
10
10
10
10
10
10
10
10
10
10
10
10
10
10
10
10
10
10
10
10
10
10
10
10
10
10
10
10
10
10
10
9
9
9
9
9
9
9
9
9
9
9
9
9
9
9
9
9
9
9
9
9
9
9
9
9
9
9
9
9
9
9
9
9
9
9
9
9
9
9
9
9
9
9
9
9
9
9
9
9
9
9
9
9
9.41421
10.4142
9
9
9
9
9
9
9
9
9
9
9
9
9
9
9
9
9
9
9
9
9
9
9
9
9
9
9
9
9
9
9
9
9
9
9
9
9
9
9
9
9
9
9
9
9
9
9
9
9
9
9
9
9
9
9
9
9
9
9
9
9
9
9
9
9
9
9
9
9
9
9
9
9
9
9
9
9
9
9
9
9
9
9
9
9
9
9
9
9
9
9
9
9
9
9
9
9
9
9
9
9
9
9
9
9
9
9
9
9
9
9
9
9
9
9
9
9
9
9
9
9
9
9
9
9
9
9
9
9
9
9
9
9
9
9
9
9
9
9
9
9
9
9
9
9
9
9
9
9
9
9
9
9
9
9
9
9
9
9
9
9
9
9
9
9
9
9
9
9
9
9
9
9
9
9
9
9
9
9
9
9
9
9
9
9
9
9
9
9
9
8
8
8
8
8
8
8
8
8
8
8
8
8
8
8
8
8
8
8
8
8
8
8
8
8
8
8
8
8
8
8
8
8
8
8
8
8
8
8
8
8
8
8
8
8
8
8
8
8
8
8
8
8
8
8
8
8
8
8
8
8
8
8
8
8
8
8
8
8
8
8
8
8
8
8
8
8
8
8
8
8
8
8
8
8
8
8
8
8
8
8
8
8
8
8
8
8
8
8
8
8
8
8
8
8
8
8
8
8
8
8
8
8
8
8
8
8
8
8
8
8
8
8
8
8
8
8
8
8
8
8
8
8
8
8
8
8
8
8
8
8
8
8
8
8
8
8
8
8
8
8
8
8
8
8
8
8
8
8
8
8
8
8
8
8
8
8
8
8
8
8
8
8
8
8
8
8
8
8
8
8
8
8
8
8
8
8
8
8
8
8
8
8
8
8
8
8
8
8
8
8
8
8
8
8
8
8
8
8
8
8
8
8
8
8
8
8
8
8
8
8
8
8
8
8
8
8
8
8
8
8
8
8
8
8
8
8
8
8
8
8
8
8
8
8
8
8
8
8
7
7
7
7
7
7
7
7
7
7
7
7
7
7
7
7
7
7
7
7
7
7
7
7
7
7
7
7
7
7
7
7
7
7
7
7
7
7
7
7
7
7
7
7
7
7
7
7
7
7
7
7
7
7
7
7
7
7
7
7
7
7
7
7
7
7
7
7
7
7
7
7
7
7
7
7
7
7
7
7
7
7
7
7
7
7
7
7
7
7
7
7
7
7
7
7
7
7
7
7
7
7
7
7
7
7
7
7
7
7
7
7
7
7
7
7
7
7
7
7
7
7
7
7
7
7
7
7
7
7
7
7
7
7
7
7
7
7
7
7
7
7
7
7
7
7
7
7
7
7
7
7
7
7
7
7
7
7
7
7
7
7
7
7
7
7
7
7
7
7
7
7
7
7
7
7
7
7
7
7
7
7
7
7
7
7
7
7
7
7
7
7
7
7
7
7
7
7
7
7
7
7
7
7
7
7
7
7
7
7
7
7
7
7
7
7
7
7
7
7
7
7
7
7
7
7
7
7
7
7
7
7
7
7
7
7
7
7
7
7
7
7
7
7
7
7
7
7
7
7
6
6
6
6
6
6
6
6
6
6
6
6
6
6
6
6
6
6
6
6
6
6
6
6
6
6
6
6
6
6
6
6
6
6
6
6
6
6
6
6
6
6
6
6
6
6
6
6
6
6
6
6
6
6
6
6
6
6
6
6
6
6
6
6
6
6
6
6
6
6
6
6
6
6
6
6
6
6
6
6
6
6
6
6
6
6
6
6
6
6
6
6
6
6
6
6
6
6
6
6
6
6
6
6
6
6
6
6
6
6
6
6
6
6
6
6
6
6
6
6
6
6
6
6
6
6
6
6
6
6
6
6
6
6
6
6
6
6
6
6
6
6
6
6
6
6
6
6
6
6
6
6
6
6
6
6
6
6
6
6
6
6
6
6
6
6
6
6
6
6
6
6
6
6
6
6
6
6
6
6
6
6
6
6
6
6
6
6
6
6
6
6
6
6
6
6
6
6
6
6
6
6
6
6
6
6
6
6
6
6
6
6
6
6
6
6
6
6
6
6
6
6
6
6
6
6
6
6
6
6
6
6
6
6
6
6
6
6
6
6
6
6
6
6
6
6
6
6
6
6
6
6
6
6
6
6
6
6
6
6
6
6
6
6
6
6
6
6
6
6
6
6
6
6
6
6
6
6
6
6
6
6
6
6
6
6
6
6
6
6
6
6
6
6
6
6
6
6
6
6
6
6
6
6
6
6
6
6
6
6
6
6
6
6
6
6
6
6
6
6
6
6
6
6
6
6
6
6
6
6
6
6
6
6
6
6
6
6
6
6
6
6
6
6
6
6
6
6
6
6
6
6
6
6
6
6
6
6
6
6
6
6
6
6
6
6
6
6
6
6
6
6
6
6
6
6
6
6
6
6
6
6
6
6
6
6
6
6
6
6
6
6
6
6
6
6
6
6
6
6
6
6
6
6
6
6
6
6
6
6
6
6
6
6
6
6
6
6
6
6
6
6
6
6
6
6
6
6
6
6
6
6
6
6
6
6
6
6
6
6
6
6
6
6
6
6
6
6
6
6
6
6
6
6
6
6
6
6
6
6
6
6
6
6
6
6
6
6
6
6
6
6
6
6
6
6
6
6
6
6
6
6
6
6
6
6
6
6
6
6
6
6
6
6
6
6
6
6
6
6
6
6
6
6
6
6
6
6
6
6
6
6
5
5
5
5
5
5
5
5
5
5
5
5
5
5
5
5
5
5
5
5
5
5
5
5
5
5
5
5
5
5
5
5
5
5
5
5
5
5
5
5
5
5
5
5
5
5
5
5
5
5
5
5
5
5
5
5
5
5
5
5
5
5
5
5
5
5
5
5
5
5
5
5
5
5
5
5
5
5
5
5
5
5
5
5
5
5
5
5
5
5
5
5
5
5
5
5
5
5
5
5
5
5
5
5
5
5
5
5
5
5
5
5
5
5
5
5
5
5
5
5
5
5
5
5
5
5
5
5
5
5
5
5
5
5
5
5
5
5
5
5
5
5
5
5
5
5
5
5
5
5
5
5
5
5
5
5
5
5
5
5
5
5
5
5
5
5
5
5
5
5
5
5
5
5
5
5
5
5
5
5
5
5
5
5
5
5
5
5
5
5
5
5
5
5
5
5
5
5
5
5
5
5
5
5
5
5
5
5
5
5
5
5
5
5
5
5
5
5
5
5
5
5
5
5
5
5
5
5
5
5
5
5
5
5
5
5
5
5
5
5
5
5
5
5
5
5
5
5
5
5
5
5
5
5
5
5
5
5
5
5
5
5
5
5
5
5
5
5
5
5
5
5
5
5
5
5
5
5
5
5
5
5
5
5
5
5
5
5
5
5
5
5
5
5
5
5
5
5
5
5
5
5
5
5
5
5
5
5
5
5
5
5
5
5
5
5
5
5
5
5
5
5
5
5
5
5
5
5
5
5
5
5
5
5
5
5
5
5
5
5
5
5
5
5
5
5
5
5
5
5
5
5
5
5
5
5
5
5
5
5
5
5
5
5
5
5
5
5
5
5
5
5
5
5
5
5
5
5
5
5
5
5
5
5
5
5
5
5
5
5
5
5
5
5
5
5
5
5
5
5
5
5
5
5
5
5
5
5
5
5
5
5
5
5
5
5
5
5
5
5
5
5
5
5
5
5
5
5
5
5
5
5
5
5
5
5
5
5
5
5
5
5
5
5
5
5
5
5
5
5
5
5
5
5
5
5
5
5
5
5
5
5
5
5
5
5
5
5
5
5
5
5
5
5
5
5
5
5
5
5
5
5
5
5
5
5
5
5
5
5
5
5
5
5
5
5
5
5
5
5
5
5
5
5
5
5
5
5
5
5
5
5
4
4
4
4
4
4
4
4
4
4
4
4
4
4
4
4
4
4
4
4
4
4
4
4
4
4
4
4
4
4
4
4
4
4
4
4
4
4
4
4
4
4
4
4
4
4
4
4
4
4
4
4
4
4
4
4
4
4
4
4
4
4
4
4
4
4
4
4
4
4
4
4
4
4
4
4
4
4
4
4
4
4
4
4
4
4
4
4
4
4
4
4
4
4
4
4
4
4
4
4
4
4
4
4
4
4
4
4
4
4
4
4
4
4
4
4
4
4
4
4
4
4
4
4
4
4
4
4
4
4
4
4
4
4
4
4
4
4
4
4
4
4
4
4
4
4
4
4
4
4
4
4
4
4
4
4
4
4
4
4
4
4
4
4
4
4
4
4
4
4
4
4
4
4
4
4
4
4
4
4
4
4
4
4
4
4
4
4
4
4
4
4
4
4
4
4
4
4
4
4
4
4
4
4
4
4
4
4
4
4
4
4
4
4
4
4
4
4
4
4
4
4
4
4
4
4
4
4
4
4
4
4
4
4
4
4
4
4
4
4
4
4
4
4
4
4
4
4
4
4
4
4
4
4
4
4
4
4
4
4
4
4
4
4
4
4
4
4
4
4
4
4
4
4
4
4
4
4
4
4
4
4
4
4
4
4
4
4
4
4
4
4
4
4
4
4
4
4
4
4
4
4
4
4
4
4
4
4
4
4
4
4
4
4
4
4
4
4
4
4
4
4
4
4
4
4
4
4
4
4
4
4
4
4
4
4
4
4
4
4
4
4
4
4
4
4
4
4
4
4
4
4
4
4
4
4
4
4
4
4
4
4
4
4
4
4
4
4
4
4
4
4
4
4
4
4
4
4
4
4
4
4
4
4
4
4
4
4
4
4
4
4
4
4
4
4
4
4
4
4
4
4
4
4
4
4
4
4
4
4
4
4
4
4
4
4
4
4
4
4
4
4
4
4
4
4
4
4
4
4
4
4
4
4
4
4
4
4
4
4
4
4
4
4
4
4
4
4
4
4
4
4
4
4
4
4
4
4
4
4
4
4
4
4
4
4
4
4
4
4
4
4
4
4
4
4
4
4
4
4
4
4
4
4
4
4
4
4
4
4
4
4
4
4
4
4
4
4
4
4
4
4
4
4
4
4
4
4
4
4
4
4
3
3
3
3
3
3
3
3
3
3
3
3
3
3
3
3
3
3
3
3
3
3
3
3
3
3
3
3
3
3
3
3
3
3
3
3
3
3
3
3
3
3
3
3
3
3
3
3
3
3
3
3
3
3
3
3
3
3
3
3
3
3
3
3
3
3
3
3
3
3
3
3
3
3
3
3
3
3
3
3
3
3
3
3
3
3
3
3
3
3
3
3
3
3
3
3
3
3
3
3
3
3
3
3
3
3
3
3
3
3
3
3
3
3
3
3
3
3
3
3
3
3
3
3
3
3
3
3
3
3
3
3
3
3
3
3
3
3
3
3
3
3
3
3
3
3
3
3
3
3
3
3
3
3
3
3
3
3
3
3
3
3
3
3
3
3
3
3
3
3
3
3
3
3
3
3
3
3
3
3
3
3
3
3
3
3
3
3
3
3
3
3
3
3
3
3
3
3
3
3
3
3
3
3
3
3
3
3
3
3
3
3
3
3
3
3
3
3
3
3
3
3
3
3
3
3
3
3
3
3
3
3
3
3
3
3
3
3
3
3
3
3
3
3
3
3
3
3
3
3
3
3
3
3
3
3
3
3
3
3
3
3
3
3
3
3
3
3
3
3
3
3
3
3
3
3
3
3
3
3
3
3
3
3
3
3
3
3
3
3
3
3
3
3
3
3
3
3
3
3
3
3
3
3
3
3
3
3
3
3
3
3
3
3
3
3
3
3
3
3
3
3
3
3
3
3
3
3
3
3
3
3
3
3
3
3
3
3
3
3
3
3
3
3
3
3
3
3
3
3
3
3
3
3
3
3
3
3
3
3
3
3
3
3
3
3
3
3
3
3
3
3
3
3
3
3
3
3
3
3
3
3
3
3
3
3
3
3
3
3
3
3
3
3
3
3
3
3
3
3
3
3
3
3
3
3
3
3
3
3
3
3
3
3
3
3
3
3
3
3
3
3
3
3
3
3
3
3
3
3
3
3
3
3
3
3
3
3
3
3
3
3
3
3
3
3
3
3
3
3
3
3
3
3
3
3
3
3
3
3
3
3
3
3
3
3
3
3
3
3
3
3
3
3
3
3
3
3
3
3
3
3
3
3
3
3
3
3
3
3
3
3
3
3
3
3
3
3
3
3
3
3
3
3
3
3
3
3
3
3
3
3
2
2
2
2
2
2
2
2
2
2
2
2
2
2
2
2
2
2
2
2
2
2
2
2
2
2
2
2
2
2
2
2
2
2
2
2
2
2
2
2
2
2
2
2
2
2
2
2
2
2
2
2
2
2
2
2
2
2
2
2
2
2
2
2
2
2
2
2
2
2
2
2
2
2
2
2
2
2
2
2
2
2
2
2
2
2
2
2
2
2
2
2
2
2
2
2
2
2
2
2
2
2
2
2
2
2
2
2
2
2
2
2
2
2
2
2
2
2
2
2
2
2
2
2
2
2
2
2
2
2
2
2
2
2
2
2
2
2
2
2
2
2
2
2
2
2
2
2
2
2
2
2
2
2
2
2
2
2
2
2
2
2
2
2
2
2
2
2
2
2
2
2
2
2
2
2
2
2
2
2
2
2
2
2
2
2
2
2
2
2
2
2
2
2
2
2
2
2
2
2
2
2
2
2
2
2
2
2
2
2
2
2
2
2
2
2
2
2
2
2
2
2
2
2
2
2
2
2
2
2
2
2
2
2
2
2
2
2
2
2
2
2
2
2
2
2
2
2
2
2
2
2
2
2
2
2
2
2
2
2
2
2
2
2
2
2
2
2
2
2
2
2
2
2
2
2
2
2
2
2
2
2
2
2
2
2
2
2
2
2
2
2
2
2
2
2
2
2
2
2
2
2
2
2
2
2
2
2
2
2
2
2
2
2
2
2
2
2
2
2
2
2
2
2
2
2
2
2
2
2
2
2
2
2
2
2
2
2
2
2
2
2
2
2
2
2
2
2
2
2
2
2
2
2
2
2
2
2
2
2
2
2
2
2
2
2
2
2
2
2
2
2
2
2
2
2
2
2
2
2
2
2
2
2
2
2
2
2
2
2
2
2
2
2
2
2
2
2
2
2
2
2
2
2
2
2
2
2
2
2
2
2
2
2
2
2
2
2
2
2
2
2
2
2
2
2
2
2
2
2
2
2
2
2
2
2
2
2
2
2
2
2
2
2
2
2
2
2
2
2
2
2
2
2
2
2
2
2
2
2
2
2
2
2
2
2
2
2
2
2
2
2
2
2
2
2
2
2
2
2
2
2
2
2
2
2
2
2
2
2
2
2
2
2
2
2
2
2
2
2
2
2
2
2
2
2
2
2
2
2
2
2
1
1
1
1
1
1
1
1
1
1
1
1
1
1
1
1
1
1
1
1
1
1
1
1
1
1
1
1
1
1
1
1
1
1
1
1
1
1
1
1
1
1
1
1
1
1
1
1
1
1
1
1
1
1
1
1
1
1
1
1
1
1
1
1
1
1
1
1
1
1
1
1
1
1
1
1
1
1
1
1
1
1
1
1
1
1
1
1
1
1
1
1
1
1
1
1
1
1
1
1
1
1
1
1
1
1
1
1
1
1
1
1
1
1
1
1
1
1
1
1
1
1
1
1
1
1
1
1
1
1
1
1
1
1
1
1
1
1
1
1
1
1
1
1
1
1
1
1
1
1
1
1
1
1
1
1
1
1
1
1
1
1
1
1
1
1
1
1
1
1
1
1
1
1
1
1
1
1
1
1
1
1
1
1
1
1
1
1
1
1
1
1
1
1
1
1
1
1
1
1
1
1
1
1
1
1
1
1
1
1
1
1
1
1
1
1
1
1
1
1
1
1
1
1
1
1
1
1
1
1
1
1
1
1
1
1
1
1
1
1
1
1
1
1
1
1
1
1
1
1
1
1
1
1
1
1
1
1
1
1
1
1
1
1
1
1
1
1
1
1
1
1
1
1
1
1
1
1
1
1
1
1
1
1
1
1
1
1
1
1
1
1
1
1
1
1
1
1
1
1
1
1
1
1
1
1
1
1
1
1
1
1
1
1
1
1
1
1
1
1
1
1
1
1
1
1
1
1
1
1
1
1
1
1
1
1
1
1
1
1
1
1
1
1
1
1
1
1
1
1
1
1
1
1
1
1
1
1
1
1
1
1
1
1
1
1
1
1
1
1
1
1
1
1
1
1
1
1
1
1
1
1
1
1
1
1
1
1
1
1
1
1
1
1
1
1
1
1
1
1
1
1
1
1
1
1
1
1
1
1
1
1
1
1
1
1
1
1
1
1
1
1
1
1
1
1
1
1
1
1
1
1
1
1
1
1
1
1
1
1
1
1
1
1
1
1
1
1
1
1
1
1
1
1
1
1
1
1
1
1
1
1
1
1
1
1
1
1
1
1
1
1
1
1
1
1
1
1
1
1
1
1
1
1
1
1
1
1
1
1
1
1
1
1
1
1
1
1
1
1
1
1
1
1
1
1
1
1
1
1
1
1
0
0
0
0
0
0
0
0
0
0
0
0
0
0
0
0
0
0
0
0
0
0
0
0
0
0
0
0
0
0
0
0
0
0
0
0
0
0
0
0
0
0
0
0
0
0
0
0
0
0
0
0
0
0
0
0
0
0
0
0
0
0
0
0
0
0
0
0
0
0
0
0
0
0
0
0
0
0
0
0
0
0
0
0
0
0
0
0
0
0
0
0
0
0
0
0
0
0
0
0
0
0
0
0
0
0
0
0
0
0
0
0
0
0
0
0
0
0
0
0
0
0
0
0
0
0
0
0
0
0
0
0
0
0
0
0
0
0
0
0
0
0
0
0
0
0
0
0
0
0
0
0
0
0
0
0
0
0
0
0
0
0
0
0
0
0
0
0
0
0
0
0
0
0
0
0
0
0
0
0
0
0
0
0
0
0
0
0
0
0
0
0
0
0
0
0
0
0
0
0
0
0
0
0
0
0
0
0
0
0
0
0
0
0
0
0
0
0
0
0
0
0
0
0
0
0
0
0
0
0
0
0
0
0
0
0
0
0
0
0
0
0
0
0
0
0
0
0
0
0
0
0
0
0
0
0
0
0
0
0
0
0
0
0
0
0
0
0
0
0
0
0
0
0
0
0
0
0
0
0
0
0
0
0
0
0
0
0
0
0
0
0
0
0
0
0
0
0
0
0
0
0
0
0
0
0
0
0
0
0
0
0
0
0
0
0
0
0
0
0
0
0
0
0
0
0
0
0
0
0
0
0
0
0
0
0
0
0
0
0
0
0
0
0
0
0
0
0
0
0
0
0
0
0
0
0
0
0
0
0
0
0
0
0
0
0
0
0
0
0
0
0
0
0
0
0
0
0
0
0
0
0
0
0
0
0
0
0
0
0
0
0
0
0
0
0
0
0
0
0
0
0
0
0
0
0
0
0
0
0
0
0
0
0
0
0
0
0
0
0
0
0
0
0
0
0
0
0
0
0
0
0
0
0
0
0
0
0
0
0
0
0
0
0
0
0
0
0
0
0
0
0
0
0
0
0
0
0
0
0
0
0
0
0
0
0
0
0
0
0
0
0
0
0
0
0
0
0
0
0
0
0
0
0
0
0
0
0
0
0
0
0
0
0
0
0
0
0
0
0
0
0
0
0
0
0
0
0
0
0
0
0
