6
6
6
6
6
6
6
6
6
6
6
6
6
6
6
6
6
6
6
6
6
6
6
6
6
6
6
6
6
6
6
6
6
6
6
6
6
6
6
6
6
6
6
6
6
6
6
6
6
6
6
6
6
6
6
6
6
6
6
6
6
6
6
6
6
6
6
6
6
6
6
6
6
6
6
6
6
6
6
6
6
6
6
6
6
6
6
6
6
6
6
6
6
6
6
6
6
6
6
6
6
6
6
6
6
6
6
6
6
6
6
6
6
6
6
6
6
6
6
6
6
6
6
6
6
6
6
6
6
6
6
6
6
6
6
6
6
6
6
6
6
6
6
6
6
6
6
6
6
6
6
6
6
6
6
6
6
6
6
6
6
6
6
6
6
6
6
6
6
6
6
6
6
6
6
6
6
6
6
6
6
6
6
6
6
6
6
6
6
6
6
6
6
6
6
6
6
6
6
6
6
6
6
6
6
6
6
6
6
6
6
6
6
6
6
6
6
6
6
6
6
6
6
6
6
6
6
6
6
6
6
6
6
6
6
6
6
6
6
7
7
7
7
7
7
7
7
7
7
7
7
7
7
7
7
7
7
7
7
7
7
7
7
7
7
8
8
8.41421
9.41421
8.41421
8
8
8
8
8
8
8
8
8
8
8
8
8
8
8
8.41421
8.41421
8
8
8
8
8
8
8
8
8
8
8
8
8
8
9
9.41421
9.82843
9
9
9
9
9
9
9
9
9
9
9
9
9
9
9
9
9
9.41421
9.41421
9
9.41421
10.4142
9
9
9
9
9
9
9.41421
9
9
9
9
9.41421
9
9
10
10.4142
10.8284
10
10
10
10
10
10
10
10
10
10
10.4142
10
10
10.4142
11.4142
10
10
10
10
10.4142
10
10
10
10
10
10
10
10
10.4142
11.8284
10.8284
10.4142
10.8284
10
10
10
10
10
10
10
10
10
10.4142
11.4142
10.4142
10
10
10.4142
10.4142
10
10
11.4142
10.4142
10
10
10.8284
10.4142
10
10.4142
11
11
11
11
11
11
11
11
11
11
11.4142
11.8284
12.8284
12.2426
11.8284
11
11
11
11
11
11
11
11
11
11
11.4142
11.8284
11.4142
11.8284
12.8284
11
11
11
11
11
11
11
11
11
11
11
11
11
11
11
11
11.4142
11.8284
12.8284
11.4142
11
11
11
11
11
11
11.4142
11
11
11.4142
11.8284
12.8284
12.2426
11.8284
12.2426
13.2426
11
11
11
11
11
11
11
11
11
11
11
11
11
11.4142
11.8284
11
11
11
11
11
11
11
11
11
11
11
11
11
11
11
11
11
11
11
11
11
11.4142
11.8284
11.4142
11
11
11.8284
11
11.4142
12.4142
12.2426
11.8284
11.4142
11.8284
12.8284
12
12
12
13.2426
14.2426
13.6569
13.2426
12
12
12
12
12.4142
12.8284
15.2426
14.2426
13.2426
12.8284
13.2426
14.2426
12
12
12
13.2426
14.2426
15.2426
14.8284
13.8284
12.8284
12.4142
12
12
12.4142
12
13.2426
13.6569
13.2426
13.6569
14.6569
15.6569
16.6569
12
12
12
12.4142
12.8284
13.2426
12.8284
12
12
12
12
12.4142
12.8284
13.8284
13.2426
12.8284
12
12.8284
12.8284
13.8284
14.8284
15.8284
16.8284
17.6569
16.6569
15.6569
14.6569
13.6569
13.2426
13.2426
14.2426
13
13
13
13
13
14.6569
14.6569
13
13
13
13
13
13.8284
15.6569
14.6569
13
13
13
13
13
13
13
13
13
13
13
13
13
13
13
13
13
13
13
13
13
13
13
15.6569
15.2426
13
13
13
13
13.4142
13
13
14.2426
14.6569
17.0711
13
13
13
13
13
13
13
13
13
13
13.8284
14.2426
13
13
13
13
13
13
13
13
13
13
13
13
13
13
13
14.2426
14.2426
13
13
13.8284
13
13
13
13
13
13
13
13
13
13
13
14.6569
14
14
14
14
14
15.6569
16.0711
17.0711
18.0711
18.0711
17.0711
16.0711
15.6569
14
14
14
14
14
14
14.8284
15.2426
16.2426
17.2426
18.2426
19.2426
19.0711
18.0711
17.0711
16.0711
15.6569
16.0711
14
14
14
16.0711
17.0711
18.0711
18.6569
17.6569
16.6569
15.6569
14
14
14.4142
14
15.2426
15.6569
16.0711
15.6569
17.4853
18.4853
19.4853
20.4853
21.4853
22.4853
14
14
14
14
14
14
14
14
14
14.8284
15.2426
16.2426
17.6569
16.6569
15.6569
15.2426
14
14
14
14
14
15.2426
15.6569
16.6569
15.6569
15.2426
14
14
14
14.8284
14
14
14
14
14
14
14
15.6569
16.0711
17.0711
18.0711
16.4142
15.4142
15
15
15
15
15
15
18.4853
19.4853
20.4853
21.4853
22.4853
21.4853
20.4853
19.4853
18.4853
15
15
15
15
15
15
17.0711
17.4853
18.4853
19.4853
15
15
15
15
15
15
15.4142
15.8284
16.8284
15
15
16.6569
17.0711
18.0711
19.0711
20.0711
19.4853
18.4853
17.4853
17.0711
22.8995
23.8995
24.8995
25.8995
26.8995
27.8995
15
16.6569
17.6569
18.6569
19.6569
20.6569
21.6569
21.0711
20.0711
19.0711
18.0711
15
15
15
15
15
16.6569
17.0711
18.0711
19.0711
19.0711
18.0711
17.0711
15
15
16.2426
15.8284
15
15
15
18.4853
19.4853
20.4853
21.4853
16.8284
16
16
16
16
16
16
19.8995
20.8995
16
16
16
17.2426
16
16
16
20.4853
21.4853
20.8995
19.8995
28.3137
29.3137
30.3137
31.3137
32.3137
16
16
16
16
19.4853
20.4853
21.4853
22.4853
21.4853
20.4853
19.4853
16
16
17.2426
16
16
16
21.8995
22.8995
23.8995
24.8995
25.8995
26.8995
27.8995
27.8995
27.4853
18.2426
17.8284
17
17
17
17
17
17
17.4142
17
21.3137
22.3137
23.3137
24.3137
17
17
17
18.2426
18.6569
17
32.7279
33.7279
34.7279
17
17
17
17
17
17
17
17
18.2426
17
17
17.4142
26.4853
19.6569
19.2426
18
18
18
18.4142
19.4142
18
18
18.4142
18.4142
24.7279
25.7279
18
18
18
19.6569
18
18
35.1421
36.1421
37.1421
18
18
18
18
18
18
18
19.2426
18
18.4142
25.4853
24.0711
23.0711
22.0711
21.0711
20.6569
19
19
19.8284
19
19.4142
19.8284
20.8284
20.8284
19.8284
19.4142
26.1421
27.1421
28.1421
29.1421
19
19
19.4142
19
20.6569
19
21.0711
20.6569
20.2426
19.8284
19.4142
37.5563
38.5563
39.5563
19
19
19
19
19
20.6569
20.2426
19
19.4142
19.8284
20.2426
25.0711
20
20
20.8284
21.2426
21.4142
20.4142
20
21.2426
22.2426
23.2426
24.2426
25.2426
24.2426
23.2426
22.2426
21.2426
29.5563
30.5563
31.5563
20
20
20.4142
21.6569
22.0711
20
22.0711
20.4142
39.9706
40.9706
20.4142
20
20
88.3554
88.7696
20
20
21.6569
20
21.2426
21
21
21
21
22.2426
21.8284
31.9706
21
21
21.4142
23.0711
21
23.8995
23.4853
23.0711
21.4142
21
21
21
21
41.3848
21.4142
21
87.3554
88.3554
21
21
21
21
21.4142
21.8284
22.2426
22.6569
23.0711
23.4853
21
22.6569
21
22.2426
21.8284
21.4142
21
21
21
21
21
21
21
22
22
23.2426
23.6569
22.8284
24.4853
24.0711
23.6569
23.2426
22.8284
22.4142
22
32.3848
33.3848
34.3848
35.3848
36.3848
37.3848
22.4142
22
24.4853
24.0711
23.6569
23.2426
22.8284
22.4142
22
22.4142
22.4142
24.0711
22
25.7279
25.3137
24.8995
22
22
22
41.799
42.799
43.799
44.799
45.799
22.8284
22.4142
22
22
83.9412
84.9412
85.9412
86.9412
87.9412
88.9412
89.9412
90.9412
91.9412
24.4853
24.8995
25.3137
25.7279
22
23.6569
22
23.2426
23.6569
23.6569
23.2426
22.8284
22
22
22.4142
23
24.4142
23.4142
23
24.6569
25.0711
26.0711
24.2426
23.8284
25.4853
25.8995
26.3137
25.8995
25.4853
23
23
23
23
23
37.799
38.799
39.799
40.799
41.799
42.799
43.799
44.799
45.799
46.799
46.8995
45.8995
44.8995
23.4142
25.0711
25.4853
25.8995
25.8995
25.4853
23.4142
23
23
23
23
23.4142
23.8284
24.8284
23.4142
25.0711
25.4853
26.4853
23
26.7279
26.7279
23
23.4142
23.8284
24.2426
46.0711
45.0711
44.0711
43.0711
42.0711
41.0711
40.0711
39.0711
27.2426
26.2426
25.2426
24.2426
23.8284
24.6569
25.0711
25.4853
25.8995
26.3137
23
81.5269
82.5269
83.5269
91.5269
92.5269
93.5269
94.5269
26.7279
27.1421
23
24.6569
23
23.4142
24.6569
25.8995
25.4853
25.0711
24.6569
23.4142
23.8284
24.2426
24.6569
24
24.8284
27.7279
28.1421
28.5563
28.1421
27.7279
27.3137
26.8995
26.4853
26.0711
25.6569
26.4853
27.4853
28.4853
28.6569
27.6569
26.6569
25.6569
25.2426
26.0711
26.4853
24
24.4142
24.8284
25.2426
25.6569
44.4853
43.4853
42.4853
41.4853
40.4853
25.8284
24.8284
24.4142
25.6569
26.0711
24
25.2426
26.2426
27.2426
24.8284
24.4142
26.8995
24
24
27.7279
25.2426
25.6569
38.6569
37.6569
36.6569
35.6569
34.6569
33.6569
32.6569
31.6569
30.6569
29.6569
28.6569
27.6569
24.4142
24.8284
25.2426
25.6569
27.3137
27.7279
27.7279
27.3137
26.8995
24
24
24
79.6985
80.1127
81.1127
94.1127
95.1127
96.1127
28.1421
27.7279
24
25.6569
24.4142
25.6569
26.8995
26.8995
25.6569
26.0711
25
25.8284
27.8995
28.3137
28.7279
26.6569
26.2426
25.8284
26.2426
26.6569
27.0711
26.6569
27.0711
27.4853
40.0711
39.0711
38.0711
37.0711
28.2426
27.2426
26.2426
26.2426
26.6569
25
25
27.6569
28.6569
29.6569
30.2426
29.2426
28.2426
27.2426
26.2426
25.8284
27.8995
28.3137
25
28.7279
26.6569
27.0711
32.0416
33.0416
34.0416
35.0416
36.0416
37.0416
38.0416
25
25.4142
27.8995
27.4853
27.0711
26.6569
26.2426
25
25
25
78.2843
78.6985
95.6985
96.6985
97.6985
98.6985
99.6985
28.7279
28.3137
27.8995
25
25.4142
26.4142
26.6569
25.4142
25.8284
26.6569
27.8995
27.0711
26
26.4142
26.8284
28.0711
28.4853
28.8995
27.2426
26.8284
26
26
26.4142
26.8284
28.4853
28.8995
29.3137
29.7279
30.1421
36.6569
35.6569
34.6569
33.6569
32.6569
31.6569
30.6569
29.6569
28.6569
26.4142
26.8284
27.2426
26
27.2426
26.8284
26.4142
26
26
26
29.3137
29.7279
26
29.7279
28.0711
31.799
32.2132
32.6274
33.0416
38.4558
39.4558
40.4558
41.4558
26
27.2426
26.8284
26.4142
26
77.2843
99.2843
100.284
101.284
102.284
103.284
104.284
105.284
106.284
107.284
108.284
28.8995
26.8284
29.0711
28.0711
27.6569
26.8284
27.2426
27.6569
28.8995
28.0711
28.4853
27.4142
28.2426
27.8284
29.0711
27.8284
27.4142
27
29.0711
28.6569
28.2426
27.8284
27.4142
27
27
27
27
27
27
27
27
27
27
31.1421
31.5563
31.9706
32.3848
27.4142
27
28.2426
27
27
27
30.7279
27
30.7279
29.0711
29.4853
29.8995
31.9706
32.3848
32.799
41.8701
42.8701
27
27
27
75.8701
76.8701
107.87
108.87
109.87
110.87
29.8995
29.4853
27.8284
28.2426
29.4853
28.2426
28.6569
29.6569
31.0711
30.0711
29.0711
28.6569
29.8995
29.4853
29.8995
30.3137
31.3137
30.8995
30.4853
30.0711
28.4142
28.8284
29.8284
29.6569
29.2426
29.6569
30.0711
28
28
30.8995
30.4853
30.0711
28
28
28
29.6569
29.2426
28.8284
28.4142
28
33.3848
33.799
34.2132
28.4142
28
30.0711
29.6569
29.2426
28
28
31.7279
32.1421
28
31.7279
30.8995
32.5563
32.9706
43.2843
44.2843
28
74.4559
75.4559
110.456
111.456
30.4853
30.0711
29.2426
29.6569
30.6569
31.6569
30.4853
30.0711
31.0711
32.0711
32.4853
31.4853
30.8995
31.3137
31.7279
32.9706
33.3848
33.3848
32.9706
32.5563
32.1421
31.7279
31.0711
30.2426
31.2426
32.2426
31.0711
30.6569
30.6569
29
31.8995
29
30.6569
35.2132
29.4142
29
31.0711
29
33.1421
29
32.7279
33.1421
31.8995
33.5563
44.6985
29
71.6274
72.0417
73.0417
74.0417
111.042
112.042
31.0711
32.0711
33.0711
34.0711
31.8995
31.4853
32.4853
33.4853
34.4853
35.4853
36.4853
37.4853
36.8995
35.8995
34.8995
33.8995
32.8995
31.8995
32.3137
32.7279
33.9706
32.0711
31.6569
31.2426
30.8284
32.6569
32.0711
31.6569
30
33.3137
32.8995
30
30
30
32.0711
31.6569
36.2132
36.6274
37.0416
37.4558
30.4142
30
32.0711
30
30
30
34.1421
30
30
30
34.1421
32.8995
34.5563
45.6985
46.1127
30
70.6274
111.627
32.0711
34.4853
32.8995
33.3137
33.7279
34.1421
34.5563
34.9706
31.8284
31.4142
31
33.0711
34.0711
35.0711
36.0711
36.4853
35.4853
34.4853
33.4853
33.0711
32.6569
31
34.3137
31
31
31.4142
33.8995
33.4853
33.0711
38.4558
38.8701
39.2843
31.4142
31
33.0711
31
31
35.1421
35.5563
36.5563
31
35.1421
33.8995
35.5563
47.1127
31
69.2132
70.2132
111.213
112.213
33.0711
32.6569
32.2426
34.8995
35.8995
36.8995
36.3137
35.3137
34.3137
33.8995
32.6569
32.2426
31.8284
31.4142
31
31
31
34.3137
34.7279
32
32
33.6569
32
35.3137
32.4142
32.8284
33.2426
33.6569
34.0711
34.4853
34.8995
93.2843
93.6985
94.1127
94.5269
94.9411
95.9411
96.9411
97.9411
40.2843
40.6985
41.1127
41.5269
32.4142
32.4142
32
34.0711
32
36.9706
32
32
36.1421
36.5563
37.5563
36.3137
35.3137
34.8995
36.5563
48.1127
48.5269
48.9411
37.9706
36.9706
36.5564
36.1421
35.7279
35.3137
34.8995
34.4853
32
32.4142
33.4142
65.799
66.799
67.799
68.799
111.799
112.799
113.799
33.2426
34.0711
33.6569
32
32
32
32
32
35.7279
36.1421
37.1421
33
33
34.6569
33
36.3137
34.6569
91.8701
92.2843
97.5269
98.5269
99.5269
100.527
101.527
42.5269
42.9411
33.4142
33.4142
35.0711
33
37.9706
33
37.9706
38.9706
37.7279
36.7279
37.5563
49.9411
41.3848
40.3848
39.3848
38.3848
35.4853
35.0711
34.6569
33.8284
63.3848
64.3848
65.3848
81.3848
82.3848
83.3848
84.3848
85.3848
86.3848
87.3848
113.385
34.2426
33.8284
35.8995
35.4853
35.0711
33
33
37.5564
38.5564
39.5564
34
35.6569
34
37.3137
90.4559
90.8701
101.113
102.113
103.113
104.113
105.113
43.9411
44.3553
45.3553
46.3553
47.3553
48.3553
49.3553
50.3553
49.9706
48.9706
47.9706
46.9706
45.9706
44.9706
43.9706
42.9706
41.9706
40.9706
39.9706
38.9706
38.5564
38.1421
34.4142
34.8284
35.8284
34.4142
36.0711
34
38.9706
34
34.4142
39.3848
40.3848
41.3848
41.1421
40.1421
39.1421
38.1421
38.5563
38.9706
50.799
42.799
41.799
35.6569
35.2426
34.8284
34.8284
35.2426
60.9706
61.9706
62.9706
77.9706
78.9706
79.9706
80.9706
87.799
88.799
89.799
90.799
91.799
92.799
93.799
94.799
95.799
113.799
114.799
34.8284
36.8995
34
34
34.4142
39.9706
40.9706
41.9706
42.9706
43.9706
44.9706
45.9706
46.9706
47.9706
48.9706
49.9706
50.9706
51.9706
52.9706
53.9706
54.9706
55.9706
35
36.6569
37.0711
35.4142
35
38.3137
88.6274
89.0416
89.4559
104.699
105.699
106.699
48.7696
49.7696
39.1421
38.7279
36.2426
36.8284
35.8284
35.4142
37.0711
35
39.9706
35.4142
35.8284
41.799
42.799
43.799
44.799
45.799
46.5564
45.5564
44.5564
43.5564
42.5564
41.5564
39.9706
51.2132
43.2132
35.8284
36.2426
58.5564
59.5564
60.5564
76.5564
77.5564
96.2132
97.2132
98.2132
99.2132
100.213
101.213
114.669
35.8284
35.4142
37.8995
35.4142
56.3848
57.3848
36
38.0711
38.4853
39.4853
36.4142
39.3137
87.6274
106.284
107.284
108.284
109.284
39.7279
39.3137
37.2426
37.6569
38.2426
37.2426
38.0711
36
40.9706
36.8284
37.2426
37.6569
40.9706
41.3848
51.6274
44.2132
36.8284
36.4142
37.2426
37.6569
57.1422
58.1422
75.1422
76.1422
101.627
102.627
103.627
113.669
113.255
36.4142
38.8995
36.4142
57.799
58.799
37
39.8995
40.8995
38.8284
37.8284
37.4142
40.3137
61.6274
62.0416
63.0416
64.0416
86.6274
108.87
109.87
110.87
40.3137
38.6569
39.0711
39.6569
38.6569
39.0711
37
41.9706
38.6569
42.3848
42.799
54.0416
53.0416
52.0416
45.2132
37.4142
38.6569
39.0711
40.0711
41.0711
54.3137
54.7279
55.7279
56.7279
74.7279
104.042
112.255
37.4142
39.8995
37.4142
59.2132
38
41.3137
40.8995
40.4853
40.0711
39.6569
39.2426
38.8284
41.3137
39.2426
41.3137
60.6274
63.6274
85.6274
110.456
41.3137
40.8995
40.4853
40.0711
40.0711
40.0711
38
42.9706
39.6569
43.799
54.4559
46.2132
38.4142
41.4853
53.3137
74.3137
105.042
105.456
106.456
111.255
38.4142
38
40.8995
38.4142
38.8284
42.1421
41.7279
41.3137
40.8995
40.4853
40.0711
39.6569
40.0711
59.6274
39
42.3137
42.7279
42.3137
39.8284
39.4142
39
39
42.3137
42.7279
43.7279
41.6569
40.6569
40.2426
42.3137
42.7279
59.2132
60.2132
63.2132
64.2132
65.2132
66.2132
84.6274
110.042
111.042
112.042
113.042
41.4853
41.0711
41.0711
41.4853
42.4853
43.4853
43.4853
42.4853
41.4853
41.0711
41.0711
39
43.9706
44.3848
40.6569
41.0711
44.799
45.2132
46.2132
55.8701
54.8701
47.2132
39.4142
41.8995
42.8995
43.8995
44.8995
45.8995
46.8995
47.8995
48.8995
49.8995
50.8995
51.8995
52.8995
73.8995
106.87
107.87
110.255
39
42.3137
41.8995
39.8284
43.5564
43.1421
41.0711
41.4853
41.8995
42.3137
60.0416
61.0416
40
42.4853
42.8995
43.3137
40
40.4142
44.1421
45.1421
46.1421
47.0711
46.0711
45.0711
44.0711
43.0711
42.0711
43.7279
44.1421
45.1421
56.799
57.799
58.799
65.799
66.799
83.2132
83.6274
112.627
113.627
114.627
42.0711
41.6569
43.8995
44.8995
44.8995
43.8995
42.0711
40
45.3848
42.0711
42.4853
46.6274
47.6274
48.6274
57.2843
56.2843
48.2132
40.4142
74.3137
108.284
109.284
109.255
40
43.3137
41.2426
40.8284
44.9706
44.9706
44.5564
43.3137
43.7279
61.4559
62.4559
63.4559
41
43.4853
41.4142
45.5564
46.5564
53.3848
54.3848
55.3848
56.3848
66.3848
67.3848
68.3848
69.3848
82.2132
114.213
115.213
116.213
117.213
118.213
119.213
120.213
121.213
122.213
123.213
124.213
125.213
126.213
127.213
42.6569
43.0711
41.4142
41
46.3848
43.4853
43.8995
44.3137
49.0416
50.0416
51.0416
52.0416
53.0416
54.0416
55.0416
56.0416
57.0416
57.6985
49.2132
41.4142
74.7279
75.7279
109.699
108.255
107.841
107.426
41
41
41
44.3137
42.2426
45.9706
44.7279
45.1421
63.8701
63.9706
63.5564
42.4142
42
44.0711
44.4853
42.4142
42.8284
46.9706
47.9706
48.9706
49.9706
50.9706
51.9706
52.9706
68.9706
69.9706
70.9706
80.799
81.799
126.799
127.799
128.799
129.799
43.6569
43.2426
44.0711
42.4142
47.3848
47.799
45.3137
45.7279
46.1421
46.5563
46.9706
47.3848
50.2132
50.6274
42.4142
76.1422
110.699
106.426
42
45.3137
43.2426
46.9706
46.1421
46.5564
46.9706
47.3848
62.5564
62.1422
61.7279
61.3137
60.8995
43.4142
45.0711
43.8284
71.3848
72.3848
73.3848
74.3848
75.3848
76.3848
77.3848
78.3848
79.3848
80.3848
85.3848
86.3848
87.3848
88.3848
89.3848
90.3848
91.3848
92.3848
93.3848
94.3848
95.3848
96.3848
129.385
130.385
131.385
44.2426
43.8284
43.4142
45.4853
45.0711
43.4142
48.799
49.2132
48.3848
48.799
49.2132
49.6274
50.0416
50.4559
50.8701
50.4559
50.0416
49.6274
51.6274
43.4142
76.5564
77.5564
78.5564
79.5564
111.699
105.426
105.012
43
43
46.7279
46.3137
45.6569
44.6569
44.2426
47.9706
48.3848
48.799
59.8995
44.8284
44.4142
46.0711
44.8284
84.799
85.799
96.799
97.799
98.799
99.799
100.799
131.799
132.799
133.799
134.799
44.4142
44
44
44
46.4853
44.4142
50.2132
50.6274
51.6274
50.6274
50.2132
49.799
49.3848
52.6274
53.0416
44.4142
79.9706
80.9706
111.284
104.012
44
44
47.7279
46.0711
48.9706
49.799
50.2132
50.6274
51.0416
51.4559
58.8995
47.2426
46.2426
45.8284
47.0711
45.8284
85.2132
101.213
102.213
103.213
104.213
135.213
136.213
137.213
45
45
45
45.4142
45.8284
46.2426
46.6569
47.0711
47.4853
47.8995
48.3137
48.7279
48.7279
47.8995
47.8995
47.4853
45.4142
52.0416
53.0416
54.0416
50.3848
49.9706
49.5564
49.1421
48.7279
48.3137
47.8995
48.3137
54.0416
45.8284
45.4142
81.3848
82.3848
83.3848
84.3848
85.3848
110.284
103.012
45
45.4142
49.1421
48.7279
47.4853
47.0711
49.9706
52.4559
52.8701
53.2843
53.6985
54.1127
54.5269
55.5269
56.5269
57.5269
58.5269
57.8995
49.6569
48.6569
47.6569
48.0711
47.2426
46.8284
85.6274
104.627
137.627
138.627
139.627
140.627
141.627
49.7279
48.8995
46.4142
54.4559
55.4559
56.4559
57.4559
58.4559
59.4559
49.3137
55.0416
46.8284
85.799
86.799
87.799
88.799
89.799
90.799
108.87
109.284
102.012
101.598
46.4142
50.1421
48.8995
48.4853
50.9706
58.9411
56.8995
50.0711
49.0711
48.2426
49.8995
49.4853
49.0711
48.6569
48.2426
47.8284
47.4142
47
47
48.6569
49.0711
49.4853
49.8995
50.3137
50.7279
51.1421
51.5564
51.9706
52.3848
52.799
53.2132
53.6274
86.0416
105.627
106.042
107.042
142.042
50.7279
50.3137
49.8995
49.4853
49.0711
49.4853
49.8995
47.4142
59.8701
50.3137
50.7279
51.1421
51.5563
51.9706
52.3848
52.799
56.0416
47.8284
51.9706
52.3848
52.799
53.2132
54.2132
55.2132
56.2132
57.2132
58.2132
59.2132
60.2132
61.2132
62.2132
63.2132
64.2132
91.2132
107.87
100.598
47.4142
47.8284
48.2426
48.6569
50.3137
50.7279
51.1421
51.1421
49.8995
51.9706
59.9411
60.3554
61.3554
62.3554
63.3554
55.8995
54.4853
53.4853
52.4853
51.4853
50.4853
50.0711
49.2426
52.5564
52.1422
51.7279
51.3137
50.8995
48
48.4142
48.8284
49.2426
49.6569
54.6274
55.0416
86.4559
107.456
108.456
109.456
110.456
111.456
142.456
143.456
144.456
145.456
50.4853
50.0711
48.4142
48.8284
49.2426
49.6569
50.0711
48.4142
48
60.2843
61.2843
62.2843
63.2843
64.2843
53.799
54.2132
54.6274
55.0416
55.4558
57.0416
48.8284
51.7279
52.1422
52.5564
52.9706
64.6274
65.6274
66.6274
67.6274
68.6274
69.6274
91.6274
92.6274
93.6274
94.6274
95.6274
96.6274
103.456
104.456
105.456
106.456
107.456
99.598
99.1838
49.6569
50.0711
50.4853
50.8995
51.3137
52.3137
51.3137
50.8995
52.9706
53.3848
54.3848
63.7696
63.4853
62.4853
55.4853
51.0711
51.4853
50.6569
50.2426
53.1421
53.5564
53.5564
56.0416
56.4559
56.8701
86.8701
111.87
112.87
113.87
114.87
115.87
116.87
117.87
118.87
119.87
145.87
146.87
51.0711
50.6569
50.2426
49.8284
49.4142
49
49.4142
49
64.6985
65.6985
66.6985
67.6985
56.4558
56.8701
57.2843
57.6985
58.0416
51.2426
50.2426
49.8284
52.7279
70.0417
71.0417
72.0417
73.0417
74.0417
97.0417
98.0417
99.0417
100.042
101.042
102.042
103.042
98.1838
53.7279
52.7279
54.799
55.799
62.8995
61.8995
60.8995
52.4853
52.0711
51.6569
53.7279
54.1421
57.8701
58.2843
59.2843
87.2843
88.2843
120.284
121.284
122.284
123.284
124.284
125.284
147.284
148.284
50
50.4142
68.1127
69.1127
70.1127
58.6985
59.1127
59.5269
58.6274
59.0416
51.6569
53.3137
53.7279
74.4559
75.4559
76.4559
97.7696
96.7696
95.7696
55.1421
54.1421
56.2132
57.2132
61.3137
53.4853
53.8995
54.8995
54.4853
53.4853
53.0711
54.7279
59.6985
60.6985
88.6985
89.6985
90.6985
125.699
126.699
127.699
128.699
129.699
148.699
149.699
150.699
51.4142
51.8284
52.2426
52.6569
53.0711
70.5269
71.5269
72.5269
73.5269
60.5269
60.9411
59.2132
59.6274
52.6569
53.8995
54.3137
76.8701
77.8701
95.3554
94.3554
58.5564
57.5564
56.5564
55.5564
57.6274
58.6274
59.6274
60.6274
61.6274
62.6274
63.6274
64.6274
61.7279
60.7279
55.3137
56.3137
57.3137
58.3137
58.8995
57.8995
56.8995
55.8995
54.8995
55.3137
55.7279
61.1127
62.1127
63.1127
64.1127
65.1127
66.1127
67.1127
91.1127
92.1127
130.113
131.113
132.113
151.113
152.113
54.0711
54.4853
54.8995
55.3137
55.7279
56.1421
56.5563
73.9411
74.9411
75.9411
76.9411
77.9411
61.9411
62.3554
62.7696
63.1838
63.598
61.4559
61.0416
60.6274
60.2132
53.6569
54.8995
78.2843
79.2843
80.2843
81.2843
93.9412
92.9412
59.9706
58.9706
53.2426
53.6569
54.0711
54.4853
54.8995
65.0416
66.0416
67.0416
68.0416
69.0416
70.0416
61.1422
53
53
53.4142
53.8284
54.2426
54.6569
55.0711
55.4853
55.8995
56.3137
67.5269
68.5269
69.5269
70.5269
71.5269
72.5269
73.5269
74.5269
75.5269
76.5269
77.5269
92.5269
93.5269
94.5269
132.527
133.527
134.527
135.527
152.527
153.527
57.5563
57.9706
58.3848
58.799
59.2132
78.3554
79.3554
80.3554
81.3554
82.3554
83.3554
64.598
65.0122
64.9411
64.5269
64.1127
63.6985
63.2843
62.8701
62.4559
54.6569
55.8995
81.6985
82.6985
92.5269
91.5269
91.1127
63.3848
62.3848
61.3848
60.3848
54.6569
54.2426
53.8284
54.2426
55.8995
56.3137
56.7279
57.1421
57.5564
70.4559
71.4559
72.4559
73.4559
61.5564
54
56.8995
57.3137
77.9411
94.9411
95.9411
96.9411
97.9411
98.9411
135.941
153.941
154.941
177.669
178.083
179.083
180.083
181.083
182.083
60.2132
83.7696
84.7696
85.7696
86.7696
87.7696
55.6569
56.8995
83.1127
90.1127
89.6985
65.799
64.799
63.799
55.6569
58.5564
73.8701
74.8701
75.8701
61.9706
55.8284
55.4142
55
55
55
57.8995
58.3137
58.7279
57.8995
58.3137
78.9411
79.3554
80.3554
81.3554
99.3554
136.941
137.355
138.355
155.355
176.669
181.669
61.2132
61.6274
62.0416
62.4559
62.8701
88.1838
56.6569
57.4853
57.8995
84.1127
84.5269
85.5269
86.5269
88.6985
66.2132
57.4853
57.0711
56.6569
59.5564
59.9706
76.2843
62.3848
57.2426
56.8284
59.7279
58.8995
81.7696
82.7696
83.7696
84.7696
99.7696
100.77
101.77
102.77
103.77
104.77
105.77
106.77
107.77
108.77
109.77
110.77
111.77
112.77
113.77
138.77
139.77
140.77
141.77
155.77
156.77
157.77
173.255
174.255
175.255
176.255
181.255
182.255
183.255
184.255
196.255
197.255
198.255
199.255
200.255
201.255
202.255
203.255
204.255
63.8701
64.2843
64.6985
65.1127
65.5269
65.9411
88.598
89.598
90.598
57.6569
58.4853
86.9412
87.9412
88.9412
88.2843
87.2843
69.6274
68.6274
67.6274
66.6274
58.8995
58.4853
60.9706
61.3848
76.6985
77.6985
78.6985
62.799
59.0711
58.6569
58.2426
60.7279
59.8995
148.225
147.225
146.225
145.225
144.225
143.225
142.225
141.225
140.225
139.225
85.1838
86.1838
114.184
115.184
116.184
117.184
118.184
119.184
142.184
143.184
158.184
159.184
170.841
171.841
172.841
183.841
184.841
185.841
192.841
193.841
194.841
195.841
203.841
204.841
205.841
66.9411
67.3554
67.7696
68.1838
68.598
91.0122
92.0122
93.0122
94.0122
95.0122
59.0711
58.6569
58.6569
59.0711
59.4853
152.87
152.456
89.3554
90.3554
91.3554
92.3554
93.3554
94.3554
95.3554
96.3554
86.8701
85.8701
84.8701
83.8701
82.8701
73.0416
72.0416
71.0416
70.0416
60.3137
59.8995
62.3848
62.799
63.2132
79.1127
80.1127
81.1127
64.2132
63.2132
60.0711
61.7279
62.1421
60.0711
60.4853
60.8995
150.811
149.811
148.811
147.811
138.811
137.811
136.811
135.811
134.811
133.811
132.811
131.811
130.811
129.811
86.598
119.598
120.598
121.598
122.598
143.598
144.598
145.598
159.598
160.598
161.598
166.426
167.426
168.426
169.426
170.426
185.426
186.426
187.426
188.426
189.426
190.426
191.426
192.426
205.426
204.669
69.598
70.0122
70.4264
71.4264
95.4264
96.4264
97.4264
98.4264
60.0711
59.6569
153.527
153.113
152.699
152.284
151.87
151.456
151.042
150.627
151.042
151.456
151.87
96.7696
97.7696
98.7696
99.7696
100.77
101.77
102.77
103.77
104.77
105.77
106.77
107.77
108.77
109.77
109.456
108.456
107.456
106.456
105.456
104.456
103.456
102.456
101.456
100.456
99.4559
98.4559
97.4559
96.4559
82.4559
81.4559
80.4559
79.4559
78.4559
77.4559
76.4559
75.4559
74.4559
73.4559
61.3137
64.2132
64.6274
81.2843
80.2843
79.2843
66.6274
65.6274
64.6274
61.4853
61.0711
63.1421
61.0711
152.397
151.397
150.397
129.397
128.397
127.397
126.397
125.397
87.598
88.0122
123.012
124.012
125.012
146.012
162.012
163.012
164.012
165.012
166.012
204.255
203.255
71.8406
72.8406
73.8406
98.8406
99.8406
100.841
101.385
100.385
99.3848
98.3848
61.0711
60.2426
60.6569
153.355
152.941
152.527
150.87
151.284
151.699
152.113
96.8701
95.8701
62.3137
65.6274
78.8701
77.8701
76.8701
75.8701
74.8701
69.0417
68.0417
67.0417
62.4853
64.1421
61.6569
62.0711
152.983
151.983
124.983
123.983
89.0122
125.426
126.426
127.426
128.426
147.012
147.426
202.841
201.841
74.2549
75.2549
76.2549
77.2549
97.9706
96.9706
95.9706
94.9706
93.9706
92.9706
91.9706
90.9706
89.9706
62.4853
62.0711
60.8284
61.2426
152.77
152.355
151.113
151.527
96.2843
95.2843
63.3137
66.6274
67.0416
74.4559
73.4559
72.4559
71.4559
70.4559
69.4559
63.4853
65.1421
62.6569
152.569
123.569
122.569
90.0122
90.4264
128.841
129.841
148.426
201.426
200.426
199.426
77.6691
78.6691
79.6691
89.5564
88.5564
87.5564
86.5564
85.5564
84.5564
63.8995
63.4853
61.8284
151.77
150.527
150.941
151.355
151.77
95.6985
94.6985
64.3137
64.7279
68.0416
68.4559
64.4853
66.1421
63.6569
154.154
153.154
152.154
122.154
121.154
120.154
91.4264
130.255
131.255
132.255
149.426
199.012
198.012
197.012
80.0833
81.0833
82.0833
83.0833
84.1422
83.1422
82.1422
81.1422
80.1422
66.3137
65.3137
64.8995
62
62.4142
62.8284
150.77
150.77
151.184
95.1127
65.7279
69.4559
69.8701
70.2843
70.6985
71.1127
71.5269
71.9411
72.3554
65.4853
65.8995
67.1421
64.6569
153.74
119.74
118.74
118.326
92.4264
132.669
133.669
150.426
196.598
195.598
194.598
194.184
83.4975
79.7279
78.7279
77.7279
76.7279
75.7279
74.7279
73.7279
72.7279
71.7279
70.7279
69.7279
68.7279
67.7279
66.7279
63
149.77
150.184
150.598
95.5269
66.7279
67.1421
73.3554
66.8995
68.1421
65.2426
65.6569
153.326
117.326
93.4264
101.083
102.083
103.083
104.083
105.083
106.083
107.083
108.083
109.083
110.083
111.083
112.083
134.083
151.426
164.083
165.083
166.083
167.083
168.083
169.083
186.083
187.083
188.083
189.083
190.083
193.184
84.4975
84.9117
85.9117
86.9117
87.9117
64
148.77
149.598
95.9412
94.9412
93.9412
68.1421
74.3554
74.7696
75.1838
75.598
76.0122
67.8995
69.5564
69.1421
66.2426
153.912
152.912
116.912
115.912
114.912
94.4264
97.4975
98.4975
99.4975
100.498
101.498
112.498
113.498
114.498
115.498
116.498
134.498
135.498
152.426
163.498
164.498
169.498
170.498
171.498
172.498
184.498
185.498
186.498
190.498
191.498
192.498
193.498
194.498
192.77
191.77
190.77
189.77
188.77
187.77
186.77
88.3259
89.3259
90.3259
91.3259
65
147.77
149.184
148.326
147.326
146.326
145.326
144.326
143.326
142.326
141.326
94.3554
69.1421
69.5564
70.5564
71.5564
77.0122
77.4264
78.4264
68.8995
70.5564
67.2426
153.498
114.498
113.498
112.498
95.8407
95.4264
97.4975
97.9117
116.912
117.912
118.912
135.912
136.912
152.811
153.225
162.912
163.912
172.912
173.912
182.912
183.912
184.912
194.912
195.912
186.355
185.355
184.355
183.355
182.355
181.355
180.355
179.355
91.7402
92.7402
93.7402
94.7402
66
146.77
146.355
140.912
139.912
138.912
137.912
136.912
135.912
134.912
94.7696
80.7696
79.7696
78.7696
77.7696
76.7696
76.3554
71.9706
72.9706
73.9706
74.9706
75.9706
76.9706
77.9706
78.9706
79.9706
80.9706
81.9706
82.9706
83.9706
84.9706
78.8407
79.8407
80.8407
81.8407
69.8995
70.3137
71.3137
72.9706
71.9706
71.5564
68.2426
67.8284
68.2426
153.083
140.083
139.083
138.083
137.083
136.083
135.083
134.083
133.083
132.083
131.083
112.083
111.083
110.083
109.083
98.2549
97.2549
96.8407
97.6691
98.0833
98.4975
119.326
120.326
121.326
137.326
151.811
162.326
163.326
174.326
175.326
182.326
183.326
196.326
197.326
178.941
177.941
176.941
175.941
95.1544
96.1544
97.1544
98.1544
99.1544
67
145.355
134.498
133.498
132.498
131.498
130.498
95.1838
85.1838
84.1838
83.1838
82.1838
81.1838
77.3554
76.9412
76.5269
76.1127
75.6985
75.2843
85.3848
86.3848
87.3848
82.2549
83.2549
84.2549
81.3554
80.3554
79.3554
78.3554
77.3554
76.9412
76.5269
76.1127
75.6985
75.2843
71.7279
72.7279
74.3848
73.3848
69.2426
153.498
141.498
140.498
130.669
129.669
128.669
108.669
107.669
106.669
105.669
104.669
103.669
102.669
101.669
100.669
99.6691
98.6691
98.6691
121.74
122.74
123.74
137.74
138.74
139.74
148.397
149.397
150.397
151.397
160.74
161.74
162.74
175.74
182.74
197.74
198.74
199.74
200.74
175.527
174.527
173.527
172.527
171.527
99.5686
100.569
101.569
102.569
103.569
102.799
101.799
100.799
99.799
98.799
97.799
68
144.941
143.941
143.527
143.941
144.941
145.941
146.941
147.941
147.083
146.083
130.083
129.083
128.083
127.083
126.083
125.083
124.083
123.083
122.083
97.598
96.598
95.598
87.598
86.598
85.598
76.2843
75.8701
75.4559
87.799
88.799
84.6691
83.7696
82.7696
81.7696
76.2843
75.8701
75.4559
75.0417
74.6274
73.1422
74.1422
75.1422
76.799
75.799
74.799
70.2426
153.912
143.912
142.912
141.912
129.083
128.083
127.083
126.083
99.6691
124.154
125.154
140.154
141.154
144.983
145.983
146.983
147.983
160.154
161.154
176.74
183.154
201.154
202.154
203.154
171.113
170.113
169.113
168.113
98.2132
97.2132
96.2132
95.2132
94.2132
93.2132
69
142.527
142.113
142.527
143.527
145.669
144.669
143.669
121.669
120.669
119.669
118.669
117.669
116.669
115.669
99.0122
98.0122
88.0122
76.4559
76.0416
75.6274
75.2132
89.2132
75.6274
75.2132
74.799
74.1422
75.5564
76.5564
77.5564
78.5564
79.5564
79.2132
78.2132
77.2132
71.2426
155.326
154.326
145.326
144.326
126.498
125.498
124.498
100.669
125.569
126.569
127.569
128.569
129.569
141.569
142.569
143.569
144.569
160.569
177.74
183.569
203.569
204.569
204.699
203.699
167.699
166.699
165.699
93.6274
92.6274
91.6274
90.6274
70
141.527
140.699
141.113
143.255
142.255
115.255
114.255
113.255
112.255
111.255
110.255
109.255
101.426
100.426
99.4264
90.4264
89.4264
89.0122
76.2132
75.799
75.3848
74.9706
89.6274
90.6274
91.6274
75.799
75.3848
74.9706
74.5564
75.1422
72.6569
72.2426
155.74
145.74
124.912
123.912
122.912
121.912
101.669
129.983
130.983
131.983
132.983
133.983
134.983
135.983
136.983
137.983
138.983
139.983
140.983
141.983
159.983
160.983
178.74
183.983
184.983
203.284
202.284
201.284
200.284
199.284
165.284
164.284
163.284
162.284
161.284
91.0417
90.0417
89.0417
71
71.4142
72.4142
140.527
139.699
141.841
108.841
107.841
106.841
105.841
104.841
103.841
102.841
101.841
90.8407
75.9706
75.5564
75.1421
92.0416
93.0416
76.1422
73.6569
156.154
146.74
122.326
102.669
103.083
104.083
142.397
160.397
179.74
185.397
198.87
160.87
159.87
158.87
157.87
157.456
89.4559
72.8284
73.8284
139.527
138.699
142.255
91.8407
76.1421
93.4559
94.4559
95.4559
96.4559
77.1422
74.6569
156.569
147.74
122.74
121.74
120.74
119.74
118.74
104.498
143.397
143.811
160.811
180.74
185.811
198.456
197.456
196.456
195.456
194.456
193.456
156.456
89.8701
88.8701
87.8701
86.8701
74.2426
138.527
138.113
136.87
137.284
138.284
142.669
92.8407
77.1421
76.7279
76.3137
76.7279
96.8701
78.1422
77.7279
77.3137
76.8995
76.4853
76.8995
77.3137
76.0711
75.6569
158.983
157.983
156.983
148.74
119.154
118.154
117.154
105.498
113.326
144.811
160.225
161.225
182.154
181.74
186.225
187.225
188.225
193.042
192.042
191.042
190.042
189.042
188.042
187.042
186.042
185.042
184.042
156.042
155.042
154.042
153.042
152.042
151.042
150.042
149.042
148.042
147.042
146.042
145.042
144.042
87.2843
86.2843
85.2843
84.2843
83.2843
82.2843
81.8701
81.4559
81.0417
80.6274
80.2132
79.799
79.3848
78.9706
78.5564
78.1422
77.7279
77.3137
76.8995
76.4853
76.0711
75.6569
75.2426
75.6569
137.113
135.87
143.083
142.083
93.8407
77.7279
78.1421
78.5564
97.2843
98.2843
99.2843
100.284
101.284
102.284
103.284
104.284
105.284
106.284
107.284
78.3137
78.7279
79.1422
77.0711
159.397
149.74
150.154
117.569
116.569
115.569
104.841
104.426
104.841
105.255
105.669
106.083
106.498
106.912
107.912
108.912
109.912
110.912
111.912
112.912
113.912
114.912
115.912
116.912
117.912
118.912
119.912
120.912
145.811
158.64
159.64
160.64
183.569
183.154
188.64
189.64
190.64
183.627
182.627
181.627
180.627
143.627
142.627
141.627
76.6569
76.2426
75.8284
76.6569
77.0711
78.0711
136.113
134.87
142.498
94.8407
95.2549
96.2549
79.5564
79.9706
80.3848
80.799
81.2132
107.699
108.699
109.699
80.1422
80.5564
80.9706
78.4853
78.0711
159.811
151.154
115.983
114.983
106.669
106.255
105.841
107.912
121.326
122.326
123.326
124.326
125.326
146.811
158.054
159.054
184.569
191.054
192.054
180.213
179.213
178.213
177.213
141.213
140.213
139.213
138.213
76.8284
76.4142
78.4853
79.4853
80.4853
135.527
135.113
133.87
142.912
96.6691
82.2132
82.6274
83.0416
83.4559
83.8701
84.2843
84.6985
85.1127
86.1127
87.1127
88.1127
89.1127
90.1127
91.1127
110.113
111.113
112.113
81.9706
82.3848
80.7279
80.3137
79.8995
79.4853
161.225
160.225
152.154
152.569
152.196
115.397
114.397
108.912
108.498
108.083
107.669
108.912
109.326
125.74
126.74
127.74
128.74
129.74
147.811
158.468
185.983
185.569
192.468
193.468
194.468
195.468
176.799
175.799
137.799
136.799
77.4142
77
80.8995
81.8995
134.527
132.87
143.326
130.326
129.326
128.326
127.326
126.326
125.326
124.326
97.6691
98.0833
99.0833
91.5269
92.5269
93.5269
112.527
113.527
132.012
133.012
134.012
135.012
83.3848
83.799
84.2132
82.1421
82.5564
82.5564
82.1421
81.7279
161.64
151.782
150.782
149.782
148.782
147.782
114.811
110.326
109.912
110.326
130.154
131.154
132.154
133.154
148.811
157.882
158.882
188.397
187.397
186.983
195.882
196.882
197.882
198.882
199.882
175.385
174.385
173.385
136.385
135.385
78
78
78
82.3137
83.3137
84.3137
133.527
133.113
131.87
132.284
132.699
143.74
132.74
131.74
130.74
124.74
123.74
122.74
121.74
107.74
106.74
105.74
104.74
103.74
102.74
101.74
100.74
100.326
99.4975
100.498
101.498
102.498
103.498
104.498
93.9412
94.9412
95.9412
113.941
114.941
115.941
129.598
130.598
131.598
134.598
85.2132
85.6274
85.2132
84.799
84.3848
83.9706
83.5564
83.1421
162.054
147.368
146.368
145.368
144.368
143.368
142.368
141.368
115.225
111.74
111.326
111.326
133.569
134.569
135.569
149.811
156.297
157.297
158.297
189.811
188.811
200.297
201.297
202.297
172.971
161.971
160.971
159.971
158.971
157.971
134.971
133.971
132.971
131.971
79
84.7279
85.7279
132.113
131.699
131.699
144.154
133.154
122.154
121.154
120.154
119.154
112.154
111.154
110.154
109.154
108.154
101.326
100.912
100.498
104.912
105.912
106.912
107.912
108.912
109.912
110.912
111.912
96.3554
116.355
117.355
118.355
119.355
126.184
127.184
128.184
129.184
134.184
86.6274
86.2132
162.468
140.953
139.953
138.953
137.953
137.539
115.64
112.74
112.326
135.983
136.983
137.983
151.225
150.811
156.711
191.225
190.225
202.711
203.711
204.711
205.711
173.385
162.385
157.556
131.556
130.556
129.556
128.556
128.142
80
86.1422
130.699
130.699
131.113
145.569
144.569
134.154
119.569
112.569
101.498
112.326
113.326
114.326
115.326
116.326
117.326
97.3554
119.77
120.77
121.77
122.77
123.77
124.77
125.77
133.77
87.6274
88.0417
88.0416
87.6274
87.2132
162.882
136.539
116.64
113.74
113.326
113.74
138.397
152.225
157.125
191.64
206.125
173.799
165.799
164.799
163.799
163.385
157.142
156.142
155.142
154.142
153.142
152.142
127.142
81
86.5564
129.699
130.113
145.983
135.154
119.983
118.983
117.983
115.983
114.983
113.983
113.569
102.498
117.74
98.3554
98.7696
134.184
163.297
136.125
135.125
134.125
117.64
115.569
115.154
114.74
114.74
138.811
139.811
140.811
141.811
150.64
151.64
152.64
156.539
157.539
192.64
206.539
207.539
207.527
206.527
174.213
168.213
167.213
166.213
151.728
150.728
149.728
148.728
126.728
125.728
124.728
123.728
122.728
121.728
120.728
119.728
118.728
117.728
116.728
115.728
114.728
113.728
112.728
111.728
82
86.5564
86.9706
129.284
128.284
127.87
129.113
129.527
146.397
136.154
118.397
117.397
116.397
103.498
118.154
119.154
120.154
99.7696
134.598
164.711
163.711
133.711
132.711
131.711
119.054
118.64
116.569
115.74
142.225
143.225
144.225
145.225
146.225
147.225
148.225
149.225
150.225
157.539
195.054
194.054
193.64
206.113
205.113
204.113
174.627
169.627
168.627
148.314
147.314
146.314
111.314
110.314
109.314
83
87.5564
126.87
126.456
128.527
128.941
129.355
129.77
146.811
137.154
104.498
120.569
121.569
122.569
123.569
124.569
100.77
101.184
135.012
165.125
131.297
130.297
129.297
128.297
122.468
121.468
120.468
120.054
117.569
116.74
158.539
196.468
195.468
192.569
192.983
193.397
193.811
194.225
194.64
195.054
195.468
195.882
196.297
203.699
202.699
201.699
200.699
199.699
198.699
177.042
176.042
175.042
170.042
145.9
144.9
143.9
142.9
141.9
108.9
107.9
106.9
105.9
84
87.7279
88.1422
88.5564
125.456
129.355
130.355
148.225
147.225
138.154
105.498
124.983
125.983
126.983
127.983
128.983
102.184
102.598
103.012
103.426
135.426
143.669
144.669
145.669
146.669
147.669
148.669
149.669
150.669
151.669
165.539
127.882
126.882
125.882
124.882
123.882
122.882
118.569
118.983
119.983
117.74
125.054
126.054
127.054
159.539
196.882
193.154
193.569
197.297
197.711
198.125
198.284
197.284
196.284
195.284
194.284
193.284
192.284
191.284
190.284
181.456
180.456
179.456
178.456
177.456
171.042
141.485
140.485
139.485
138.485
137.485
136.485
105.485
104.485
103.485
102.485
85
88.7279
124.456
124.042
129.941
130.941
147.64
146.64
139.154
106.498
129.397
130.397
131.397
132.397
133.397
134.397
104.426
104.841
105.841
106.841
107.841
108.841
109.841
110.841
111.841
112.841
135.841
137.255
138.255
139.255
140.255
141.255
142.255
143.255
151.255
152.255
153.255
166.953
166.297
157.297
156.297
155.297
154.297
153.297
152.297
151.297
150.297
149.297
148.297
147.297
146.297
120.397
118.74
122.054
122.468
123.468
124.468
125.468
127.468
128.468
129.468
130.468
131.468
132.468
160.539
197.882
194.154
193.74
194.154
199.125
199.539
189.87
188.87
187.87
186.87
185.87
184.87
183.87
182.87
181.87
172.042
172.456
136.071
135.071
134.071
133.071
132.071
102.071
101.071
87.4142
86.4142
86
89.3137
89.7279
123.042
130.527
131.527
147.054
146.054
145.054
140.154
140.569
107.498
134.811
135.811
136.811
137.811
138.811
139.811
140.811
141.811
142.811
143.811
113.255
114.255
115.255
131.255
132.255
133.255
134.255
135.255
136.255
137.669
153.669
154.669
169.368
168.368
167.711
158.711
157.711
146.711
145.711
144.711
143.711
142.711
121.397
121.811
120.154
119.74
122.64
123.054
132.882
133.882
134.882
135.882
161.539
199.297
198.882
195.154
200.539
172.77
131.657
130.657
100.657
99.6569
98.6569
88.8284
87.8284
90.3137
122.042
121.627
130.113
145.468
144.468
144.054
141.569
141.983
142.983
143.983
143.225
108.498
108.912
109.326
109.74
110.154
110.569
110.983
111.397
111.811
144.225
145.225
146.225
147.225
148.225
149.225
150.225
151.225
152.225
153.225
115.669
116.669
117.669
130.669
131.669
138.669
155.083
156.083
157.083
170.782
169.782
159.125
143.125
142.125
141.125
140.125
139.125
122.811
123.225
121.569
121.154
122.811
123.225
123.64
136.297
137.297
162.539
200.297
196.569
196.154
201.539
201.953
202.368
172.355
171.355
170.941
130.243
129.243
98.2426
97.2426
96.2426
95.2426
94.2426
93.2426
92.2426
91.2426
90.2426
89.2426
91.3137
120.627
129.699
145.054
144.64
142.811
141.811
140.811
139.811
138.811
137.811
136.811
135.811
134.811
133.811
132.811
109.912
109.498
109.498
109.912
112.811
113.225
113.64
153.64
118.083
129.083
130.083
131.083
139.669
157.498
158.498
159.498
160.498
174.196
173.196
172.196
171.196
160.125
139.539
124.225
124.64
125.64
123.983
122.983
122.569
123.811
137.711
163.539
201.711
201.297
197.569
203.368
169.941
169.527
129.657
92.3137
119.627
129.284
145.64
132.397
131.397
130.397
129.983
111.326
110.912
110.498
114.64
154.054
155.054
119.083
129.498
140.669
160.912
173.74
161.539
161.125
139.953
138.953
137.953
136.953
126.054
124.397
124.811
138.711
139.125
140.125
141.125
164.539
202.711
198.569
204.368
168.527
130.071
129.071
128.071
93.3137
118.627
128.87
146.64
146.225
145.811
128.983
112.326
111.083
111.498
115.64
116.054
116.468
117.468
155.468
120.083
120.498
128.912
129.912
141.669
161.326
162.326
163.326
164.326
165.326
166.326
167.326
168.326
169.326
170.326
171.326
172.326
173.326
162.539
137.368
136.368
135.368
127.054
127.468
128.468
129.468
128.811
127.811
126.811
125.811
125.397
125.811
141.539
142.539
143.539
165.539
203.409
203.823
203.711
199.569
205.368
168.113
167.113
166.113
128.485
127.485
94.3137
117.627
127.456
128.456
146.811
146.397
128.569
127.569
126.569
114.74
113.74
113.326
111.669
112.083
117.882
118.882
155.882
121.498
129.326
142.669
163.539
135.782
134.782
126.811
143.953
144.953
145.953
146.953
165.953
201.995
202.409
200.569
206.368
165.699
164.699
163.699
162.699
161.699
160.699
127.9
95.3137
116.213
116.627
127.042
147.397
146.983
126.154
125.154
124.154
123.154
122.154
121.154
120.154
119.154
118.154
117.154
116.154
115.154
112.669
119.297
120.297
155.225
122.498
129.74
143.669
164.539
164.953
135.196
134.196
133.196
127.811
147.368
148.368
149.368
150.368
151.368
166.368
167.368
200.581
200.995
201.569
201.983
207.368
209.439
209.853
210.267
209.284
208.284
207.284
206.284
205.284
204.284
203.284
202.284
201.284
160.284
159.284
158.284
157.284
156.284
155.284
154.284
128.314
119.314
118.314
117.314
116.314
115.314
114.314
113.314
112.314
111.314
110.314
96.3137
115.213
126.627
147.983
147.569
113.669
120.711
121.711
122.711
123.711
154.225
123.498
130.154
144.669
145.083
145.498
145.912
146.326
146.74
147.154
165.953
134.196
133.782
128.811
151.782
152.782
153.782
154.782
166.782
167.782
199.167
199.581
202.983
203.397
204.397
208.368
209.61
210.024
210.439
200.87
199.87
198.87
197.87
196.87
180.87
179.87
178.87
177.87
176.87
175.87
174.87
173.87
172.87
153.87
152.87
151.87
128.728
123.728
122.728
121.728
120.728
119.728
110.728
109.728
108.728
107.728
106.728
97.3137
96.8995
96.4853
96.0711
95.6569
97.3137
97.7279
114.213
126.213
127.213
147.983
146.983
145.983
144.983
114.669
124.125
125.125
126.125
127.125
128.125
153.225
124.498
130.569
148.154
148.569
148.983
149.983
166.953
167.368
134.782
134.368
133.953
132.711
132.297
131.882
131.468
131.054
130.64
130.225
129.811
129.397
128.983
128.569
128.983
129.811
130.225
131.225
155.196
156.196
157.196
158.196
159.196
160.196
161.196
162.196
163.196
164.196
165.196
166.196
167.196
196.924
197.338
197.752
198.167
204.811
205.811
211.782
210.782
209.782
209.368
210.61
197.284
196.284
195.284
194.284
185.284
184.284
183.284
182.284
181.284
172.456
171.456
170.456
169.456
151.456
150.456
149.456
148.456
129.142
126.142
125.142
124.142
107.142
106.142
105.142
104.142
103.142
102.142
101.142
100.142
99.1422
98.7279
98.3137
96.6569
96.2426
95.8284
95.4142
95
98.7279
99.1422
100.142
112.799
113.799
126.799
145.397
144.397
115.669
128.539
129.539
130.539
131.539
132.539
133.539
134.539
135.539
136.539
137.539
138.539
152.225
125.912
125.498
130.983
150.397
151.397
152.397
168.368
168.782
134.953
134.539
134.125
133.711
129.983
130.397
130.811
131.225
131.64
132.64
195.51
195.924
206.225
207.225
208.225
209.225
210.225
211.225
212.225
213.225
214.225
214.196
213.196
212.196
211.61
194.699
193.699
192.699
191.699
190.699
189.699
188.699
187.699
186.699
185.699
169.042
168.042
148.042
147.042
146.042
129.556
126.556
103.556
102.556
96
96
100.556
101.556
102.556
111.385
112.385
126.385
144.811
143.811
142.811
116.669
117.083
138.953
139.953
140.953
141.953
142.953
143.953
144.953
145.953
151.225
126.912
131.397
152.811
169.782
170.196
171.196
172.196
173.196
132.225
133.054
134.054
135.054
136.054
194.51
212.61
167.627
145.627
144.627
143.627
142.627
142.213
133.971
132.971
131.971
130.971
129.971
127.556
97
102.971
103.971
104.971
105.971
106.971
107.971
108.971
109.971
110.971
125.971
126.971
143.225
118.083
146.368
150.225
127.912
131.811
132.811
153.811
154.225
155.225
156.225
173.61
133.225
133.64
134.054
134.468
136.468
193.51
213.61
167.213
141.213
134.385
128.556
98
127.385
143.64
142.64
141.64
119.083
147.368
147.782
148.782
149.782
150.782
149.225
128.912
133.225
156.64
157.64
158.64
159.64
160.64
161.64
174.024
175.024
176.024
177.024
135.468
135.882
136.882
137.882
138.882
139.882
192.51
214.61
166.799
165.799
164.799
140.799
139.799
138.799
137.799
136.799
135.799
134.799
129.556
99
99
127.799
128.799
129.799
142.054
141.054
120.083
120.498
151.196
152.196
153.196
153.811
148.811
147.811
146.811
131.326
130.326
129.912
133.64
134.64
135.64
162.054
163.054
164.054
165.054
174.853
174.439
174.024
173.61
173.196
172.782
172.368
171.953
177.439
178.439
179.439
180.439
181.439
136.882
136.468
140.297
141.297
142.297
143.297
144.297
145.297
146.297
147.297
191.51
215.61
165.213
130.556
100
130.213
131.213
141.468
140.468
139.468
138.468
121.498
121.912
122.912
123.912
153.397
152.397
146.397
145.397
132.74
131.74
136.054
137.054
165.468
166.468
167.468
177.51
177.096
176.681
176.267
175.853
172.953
172.539
172.953
173.368
181.853
182.853
183.853
184.853
185.853
186.853
187.853
192.681
193.681
194.681
195.681
196.681
197.681
198.681
137.468
137.054
136.64
136.225
135.811
147.711
148.711
149.711
150.711
151.711
190.51
216.61
165.627
164.627
131.556
101
101.414
131.627
132.627
138.882
137.882
125.811
125.397
124.983
124.569
124.154
123.74
123.326
122.912
122.498
124.326
125.326
126.326
151.983
144.983
143.983
142.983
134.154
133.154
137.468
138.468
139.468
167.882
168.882
169.882
170.882
171.882
176.882
177.882
178.882
178.51
174.368
188.267
189.267
190.267
191.267
192.267
198.267
199.267
136.811
136.397
135.983
135.569
135.154
134.74
135.154
135.569
135.983
152.125
153.125
154.125
155.125
189.51
216.355
215.941
165.042
132.556
135.213
134.213
133.213
132.213
131.799
102.414
110.042
111.042
112.042
113.042
114.042
115.042
116.042
117.042
118.042
119.042
133.042
134.042
135.042
136.042
137.042
138.297
137.297
136.297
127.64
127.225
126.811
123.498
123.083
122.669
122.255
126.74
127.74
128.74
129.74
130.74
131.74
132.74
133.74
134.74
151.569
142.569
141.569
140.569
139.569
138.569
137.569
136.569
135.569
134.569
139.882
140.882
141.882
142.882
172.297
173.297
174.297
175.297
176.297
177.297
175.368
175.782
199.681
200.681
201.681
136.983
137.397
137.811
155.539
156.539
157.539
158.539
159.539
188.51
200.338
201.338
202.338
203.338
204.338
205.338
206.338
207.338
208.338
209.338
210.338
214.941
165.456
159.456
158.456
157.456
156.456
155.456
154.456
153.456
152.456
151.456
150.456
149.456
133.556
133.971
137.799
136.799
135.799
134.799
130.799
130.385
103.414
109.627
110.042
110.456
119.456
120.456
121.456
122.456
137.456
138.456
139.456
140.456
136.711
135.711
129.468
129.054
128.64
123.255
122.841
135.154
136.154
137.154
138.154
139.154
140.154
151.983
143.297
144.711
145.711
146.711
147.711
148.711
149.711
150.711
151.711
152.711
153.711
176.782
202.096
203.096
138.811
139.225
159.953
160.953
161.953
162.953
163.953
187.51
196.924
197.924
198.924
199.924
210.752
211.752
212.752
213.752
214.752
215.752
216.711
217.125
217.539
218.539
219.539
219.61
214.527
213.527
212.527
211.527
210.527
166.87
165.87
162.87
161.87
160.87
159.87
149.87
148.87
147.87
146.87
134.971
139.385
138.385
137.385
129.385
128.971
104.414
109.385
109.799
110.213
110.627
122.87
123.87
140.87
141.87
142.87
136.125
135.125
134.125
131.297
130.882
130.468
123.841
140.569
141.569
142.569
143.569
152.397
135.326
134.912
134.498
134.912
135.326
135.74
136.154
136.569
136.983
143.711
154.125
155.125
156.125
157.125
177.782
178.196
203.51
204.51
140.225
140.64
141.054
164.368
165.368
166.368
167.368
168.368
185.681
186.096
186.51
195.51
196.51
220.61
220.113
219.113
218.113
210.113
209.113
208.113
207.113
206.113
205.113
204.113
203.113
202.113
201.113
200.113
199.113
198.113
197.113
196.113
195.113
194.113
193.113
192.113
191.113
190.113
189.113
188.113
187.113
186.113
185.113
184.113
169.284
168.284
167.284
163.284
147.284
146.284
135.971
140.971
139.971
138.971
127.971
127.556
127.142
105.414
109.556
109.971
110.385
124.284
143.284
144.284
145.284
146.284
134.539
133.539
133.125
132.711
132.297
124.841
125.255
143.983
144.983
145.983
146.983
153.811
152.811
137.154
136.74
136.326
137.983
138.397
138.811
139.225
157.539
179.196
204.924
205.924
206.924
207.924
142.054
168.782
169.782
184.681
195.096
217.699
183.699
182.699
181.699
180.699
179.699
178.699
177.699
176.699
175.699
174.699
173.699
172.699
171.699
170.699
169.699
164.284
146.699
136.971
137.385
141.556
140.556
126.142
125.728
106.414
110.556
125.284
146.699
147.699
148.699
126.255
147.397
148.397
149.397
150.397
151.397
155.225
154.225
138.154
140.225
157.953
180.196
208.338
143.054
170.196
183.681
194.681
218.113
217.113
165.284
147.113
146.113
145.113
138.385
141.142
124.728
107.414
110.728
111.142
111.556
126.284
126.699
149.113
127.255
151.811
155.64
139.569
139.154
141.225
141.64
142.054
158.368
159.368
181.196
208.752
209.752
210.752
216.581
217.581
218.581
219.581
220.581
221.581
222.581
223.581
224.581
144.054
144.468
170.61
171.61
172.61
173.61
182.267
183.267
194.267
217.527
166.284
145.527
144.527
139.385
141.728
140.728
123.728
123.314
108.414
111.314
111.728
127.699
149.527
150.527
151.527
128.255
152.225
153.225
154.225
155.225
156.225
157.225
158.225
159.225
162.054
161.054
160.054
159.054
158.054
157.054
156.054
140.569
143.054
143.468
143.882
159.782
160.782
182.196
211.167
212.167
213.167
214.167
215.167
216.167
224.167
225.167
145.468
174.024
175.024
176.024
180.853
181.853
193.853
217.941
167.284
144.941
139.971
140.385
143.314
142.314
141.314
122.314
109.828
109.414
111.9
112.314
128.699
151.941
152.941
129.255
159.64
160.64
161.64
162.64
162.468
141.569
144.882
161.196
183.196
225.581
226.581
227.581
146.468
176.439
177.439
178.439
179.439
180.439
193.439
218.355
168.284
145.941
140.971
142.9
121.9
120.9
111.243
110.828
112.9
129.699
130.113
153.355
154.355
130.255
130.669
131.083
142.569
145.882
146.297
161.61
162.61
163.61
184.61
184.196
227.995
228.995
147.468
152.853
153.853
154.853
155.853
156.853
157.853
158.853
193.853
219.77
218.77
169.284
169.699
146.941
141.556
141.971
142.485
141.485
140.485
120.485
119.485
118.485
112.657
112.243
113.9
131.113
154.77
155.77
132.083
143.569
147.297
164.024
170.853
171.853
172.853
173.853
174.853
175.853
176.853
177.853
178.853
179.853
180.853
181.853
185.61
229.409
148.468
153.024
153.439
153.853
159.267
160.267
161.267
162.267
176.267
177.267
178.267
179.267
180.267
181.267
194.267
222.184
221.184
220.184
205.184
204.184
203.184
202.184
201.184
200.184
170.699
171.113
147.941
142.971
142.556
140.071
118.071
117.071
116.071
115.071
114.071
113.657
114.9
132.113
132.527
132.941
133.355
133.77
134.184
135.184
136.184
137.184
138.184
139.184
140.184
141.184
156.184
133.083
133.498
133.912
134.326
134.74
135.154
144.569
148.297
164.439
165.439
166.439
167.439
168.439
169.439
170.439
181.439
182.439
183.439
184.439
188.024
187.024
186.61
188.681
189.096
189.51
189.924
190.338
190.752
191.167
191.581
191.995
192.409
192.823
193.823
194.823
195.823
196.823
197.823
205.823
206.823
207.823
208.823
209.823
210.823
211.823
229.823
230.823
149.468
153.196
153.61
154.024
162.681
163.681
175.681
176.681
181.681
182.681
194.681
195.681
224.598
223.598
222.598
208.598
207.598
206.598
205.598
200.598
199.598
198.598
197.598
196.598
179.598
178.598
177.598
176.598
172.113
172.527
148.941
143.971
140.485
139.485
123.485
122.485
121.485
120.485
119.485
118.485
117.485
115.9
138.527
137.527
136.527
135.527
134.527
133.527
141.598
142.598
156.598
157.598
158.598
136.154
136.569
136.983
137.397
137.811
138.225
138.64
157.125
156.125
155.125
154.125
153.125
152.125
151.125
150.125
149.711
149.297
148.882
145.569
145.983
149.297
184.853
185.853
186.853
187.853
188.853
191.439
190.439
189.439
188.439
189.681
198.238
206.238
212.238
231.238
150.882
150.468
154.196
164.096
176.096
183.096
196.096
229.012
228.012
227.012
226.012
225.012
209.012
197.012
180.012
177.012
173.527
173.941
174.941
149.941
144.971
139.9
123.9
117.9
116.9
117.314
134.971
135.385
136.385
137.385
138.385
138.941
134.527
143.012
159.012
139.64
157.539
149.882
146.983
147.397
148.397
150.711
150.297
156.267
157.267
158.267
159.267
160.267
161.267
162.267
163.267
164.267
165.267
166.267
189.267
191.853
189.853
190.267
190.681
199.238
199.652
200.652
201.652
202.652
203.652
204.652
205.652
206.652
213.238
213.652
214.652
231.652
151.882
155.196
165.096
165.51
174.51
175.51
176.51
184.096
184.51
196.51
229.426
211.426
210.426
210.012
197.426
196.426
184.426
183.426
182.426
181.426
181.012
177.426
177.012
176.598
176.184
175.355
150.941
145.971
140.314
128.314
127.314
126.314
125.314
124.9
118.314
117.9
118.314
133.971
135.527
144.012
144.426
159.426
140.64
141.054
141.468
141.882
142.297
158.953
158.539
150.882
150.468
148.811
151.711
154.368
154.782
155.196
155.61
156.024
156.439
156.853
157.267
166.681
167.681
189.681
190.681
191.681
192.681
193.681
193.267
192.267
190.439
190.853
215.066
216.066
217.066
232.066
233.066
234.066
152.882
155.782
156.196
166.51
173.924
174.924
185.51
196.924
197.924
233.841
232.841
231.841
230.841
229.841
212.841
211.841
196.841
195.841
194.841
185.841
184.841
177.184
176.77
176.355
176.77
152.355
151.941
147.799
147.385
146.971
140.728
139.728
129.728
128.728
118.9
119.314
119.728
129.556
130.556
131.556
132.556
133.556
136.527
145.426
145.841
146.841
159.841
143.297
143.711
144.125
144.539
145.539
146.539
147.539
148.539
149.539
150.539
151.539
152.539
153.539
154.539
155.539
156.539
157.539
158.539
159.539
160.539
162.368
161.368
160.368
159.953
151.468
151.054
150.64
149.811
150.225
152.711
153.953
168.096
191.439
217.48
234.48
153.882
156.782
167.51
167.924
168.338
173.338
174.338
186.51
198.338
199.338
200.338
235.255
234.255
214.255
213.255
195.255
194.255
188.255
187.255
186.255
177.77
177.77
178.184
179.184
180.184
153.355
148.799
140.142
139.142
138.142
132.142
131.142
130.142
119.9
120.728
121.142
122.142
123.142
124.142
125.142
126.142
127.142
128.142
129.142
137.527
147.255
148.255
160.255
161.255
160.953
161.953
162.953
163.953
163.782
162.782
151.64
151.225
151.64
152.64
155.125
154.125
153.711
154.953
169.096
192.439
218.48
234.895
235.895
156.297
155.297
154.882
157.782
169.338
173.752
187.51
187.924
188.338
200.752
236.669
235.669
214.669
194.669
189.669
188.669
178.77
180.598
181.598
155.77
154.77
154.355
149.799
138.556
133.556
132.556
120.9
138.527
138.941
139.941
148.669
161.669
164.368
164.196
152.64
152.225
153.054
154.054
155.054
156.054
157.054
158.539
157.539
156.539
155.539
155.953
170.096
193.439
219.48
219.895
236.309
156.711
158.782
170.338
170.752
174.167
189.338
201.167
202.167
239.083
238.083
237.083
215.669
195.083
194.083
190.083
179.77
179.355
178.941
182.012
156.184
150.799
138.971
137.971
133.971
121.9
140.355
149.669
162.083
165.368
165.782
165.61
165.196
153.225
157.468
158.468
159.468
158.953
156.953
171.096
171.51
171.924
172.338
173.338
174.338
175.338
176.338
177.338
178.338
179.338
180.338
181.338
182.338
183.338
184.338
185.338
186.338
187.338
188.338
189.338
190.338
191.338
192.338
193.338
194.338
195.338
196.096
195.681
195.267
194.853
194.439
194.024
193.61
193.196
193.61
194.024
194.439
220.895
221.309
221.723
222.723
223.723
224.723
225.723
226.723
227.723
228.723
229.723
230.723
231.723
232.723
233.723
234.723
235.723
236.723
157.711
157.297
156.882
156.468
156.882
157.297
157.711
158.125
158.539
158.953
159.368
159.782
171.752
172.167
172.581
173.581
174.581
190.338
190.752
191.167
191.581
192.581
193.581
194.581
195.581
196.581
197.581
198.581
199.581
200.581
201.581
202.581
239.498
238.498
237.498
236.498
235.498
234.498
233.498
232.498
231.498
230.498
229.498
228.498
227.498
226.498
225.498
224.498
223.498
222.498
221.498
220.498
219.498
218.498
217.498
217.083
216.669
194.498
193.498
192.498
191.498
191.083
179.941
179.527
179.113
178.699
178.284
178.699
179.113
179.527
179.941
180.355
180.77
181.184
181.598
182.012
182.426
157.184
156.77
156.355
155.941
155.527
155.113
154.699
154.284
153.87
153.456
153.042
152.627
152.213
151.799
138.385
137.385
136.385
135.385
134.971
122.9
122.485
122.071
121.657
121.243
120.828
120.414
120.828
121.243
121.657
122.071
122.485
122.9
123.314
123.728
124.142
124.556
124.971
125.385
126.385
127.385
128.385
129.385
130.385
131.385
132.385
133.385
134.385
135.385
136.385
137.385
138.385
139.385
140.385
141.385
141.355
140.941
140.527
140.941
141.355
150.669
151.083
151.498
152.498
153.498
154.498
155.498
156.498
157.498
158.498
159.498
160.498
161.498
162.498
166.782
167.196
167.024
166.61
154.225
153.811
153.397
152.983
152.569
152.983
153.397
153.811
154.225
154.64
155.054
155.468
155.882
156.882
157.882
158.882
159.882
159.368
158.368
157.953
157.539
157.125
156.711
156.297
156.711
157.125
157.539
157.953
