209.953
208.953
207.953
211.539
210.539
209.539
208.539
207.539
206.539
205.539
204.539
203.539
202.539
213.125
212.125
211.125
210.125
209.125
208.125
207.125
206.125
205.125
204.125
203.125
202.125
201.125
200.125
213.711
212.711
211.711
210.711
209.711
208.711
207.711
206.711
205.711
204.711
203.711
202.711
201.711
200.711
199.711
198.711
197.711
196.711
213.297
212.297
211.297
210.297
209.297
208.297
207.297
206.297
205.297
204.297
203.297
202.297
201.297
200.297
199.297
198.297
197.297
196.297
195.297
194.297
193.297
192.882
212.882
211.882
210.882
209.882
208.882
207.882
206.882
205.882
204.882
203.882
202.882
201.882
200.882
199.882
198.882
197.882
196.882
195.882
194.882
193.882
192.882
191.882
212.468
211.468
210.468
209.468
208.468
207.468
206.468
205.468
204.468
203.468
202.468
201.468
200.468
199.468
198.468
197.468
196.468
195.468
194.468
193.468
192.468
191.468
190.468
189.468
212.054
211.054
210.054
209.054
208.054
207.054
206.054
205.054
204.054
203.054
202.054
201.054
200.054
199.054
198.054
197.054
196.054
195.054
194.054
193.054
192.054
191.054
190.054
189.054
188.054
187.054
186.054
185.054
184.054
211.64
210.64
209.64
208.64
207.64
206.64
205.64
204.64
203.64
202.64
201.64
200.64
199.64
198.64
197.64
196.64
195.64
194.64
193.64
192.64
191.64
190.64
189.64
188.64
187.64
186.64
185.64
184.64
183.64
182.64
181.64
180.64
179.64
178.64
177.64
210.225
209.225
208.225
207.225
206.225
205.225
204.225
203.225
202.225
201.225
200.225
199.225
198.225
197.225
196.225
195.225
194.225
193.225
192.225
191.225
190.225
189.225
188.225
187.225
186.225
185.225
184.225
183.225
182.225
181.225
180.225
179.225
178.225
177.225
176.225
175.225
174.225
173.225
172.225
171.225
170.225
169.225
168.225
167.225
166.225
165.225
164.225
163.225
115.225
114.225
113.225
112.225
111.225
110.225
109.225
108.225
107.225
207.811
206.811
205.811
204.811
203.811
202.811
201.811
200.811
199.811
198.811
197.811
196.811
195.811
194.811
193.811
192.811
191.811
190.811
189.811
188.811
187.811
186.811
185.811
184.811
183.811
182.811
181.811
180.811
179.811
178.811
177.811
176.811
175.811
174.811
173.811
172.811
171.811
170.811
169.811
168.811
167.811
166.811
165.811
164.811
163.811
162.811
161.811
160.811
159.811
158.811
157.811
156.811
155.811
154.811
153.811
152.811
151.811
121.811
120.811
119.811
118.811
117.811
116.811
115.811
114.811
113.811
112.811
111.811
110.811
109.811
108.811
107.811
106.811
105.811
104.811
103.811
102.811
101.811
100.811
99.8112
204.397
203.397
202.397
201.397
200.397
199.397
198.397
197.397
196.397
195.397
194.397
193.397
192.397
191.397
190.397
189.397
188.397
187.397
186.397
185.397
184.397
183.397
182.397
181.397
180.397
179.397
178.397
177.397
176.397
175.397
174.397
173.397
172.397
171.397
170.397
169.397
168.397
167.397
166.397
165.397
164.397
163.397
162.397
161.397
160.397
159.397
158.397
157.397
156.397
155.397
154.397
153.397
152.397
151.397
150.397
149.397
148.397
147.397
146.397
127.397
126.397
125.397
124.397
123.397
122.397
121.397
120.397
119.397
118.397
117.397
116.397
115.397
114.397
113.397
112.397
111.397
110.397
109.397
108.397
107.397
106.397
105.397
104.397
103.397
102.397
101.397
100.397
99.397
98.397
97.397
96.397
95.397
94.397
93.397
196.983
195.983
194.983
193.983
192.983
191.983
190.983
189.983
188.983
187.983
186.983
185.983
184.983
183.983
182.983
181.983
180.983
179.983
178.983
177.983
176.983
175.983
174.983
173.983
172.983
171.983
170.983
169.983
168.983
167.983
166.983
165.983
164.983
163.983
162.983
161.983
160.983
159.983
158.983
157.983
156.983
155.983
154.983
153.983
152.983
151.983
150.983
149.983
148.983
147.983
146.983
145.983
144.983
143.983
142.983
141.983
140.983
139.983
138.983
137.983
136.983
135.983
134.983
133.983
132.983
131.983
130.983
129.983
128.983
127.983
126.983
125.983
124.983
123.983
122.983
121.983
120.983
119.983
118.983
117.983
116.983
115.983
114.983
113.983
112.983
111.983
110.983
109.983
108.983
107.983
106.983
105.983
104.983
103.983
102.983
101.983
100.983
99.9828
98.9828
97.9828
96.9828
95.9828
94.9828
93.9828
92.9828
91.9828
90.9828
89.9828
89.5686
89.1544
88.7402
196.569
195.569
194.569
193.569
192.569
191.569
190.569
189.569
188.569
187.569
186.569
185.569
184.569
183.569
182.569
181.569
180.569
179.569
178.569
177.569
176.569
175.569
174.569
173.569
172.569
171.569
170.569
169.569
168.569
167.569
166.569
165.569
164.569
163.569
162.569
161.569
160.569
159.569
158.569
157.569
156.569
155.569
154.569
153.569
152.569
151.569
150.569
149.569
148.569
147.569
146.569
145.569
144.569
143.569
142.569
141.569
140.569
139.569
138.569
137.569
136.569
135.569
134.569
133.569
132.569
131.569
130.569
129.569
128.569
127.569
126.569
125.569
124.569
123.569
122.569
121.569
120.569
119.569
118.569
117.569
116.569
115.569
114.569
113.569
112.569
111.569
110.569
109.569
108.569
107.569
106.569
105.569
104.569
103.569
102.569
101.569
100.569
99.5686
98.5686
97.5686
96.5686
95.5686
94.5686
93.5686
92.5686
91.5686
90.5686
89.5686
88.5686
88.1544
87.7402
190.154
189.154
188.154
187.154
186.154
185.154
184.154
183.154
182.154
181.154
180.154
179.154
178.154
177.154
176.154
175.154
174.154
173.154
172.154
171.154
170.154
169.154
168.154
167.154
166.154
165.154
164.154
163.154
162.154
161.154
160.154
159.154
158.154
157.154
156.154
155.154
154.154
153.154
152.154
151.154
150.154
149.154
148.154
147.154
146.154
145.154
144.154
143.154
142.154
141.154
140.154
139.154
138.154
137.154
136.154
135.154
134.154
133.154
132.154
131.154
130.154
129.154
128.154
127.154
126.154
125.154
124.154
123.154
122.154
121.154
120.154
119.154
118.154
117.154
116.154
115.154
114.154
113.154
112.154
111.154
110.154
109.154
108.154
107.154
106.154
105.154
104.154
103.154
102.154
101.154
100.154
99.1544
98.1544
97.1544
96.1544
95.1544
94.1544
93.1544
92.1544
91.1544
90.1544
89.1544
88.1544
87.1544
86.7402
86.3259
85.9117
85.4975
85.0833
84.6691
84.2549
83.8407
83.4264
184.74
183.74
182.74
181.74
180.74
179.74
178.74
177.74
176.74
175.74
174.74
173.74
172.74
171.74
170.74
169.74
168.74
167.74
166.74
165.74
164.74
163.74
162.74
161.74
160.74
159.74
158.74
157.74
156.74
155.74
154.74
153.74
152.74
151.74
150.74
149.74
148.74
147.74
146.74
145.74
144.74
143.74
142.74
141.74
140.74
139.74
138.74
137.74
136.74
135.74
134.74
133.74
132.74
131.74
130.74
129.74
128.74
127.74
126.74
125.74
124.74
123.74
122.74
121.74
120.74
119.74
118.74
117.74
116.74
115.74
114.74
113.74
112.74
111.74
110.74
109.74
108.74
107.74
106.74
105.74
104.74
103.74
102.74
101.74
100.74
99.7402
98.7402
97.7402
96.7402
95.7402
94.7402
93.7402
92.7402
91.7402
90.7402
89.7402
88.7402
87.7402
86.7402
85.7402
85.3259
84.9117
84.4975
84.0833
83.6691
83.2549
82.8407
82.4264
82.0122
81.598
81.1838
80.7696
80.3554
79.9411
179.326
178.326
177.326
176.326
175.326
174.326
173.326
172.326
171.326
170.326
169.326
168.326
167.326
166.326
165.326
164.326
163.326
162.326
161.326
160.326
159.326
158.326
157.326
156.326
155.326
154.326
153.326
152.326
151.326
150.326
149.326
148.326
147.326
146.326
145.326
144.326
143.326
142.326
141.326
140.326
139.326
138.326
137.326
136.326
135.326
134.326
133.326
132.326
131.326
130.326
129.326
128.326
127.326
126.326
125.326
124.326
123.326
122.326
121.326
120.326
119.326
118.326
117.326
116.326
115.326
114.326
113.326
112.326
111.326
110.326
109.326
108.326
107.326
106.326
105.326
104.326
103.326
102.326
101.326
100.326
99.3259
98.3259
97.3259
96.3259
95.3259
94.3259
93.3259
92.3259
91.3259
90.3259
89.3259
88.3259
87.3259
86.3259
85.3259
84.3259
83.9117
83.4975
83.0833
82.6691
82.2549
81.8407
81.4264
81.0122
80.598
80.1838
79.7696
79.3554
78.9411
78.5269
78.1127
77.6985
77.2843
76.8701
172.912
171.912
170.912
169.912
168.912
167.912
166.912
165.912
164.912
163.912
162.912
161.912
160.912
159.912
158.912
157.912
156.912
155.912
154.912
153.912
152.912
151.912
150.912
149.912
148.912
147.912
146.912
145.912
144.912
143.912
142.912
141.912
140.912
139.912
138.912
137.912
136.912
135.912
134.912
133.912
132.912
131.912
130.912
129.912
128.912
127.912
126.912
125.912
124.912
123.912
122.912
121.912
120.912
119.912
118.912
117.912
116.912
115.912
114.912
113.912
112.912
111.912
110.912
109.912
108.912
107.912
106.912
105.912
104.912
103.912
102.912
101.912
100.912
99.9117
98.9117
97.9117
96.9117
95.9117
94.9117
93.9117
92.9117
91.9117
90.9117
89.9117
88.9117
87.9117
86.9117
85.9117
84.9117
83.9117
82.9117
82.4975
82.0833
81.6691
81.2549
80.8407
80.4264
80.0122
79.598
79.1838
78.7696
78.3554
77.9411
77.5269
77.1127
76.6985
76.2843
75.8701
75.4559
75.0416
74.6274
167.498
166.498
165.498
164.498
163.498
162.498
161.498
160.498
159.498
158.498
157.498
156.498
155.498
154.498
153.498
152.498
151.498
150.498
149.498
148.498
147.498
146.498
145.498
144.498
143.498
142.498
141.498
140.498
139.498
138.498
137.498
136.498
135.498
134.498
133.498
132.498
131.498
130.498
129.498
128.498
127.498
126.498
125.498
124.498
123.498
122.498
121.498
120.498
119.498
118.498
117.498
116.498
115.498
114.498
113.498
112.498
111.498
110.498
109.498
108.498
107.498
106.498
105.498
104.498
103.498
102.498
101.498
100.498
99.4975
98.4975
97.4975
96.4975
95.4975
94.4975
93.4975
92.4975
91.4975
90.4975
89.4975
88.4975
87.4975
86.4975
85.4975
84.4975
83.4975
82.4975
81.4975
81.0833
80.6691
80.2549
79.8407
79.4264
79.0122
78.598
78.1838
77.7696
77.3554
76.9411
76.5269
76.1127
75.6985
75.2843
74.8701
74.4559
74.0416
73.6274
73.2132
162.083
161.083
160.083
159.083
158.083
157.083
156.083
155.083
154.083
153.083
152.083
151.083
150.083
149.083
148.083
147.083
146.083
145.083
144.083
143.083
142.083
141.083
140.083
139.083
138.083
137.083
136.083
135.083
134.083
133.083
132.083
131.083
130.083
129.083
128.083
127.083
126.083
125.083
124.083
123.083
122.083
121.083
120.083
119.083
118.083
117.083
116.083
115.083
114.083
113.083
112.083
111.083
110.083
109.083
108.083
107.083
106.083
105.083
104.083
103.083
102.083
101.083
100.083
99.0833
98.0833
97.0833
96.0833
95.0833
94.0833
93.0833
92.0833
91.0833
90.0833
89.0833
88.0833
87.0833
86.0833
85.0833
84.0833
83.0833
82.0833
81.0833
80.0833
79.6691
79.2549
78.8407
78.4264
78.0122
77.598
77.1838
76.7696
76.3554
75.9411
75.5269
75.1127
74.6985
74.2843
73.8701
73.4559
73.0416
72.6274
72.2132
71.799
71.3848
155.669
154.669
153.669
152.669
151.669
150.669
149.669
148.669
147.669
146.669
145.669
144.669
143.669
142.669
141.669
140.669
139.669
138.669
137.669
136.669
135.669
134.669
133.669
132.669
131.669
130.669
129.669
128.669
127.669
126.669
125.669
124.669
123.669
122.669
121.669
120.669
119.669
118.669
117.669
116.669
115.669
114.669
113.669
112.669
111.669
110.669
109.669
108.669
107.669
106.669
105.669
104.669
103.669
102.669
101.669
100.669
99.6691
98.6691
97.6691
96.6691
95.6691
94.6691
93.6691
92.6691
91.6691
90.6691
89.6691
88.6691
87.6691
86.6691
85.6691
84.6691
83.6691
82.6691
81.6691
80.6691
79.6691
78.6691
78.2549
77.8407
77.4264
77.0122
76.598
76.1838
75.7696
75.3554
74.9411
74.5269
74.1127
73.6985
73.2843
72.8701
72.4559
72.0416
71.6274
71.2132
70.799
70.3848
69.9706
69.5564
151.255
150.255
149.255
148.255
147.255
146.255
145.255
144.255
143.255
142.255
141.255
140.255
139.255
138.255
137.255
136.255
135.255
134.255
133.255
132.255
131.255
130.255
129.255
128.255
127.255
126.255
125.255
124.255
123.255
122.255
121.255
120.255
119.255
118.255
117.255
116.255
115.255
114.255
113.255
112.255
111.255
110.255
109.255
108.255
107.255
106.255
105.255
104.255
103.255
102.255
101.255
100.255
99.2549
98.2549
97.2549
96.2549
95.2549
94.2549
93.2549
92.2549
91.2549
90.2549
89.2549
88.2549
87.2549
86.2549
85.2549
84.2549
83.2549
82.2549
81.2549
80.2549
79.2549
78.2549
77.2549
76.8407
76.4264
76.0122
75.598
75.1838
74.7696
74.3554
73.9411
73.5269
73.1127
72.6985
72.2843
71.8701
71.4559
71.0416
70.6274
70.2132
69.799
69.3848
68.9706
68.5564
68.1421
150.841
149.841
148.841
147.841
146.841
145.841
144.841
143.841
142.841
141.841
140.841
139.841
138.841
137.841
136.841
135.841
134.841
133.841
132.841
131.841
130.841
129.841
128.841
127.841
126.841
125.841
124.841
123.841
122.841
121.841
120.841
119.841
118.841
117.841
116.841
115.841
114.841
113.841
112.841
111.841
110.841
109.841
108.841
107.841
106.841
105.841
104.841
103.841
102.841
101.841
100.841
99.8407
98.8407
97.8407
96.8407
95.8407
94.8407
93.8407
92.8407
91.8407
90.8407
89.8407
88.8407
87.8407
86.8407
85.8407
84.8407
83.8407
82.8407
81.8407
80.8407
79.8407
78.8407
77.8407
76.8407
75.8407
75.4264
75.0122
74.598
74.1838
73.7696
73.3554
72.9411
72.5269
72.1127
71.6985
71.2843
70.8701
70.4559
70.0416
69.6274
69.2132
68.799
68.3848
67.9706
67.5564
67.1421
146.255
145.255
144.255
143.255
142.255
141.255
140.255
139.255
138.255
137.255
136.255
135.255
134.255
133.255
132.255
131.255
130.255
129.255
128.255
127.255
126.255
125.255
124.255
123.255
122.255
121.255
120.255
119.255
118.255
117.255
116.255
115.255
114.255
113.255
112.255
111.255
110.255
109.255
108.255
107.255
94.4264
93.4264
92.4264
91.4264
90.4264
89.4264
88.4264
87.4264
86.4264
85.4264
84.4264
83.4264
82.4264
81.4264
80.4264
79.4264
78.4264
77.4264
76.4264
75.4264
74.4264
74.0122
73.598
73.1838
72.7696
72.3554
71.9411
71.5269
71.1127
70.6985
70.2843
69.8701
69.4559
69.0416
68.6274
68.2132
67.799
67.3848
66.9706
66.5564
66.1421
142.669
141.669
140.669
139.669
138.669
137.669
136.669
135.669
134.669
133.669
132.669
131.669
130.669
129.669
128.669
127.669
126.669
125.669
124.669
123.669
122.669
121.669
120.669
119.669
118.669
117.669
116.669
115.669
114.669
113.669
112.669
86.0122
85.0122
84.0122
83.0122
82.0122
81.0122
80.0122
79.0122
78.0122
77.0122
76.0122
75.0122
74.0122
73.0122
72.598
72.1838
71.7696
71.3554
70.9411
70.5269
70.1127
69.6985
69.2843
68.8701
68.4559
68.0416
67.6274
67.2132
66.799
66.3848
65.9706
65.5564
65.1421
64.7279
138.083
137.083
136.083
135.083
134.083
133.083
132.083
131.083
130.083
129.083
128.083
127.083
126.083
125.083
124.083
123.083
122.083
121.083
120.083
119.083
80.598
79.598
78.598
77.598
76.598
75.598
74.598
73.598
72.598
71.598
71.1838
70.7696
70.3554
69.9411
69.5269
69.1127
68.6985
68.2843
67.8701
67.4559
67.0416
66.6274
66.2132
65.799
65.3848
64.9706
64.5564
64.1421
63.7279
133.498
132.498
131.498
130.498
129.498
128.498
127.498
126.498
125.498
124.498
123.498
122.498
75.1838
74.1838
73.1838
72.1838
71.1838
70.1838
69.7696
69.3554
68.9411
68.5269
68.1127
67.6985
67.2843
66.8701
66.4559
66.0416
65.6274
65.2132
64.799
64.3848
63.9706
63.5564
63.1421
62.7279
62.3137
61.8995
71.7696
70.7696
69.7696
68.7696
68.3554
67.9411
67.5269
67.1127
66.6985
66.2843
65.8701
65.4559
65.0416
64.6274
64.2132
63.799
63.3848
62.9706
62.5564
62.1421
61.7279
61.3137
60.8995
69.3554
68.3554
67.3554
66.9411
66.5269
66.1127
65.6985
65.2843
64.8701
64.4559
64.0416
63.6274
63.2132
62.799
62.3848
61.9706
61.5564
61.1421
60.7279
60.3137
59.8995
65.9411
65.5269
65.1127
64.6985
64.2843
63.8701
63.4559
63.0416
62.6274
62.2132
61.799
61.3848
60.9706
60.5564
60.1421
59.7279
59.3137
58.8995
58.4853
64.5269
64.1127
63.6985
63.2843
62.8701
62.4559
62.0416
61.6274
61.2132
60.799
60.3848
59.9706
59.5564
59.1421
58.7279
58.3137
57.8995
57.4853
64.1127
63.1127
62.6985
62.2843
61.8701
61.4559
61.0416
60.6274
60.2132
59.799
59.3848
58.9706
58.5564
58.1421
57.7279
57.3137
56.8995
56.4853
62.5269
62.6985
61.6985
61.2843
60.8701
60.4559
60.0416
59.6274
59.2132
58.799
58.3848
57.9706
57.5564
57.1421
56.7279
56.3137
55.8995
55.4853
59.4559
59.8701
60.2843
60.6985
61.1127
61.5269
61.9411
62.3554
62.7696
63.1838
60.2843
59.8701
59.4559
59.0416
58.6274
58.2132
57.799
57.3848
56.9706
56.5564
56.1421
55.7279
55.3137
54.8995
54.4853
54.0711
57.6274
58.0416
58.4559
58.8701
59.2843
59.6985
60.1127
60.5269
60.9411
61.3554
61.7696
62.1838
62.598
58.8701
58.4559
58.0416
57.6274
57.2132
56.799
56.3848
55.9706
55.5564
55.1421
54.7279
54.3137
53.8995
53.4853
53.0711
55.799
56.2132
56.6274
57.0416
57.4559
57.8701
58.2843
58.6985
59.1127
59.5269
59.9411
60.3554
60.7696
61.1838
61.598
62.0122
57.8701
57.4559
57.0416
56.6274
56.2132
55.799
55.3848
54.9706
54.5564
54.1421
53.7279
53.3137
52.8995
52.4853
52.0711
54.3848
54.799
55.2132
55.6274
56.0416
56.4559
56.8701
57.2843
57.6985
58.1127
58.5269
58.9411
59.3554
59.7696
60.1838
60.598
61.0122
58.1127
57.6985
57.2843
56.8701
56.4558
56.0416
56.4559
56.0416
55.6274
55.2132
54.799
54.3848
53.9706
53.5564
53.1421
52.7279
52.3137
51.8995
51.4853
51.0711
52.5563
52.9706
53.3848
53.799
54.2132
54.6274
55.0416
55.4559
55.8701
56.2843
56.6985
57.1127
57.5269
57.9411
58.3554
58.7696
59.1838
59.598
60.0122
58.3554
57.9411
57.5269
57.1127
56.6985
56.2843
55.8701
55.4558
55.0416
54.6274
54.2132
53.799
55.4559
55.0416
54.6274
54.2132
53.799
53.3848
52.9706
52.5564
52.1421
51.7279
51.3137
50.8995
50.4853
50.0711
49.6569
51.1421
51.5563
51.9706
52.3848
52.799
53.2132
53.6274
54.0416
54.4559
54.8701
55.2843
55.6985
56.1127
56.5269
56.9411
57.3554
57.7696
58.1838
58.598
59.0122
57.7696
57.3554
56.9411
56.5269
56.1127
55.6985
55.2843
54.8701
54.4558
54.0416
53.6274
53.2132
52.799
52.3848
51.9706
54.0416
53.6274
53.2132
52.799
52.3848
51.9706
51.5564
51.1421
50.7279
50.3137
49.8995
49.4853
49.0711
48.6569
50.1421
50.5563
50.9706
51.3848
51.799
52.2132
52.6274
53.0416
53.4559
53.8701
54.2843
54.6985
55.1127
55.5269
55.9411
56.3554
56.7696
57.1838
57.598
58.598
56.7696
56.3554
55.9411
55.5269
55.1127
54.6985
54.2843
53.8701
53.4558
53.0416
52.6274
52.2132
51.799
51.3848
50.9706
53.0416
52.6274
52.2132
51.799
51.3848
50.9706
50.5564
50.1421
49.7279
49.3137
48.8995
48.4853
48.0711
47.6569
48.7279
49.1421
49.5563
49.9706
50.3848
50.799
51.2132
51.6274
52.0416
52.4559
52.8701
53.2843
53.6985
54.1127
54.5269
54.9411
55.3554
55.7696
56.1838
57.1838
58.1838
56.1838
55.7696
55.3554
54.9411
54.5269
54.1127
53.6985
53.2843
52.8701
52.4558
52.0416
51.6274
51.2132
50.799
50.3848
49.9706
49.5563
49.1421
52.0416
51.6274
51.2132
50.799
50.3848
49.9706
49.5564
49.1421
48.7279
48.3137
47.8995
47.4853
47.0711
46.6569
47.7279
48.1421
48.5563
48.9706
49.3848
49.799
50.2132
50.6274
51.0416
51.4559
51.8701
52.2843
52.6985
53.1127
53.5269
53.9411
54.3554
54.7696
55.7696
56.7696
57.7696
55.1838
54.7696
54.3554
53.9411
53.5269
53.1127
52.6985
52.2843
51.8701
51.4558
51.0416
50.6274
50.2132
49.799
49.3848
48.9706
48.5563
48.1421
47.7279
51.6274
50.6274
50.2132
49.799
49.3848
48.9706
48.5564
48.1421
47.7279
47.3137
46.8995
46.4853
46.0711
45.6569
45.2426
44.8284
45.8995
46.3137
46.7279
47.1421
47.5563
47.9706
48.3848
48.799
49.2132
49.6274
50.0416
50.4559
50.8701
51.2843
51.6985
52.1127
52.5269
52.9411
53.3554
54.3554
55.3554
56.3554
57.3554
54.1838
53.7696
53.3554
52.9411
52.5269
52.1127
51.6985
51.2843
50.8701
50.4558
50.0416
49.6274
49.2132
48.799
48.3848
47.9706
47.5563
47.1421
46.7279
49.2132
48.799
48.3848
47.9706
47.5564
47.1421
46.7279
46.3137
45.8995
45.4853
45.0711
44.6569
44.2426
43.8284
44.4853
44.8995
45.3137
45.7279
46.1421
46.5563
46.9706
47.3848
47.799
48.2132
48.6274
49.0416
49.4559
49.8701
50.2843
50.6985
51.1127
51.5269
51.9411
52.9411
53.9411
54.9411
55.9411
53.1838
52.7696
52.3554
51.9411
51.5269
51.1127
50.6985
50.2843
49.8701
49.4558
49.0416
48.6274
48.2132
47.799
47.3848
46.9706
46.5563
46.1421
45.7279
45.3137
48.2132
47.799
47.3848
46.9706
46.5564
46.1421
45.7279
45.3137
44.8995
44.4853
44.0711
43.6569
43.2426
42.8284
42.4142
43.0711
43.4853
43.8995
44.3137
44.7279
45.1421
45.5563
45.9706
46.3848
46.799
47.2132
47.6274
48.0416
48.4559
48.8701
49.2843
49.6985
50.1127
50.5269
51.5269
52.5269
53.5269
54.5269
52.1838
51.7696
51.3554
50.9411
50.5269
50.1127
49.6985
49.2843
48.8701
48.4558
48.0416
47.6274
47.2132
46.799
46.3848
45.9706
45.5563
45.1421
44.7279
44.3137
43.8995
47.2132
46.799
46.3848
45.9706
45.5564
45.1421
44.7279
44.3137
43.8995
43.4853
43.0711
42.6569
42.2426
41.8284
41.4142
41.6569
42.0711
42.4853
42.8995
43.3137
43.7279
44.1421
44.5563
44.9706
45.3848
45.799
46.2132
46.6274
47.0416
47.4559
47.8701
48.2843
48.6985
49.1127
50.1127
51.1127
52.1127
53.1127
54.1127
51.7696
50.7696
50.3554
49.9411
49.5269
49.1127
48.6985
48.2843
47.8701
47.4558
47.0416
46.6274
46.2132
45.799
45.3848
44.9706
44.5563
44.1421
43.7279
43.3137
42.8995
42.4853
42.0711
45.799
45.3848
44.9706
44.5564
44.1421
43.7279
43.3137
42.8995
42.4853
42.0711
41.6569
41.2426
40.8284
40.4142
39.8284
40.2426
40.6569
41.0711
41.4853
41.8995
42.3137
42.7279
43.1421
43.5563
43.9706
44.3848
44.799
45.2132
45.6274
46.0416
46.4559
46.8701
47.2843
47.6985
48.6985
49.6985
50.6985
51.3554
50.3554
49.3554
48.9411
48.5269
48.1127
47.6985
47.2843
46.8701
46.4558
46.0416
45.6274
45.2132
44.799
44.3848
43.9706
43.5563
43.1421
42.7279
42.3137
41.8995
41.4853
41.0711
44.799
44.3848
43.9706
43.5564
43.1421
42.7279
42.3137
41.8995
41.4853
41.0711
40.6569
40.2426
39.8284
39.4142
39
38.4142
38.8284
39.2426
39.6569
40.0711
40.4853
40.8995
41.3137
41.7279
42.1421
42.5563
42.9706
43.3848
43.799
44.2132
44.6274
45.0416
45.4559
45.8701
46.2843
47.2843
48.2843
49.2843
42.9706
42.5563
42.1421
41.7279
41.3137
49.9411
48.9411
47.9411
47.5269
47.1127
46.6985
46.2843
45.8701
45.4558
45.0416
44.6274
44.2132
43.799
43.3848
42.9706
42.5563
42.1421
41.7279
41.3137
40.8995
40.4853
40.0711
39.6569
43.799
43.3848
42.9706
42.5564
42.1421
41.7279
41.3137
40.8995
40.4853
40.0711
39.6569
39.2426
38.8284
38.4142
38
37.4142
37.8284
38.2426
38.6569
39.0711
39.4853
39.8995
40.3137
40.7279
41.1421
41.5563
41.9706
42.3848
42.799
43.2132
43.6274
44.0416
44.4559
44.8701
45.8701
46.8701
47.8701
48.8701
41.9706
41.5563
41.1421
40.7279
40.3137
49.5269
48.5269
47.5269
46.5269
46.1127
45.6985
45.2843
44.8701
44.4558
44.0416
43.6274
43.2132
42.799
42.3848
41.9706
41.5563
41.1421
40.7279
40.3137
39.8995
39.4853
39.0711
38.6569
42.799
42.3848
41.9706
41.5564
41.1421
40.7279
40.3137
39.8995
39.4853
39.0711
38.6569
38.2426
37.8284
37.4142
37
36
36.4142
36.8284
37.2426
37.6569
38.0711
38.4853
38.8995
39.3137
39.7279
40.1421
40.5563
40.9706
41.3848
41.799
42.2132
42.6274
43.0416
43.4559
44.4559
45.4559
46.4559
47.4559
42.6274
42.2132
41.799
41.3848
40.9706
40.5563
40.1421
39.7279
39.3137
38.8995
38.4853
38.0711
37.6569
37.2426
75.7696
74.7696
73.7696
72.7696
71.7696
70.7696
69.7696
68.7696
67.7696
66.7696
65.7696
64.7696
63.7696
49.1127
48.1127
47.1127
46.1127
45.1127
44.6985
44.2843
43.8701
43.4558
43.0416
42.6274
42.2132
41.799
41.3848
40.9706
40.5563
40.1421
39.7279
39.3137
38.8995
38.4853
38.0711
37.6569
37.2426
41.3848
40.9706
40.5564
40.1421
39.7279
39.3137
38.8995
38.4853
38.0711
37.6569
37.2426
36.8284
36.4142
36
36
36
35
35
35.4142
35.8284
36.2426
36.6569
37.0711
37.4853
37.8995
38.3137
38.7279
39.1421
39.5563
39.9706
40.3848
40.799
41.2132
41.6274
42.0416
43.0416
44.0416
42.0416
41.6274
41.2132
40.799
40.3848
39.9706
39.5563
39.1421
38.7279
38.3137
37.8995
37.4853
37.0711
36.6569
36.2426
35.8284
35.4142
35
35
78.3553
77.3553
76.3553
75.3553
74.3553
73.3553
72.3553
71.3553
70.3553
69.3553
68.3553
67.3553
66.3553
65.3553
64.3553
63.3553
62.3553
61.3553
60.3553
47.6985
46.6985
45.6985
44.6985
43.6985
43.2843
42.8701
42.4558
42.0416
41.6274
41.2132
40.799
40.3848
39.9706
39.5563
39.1421
38.7279
38.3137
37.8995
37.4853
37.0711
36.6569
36.2426
40.3848
39.9706
39.5564
39.1421
38.7279
38.3137
37.8995
37.4853
37.0711
36.6569
36.2426
35.8284
35.4142
35
35
35
34
34
34
34
34.4142
34.8284
35.2426
35.6569
36.0711
36.4853
36.8995
37.3137
37.7279
38.1421
38.5563
38.9706
39.3848
39.799
40.2132
40.6274
41.6274
42.6274
41.8701
41.4558
41.0416
40.6274
40.2132
39.799
39.3848
38.9706
38.5563
38.1421
37.7279
37.3137
36.8995
36.4853
36.0711
35.6569
35.2426
34.8284
34.4142
34
34
34
34
78.9411
77.9411
76.9411
75.9411
74.9411
73.9411
72.9411
71.9411
70.9411
69.9411
68.9411
67.9411
66.9411
65.9411
64.9411
63.9411
62.9411
61.9411
60.9411
59.9411
58.9411
57.9411
56.9411
55.9411
45.2843
44.2843
43.2843
42.2843
41.8701
41.4558
41.0416
40.6274
40.2132
39.799
39.3848
38.9706
38.5563
38.1421
37.7279
37.3137
36.8995
36.4853
36.0711
35.6569
35.2426
34.8284
34.4142
38.9706
38.5564
38.1421
37.7279
37.3137
36.8995
36.4853
36.0711
35.6569
35.2426
34.8284
34.4142
34
34
34
34
33
33
33
33
33
33.4142
33.8284
34.2426
34.6569
35.0711
35.4853
35.8995
36.3137
36.7279
37.1421
37.5563
37.9706
38.3848
38.799
39.2132
40.2132
41.2132
41.2843
40.8701
40.4558
40.0416
39.6274
39.2132
38.799
38.3848
37.9706
37.5563
37.1421
36.7279
36.3137
35.8995
35.4853
35.0711
34.6569
34.2426
33.8284
33.4142
33
33
33
33
33
78.5269
77.5269
76.5269
75.5269
74.5269
73.5269
72.5269
71.5269
70.5269
69.5269
68.5269
67.5269
66.5269
65.5269
64.5269
63.5269
62.5269
61.5269
60.5269
59.5269
58.5269
57.5269
56.5269
55.5269
54.5269
53.5269
52.5269
51.5269
43.8701
42.8701
41.8701
40.8701
40.4558
40.0416
39.6274
39.2132
38.799
38.3848
37.9706
37.5563
37.1421
36.7279
36.3137
35.8995
35.4853
35.0711
34.6569
34.2426
33.8284
33.4142
33
38.5564
37.5564
37.1421
36.7279
36.3137
35.8995
35.4853
35.0711
34.6569
34.2426
33.8284
33.4142
33
33
33
33
32
32
32
32
32
32
32.4142
32.8284
33.2426
33.6569
34.0711
34.4853
34.8995
35.3137
35.7279
36.1421
36.5563
36.9706
37.3848
37.799
35.7279
36.1421
36.5563
36.1421
35.7279
35.3137
40.2843
39.8701
39.4558
39.0416
38.6274
38.2132
37.799
37.3848
36.9706
36.5563
36.1421
35.7279
35.3137
34.8995
34.4853
34.0711
33.6569
33.2426
32.8284
32.4142
32
32
32
32
32
32
32
32
79.1127
78.1127
77.1127
76.1127
75.1127
74.1127
73.1127
72.1127
71.1127
70.1127
69.1127
68.1127
67.1127
66.1127
65.1127
64.1127
63.1127
62.1127
61.1127
60.1127
59.1127
58.1127
57.1127
56.1127
55.1127
54.1127
53.1127
52.1127
51.1127
50.1127
49.1127
48.1127
47.1127
46.1127
42.4558
41.4558
40.4558
39.4558
39.0416
38.6274
38.2132
37.799
37.3848
36.9706
36.5563
36.1421
35.7279
35.3137
34.8995
34.4853
34.0711
33.6569
33.2426
32.8284
32.4142
32
32
36.1421
35.7279
35.3137
34.8995
34.4853
34.0711
33.6569
33.2426
32.8284
32.4142
32
32
32
32
32
31
31
31
31
31
31
31
31
31.4142
31.8284
32.2426
32.6569
33.0711
33.4853
33.8995
34.3137
34.7279
35.1421
35.5563
35.9706
36.3848
33.0711
33.4853
33.8995
34.3137
34.7279
35.1421
35.5563
35.1421
34.7279
34.3137
33.8995
33.4853
33.0711
32.6569
39.8701
38.8701
38.4558
38.0416
37.6274
37.2132
36.799
36.3848
35.9706
35.5563
35.1421
34.7279
34.3137
33.8995
33.4853
33.0711
32.6569
32.2426
31.8284
31.4142
31
31
31
31
31
31
31
31
31
78.6985
77.6985
76.6985
75.6985
74.6985
73.6985
72.6985
71.6985
70.6985
69.6985
68.6985
67.6985
66.6985
65.6985
64.6985
63.6985
62.6985
61.6985
60.6985
59.6985
58.6985
57.6985
56.6985
55.6985
54.6985
53.6985
52.6985
51.6985
50.6985
49.6985
48.6985
47.6985
46.6985
45.6985
44.6985
43.6985
42.6985
41.6985
40.6985
41.0416
40.0416
39.0416
38.0416
37.6274
37.2132
36.799
36.3848
35.9706
35.5563
35.1421
34.7279
34.3137
33.8995
33.4853
33.0711
32.6569
32.2426
31.8284
31.4142
31
31
35.1421
34.7279
34.3137
33.8995
33.4853
33.0711
32.6569
32.2426
31.8284
31.4142
31
31
31
31
31
30
30
30
30
30
30
30
30
30
30.4142
30.8284
31.2426
31.6569
32.0711
32.4853
32.8995
33.3137
33.7279
34.1421
34.5563
34.9706
30.8284
31.2426
31.6569
32.0711
32.4853
32.8995
33.3137
33.7279
34.1421
34.5563
34.1421
33.7279
33.3137
32.8995
32.4853
32.0711
31.6569
31.2426
30.8284
30.4142
39.4558
38.4558
37.4558
37.0416
36.6274
36.2132
35.799
35.3848
34.9706
34.5563
34.1421
33.7279
33.3137
32.8995
32.4853
32.0711
31.6569
31.2426
30.8284
30.4142
30
30
30
30
30
30
30
30
30
30
30
78.2843
77.2843
76.2843
75.2843
74.2843
73.2843
72.2843
71.2843
70.2843
69.2843
68.2843
67.2843
66.2843
65.2843
64.2843
63.2843
62.2843
61.2843
60.2843
59.2843
58.2843
57.2843
56.2843
55.2843
54.2843
53.2843
52.2843
51.2843
50.2843
49.2843
48.2843
47.2843
46.2843
45.2843
44.2843
43.2843
42.2843
41.2843
40.2843
39.2843
38.2843
37.8701
37.4558
37.0416
36.6274
36.2132
38.6274
37.6274
36.6274
36.2132
35.799
35.3848
34.9706
34.5563
34.1421
33.7279
33.3137
32.8995
32.4853
32.0711
31.6569
31.2426
30.8284
30.4142
30
30
30
33.7279
33.3137
32.8995
32.4853
32.0711
31.6569
31.2426
30.8284
30.4142
30
30
30
30
30
30
29
29
29
29
29
29
29
29
29
29.4142
29.8284
30.2426
30.6569
31.0711
31.4853
31.8995
32.3137
32.7279
33.1421
33.5563
34.5563
29.8284
30.2426
30.6569
31.0711
31.4853
31.8995
32.3137
32.7279
33.1421
33.5563
33.1421
32.7279
32.3137
31.8995
31.4853
31.0711
30.6569
30.2426
29.8284
29.4142
39.0416
38.0416
37.0416
36.0416
35.6274
35.2132
34.799
34.3848
33.9706
33.5563
33.1421
32.7279
32.3137
31.8995
31.4853
31.0711
30.6569
30.2426
29.8284
29.4142
29
29
29
29
29
29
29
29
29
29
29
77.8701
76.8701
75.8701
74.8701
73.8701
72.8701
71.8701
70.8701
69.8701
68.8701
67.8701
66.8701
65.8701
64.8701
63.8701
62.8701
61.8701
60.8701
59.8701
58.8701
57.8701
56.8701
55.8701
54.8701
53.8701
52.8701
51.8701
50.8701
49.8701
48.8701
47.8701
46.8701
45.8701
44.8701
43.8701
42.8701
41.8701
40.8701
39.8701
38.8701
37.8701
36.8701
36.4558
36.0416
35.6274
35.2132
38.2132
37.2132
36.2132
35.2132
34.799
34.3848
33.9706
33.5563
33.1421
32.7279
32.3137
31.8995
31.4853
31.0711
30.6569
30.2426
29.8284
29.4142
29
29
29
32.7279
32.3137
31.8995
31.4853
31.0711
30.6569
30.2426
29.8284
29.4142
29
29
29
29
29
29
28
28
28
28
28
28
28
28
28
28.4142
28.8284
29.2426
29.6569
30.0711
30.4853
30.8995
31.3137
31.7279
32.1421
28
28.4142
28.8284
29.2426
29.6569
30.0711
30.4853
30.8995
31.3137
31.7279
32.1421
32.5563
32.1421
31.7279
31.3137
30.8995
30.4853
30.0711
29.6569
29.2426
28.8284
28.4142
28
28
38.6274
37.6274
36.6274
35.6274
34.6274
34.2132
33.799
33.3848
32.9706
32.5563
32.1421
31.7279
31.3137
30.8995
30.4853
30.0711
29.6569
29.2426
28.8284
28.4142
28
28
28
28
28
28
28
28
28
28
28
77.4558
76.4558
75.4558
74.4558
73.4558
72.4558
71.4558
70.4558
69.4558
68.4558
67.4558
66.4558
65.4558
64.4558
63.4558
62.4558
61.4558
60.4558
59.4558
58.4558
57.4558
56.4558
55.4558
54.4558
53.4558
52.4558
51.4558
50.4558
49.4558
48.4558
47.4558
46.4558
45.4558
44.4558
43.4558
42.4558
41.4558
40.4558
39.4558
38.4558
37.4558
36.4558
35.4558
35.0416
34.6274
34.2132
33.799
33.3848
32.9706
32.5563
32.1421
28
28.4142
28.8284
29.2426
29.6569
30.0711
30.4853
30.8995
31.3137
31.7279
31.7279
31.3137
30.8995
30.4853
30.0711
29.6569
35.799
34.799
33.799
33.3848
32.9706
32.5563
32.1421
31.7279
31.3137
30.8995
30.4853
30.0711
29.6569
29.2426
28.8284
28.4142
28
28
28
28
28
31.7279
31.3137
30.8995
30.4853
30.0711
29.6569
29.2426
28.8284
28.4142
28
28
28
28
28
28
27
27
27
27
27
27
27
27
27
27
27.4142
27.8284
28.2426
28.6569
29.0711
29.4853
29.8995
30.3137
30.7279
27
27
27.4142
27.8284
28.2426
28.6569
29.0711
29.4853
29.8995
30.3137
30.7279
31.1421
31.5563
31.1421
30.7279
30.3137
29.8995
29.4853
29.0711
28.6569
28.2426
27.8284
27.4142
27
27
27
38.2132
37.2132
36.2132
35.2132
34.2132
33.2132
32.799
32.3848
31.9706
31.5563
31.1421
30.7279
30.3137
29.8995
29.4853
29.0711
28.6569
28.2426
27.8284
27.4142
27
27
27
27
27
27
27
27
27
27
27
27
77.0416
76.0416
75.0416
74.0416
73.0416
72.0416
71.0416
70.0416
69.0416
68.0416
67.0416
66.0416
65.0416
64.0416
63.0416
62.0416
61.0416
60.0416
59.0416
58.0416
57.0416
56.0416
55.0416
54.0416
53.0416
52.0416
51.0416
50.0416
49.0416
48.0416
47.0416
46.0416
45.0416
44.0416
43.0416
42.0416
41.0416
40.0416
39.0416
38.0416
37.0416
36.0416
35.0416
34.0416
33.6274
33.2132
32.799
32.3848
31.9706
31.5563
31.1421
30.7279
30.3137
29.8995
29.4853
29.0711
27
27
27
27.4142
27.8284
28.2426
28.6569
29.0711
29.4853
29.8995
30.3137
30.7279
30.7279
30.3137
29.8995
29.4853
29.0711
28.6569
28.2426
27.8284
33.3848
32.3848
31.9706
31.5563
31.1421
30.7279
30.3137
29.8995
29.4853
29.0711
28.6569
28.2426
27.8284
27.4142
27
27
27
27
27
30.3137
29.8995
29.4853
29.0711
28.6569
28.2426
27.8284
27.4142
27
27
27
27
27
27
27
27
26
26
26
26
26
26
26
26
26
26
26.4142
26.8284
27.2426
27.6569
28.0711
28.4853
28.8995
29.3137
26
26
26
26
26
26.4142
26.8284
27.2426
27.6569
28.0711
28.4853
28.8995
29.3137
29.7279
30.1421
30.5563
30.1421
29.7279
29.3137
28.8995
28.4853
28.0711
27.6569
27.2426
26.8284
26.4142
26
26
26
26
26
37.799
36.799
35.799
34.799
33.799
32.799
31.799
31.3848
30.9706
30.5563
30.1421
29.7279
29.3137
28.8995
28.4853
28.0711
27.6569
27.2426
26.8284
26.4142
26
26
26
26
26
26
26
26
26
26
26
26
26
75.6274
74.6274
73.6274
72.6274
71.6274
70.6274
69.6274
68.6274
67.6274
66.6274
65.6274
64.6274
63.6274
62.6274
61.6274
60.6274
59.6274
58.6274
57.6274
56.6274
55.6274
54.6274
53.6274
52.6274
51.6274
50.6274
49.6274
48.6274
47.6274
46.6274
45.6274
44.6274
43.6274
42.6274
41.6274
40.6274
39.6274
38.6274
37.6274
36.6274
35.6274
34.6274
33.6274
32.6274
32.2132
31.799
31.3848
30.9706
30.5563
30.1421
29.7279
29.3137
28.8995
28.4853
28.0711
27.6569
27.2426
26.8284
26.4142
26
26
26
26
26
26.4142
26.8284
27.2426
27.6569
28.0711
28.4853
28.8995
29.3137
29.7279
29.7279
29.3137
28.8995
28.4853
28.0711
27.6569
27.2426
26.8284
26.4142
26
26
31.9706
30.9706
30.5563
30.1421
29.7279
29.3137
28.8995
28.4853
28.0711
27.6569
27.2426
26.8284
26.4142
26
26
26
26
26
26
29.8995
28.8995
28.4853
28.0711
27.6569
27.2426
26.8284
26.4142
26
26
26
26
26
26
26
26
26
26
26
25
25
25
25
25
25
25
25
25
25
25
25
25
25
25
25
25
25
25.4142
25.8284
26.2426
26.6569
27.0711
27.4853
27.8995
28.8995
25
25
25
25
25
25
25.4142
25.8284
26.2426
26.6569
27.0711
27.4853
27.8995
28.3137
28.7279
29.1421
29.5563
29.1421
28.7279
28.3137
27.8995
27.4853
27.0711
26.6569
26.2426
25.8284
25.4142
25
25
25
25
25
25
36.3848
35.3848
34.3848
33.3848
32.3848
31.3848
30.3848
29.9706
29.5563
29.1421
28.7279
28.3137
27.8995
27.4853
27.0711
26.6569
26.2426
25.8284
25.4142
25
25
25
25
25
25
25
25
25
25
25
25
25
75.2132
74.2132
73.2132
72.2132
71.2132
70.2132
69.2132
68.2132
67.2132
66.2132
65.2132
64.2132
63.2132
62.2132
61.2132
60.2132
59.2132
58.2132
57.2132
56.2132
55.2132
54.2132
53.2132
52.2132
51.2132
50.2132
49.2132
48.2132
47.2132
46.2132
45.2132
44.2132
43.2132
42.2132
41.2132
40.2132
39.2132
38.2132
37.2132
36.2132
35.2132
34.2132
33.2132
32.2132
31.2132
30.799
30.3848
29.9706
29.5563
29.1421
28.7279
28.3137
27.8995
27.4853
27.0711
26.6569
26.2426
25.8284
25.4142
25
25
25
25
25
25
25
25
25
25.4142
25.8284
26.2426
26.6569
27.0711
27.4853
27.8995
28.3137
28.7279
28.7279
28.3137
27.8995
27.4853
27.0711
26.6569
26.2426
25.8284
25.4142
25
25
25
25
30.5563
29.5563
29.1421
28.7279
28.3137
27.8995
27.4853
27.0711
26.6569
26.2426
25.8284
25.4142
25
25
25
25
25
25
27.4853
27.0711
26.6569
26.2426
25.8284
25.4142
25
25
25
25
25
25
25
25
25
25
25
25
25
25
25
24
24
24
24
24
24
24
24
24
24
24
24
24
24
24
24
24
24
24
24
24
24
24.4142
24.8284
25.2426
25.6569
26.0711
26.4853
24
24
24
24
24
24
24
24
24.4142
24.8284
25.2426
25.6569
26.0711
26.4853
26.8995
27.3137
27.7279
28.1421
28.5563
28.1421
27.7279
27.3137
26.8995
26.4853
26.0711
25.6569
25.2426
24.8284
24.4142
24
24
24
24
24
24
24
33.9706
32.9706
31.9706
30.9706
29.9706
28.9706
28.5563
28.1421
27.7279
27.3137
26.8995
26.4853
26.0711
25.6569
25.2426
24.8284
24.4142
24
24
24
24
24
24
24
24
24
24
24
24
24
70.799
69.799
68.799
67.799
66.799
65.799
64.799
63.799
62.799
61.799
60.799
59.799
58.799
57.799
56.799
55.799
54.799
53.799
52.799
51.799
50.799
49.799
48.799
47.799
46.799
45.799
44.799
43.799
42.799
41.799
40.799
39.799
38.799
37.799
36.799
35.799
34.799
33.799
32.799
31.799
30.799
29.799
29.3848
28.9706
28.5563
28.1421
27.7279
27.3137
26.8995
26.4853
26.0711
25.6569
25.2426
24.8284
24.4142
24
24
24
24
24
24
24
24
24
24
24
24
24
24.4142
24.8284
25.2426
25.6569
26.0711
26.4853
26.8995
27.3137
27.7279
27.7279
27.3137
26.8995
26.4853
26.0711
25.6569
25.2426
24.8284
24.4142
24
24
24
24
24
29.1421
28.1421
27.7279
27.3137
26.8995
26.4853
26.0711
25.6569
25.2426
24.8284
24.4142
24
24
24
24
24
24
24
26.4853
26.0711
25.6569
25.2426
24.8284
24.4142
24
24
24
24
24
24
24
24
24
24
24
24
24
24
24
24
24
24
24
23
23
23
23
23
23
23
23
23
23
23
23
23
23
23
23
23
23
23
23
23
23
23
23
23
23.4142
23.8284
24.2426
24.6569
25.0711
23
23
23
23
23
23
23
23
23
23.4142
23.8284
24.2426
24.6569
25.0711
25.4853
25.8995
26.3137
26.7279
27.1421
27.5563
27.1421
26.7279
26.3137
25.8995
25.4853
25.0711
24.6569
24.2426
23.8284
23.4142
23
23
23
23
23
23
23
32.5563
31.5563
30.5563
29.5563
28.5563
27.5563
27.1421
26.7279
26.3137
25.8995
25.4853
25.0711
24.6569
24.2426
23.8284
23.4142
23
23
23
23
23
23
23
23
23
23
23
23
23
23
23
23
23
23
23
23
23
23
23
23
61.3848
60.3848
59.3848
58.3848
57.3848
56.3848
55.3848
54.3848
53.3848
52.3848
51.3848
50.3848
49.3848
48.3848
47.3848
46.3848
45.3848
44.3848
43.3848
42.3848
41.3848
40.3848
39.3848
38.3848
37.3848
36.3848
35.3848
34.3848
33.3848
32.3848
31.3848
30.3848
29.3848
28.3848
27.9706
27.5563
27.1421
26.7279
26.3137
25.8995
25.4853
25.0711
24.6569
24.2426
23.8284
23.4142
23
23
23
23
23
23
23
23
23
23
23
23
23
23
23.4142
23.8284
24.2426
24.6569
25.0711
25.4853
25.8995
26.3137
26.7279
26.7279
26.3137
25.8995
25.4853
25.0711
24.6569
24.2426
23.8284
23.4142
23
23
23
23
23
23
23
23
23
23
23
23
26.7279
26.3137
25.8995
25.4853
25.0711
24.6569
24.2426
23.8284
23.4142
23
23
23
23
23
23
23
25.0711
24.6569
24.2426
23.8284
23.4142
23
23
23
23
23
23
23
23
23
23
23
23
23
23
23
23
23
23
23
23
22
22
22
22
22
22
22
22
22
22
22
22
22
22
22
22
22
22
22
22
22
22
22
22
22
22
22
22
22.4142
22.8284
23.2426
23.6569
24.0711
22
22
22
22
22
22
22
22
22
22
22.4142
22.8284
23.2426
23.6569
24.0711
24.4853
24.8995
25.3137
25.7279
26.1421
26.5563
26.1421
25.7279
25.3137
24.8995
24.4853
24.0711
23.6569
23.2426
22.8284
22.4142
22
22
22
22
22
22
22
22
31.1421
30.1421
29.1421
28.1421
27.1421
26.1421
25.7279
25.3137
24.8995
24.4853
24.0711
23.6569
23.2426
22.8284
22.4142
22
22
22
22
22
22
22
22
22
22
22
22
22
22
22
22
22
22
22
22
22
22
22
22
22
22
22
22
54.9706
53.9706
52.9706
51.9706
50.9706
49.9706
48.9706
47.9706
46.9706
45.9706
44.9706
43.9706
42.9706
41.9706
40.9706
39.9706
38.9706
37.9706
36.9706
35.9706
34.9706
33.9706
32.9706
31.9706
30.9706
29.9706
28.9706
27.9706
26.9706
26.5563
26.1421
25.7279
25.3137
24.8995
24.4853
24.0711
23.6569
23.2426
22.8284
22.4142
22
22
22
22
22
22
22
22
22
22
22
22
22
22
22
22
22
22
22.4142
22.8284
23.2426
23.6569
24.0711
24.4853
24.8995
25.3137
25.7279
25.7279
25.3137
24.8995
24.4853
24.0711
23.6569
23.2426
22.8284
22.4142
22
22
22
22
22
22
22
22
22
22
22
22
22
22
22
22
22
22
25.3137
24.8995
24.4853
24.0711
23.6569
23.2426
22.8284
22.4142
22
22
22
22
22
22
22
22
22
24.0711
23.6569
23.2426
22.8284
22.4142
22
22
22
22
22
22
22
22
22
22
22
22
22
22
22
22
22
22
22
22
22
22
21
21
21
21
21
21
21
21
21
21
21
21
21
21
21
21
21
21
21
21
21
21
21
21
21
21
21
21
21
21
21.4142
21.8284
22.2426
22.6569
21
21
21
21
21
21
21
21
21
21
21
21.4142
21.8284
22.2426
22.6569
23.0711
23.4853
23.8995
24.3137
24.7279
25.1421
25.5563
25.1421
24.7279
24.3137
23.8995
23.4853
23.0711
22.6569
22.2426
21.8284
21.4142
21
21
21
21
21
21
21
21
27.7279
26.7279
25.7279
24.7279
24.3137
23.8995
23.4853
23.0711
22.6569
22.2426
21.8284
21.4142
21
21
21
21
21
21
21
21
21
21
21
21
21
21
21
21
21
21
21
21
21
21
21
21
21
21
21
21
21
49.5563
48.5563
47.5563
46.5563
45.5563
44.5563
43.5563
42.5563
41.5563
40.5563
39.5563
38.5563
37.5563
36.5563
35.5563
34.5563
33.5563
32.5563
31.5563
30.5563
29.5563
28.5563
27.5563
26.5563
25.5563
25.1421
24.7279
24.3137
23.8995
23.4853
23.0711
22.6569
22.2426
21.8284
21.4142
21
21
21
21
21
21
21
21
21
21
21
21
21
21
21
21
21
21
21
21.4142
21.8284
22.2426
22.6569
23.0711
23.4853
23.8995
24.3137
24.7279
24.7279
24.3137
23.8995
23.4853
23.0711
22.6569
22.2426
21.8284
21.4142
21
21
21
21
21
21
21
21
21
21
21
21
21
21
21
21
21
21
21
21
21
21
21
23.8995
23.4853
23.0711
22.6569
22.2426
21.8284
21.4142
21
21
21
21
21
21
21
21
21
22.6569
22.2426
21.8284
21.4142
21
21
21
21
21
21
21
21
21
21
21
21
21
21
21
21
21
21
21
21
21
21
21
21
21
21
20
20
20
20
20
20
20
20
20
20
20
20
20
20
20
20
20
20
20
20
20
20
20
20
20
20
20
20
20
20
20.4142
20.8284
21.2426
21.6569
20
20
20
20
20
20
20
20
20
20
20
20.4142
20.8284
21.2426
21.6569
22.0711
22.4853
22.8995
23.3137
23.7279
24.1421
25.1421
24.1421
23.7279
23.3137
22.8995
22.4853
22.0711
21.6569
21.2426
20.8284
20.4142
20
20
20
20
20
20
20
20
27.3137
26.3137
25.3137
24.3137
23.3137
22.8995
22.4853
22.0711
21.6569
21.2426
20.8284
20.4142
20
20
20
20
20
20
20
20
20
20
20
20
20
20
20
20
20
20
20
20
20
20
20
20
20
20
20
20
20
49.1421
48.1421
47.1421
46.1421
45.1421
44.1421
43.1421
42.1421
41.1421
40.1421
39.1421
38.1421
37.1421
36.1421
35.1421
34.1421
33.1421
32.1421
31.1421
30.1421
29.1421
28.1421
27.1421
26.1421
25.1421
24.1421
23.7279
23.3137
22.8995
22.4853
22.0711
21.6569
21.2426
20.8284
20.4142
20
20
20
20
20
20
20
20
20
20
20
20
20
20
20
20
20
20
20
20.4142
20.8284
21.2426
21.6569
22.0711
22.4853
22.8995
23.3137
23.7279
23.7279
23.3137
22.8995
22.4853
22.0711
21.6569
21.2426
20.8284
20.4142
20
20
20
20
20
20
20
20
20
20
20
20
20
20
20
20
20
20
20
20
20
20
20
22.8995
22.4853
22.0711
21.6569
21.2426
20.8284
20.4142
20
20
20
20
20
20
20
20
20
21.6569
21.2426
20.8284
20.4142
20
20
20
20
20
20
20
20
20
20
20
20
20
20
20
20
20
20
20
20
20
20
20
20
20
20
19
19
19
19
19
19
19
19
19
19
19
19
19
19
19
19
19
19
19
19
19
19
19
19
19
19
19
19
19
19
19.4142
19.8284
20.2426
19
19
19
19
19
19
19
19
19
19
19
19
19
19.4142
19.8284
20.2426
20.6569
21.0711
21.4853
21.8995
22.3137
22.7279
23.7279
24.7279
23.7279
22.7279
22.3137
21.8995
21.4853
21.0711
20.6569
20.2426
19.8284
19.4142
19
19
19
19
19
19
19
19
25.8995
24.8995
23.8995
22.8995
21.8995
21.4853
21.0711
20.6569
20.2426
19.8284
19.4142
19
19
19
19
19
19
19
19
19
19
19
19
19
19
19
19
19
19
19
19
19
19
19
19
19
19
19
19
19
19
36.7279
35.7279
34.7279
33.7279
32.7279
31.7279
30.7279
29.7279
28.7279
27.7279
26.7279
25.7279
24.7279
23.7279
22.7279
22.3137
21.8995
21.4853
21.0711
20.6569
20.2426
19.8284
19.4142
19
19
19
19
19
19
19
19
19
19
19
19
19
19
19
19
19
19
19
19
19
19.4142
19.8284
20.2426
20.6569
21.0711
21.4853
21.8995
22.3137
22.7279
23.1421
22.3137
21.8995
21.4853
21.0711
20.6569
20.2426
19.8284
19.4142
19
19
19
19
19
19
19
19
19
19
19
19
19
19
19
19
19
19
19
19
19
19
19
19
19
19
19
19
21.4853
21.0711
20.6569
20.2426
19.8284
19.4142
19
19
19
19
19
19
19
19
19
19
20.6569
20.2426
19.8284
19.4142
19
19
19
19
19
19
19
19
19
19
19
19
19
19
19
19
19
19
19
19
19
19
19
19
19
19
19
18
18
18
18
18
18
18
18
18
18
18
18
18
18
18
18
18
18
18
18
18
18
18
18
18
18
18
18
18
18
18
18.4142
18.8284
19.8284
18
18
18
18
18
18
18
18
18
18
18
18
18
18
18.4142
18.8284
19.2426
19.6569
20.0711
20.4853
20.8995
21.3137
22.3137
23.3137
24.3137
23.3137
22.3137
21.3137
20.8995
20.4853
20.0711
19.6569
19.2426
18.8284
18.4142
18
18
18
18
18
18
18
18
18
18
23.4853
22.4853
21.4853
20.4853
20.0711
19.6569
19.2426
18.8284
18.4142
18
18
18
18
18
18
18
18
18
18
18
18
18
18
18
18
18
18
18
18
18
18
18
18
18
18
18
18
18
18
18
18
18
18
25.3137
24.3137
23.3137
22.3137
21.3137
20.8995
20.4853
20.0711
19.6569
19.2426
18.8284
18.4142
18
18
18
18
18
18
18
18
18
18
18
18
18
18
18
18
18
18
18
18
18
18
18.4142
18.8284
19.2426
19.6569
20.0711
20.4853
20.8995
21.3137
21.7279
22.7279
21.8995
20.8995
20.4853
20.0711
19.6569
19.2426
18.8284
18.4142
18
18
18
18
18
18
18
18
18
18
18
18
18
18
18
18
18
18
18
18
18
18
18
18
18
18
18
18
18
18
21.0711
20.0711
19.6569
19.2426
18.8284
18.4142
18
18
18
18
18
18
18
18
18
18
19.2426
18.8284
18.4142
18
18
18
18
18
18
18
18
18
18
18
18
18
18
18
18
18
18
18
18
18
18
18
18
18
18
18
18
17
17
17
17
17
17
17
17
17
17
17
17
17
17
17
17
17
17
17
17
17
17
17
17
17
17
17
17
17
17
17
17
17.4142
17
17
17
17
17
17
17
17
17
17
17
17
17
17
17.4142
17.8284
18.2426
18.6569
19.0711
19.4853
19.8995
20.8995
21.8995
22.8995
23.8995
22.8995
21.8995
20.8995
19.8995
19.4853
19.0711
18.6569
18.2426
17.8284
17.4142
17
17
17
17
17
17
17
17
17
17
21.0711
20.0711
19.0711
18.6569
18.2426
17.8284
17.4142
17
17
17
17
17
17
17
17
17
17
17
17
17
17
17
17
17
17
17
17
17
17
17
17
17
17
17
17
17
17
17
17
17
17
21.8995
20.8995
19.8995
19.4853
19.0711
18.6569
18.2426
17.8284
17.4142
17
17
17
17
17
17
17
17
17
17
17
17
17
17
17
17
17
17
17
17
17
17
17
17
17.4142
17.8284
18.2426
18.6569
19.0711
19.4853
19.8995
20.3137
21.3137
22.3137
21.4853
20.4853
19.4853
19.0711
18.6569
18.2426
17.8284
17.4142
17
17
17
17
17
17
17
17
17
17
17
17
17
17
17
17
17
17
17
17
17
17
17
17
17
17
17
17
17
17
17
17
18.6569
18.2426
17.8284
17.4142
17
17
17
17
17
17
17
17
17
17
17
18.2426
17.8284
17.4142
17
17
17
17
17
17
17
17
17
17
17
17
17
17
17
17
17
17
17
17
17
17
17
17
17
17
17
17
17
16.4142
16
16
16
16
16
16
16
16
16
16
16
16
16
16
16
16
16
16
16
16
16
16
16
16
16
16
16
16
16
16
16
16
16.4142
16
16
16
16
16
16
16
16
16
16
16
16
16
16
16
16.4142
16.8284
17.2426
17.6569
18.0711
18.4853
19.4853
20.4853
21.4853
22.4853
23.4853
22.4853
21.4853
20.4853
19.4853
18.4853
18.0711
17.6569
17.2426
16.8284
16.4142
16
16
16
16
16
16
16
16
16
16
18.6569
17.6569
17.2426
16.8284
16.4142
16
16
16
16
16
16
16
16
16
16
16
16
16
16
16
16
16
16
16
16
16
16
16
16
16
16
16
16
16
16
16
16
16
16
16
19.4853
18.4853
18.0711
17.6569
17.2426
16.8284
16.4142
16
16
16
16
16
16
16
16
16
16
16
16
16
16
16
16
16
16
16
16
16
16
16
16
16.4142
16.8284
17.2426
17.6569
18.0711
18.4853
18.8995
19.8995
20.8995
21.8995
21.0711
20.0711
19.0711
18.0711
17.6569
17.2426
16.8284
16.4142
16
16
16
16
16
16
16
16
16
16
16
16
16
16
16
16
16
16
16
16
16
16
16
16
16
16
16
16
16
16
16
16
17.2426
16.8284
16.4142
16
16
16
16
16
16
16
16
16
16
16
17.8284
16.8284
16.4142
16
16
16
16
16
16
16
16
16
16
16
16
16
16
16
16
16
16
16
16
16
16
16
16
16
16
16
16
16
16
15.4142
15
15
15
15
15
15
15
15
15
15
15
15
15
15
15
15
15
15
15
15
15
15
15
15
15
15
15
15
15
15
15
15
15.4142
15
15
15
15
15
15
15
15
15
15
15
15
15
15
15
15
15.4142
15.8284
16.2426
16.6569
17.0711
18.0711
19.0711
18.0711
17.0711
16.6569
16.2426
15.8284
15.4142
15
15
15
15
15
15
15
15
15
15
16.2426
15.8284
15.4142
15
15
15
15
15
15
15
15
15
15
15
15
15
15
15
15
15
15
15
15
15
15
15
15
15
15
15
15
15
15
15
15
15
15
15
17.0711
16.6569
16.2426
15.8284
15.4142
15
15
15
15
15
15
15
15
15
15
15
15
15
15
15
15
15
15
15
15
15
15
15
15
15
15
15.4142
15.8284
16.2426
16.6569
17.0711
17.4853
18.4853
19.4853
20.4853
21.4853
20.6569
19.6569
18.6569
17.6569
16.6569
16.2426
15.8284
15.4142
15
15
15
15
15
15
15
15
15
15
15
15
15
15
15
15
15
15
15
15
15
15
15
15
15
15
15
15
15
15
15
15
15
15
15
16.2426
15.8284
15.4142
15
15
15
15
15
15
15
15
15
15
15
15.4142
15
15
15
15
15
15
15
15
15
15
15
15
15
15
15
15
15
15
15
15
15
15
15
15
15
15
15
15
15
15
15
15
14.4142
14
14
14
14
14
14
14
14
14
14
14
14
14
14
14
14
14
14
14
14
14
14
14
14
14
14
14
14
14
14
14
14
14
14
14
14
14
14
14
14
14
14
14
14
14
14
14
14
14
14
14.4142
14.8284
15.2426
15.6569
15.6569
15.2426
14.8284
14.4142
14
14
14
14
14
14
14
14
14
14
14.8284
14.4142
14
14
14
14
14
14
14
14
14
14
14
14
14
14
14
14
14
14
14
14
14
14
14
14
14
14
14
14
14
14
14
14
14
14
14
14
14
15.6569
15.2426
14.8284
14.4142
14
14
14
14
14
14
14
14
14
14
14
14
14
14
14
14
14
14
14
14
14
14
14
14
14
14
14.4142
14.8284
15.2426
15.6569
16.0711
17.0711
17.2426
16.2426
15.2426
14.8284
14.4142
14
14
14
14
14
14
14
14
14
14
14
14
14
14
14
14
14
14
14
14
14
14
14
14
14
14
14
14
14
14
14
14
14
14
14
14
14.8284
14.4142
14
14
14
14
14
14
14
14
14
14
14
14.4142
14
14
14
14
14
14
14
14
14
14
14
14
14
14
14
14
14
14
14
14
14
14
14
14
14
14
14
14
14
14
14
14
13.4142
13
13
13
13
13
13
13
13
13
13
13
13
13
13
13
13
13
13
13
13
13
13
13
13
13
13
13
13
13
13
13
13
13
13
13
13
13
13
13
13
13
13
13
13
13
13
13
13
13
13
13.4142
13.8284
14.2426
14.2426
13.8284
13.4142
13
13
13
13
13
13
13
13
13
13
13.8284
13.4142
13
13
13
13
13
13
13
13
13
13
13
13
13
13
13
13
13
13
13
13
13
13
13
13
13
13
13
13
13
13
13
13
13
13
13
13
13
13
13
13
13
13
13
13
13
14.2426
13.8284
13.4142
13
13
13
13
13
13
13
13
13
13
13
13
13
13
13
13
13
13
13
13
13
13
13
13
13
13
13.4142
13.8284
14.2426
14.6569
13.8284
13.4142
13
13
13
13
13
13
13
13
13
13
13
13
13
13
13
13
13
13
13
13
13
13
13
13
13
13
13
13
13
13
13
13
13
13
13
13
13
13
13.8284
13.4142
13
13
13
13
13
13
13
13
13
13
13
13
13.4142
13
13
13
13
13
13
13
13
13
13
13
13
13
13
13
13
13
13
13
13
13
13
13
13
13
13
13
13
13
13
13
13
13
13
13
13
13
13
12.4142
12
12
12
12
12
12
12
12
12
12
12
12
12
12
12
12
12
12
12
12
12
12
12
12
12
12
12
12
12
12
12
12
12
12
12
12
12
12
12
12
12
12
12
12
12
12
12
12
12
12
12.4142
12.8284
13.8284
13.8284
12.8284
12.4142
12
12
12
12
12
12
12
12
12
12
12.8284
12.4142
12
12
12
12
12
12
12
12
12
12
12
12
12
12
12
12
12
12
12
12
12
12
12
12
12
12
12
12
12
12
12
12
12
12
12
12
12
12
12
12
12
12
12
12
12
13.2426
12.8284
12.4142
12
12
12
12
12
12
12
12
12
12
12
12
12
12
12
12
12
12
12
12
12
12
12
12
12
12
12.4142
12.8284
13.2426
13.6569
12.8284
12.4142
12
12
12
12
12
12
12
12
12
12
12
12
12
12
12
12
12
12
12
12
12
12
12
12
12
12
12
12
12
12
12
12
12
12
12
12
12
12
12.8284
12.4142
12
12
12
12
12
12
12
12
12
12
12
12
12.4142
12
12
12
12
12
12
12
12
12
12
12
12
12
12
12
12
12
12
12
12
12
12
12
12
12
12
12
12
12
12
12
12
12
12
12
12
12
12
11.4142
11
11
11
11
11
11
11
11
11
11
11
11
11
11
11
11
11
11
11
11
11
11
11
11
11
11
11
11
11
11
11
11
11
11
11
11
11
11
11
11
11
11
11
11
11
11
11
11
11
11
11.4142
12.4142
11.4142
11
11
11
11
11
11
11
11
11
11
11.4142
11
11
11
11
11
11
11
11
11
11
11
11
11
11
11
11
11
11
11
11
11
11
11
11
11
11
11
11
11
11
11
11
11
11
11
11
11
11
11
11
11
11
11
11
11
11
11
11.8284
11.4142
11
11
11
11
11
11
11
11
11
11
11
11
11
11
11
11
11
11
11
11
11
11
11
11
11
11
11
11.4142
11.8284
12.2426
11.4142
11
11
11
11
11
11
11
11
11
11
11
11
11
11
11
11
11
11
11
11
11
11
11
11
11
11
11
11
11
11
11
11
11
11
11
11
11
11
11.8284
11.4142
11
11
11
11
11
11
11
11
11
11
11
11
11.4142
11
11
11
11
11
11
11
11
11
11
11
11
11
11
11
11
11
11
11
11
11
11
11
11
11
11
11
11
11
11
11
11
11
11
11
11
11
11
11
11
11
10.4142
10
10
10
10
10
10
10
10
10
10
10
10
10
10
10
10
10
10
10
10
10
10
10
10
10
10
10
10
10
10
10
10
10
10
10
10
10
10
10
10
10
10
10
10
10
10
10
10
10
10
10
10
10
10
10
10
10
10
10
10
10
10.4142
10
10
10
10
10
10
10
10
10
10
10
10
10
10
10
10
10
10
10
10
10
10
10
10
10
10
10
10
10
10
10
10
10
10
10
10
10
10
10
10
10
10
10
10
10
10
10
10
10
10
11.4142
10.4142
10
10
10
10
10
10
10
10
10
10
10
10
10
10
10
10
10
10
10
10
10
10
10
10
10
10
10
10.4142
10.8284
10.4142
10
10
10
10
10
10
10
10
10
10
10
10
10
10
10
10
10
10
10
10
10
10
10
10
10
10
10
10
10
10
10
10
10
10
10
10
10
10
11.4142
10.4142
10
10
10
10
10
10
10
10
10
10
10
10
10.4142
10
10
10
10
10
10
10
10
10
10
10
10
10
10
10
10
10
10
10
10
10
10
10
10
10
10
10
10
10
10
10
10
10
10
10
10
10
10
10
10
10
10
10
10
9.41421
9
9
9
9
9
9
9
9
9
9
9
9
9
9
9
9
9
9
9
9
9
9
9
9
9
9
9
9
9
9
9
9
9
9
9
9
9
9
9
9
9
9
9
9
9
9
9
9
9
9
9
9
9
9
9
9
9
9
9
9
9
9
9
9
9
9
9
9
9
9
9
9
9
9
9
9
9
9
9
9
9
9
9
9
9
9
9
9
9
9
9
9
9
9
9
9
9
9
9
9
9
9
9
9
9
9
9
9
9
9
9
9
9
9
9
9
9
9
9
9
9
9
9
9
9
9
9
9
9
9
9
9
9
9
9
9
9
9
9
9.41421
10.4142
9
9
9
9
9
9
9
9
9
9
9
9
9
9
9
9
9
9
9
9
9
9
9
9
9
9
9
9
9
9
9
9
9
9
9
9
9
9
9
9
9
9
9
9
9
9
9
9
9
9
9
9.41421
9
9
9
9
9
9
9
9
9
9
9
9
9
9
9
9
9
9
9
9
9
9
9
9
9
9
9
9
9
9
9
9
9
9
9
9
9
9
9
9
9
9
9
9
9
8
8
8
8
8
8
8
8
8
8
8
8
8
8
8
8
8
8
8
8
8
8
8
8
8
8
8
8
8
8
8
8
8
8
8
8
8
8
8
8
8
8
8
8
8
8
8
8
8
8
8
8
8
8
8
8
8
8
8
8
8
8
8
8
8
8
8
8
8
8
8
8
8
8
8
8
8
8
8
8
8
8
8
8
8
8
8
8
8
8
8
8
8
8
8
8
8
8
8
8
8
8
8
8
8
8
8
8
8
8
8
8
8
8
8
8
8
8
8
8
8
8
8
8
8
8
8
8
8
8
8
8
8
8
8
8
8
8
8
8
8
8
8
8
8
8
8
8
8
8
8
8
8
8
8
8
8
8
8
8
8
8
8
8
8
8
8
8
8
8
8
8
8
8
8
8
8
8
8
8
8
8
8
8
8
8
8
8
8
8
8.41421
8
8
8
8
8
8
8
8
8
8
8
8
8
8
8
8
8
8
8
8
8
8
8
8
8
8
8
8
8
8
8
8
8
8
8
8
8
8
8
8
8
8
8
8
8
8
7
7
7
7
7
7
7
7
7
7
7
7
7
7
7
7
7
7
7
7
7
7
7
7
7
7
7
7
7
7
7
7
7
7
7
7
7
7
7
7
7
7
7
7
7
7
7
7
7
7
7
7
7
7
7
7
7
7
7
7
7
7
7
7
7
7
7
7
7
7
7
7
7
7
7
7
7
7
7
7
7
7
7
7
7
7
7
7
7
7
7
7
7
7
7
7
7
7
7
7
7
7
7
7
7
7
7
7
7
7
7
7
7
7
7
7
7
7
7
7
7
7
7
7
7
7
7
7
7
7
7
7
7
7
7
7
7
7
7
7
7
7
7
7
7
7
7
7
7
7
7
7
7
7
7
7
7
7
7
7
7
7
7
7
7
7
7
7
7
7
7
7
7
7
7
7
7
7
7
7
7
7
7
7
7
7
7
7
7
7
7
7
7
7
7
7
7
7
7
7
7
7
7
7
7
7
7
7
7
7
7
7
7
7
7
7
7
7
7
7
7
7
7
7
7
7
7
7
7
7
7
7
7
7
7
7
6
6
6
6
6
6
6
6
6
6
6
6
6
6
6
6
6
6
6
6
6
6
6
6
6
6
6
6
6
6
6
6
6
6
6
6
6
6
6
6
6
6
6
6
6
6
6
6
6
6
6
6
6
6
6
6
6
6
6
6
6
6
6
6
6
6
6
6
6
6
6
6
6
6
6
6
6
6
6
6
6
6
6
6
6
6
6
6
6
6
6
6
6
6
6
6
6
6
6
6
6
6
6
6
6
6
6
6
6
6
6
6
6
6
6
6
6
6
6
6
6
6
6
6
6
6
6
6
6
6
6
6
6
6
6
6
6
6
6
6
6
6
6
6
6
6
6
6
6
6
6
6
6
6
6
6
6
6
6
6
6
6
6
6
6
6
6
6
6
6
6
6
6
6
6
6
6
6
6
6
6
6
6
6
6
6
6
6
6
6
6
6
6
6
6
6
6
6
6
6
6
6
6
6
6
6
6
6
6
6
6
6
6
6
6
6
6
6
6
6
6
6
6
6
6
6
6
6
6
6
6
6
6
6
6
6
6
6
6
6
6
6
6
6
6
6
6
6
6
6
6
6
6
6
6
6
6
6
6
6
6
6
6
6
6
6
6
6
6
6
6
6
6
6
6
6
6
6
6
6
6
6
6
6
6
6
6
6
6
6
6
6
6
6
6
6
6
6
6
6
6
6
6
6
6
6
6
6
6
6
6
6
6
6
6
6
6
6
6
6
6
6
6
6
6
6
6
6
6
6
6
6
6
6
6
6
6
6
6
6
6
6
6
6
6
6
6
6
6
6
6
6
6
6
6
6
6
6
6
6
6
6
6
6
6
6
6
6
6
6
6
6
6
6
6
6
6
6
6
6
6
6
6
6
6
6
6
6
6
6
6
6
6
6
6
6
6
6
6
6
6
6
6
6
6
6
6
6
6
6
6
6
6
6
6
6
6
6
6
6
6
6
6
6
6
6
6
6
6
6
6
6
6
6
6
6
6
6
6
6
6
6
6
6
6
6
6
6
6
6
6
6
6
6
6
6
6
6
6
6
6
6
6
6
6
6
6
6
6
6
6
6
6
6
6
6
6
6
6
6
6
6
6
6
6
6
6
6
6
6
6
6
6
6
6
6
6
6
6
6
6
6
6
6
6
6
6
6
6
6
6
6
5
5
5
5
5
5
5
5
5
5
5
5
5
5
5
5
5
5
5
5
5
5
5
5
5
5
5
5
5
5
5
5
5
5
5
5
5
5
5
5
5
5
5
5
5
5
5
5
5
5
5
5
5
5
5
5
5
5
5
5
5
5
5
5
5
5
5
5
5
5
5
5
5
5
5
5
5
5
5
5
5
5
5
5
5
5
5
5
5
5
5
5
5
5
5
5
5
5
5
5
5
5
5
5
5
5
5
5
5
5
5
5
5
5
5
5
5
5
5
5
5
5
5
5
5
5
5
5
5
5
5
5
5
5
5
5
5
5
5
5
5
5
5
5
5
5
5
5
5
5
5
5
5
5
5
5
5
5
5
5
5
5
5
5
5
5
5
5
5
5
5
5
5
5
5
5
5
5
5
5
5
5
5
5
5
5
5
5
5
5
5
5
5
5
5
5
5
5
5
5
5
5
5
5
5
5
5
5
5
5
5
5
5
5
5
5
5
5
5
5
5
5
5
5
5
5
5
5
5
5
5
5
5
5
5
5
5
5
5
5
5
5
5
5
5
5
5
5
5
5
5
5
5
5
5
5
5
5
5
5
5
5
5
5
5
5
5
5
5
5
5
5
5
5
5
5
5
5
5
5
5
5
5
5
5
5
5
5
5
5
5
5
5
5
5
5
5
5
5
5
5
5
5
5
5
5
5
5
5
5
5
5
5
5
5
5
5
5
5
5
5
5
5
5
5
5
5
5
5
5
5
5
5
5
5
5
5
5
5
5
5
5
5
5
5
5
5
5
5
5
5
5
5
5
5
5
5
5
5
5
5
5
5
5
5
5
5
5
5
5
5
5
5
5
5
5
5
5
5
5
5
5
5
5
5
5
5
5
5
5
5
5
5
5
5
5
5
5
5
5
5
5
5
5
5
5
5
5
5
5
5
5
5
5
5
5
5
5
5
5
5
5
5
5
5
5
5
5
5
5
5
5
5
5
5
5
5
5
5
5
5
5
5
5
5
5
5
5
5
5
5
5
5
5
5
5
5
5
5
5
5
5
5
5
5
5
5
5
5
5
5
5
5
5
5
5
5
5
5
5
5
5
5
5
5
5
5
5
5
5
5
5
5
5
5
5
5
5
5
5
5
5
5
5
5
5
5
5
5
5
5
5
4
4
4
4
4
4
4
4
4
4
4
4
4
4
4
4
4
4
4
4
4
4
4
4
4
4
4
4
4
4
4
4
4
4
4
4
4
4
4
4
4
4
4
4
4
4
4
4
4
4
4
4
4
4
4
4
4
4
4
4
4
4
4
4
4
4
4
4
4
4
4
4
4
4
4
4
4
4
4
4
4
4
4
4
4
4
4
4
4
4
4
4
4
4
4
4
4
4
4
4
4
4
4
4
4
4
4
4
4
4
4
4
4
4
4
4
4
4
4
4
4
4
4
4
4
4
4
4
4
4
4
4
4
4
4
4
4
4
4
4
4
4
4
4
4
4
4
4
4
4
4
4
4
4
4
4
4
4
4
4
4
4
4
4
4
4
4
4
4
4
4
4
4
4
4
4
4
4
4
4
4
4
4
4
4
4
4
4
4
4
4
4
4
4
4
4
4
4
4
4
4
4
4
4
4
4
4
4
4
4
4
4
4
4
4
4
4
4
4
4
4
4
4
4
4
4
4
4
4
4
4
4
4
4
4
4
4
4
4
4
4
4
4
4
4
4
4
4
4
4
4
4
4
4
4
4
4
4
4
4
4
4
4
4
4
4
4
4
4
4
4
4
4
4
4
4
4
4
4
4
4
4
4
4
4
4
4
4
4
4
4
4
4
4
4
4
4
4
4
4
4
4
4
4
4
4
4
4
4
4
4
4
4
4
4
4
4
4
4
4
4
4
4
4
4
4
4
4
4
4
4
4
4
4
4
4
4
4
4
4
4
4
4
4
4
4
4
4
4
4
4
4
4
4
4
4
4
4
4
4
4
4
4
4
4
4
4
4
4
4
4
4
4
4
4
4
4
4
4
4
4
4
4
4
4
4
4
4
4
4
4
4
4
4
4
4
4
4
4
4
4
4
4
4
4
4
4
4
4
4
4
4
4
4
4
4
4
4
4
4
4
4
4
4
4
4
4
4
4
4
4
4
4
4
4
4
4
4
4
4
4
4
4
4
4
4
4
4
4
4
4
4
4
4
4
4
4
4
4
4
4
4
4
4
4
4
4
4
4
4
4
4
4
4
4
4
4
4
4
4
4
4
4
4
4
4
4
4
4
4
4
4
4
4
4
4
4
4
4
4
4
4
4
4
4
4
4
4
4
4
4
4
3
3
3
3
3
3
3
3
3
3
3
3
3
3
3
3
3
3
3
3
3
3
3
3
3
3
3
3
3
3
3
3
3
3
3
3
3
3
3
3
3
3
3
3
3
3
3
3
3
3
3
3
3
3
3
3
3
3
3
3
3
3
3
3
3
3
3
3
3
3
3
3
3
3
3
3
3
3
3
3
3
3
3
3
3
3
3
3
3
3
3
3
3
3
3
3
3
3
3
3
3
3
3
3
3
3
3
3
3
3
3
3
3
3
3
3
3
3
3
3
3
3
3
3
3
3
3
3
3
3
3
3
3
3
3
3
3
3
3
3
3
3
3
3
3
3
3
3
3
3
3
3
3
3
3
3
3
3
3
3
3
3
3
3
3
3
3
3
3
3
3
3
3
3
3
3
3
3
3
3
3
3
3
3
3
3
3
3
3
3
3
3
3
3
3
3
3
3
3
3
3
3
3
3
3
3
3
3
3
3
3
3
3
3
3
3
3
3
3
3
3
3
3
3
3
3
3
3
3
3
3
3
3
3
3
3
3
3
3
3
3
3
3
3
3
3
3
3
3
3
3
3
3
3
3
3
3
3
3
3
3
3
3
3
3
3
3
3
3
3
3
3
3
3
3
3
3
3
3
3
3
3
3
3
3
3
3
3
3
3
3
3
3
3
3
3
3
3
3
3
3
3
3
3
3
3
3
3
3
3
3
3
3
3
3
3
3
3
3
3
3
3
3
3
3
3
3
3
3
3
3
3
3
3
3
3
3
3
3
3
3
3
3
3
3
3
3
3
3
3
3
3
3
3
3
3
3
3
3
3
3
3
3
3
3
3
3
3
3
3
3
3
3
3
3
3
3
3
3
3
3
3
3
3
3
3
3
3
3
3
3
3
3
3
3
3
3
3
3
3
3
3
3
3
3
3
3
3
3
3
3
3
3
3
3
3
3
3
3
3
3
3
3
3
3
3
3
3
3
3
3
3
3
3
3
3
3
3
3
3
3
3
3
3
3
3
3
3
3
3
3
3
3
3
3
3
3
3
3
3
3
3
3
3
3
3
3
3
3
3
3
3
3
3
3
3
3
3
3
3
3
3
3
3
3
3
3
3
3
3
3
3
3
3
3
3
3
3
3
3
3
3
3
3
3
3
3
3
3
3
3
3
2
2
2
2
2
2
2
2
2
2
2
2
2
2
2
2
2
2
2
2
2
2
2
2
2
2
2
2
2
2
2
2
2
2
2
2
2
2
2
2
2
2
2
2
2
2
2
2
2
2
2
2
2
2
2
2
2
2
2
2
2
2
2
2
2
2
2
2
2
2
2
2
2
2
2
2
2
2
2
2
2
2
2
2
2
2
2
2
2
2
2
2
2
2
2
2
2
2
2
2
2
2
2
2
2
2
2
2
2
2
2
2
2
2
2
2
2
2
2
2
2
2
2
2
2
2
2
2
2
2
2
2
2
2
2
2
2
2
2
2
2
2
2
2
2
2
2
2
2
2
2
2
2
2
2
2
2
2
2
2
2
2
2
2
2
2
2
2
2
2
2
2
2
2
2
2
2
2
2
2
2
2
2
2
2
2
2
2
2
2
2
2
2
2
2
2
2
2
2
2
2
2
2
2
2
2
2
2
2
2
2
2
2
2
2
2
2
2
2
2
2
2
2
2
2
2
2
2
2
2
2
2
2
2
2
2
2
2
2
2
2
2
2
2
2
2
2
2
2
2
2
2
2
2
2
2
2
2
2
2
2
2
2
2
2
2
2
2
2
2
2
2
2
2
2
2
2
2
2
2
2
2
2
2
2
2
2
2
2
2
2
2
2
2
2
2
2
2
2
2
2
2
2
2
2
2
2
2
2
2
2
2
2
2
2
2
2
2
2
2
2
2
2
2
2
2
2
2
2
2
2
2
2
2
2
2
2
2
2
2
2
2
2
2
2
2
2
2
2
2
2
2
2
2
2
2
2
2
2
2
2
2
2
2
2
2
2
2
2
2
2
2
2
2
2
2
2
2
2
2
2
2
2
2
2
2
2
2
2
2
2
2
2
2
2
2
2
2
2
2
2
2
2
2
2
2
2
2
2
2
2
2
2
2
2
2
2
2
2
2
2
2
2
2
2
2
2
2
2
2
2
2
2
2
2
2
2
2
2
2
2
2
2
2
2
2
2
2
2
2
2
2
2
2
2
2
2
2
2
2
2
2
2
2
2
2
2
2
2
2
2
2
2
2
2
2
2
2
2
2
2
2
2
2
2
2
2
2
2
2
2
2
2
2
2
2
2
2
2
2
2
2
2
2
2
2
2
2
2
2
2
2
1
1
1
1
1
1
1
1
1
1
1
1
1
1
1
1
1
1
1
1
1
1
1
1
1
1
1
1
1
1
1
1
1
1
1
1
1
1
1
1
1
1
1
1
1
1
1
1
1
1
1
1
1
1
1
1
1
1
1
1
1
1
1
1
1
1
1
1
1
1
1
1
1
1
1
1
1
1
1
1
1
1
1
1
1
1
1
1
1
1
1
1
1
1
1
1
1
1
1
1
1
1
1
1
1
1
1
1
1
1
1
1
1
1
1
1
1
1
1
1
1
1
1
1
1
1
1
1
1
1
1
1
1
1
1
1
1
1
1
1
1
1
1
1
1
1
1
1
1
1
1
1
1
1
1
1
1
1
1
1
1
1
1
1
1
1
1
1
1
1
1
1
1
1
1
1
1
1
1
1
1
1
1
1
1
1
1
1
1
1
1
1
1
1
1
1
1
1
1
1
1
1
1
1
1
1
1
1
1
1
1
1
1
1
1
1
1
1
1
1
1
1
1
1
1
1
1
1
1
1
1
1
1
1
1
1
1
1
1
1
1
1
1
1
1
1
1
1
1
1
1
1
1
1
1
1
1
1
1
1
1
1
1
1
1
1
1
1
1
1
1
1
1
1
1
1
1
1
1
1
1
1
1
1
1
1
1
1
1
1
1
1
1
1
1
1
1
1
1
1
1
1
1
1
1
1
1
1
1
1
1
1
1
1
1
1
1
1
1
1
1
1
1
1
1
1
1
1
1
1
1
1
1
1
1
1
1
1
1
1
1
1
1
1
1
1
1
1
1
1
1
1
1
1
1
1
1
1
1
1
1
1
1
1
1
1
1
1
1
1
1
1
1
1
1
1
1
1
1
1
1
1
1
1
1
1
1
1
1
1
1
1
1
1
1
1
1
1
1
1
1
1
1
1
1
1
1
1
1
1
1
1
1
1
1
1
1
1
1
1
1
1
1
1
1
1
1
1
1
1
1
1
1
1
1
1
1
1
1
1
1
1
1
1
1
1
1
1
1
1
1
1
1
1
1
1
1
1
1
1
1
1
1
1
1
1
1
1
1
1
1
1
1
1
1
1
1
1
1
1
1
1
1
1
1
1
1
1
1
1
1
1
1
1
1
1
1
1
1
1
1
1
1
1
1
1
1
1
1
1
1
1
0
0
0
0
0
0
0
0
0
0
0
0
0
0
0
0
0
0
0
0
0
0
0
0
0
0
0
0
0
0
0
0
0
0
0
0
0
0
0
0
0
0
0
0
0
0
0
0
0
0
0
0
0
0
0
0
0
0
0
0
0
0
0
0
0
0
0
0
0
0
0
0
0
0
0
0
0
0
0
0
0
0
0
0
0
0
0
0
0
0
0
0
0
0
0
0
0
0
0
0
0
0
0
0
0
0
0
0
0
0
0
0
0
0
0
0
0
0
0
0
0
0
0
0
0
0
0
0
0
0
0
0
0
0
0
0
0
0
0
0
0
0
0
0
0
0
0
0
0
0
0
0
0
0
0
0
0
0
0
0
0
0
0
0
0
0
0
0
0
0
0
0
0
0
0
0
0
0
0
0
0
0
0
0
0
0
0
0
0
0
0
0
0
0
0
0
0
0
0
0
0
0
0
0
0
0
0
0
0
0
0
0
0
0
0
0
0
0
0
0
0
0
0
0
0
0
0
0
0
0
0
0
0
0
0
0
0
0
0
0
0
0
0
0
0
0
0
0
0
0
0
0
0
0
0
0
0
0
0
0
0
0
0
0
0
0
0
0
0
0
0
0
0
0
0
0
0
0
0
0
0
0
0
0
0
0
0
0
0
0
0
0
0
0
0
0
0
0
0
0
0
0
0
0
0
0
0
0
0
0
0
0
0
0
0
0
0
0
0
0
0
0
0
0
0
0
0
0
0
0
0
0
0
0
0
0
0
0
0
0
0
0
0
0
0
0
0
0
0
0
0
0
0
0
0
0
0
0
0
0
0
0
0
0
0
0
0
0
0
0
0
0
0
0
0
0
0
0
0
0
0
0
0
0
0
0
0
0
0
0
0
0
0
0
0
0
0
0
0
0
0
0
0
0
0
0
0
0
0
0
0
0
0
0
0
0
0
0
0
0
0
0
0
0
0
0
0
0
0
0
0
0
0
0
0
0
0
0
0
0
0
0
0
0
0
0
0
0
0
0
0
0
0
0
0
0
0
0
0
0
0
0
0
0
0
0
0
0
0
0
0
0
0
0
0
0
0
0
0
0
0
0
0
0
0
0
0
0
0
0
0
0
0
0
0
0
0
0
0
0
0
0
0
0
0
0
0
0
0
0
0
0
