6
6
6
6
6
6
6
6
6
6
6
6
6
6
6
6
6
6
6
6
6
6
6
6
6
6
6
6
6
6
6
6
6
6
6
6
6
6
6
6
6
6
6
6
6
6
6
6
6
6
6
6
6
6
6
6
6
6
6
6
6
6
6
6
6
6
6
6
6
6
6
6
6
6
6
6
6
6
6
6
6
6
6
6
6
6
6
6
6
6
6
6
6
6
6
6
6
6
6
6
6
6
6
6
6
6
6
6
6
6
6
6
6
6
6
6
6
6
6
6
6
6
6
6
6
6
6
6
6
6
6
6
6
6
6
6
6
6
6
6
6
6
6
6
6
6
6
6
6
6
6
6
6
6
6
6
6
6
6
6
6
6
6
6
6
6
6
6
6
6
6
6
6
6
6
6
6
6
6
6
6
6
6
6
6
6
6
6
6
6
6
6
6
6
6
6
6
6
6
6
6
6
6
6
6
6
7
7
7
7
7
7
7
7
7
8
8
8
8
8
8
8
8
9
9
9
9
9
9
9
9
10
10
10
10
10
10
10
10
10
10
11
11
11
11
11
11
11
11
11
11
12
12
12
12
12.4142
12
12
12
12
13
13
13
13.4142
13
13
13
13
13
14
14
14
14
14.4142
14
14
14
14
15
15
15
15
15
15.4142
15.8284
15
15
15
15
15
15
16
16
16
16
16
16.8284
16
16
16
16
16
16
16
17
17
17
17
17
17.8284
18.2426
19.2426
17
17
17
17
17
18
18
18
18
18
19.6569
20.6569
18
18
18
18
18
18
19
19
19
19
19
19
21.0711
22.0711
19
19
19
19
19
19
19
20
20
20
22.4853
23.4853
24.4853
25.4853
20
20
20
20
21
21
21
21
21
21
21
21
21
25.8995
21
21
21
21
21
21
21
21
22
22
22
22
22
22
22
22
26.3137
27.3137
22
22
22
22
22
22
22
23
23
23
23
23
23
23
23
23
23
23
23
23
23
23
23
23
23
23
23
23
23
23
23
23
23
23
23
23
23
23
23
23
23
23
23
23
23
23
23
23
23
23
23
23
23
23
23
23
23
23
23
23
27.7279
28.7279
29.7279
30.7279
23
23
23
23
23
23
23
23
23
24
24
24
24
24
24
24
24
24
24
24
24
31.1421
32.1421
33.1421
24
24
24
24
24
24
24
24
24
25
25
25
25
25
25
25
25
25
25
25
25
25
33.5563
34.5563
35.5563
36.5563
37.5563
25
25
25
25
25
25
25
25
25
25
25
25
25
25
26
26
26
26
26
26
26
26
26
37.9706
38.9706
39.9706
40.9706
41.9706
26
26
26
26
26
27
27
27
27
27
27
27
27
27
42.3848
43.3848
44.3848
45.3848
46.3848
27
27
27
27
27
28
28
28
28
28
28
28
28
28
28
28
28
46.799
47.799
48.799
49.799
50.799
28
28
28
28
29
29
29
51.2132
52.2132
53.2132
29
29
30
30
30
30
30
30
30
30
30
30
30
30
30
53.6274
30
30
30
30
30
30
31
31
31
31
31
31
31
31
31
31
31
31
31
31
31
31
31
31
31
54.0416
55.0416
31
31
31
31
31
31
31
32
32
55.4558
56.4558
57.4558
58.4558
32
32
32
32
32
32
32
32
33
33
58.8701
59.8701
33
33
33
33
33
33
33
33
33
33
33
34
60.2843
61.2843
34
34
34
34
34
34
34
34
34
34
34
34
34
34
34
34
35
35
35
61.6985
62.6985
63.6985
35
35
35
35
35
35
35
36
36
64.1127
65.1127
37
65.5269
38
38
65.9411
39
39
66.3554
67.3554
40
40
40
67.7696
41
41
41
68.1838
69.1838
70.1838
42
42
42
42
70.598
43
43
43
71.0122
44
44
44
44
44
44
44
44
44
44
44
44
71.4264
45
45
45
45
45
45
45
45
45
45
45
45
45
45
45
45
45
45
45
45
45
45
45
45
45
45
45
45
45
45
45
45
45
45
45
71.8406
46
72.2549
47
47
47
47
72.6691
48
48
48
48
48
73.0833
49
49
49
49
49
73.4975
50
50
50
50
71.9117
72.9117
73.9117
51
51.4142
51.8284
72.3259
52.8284
53.2426
53.6569
54.0711
71.7402
72.7402
55.0711
55.4853
55.8995
71.1544
72.1544
56.8995
71.5686
57.8995
58.3137
58.7279
59.1421
71.1544
71.5686
71.9828
60.1421
60.5563
60.9706
71.7402
72.1544
61.9706
62.3848
62.799
63.2132
72.3259
72.7402
64.2132
64.6274
65.0416
65.4558
65.8701
72.0833
72.4975
72.9117
73.3259
66.8701
67.2843
67.6985
68.1127
68.5269
68.9411
71.0122
71.4264
71.8406
72.2549
72.6691
73.0833
69.9411
70.3554
70.7696
71.1838
71.598
72.0122
