6
6
6
6
6
6
6
6
6
6
6
6
6
6
6
6
6
6
6
6
6
6
6
6
6
6
6
6
6
6
6
6
6
6
6
6
6
6
6
6
6
6
6
6
6
6
6
6
6
6
6
6
6
6
6
6
6
6
6
6
6
6
6
6
6
6
6
6
6
6
6
6
6
6
6
6
6
6
6
6
6
6
6
6
6
6
6
6
6
6
6
6
6
6
6
6
6
6
6
6
6
6
6
6
6
6
6
6
6
6
6
6
6
6
6
6
6
6
6
6
6
6
6
6
6
6
6
6
6
6
6
6
6
6
6
6
6
6
6
6
6
6
6
6
6
6
6
6
6
6
6
6
6
6
6
6
6
6
6
6
6
6
6
6
6
6
6
6
6
6
6
6
6
6
6
6
6
6
6
6
6
6
6
6
6
6
6
6
6
6
6
6
6
6
6
6
6
6
6
6
6
6
6
6
6
6
6
6
6
6
6
6
6
6
6
6
6
6
6
6
6
6
6
6
6
7
7
7
7
7
7
8
8
8
8
8
8
9
9
9
9
9
9
9
9
10
10
10
10
10
10
11
11
11
11
11
11
12
12
12
12
12.4142
12
12
13
13
13
13.4142
13
13
14
14
14
14.4142
15.4142
14.4142
14
14
15
15
15
15
15.4142
15.8284
15
15.4142
16
16
16.4142
17.4142
16
16.4142
16.8284
17.8284
16.8284
16.4142
17
17.8284
17
17
18.2426
18.2426
17.8284
17.4142
18
18.8284
18
19.2426
19.6569
19.2426
18.4142
19
19.8284
19
19
20.6569
20.6569
20.2426
19.4142
20
20.8284
20
21.6569
22.0711
22.0711
21.6569
20.4142
21
21.8284
21
21
21
23.0711
23.0711
21.4142
22
22.8284
23.2426
22
24.0711
24.4853
25.4853
24.4853
24.0711
22.4142
23
24.2426
23
23
25.4853
25.8995
26.8995
26.8995
25.8995
23.4142
23.8284
24.8284
24
25.2426
24
24
27.3137
28.3137
28.3137
27.3137
25.2426
25
26.2426
26.6569
25
25
25
28.7279
29.7279
30.7279
29.7279
28.7279
26.2426
26
27.6569
26
26
26
30.1421
31.1421
32.1421
33.1421
33.1421
32.1421
31.1421
27.2426
27
28.6569
27
27
33.5563
34.5563
35.5563
36.5563
35.5563
34.5563
33.5563
28.2426
28.6569
28
29.6569
30.0711
31.0711
28
28
28
35.9706
36.9706
37.9706
38.9706
39.9706
40.9706
39.9706
38.9706
37.9706
36.9706
29.6569
29
31.4853
29
40.3848
41.3848
42.3848
43.3848
44.3848
45.3848
46.3848
45.3848
44.3848
43.3848
42.3848
41.3848
30.6569
30
32.4853
30
30
30
31.6569
31
33.4853
33.8995
31
31
31
31
32.6569
32
34.8995
32
32
32
32
32
33.6569
34.0711
33
35.8995
36.3137
33
33
33
33
35.0711
34
34
34
34
34
34
34
34
34
34
34
34
34
34
34
34
34
34
34
34
34
34
34
34
34
34
34
34
37.3137
34
34
34
34
34
34
34
34
34
34
34
34
34
34
34
34
34
34
34
34
34
34
34
34
34
34
34
34
34
34
34
34
34
34
34
34
34
34
34
34
34
34
34
34
34
34
36.0711
35
35
35
35
35
35
35
35
35
35
38.3137
38.7279
35
35
35
35
35
35
35
35
35
35
35
35
35
35
35
35
35
35
35
35
35
35
35
35
37.0711
37.4853
36
36
36
36
36
36
36
39.7279
36
36
36
36
38.4853
37
40.7279
41.1421
42.1421
37
39.4853
39.8995
40.8995
38
38
38
38
38
42.5564
38
38
38
38
38
41.3137
39
39
39
39
39
43.5564
43.9706
39
39
39
39
42.3137
40
40
40
44.9706
40
40
43.3137
41
41
41
41
45.9706
46.3848
41
41
41
41
44.3137
44.7279
42
42
42
47.3848
47.799
42
42
45.7279
43
43
43
48.799
49.2132
50.2132
43
43
46.7279
47.1421
44
44
44
50.6274
51.6274
44
44
48.1421
45
45
45
52.0416
53.0416
45
45
45
49.1421
49.5564
50.5564
46
53.4559
54.4559
55.4559
46
50.9706
47
47
55.8701
47
47
51.9706
48
48
56.2843
57.2843
48
48
52.9706
53.3848
49
49
57.6985
58.6985
49
49
49
54.3848
54.799
50
50
50
59.1127
60.1127
50
55.799
51
51
60.5269
61.5269
62.5269
51
51
56.799
57.2132
52
52
62.9412
63.9412
52
58.2132
58.6274
59.6274
53
53
53
64.3554
65.3554
53
53.4142
60.0416
54
65.7696
66.7696
67.7696
68.7696
54.4142
61.0416
61.4559
55
69.1838
55.4142
62.4559
56
56
69.598
70.598
56.4142
56.8284
63.4559
63.8701
57
71.0122
72.0122
57.8284
64.8701
65.2843
66.2843
58
58
72.4264
73.4264
74.4264
75.4264
58.8284
66.6985
59
75.8407
76.8407
77.8407
59.8284
60.2426
60.6569
67.6985
68.1127
60
78.2549
79.2549
80.2549
61.6569
69.1127
69.5269
61
61
80.6691
81.6691
82.6691
62.6569
70.5269
70.9412
62
83.0833
84.0833
85.0833
86.0833
63.6569
71.9412
72.3554
73.3554
63
86.4975
87.4975
88.4975
64.6569
73.7696
74.7696
64
88.9117
65.6569
75.1838
65
89.3259
90.3259
91.3259
92.3259
66.6569
76.1838
76.598
66
66
66
92.7402
93.7402
94.7402
67.6569
77.598
78.0122
67
95.1544
96.1544
97.1544
98.1544
68.6569
79.0122
79.4264
80.4264
68
98.5686
99.5686
100.569
101.569
102.569
69.6569
80.8407
81.8407
69
102.983
103.983
104.983
70.6569
82.2549
83.2549
84.2549
85.2549
70
105.397
106.397
107.397
108.397
71.6569
85.6691
86.6691
71
108.811
109.811
110.811
111.811
112.811
72.6569
87.0833
88.0833
72
113.225
114.225
115.225
116.225
117.225
75.0711
74.0711
73.6569
88.4975
89.4975
90.4975
91.4975
73
117.64
75.4853
91.9117
74
118.054
119.054
120.054
76.4853
92.326
93.326
94.326
76.4142
75.4142
75
120.468
121.468
122.468
123.468
124.468
77.4853
94.7402
95.7402
96.7402
76.8284
124.882
125.882
126.882
127.882
78.4853
76
76
76
76
76
76
76
76
97.1544
98.1544
99.1544
77.8284
128.297
129.297
130.297
131.297
79.8995
79.4853
77
77
77
77
77
77
77
77
77
77
77
77
77
77
77
99.5686
100.569
101.569
102.569
78.8284
131.711
132.711
133.711
134.711
135.711
80.8995
78
78
78
78
78
78
78
78
78
78
102.983
103.983
104.983
105.983
80.2426
79.8284
136.125
137.125
138.125
139.125
82.3137
81.8995
79
79
79
79
79
79
79
106.397
107.397
108.397
109.397
81.2426
139.539
140.539
141.539
142.539
143.539
83.3137
80
80
109.811
110.811
111.811
112.811
113.811
82.2426
143.953
84.3137
81
81
81
81
81
81
81
114.225
83.6569
83.2426
144.368
145.368
146.368
85.7279
85.3137
82
82
82
82
82
82
114.64
115.64
116.64
117.64
118.64
119.64
120.64
84.6569
146.782
147.782
148.782
149.782
150.782
86.7279
83
83
83
83
83
83
121.054
122.054
123.054
124.054
125.054
126.054
127.054
128.054
129.054
130.054
131.054
132.054
133.054
134.054
86.0711
85.6569
151.196
152.196
153.196
154.196
89.1421
88.1421
87.7279
84.4142
84
84
84
134.468
87.0711
154.61
155.61
156.61
157.61
90.5564
89.5564
86.2426
85.8284
85.4142
85
85
85
134.882
89.4853
88.4853
88.0711
158.024
159.024
160.024
161.024
91.9706
90.9706
87.6569
87.2426
86
86
86
135.297
90.8995
89.8995
161.439
162.439
163.439
164.439
165.439
94.3848
93.3848
92.3848
89.0711
88.6569
87
87
135.711
91.3137
165.853
166.853
167.853
94.799
90.4853
90.0711
88
136.125
92.7279
92.3137
168.267
169.267
170.267
171.267
172.267
97.2132
96.2132
95.2132
91.4853
89
136.539
93.7279
172.681
97.6274
92.4853
90
90
136.953
96.1422
95.1422
94.7279
173.096
174.096
175.096
176.096
177.096
99.0416
98.0416
94.3137
93.8995
93.4853
91
91
91
137.368
97.5564
96.5564
177.51
178.51
179.51
180.51
101.456
100.456
99.4559
95.7279
95.3137
92
92
137.782
99.9706
98.9706
97.9706
180.924
180.498
179.498
178.498
102.87
101.87
97.1421
96.7279
93
93
138.196
102.385
101.385
100.385
178.083
177.083
176.083
175.083
174.083
106.284
105.284
104.284
103.284
98.1421
94
138.61
104.799
103.799
102.799
173.669
172.669
171.669
170.669
169.669
108.699
107.699
106.699
99.9706
99.5563
99.1421
95
95
139.024
107.213
106.213
105.213
169.255
168.255
167.255
166.255
165.255
112.113
111.113
110.113
109.113
100.971
96
139.439
109.627
108.627
107.627
164.841
163.841
162.841
161.841
160.841
160.426
114.527
113.527
112.527
101.971
97
139.853
110.042
159.426
114.941
103.385
102.971
98
98
98
140.267
114.456
113.456
112.456
111.456
110.456
159.012
158.012
157.012
156.012
155.012
154.012
120.355
119.355
118.355
117.355
116.355
115.355
104.385
99
140.681
118.87
117.87
116.87
115.87
114.87
153.598
152.598
151.598
150.598
149.598
148.598
147.598
146.598
145.598
127.77
126.77
125.77
124.77
123.77
122.77
121.77
120.77
105.799
105.385
100
100
141.096
123.284
122.284
121.284
120.284
119.284
145.184
144.184
143.184
142.184
141.184
140.184
139.184
138.184
137.184
136.184
135.184
134.184
133.184
132.184
131.184
130.184
129.184
128.184
106.799
101
141.51
130.699
129.699
128.699
127.699
126.699
125.699
124.699
123.699
107.799
102
102
141.924
143.338
144.338
145.338
146.338
147.338
148.338
149.338
150.338
151.338
152.338
153.338
154.338
155.113
154.113
153.113
152.113
151.113
150.113
149.113
148.113
147.113
146.113
145.113
144.113
143.113
142.113
141.113
140.113
139.113
138.113
137.113
136.113
135.113
134.113
133.113
132.113
131.113
109.213
108.799
103
142.338
110.213
104
111.213
105
105
112.213
106
113.213
107
115.042
114.627
114.213
108
116.042
109
109
109
117.042
110
118.042
111
119.042
112
120.456
120.042
113
121.456
114
122.456
115
123.456
116
124.456
117
125.456
118
126.456
119
152.723
153.137
153.551
153.966
154.38
155.38
156.38
157.38
158.38
159.38
160.38
161.38
162.154
161.154
160.154
159.154
158.154
157.154
156.154
155.154
154.154
153.154
152.154
151.154
150.154
149.154
148.154
147.154
146.154
145.154
144.154
143.154
142.154
141.154
140.154
139.154
138.154
137.154
136.154
135.74
135.326
134.912
134.498
134.083
133.669
133.255
132.841
132.426
132.012
131.598
131.184
130.77
130.355
129.941
129.527
129.113
128.699
128.284
127.87
127.456
127.042
126.627
126.213
125.799
125.385
124.971
124.556
124.142
123.728
123.314
122.9
122.485
122.071
121.657
121.243
120.828
120.414
120
120
120
120
120
120
120
120
120
120
120
120
120
120
120
120
120
120
120
120
120
120
120
120
120
120
120.414
120.828
121.243
121.657
122.071
122.485
122.899
123.314
123.728
124.142
124.556
124.971
125.385
125.799
126.213
126.627
127.042
127.456
127.87
128.284
128.699
129.113
129.527
129.941
130.355
130.77
131.184
131.598
132.012
132.426
132.841
133.255
133.669
134.083
134.498
134.912
135.326
135.74
136.154
136.569
136.983
137.397
137.811
138.225
138.64
139.054
139.468
139.882
140.297
140.711
141.125
141.539
141.953
142.368
142.782
143.196
143.61
144.024
144.439
144.853
145.267
145.681
146.096
146.51
146.924
147.338
147.752
148.167
148.581
148.995
149.409
149.823
150.238
150.652
151.066
151.48
151.895
152.309
152.723
153.137
153.551
153.966
154.38
154.794
155.208
155.622
156.037
156.451
156.865
157.279
157.694
158.108
159.108
160.108
161.108
162.108
163.108
164.108
165.108
166.108
167.108
168.108
169.108
170.108
171.108
172.108
173.108
174.108
175.108
176.108
177.108
178.108
179.108
180.108
181.108
182.108
183.108
184.108
185.108
186.108
187.108
188.108
189.054
188.054
187.054
186.054
185.054
184.054
183.054
182.054
181.054
180.054
179.054
178.054
177.054
176.054
175.054
174.054
173.054
172.054
171.054
170.054
169.054
168.054
167.054
166.054
165.054
164.054
163.054
162.054
161.054
160.054
159.054
158.054
157.054
156.054
155.054
154.054
153.054
152.054
151.054
150.054
149.054
148.054
147.054
146.054
145.054
144.054
143.054
142.054
141.054
140.054
139.054
138.64
138.225
137.811
137.397
136.983
136.569
136.154
135.74
135.326
134.912
134.498
134.083
133.669
133.255
132.841
132.426
132.012
131.598
131.184
130.77
130.355
129.941
129.527
129.113
128.699
128.284
127.87
127.456
127.042
126.627
126.213
125.799
125.385
124.971
124.556
124.142
123.728
123.314
122.899
122.485
122.071
121.657
122.071
122.485
122.899
123.314
123.728
124.142
124.556
124.971
125.385
125.799
126.213
126.627
127.042
127.456
127.87
128.284
128.698
129.113
129.527
129.941
130.355
129.941
129.527
129.113
128.698
128.284
127.87
127.456
120
120
120
120
120
120
120.414
120.828
121.243
121.657
122.071
122.485
122.899
123.314
123.728
124.142
124.556
124.971
125.385
125.799
126.213
126.627
127.042
127.456
127.87
128.284
128.699
129.113
129.527
129.941
130.355
130.77
131.184
131.598
132.012
132.426
132.841
133.255
133.669
134.083
134.498
134.912
135.326
135.74
136.154
136.569
136.983
137.397
137.811
138.225
138.64
139.054
139.468
139.882
140.297
140.711
141.125
141.539
141.953
142.368
142.782
143.196
143.61
144.024
144.439
144.853
145.267
145.681
146.096
146.51
146.924
147.338
147.752
148.167
148.581
148.995
149.409
149.823
150.238
150.652
151.066
151.48
151.895
152.309
