6
6
6
6
6
6
6
6
6
6
6
6
6
6
6
6
6
6
6
6
6
6
6
6
6
6
6
6
6
6
6
6
6
6
6
6
6
6
6
6
6
6
6
6
6
6
6
6
6
6
6
6
6
6
6
6
6
6
6
6
6
6
6
6
6
6
6
6
6
6
6
6
6
6
6
6
6
6
6
6
6
6
6
6
6
6
6
6
6
6
6
6
6
6
6
6
6
6
6
6
6
6
6
6
6
6
6
6
6
6
6
6
6
6
6
6
6
6
6
6
6
6
6
6
6
6
6
6
6
6
6
6
6
6
6
6
6
6
6
6
6
6
6
6
6
6
6
6
6
6
6
6
6
6
6
6
6
6
6
6
6
6
6
6
6
6
6
6
6
6
6
6
6
6
6
6
6
6
6
6
6
6
6
6
6
6
6
6
6
6
6
6
6
6
6
6
6
6
6
6
6
6
6
6
6
6
6
6
6
6
6
6
6
6
6
6
6
6
6
6
6
6
6
6
6
6
6
6
6
6
6
6
6
6
6
6
6
6
6
6
6
6
6
6
6
6
6
6
6
6
6
6
6
6
6
6
6
6
6
6
6
6
6
6
6
6
6
6
6
6
6
6
6
6
6
6
6
6
7
7
7
7
7
7
7
7
7
7
7
7
8
8
8
8
8
8
8
8
8
8
8
8
9
9
9
9
9
9
9
9
9
9
9
9
10
10
10
10
10
10
11.4142
10.4142
10
10
11.4142
10.4142
10
10
10
10
10
11
11
11.4142
11
11
11
11
11.4142
11.8284
11
11.8284
11
11
11
11.4142
12.4142
12.4142
12
12
12.4142
12.4142
12
12
12.4142
12.8284
12
12.4142
12.8284
12
12
12.8284
13.4142
13.4142
13.4142
13
13
13.4142
13.8284
13.4142
13.8284
13
13
13.8284
14.4142
14.4142
14.8284
14.4142
14
14.4142
14
14
14
14.4142
14.8284
14.4142
14.8284
14
14
14
14.8284
15.8284
15.4142
15.4142
15.8284
16.8284
15.8284
15.4142
15
15.4142
15.8284
16.2426
15.8284
15.4142
16.2426
15.8284
15
15.4142
15
15.8284
16.2426
16.8284
17.2426
18.2426
18.2426
17.2426
16.8284
16.4142
16
16
16.8284
17.2426
16.4142
16.8284
17.8284
17.2426
16.4142
16
16
16
17.2426
19.2426
18.2426
17.8284
18.6569
19.6569
19.6569
18.6569
17.4142
17.8284
18.8284
17
17.8284
18.2426
19.2426
18.6569
18.2426
18.2426
18.2426
17.4142
17
18.2426
18.6569
20.6569
19.6569
20.0711
21.0711
22.0711
23.0711
22.0711
21.0711
20.0711
19.2426
18
18
19.6569
20.6569
21.0711
20.0711
19.6569
19.2426
19.6569
19.6569
19.2426
18.4142
18
18
19.6569
20.0711
22.0711
21.0711
23.4853
24.4853
25.4853
25.4853
24.4853
23.4853
22.4853
20.2426
20.6569
19
21.0711
22.0711
22.4853
21.4853
20.6569
20.6569
19.4142
19
19
21.0711
21.4853
22.4853
24.4853
23.4853
22.4853
25.8995
26.8995
27.8995
28.8995
29.8995
30.8995
31.8995
32.8995
31.8995
30.8995
29.8995
28.8995
27.8995
26.8995
25.8995
21.6569
22.0711
20
22.4853
23.4853
23.8995
22.8995
21.6569
22.0711
22.0711
21.6569
20.4142
20
22.8995
23.8995
24.8995
23.0711
21
21
23.8995
24.3137
23.0711
23.0711
21.4142
21
24.3137
27.3137
26.3137
25.3137
24.0711
22
22
22
24.8995
25.3137
26.3137
27.3137
27.7279
26.7279
25.7279
25.3137
24.0711
24.4853
25.4853
24.4853
24.0711
22.4142
22
22
25.3137
25.7279
30.7279
29.7279
28.7279
27.7279
23
23
23
23
23
23
23
23
23
23
23
23
23
23
23
23
23
23
23
23
23
23
23
23
23
23
23
23
23
23
23
23
23
23
23
25.0711
25.4853
26.4853
23
23
27.7279
28.7279
29.7279
30.7279
30.1421
29.1421
28.1421
25.4853
26.8995
25.8995
23.4142
23.8284
23
23
23
26.7279
27.1421
28.1421
29.1421
33.1421
32.1421
31.1421
24
24
24
24
24
24
24
24
24
24
24
24
24
24
24
24
26.8995
27.8995
24
24
31.1421
32.1421
33.1421
34.1421
35.1421
36.1421
35.5563
34.5563
33.5563
32.5563
31.5563
30.5563
26.4853
26.8995
27.8995
28.3137
27.3137
24.8284
24
24
29.5563
30.5563
31.5563
40.5563
39.5563
38.5563
37.5563
36.5563
35.5563
34.5563
33.5563
25
25
25
25
25
25
25
25
25
25
25
25
25
25
25
25
28.3137
29.3137
25
25
25
25
28.3137
29.3137
30.3137
29.7279
28.7279
25.8284
25
25
31.9706
32.9706
33.9706
34.9706
57.6274
58.0416
59.0416
60.0416
61.0416
62.0416
63.0416
62.9706
61.9706
60.9706
59.9706
58.9706
57.9706
56.9706
55.9706
54.9706
53.9706
52.9706
51.9706
50.9706
49.9706
48.9706
47.9706
46.9706
45.9706
44.9706
43.9706
42.9706
41.9706
40.9706
26
26
26
26
26
26
26
26
26.4142
26.8284
27.2426
27.6569
28.0711
29.7279
30.7279
26
26
30.7279
31.7279
32.7279
32.1421
31.1421
30.1421
26.8284
26
26
26
26
35.3848
36.3848
37.3848
38.3848
39.3848
40.3848
56.6274
27
27
27
29.0711
29.4853
29.8995
30.3137
30.7279
31.1421
31.1421
32.1421
33.1421
27
27
27
27
33.1421
34.1421
35.1421
34.5563
33.5563
32.5563
27.8284
28.2426
29.2426
27
27
40.799
41.799
42.799
43.799
44.799
45.799
46.799
47.799
48.799
49.799
56.2132
28
28
28
28
32.1421
32.5563
32.9706
33.3848
33.799
33.5563
34.5563
28
28
28
35.5563
36.5563
37.5563
38.5563
39.5563
38.9706
37.9706
36.9706
35.9706
34.9706
29.6569
28
28
50.2132
51.2132
52.2132
53.2132
54.2132
55.2132
29
34.799
34.9706
35.9706
29
39.9706
40.9706
41.9706
42.9706
43.9706
44.3848
43.3848
42.3848
41.3848
40.3848
39.3848
30.6569
29
30
30
35.799
36.2132
36.6274
37.0416
36.6274
30
30
30
30
30
30
30
30
30
30
30
36.3848
30
30
30
30
30
31.6569
30
30
30
30
31
31
31
31
37.6274
37.2132
36.799
36.3848
31
31
31
31
31
31
31
36.799
37.799
38.799
39.799
31
31
31
31
31
31
32.6569
33.0711
31
31
32
32
37.3848
36.9706
36.5563
36.1421
32
32
32
32
32
32
40.2132
41.2132
32
32
32
32
32
32
34.0711
32
32
32
32
33
33
37.1421
36.7279
36.3137
35.8995
33
33
33
33
33
41.6274
42.6274
33
33
33
33.4142
33.8284
34.2426
35.0711
33
33
34
34
36.8995
36.4853
36.0711
34
34
34
34
43.0416
44.0416
45.0416
35.2426
35.6569
36.0711
36.4853
36.8995
36.0711
36.4853
34
34
34
34
35
35
35
37.0711
36.6569
35
35
35.4142
45.4559
46.4559
47.4559
37.8995
38.3137
38.7279
39.1421
37.4853
35
35
36.4142
36
37.6569
37.2426
36.8284
36.4142
36
36
36.4142
47.8701
48.8701
40.1421
40.5563
40.9706
38.4853
38.8995
39.8995
36
36
36
37.4142
37.4142
37
37.4142
49.2843
50.2843
51.2843
41.9706
40.3137
37
38.8284
38.4142
38.4142
38
38
38.4142
38.8284
51.6985
42.9706
43.3848
43.799
41.3137
38
38
38
39.8284
39
39
39
39
39.8284
40.2426
40.6569
52.1127
53.1127
44.799
45.2132
45.6274
42.3137
42.7279
39
39
39
41.2426
40.8284
40
40
40
41.6569
53.5269
54.5269
55.5269
56.5269
46.6274
47.0416
43.7279
44.1421
40
40
40
40
42.2426
41
41
41
42.6569
43.0711
56.9411
57.9411
48.0416
45.1421
41
41
41
44.0711
43.6569
43.2426
42
42
42
44.0711
44.4853
58.3554
59.3554
49.0416
49.4558
49.4558
46.1421
46.5564
42
42
42
45.0711
43
43
43
43
45.4853
59.7696
60.7696
50.4558
50.0416
47.5564
47.9706
48.9706
43
43
43.4142
46.0711
44
44
46.4853
46.8995
47.3137
61.1838
62.1838
63.1838
51.0416
49.3848
50.3848
44.4142
44.8284
45.2426
45.6569
46.0711
47.4853
47.0711
45
45
45
48.3137
63.598
64.598
52.0416
51.6274
50.799
51.799
47.0711
47.4853
47.8995
48.3137
48.4853
46
46
49.3137
65.0122
66.0122
52.6274
52.2132
53.2132
54.2132
49.3137
64.0833
65.0833
66.0833
67.0833
68.0833
69.0833
70.0833
71.0833
70.6691
69.6691
49.4853
47
47
50.3137
50.7279
66.4264
53.6274
56.1127
56.5269
56.1127
55.6985
55.2843
54.8701
54.4558
54.0416
53.6274
53.2132
52.799
52.3848
51.9706
51.5563
51.1421
50.7279
50.3137
49.8995
49.4853
49.0711
48.6569
54.6274
50.3137
50.7279
51.1421
51.5563
63.0833
70.0833
69.0833
68.0833
50.4853
48
48
48
48.4142
51.7279
66.8406
67.8406
54.6274
55.4559
55.8701
56.2843
56.6985
57.1127
49.6569
49.2426
48.8284
48.4142
48
48
55.0416
56.0416
52.5563
52.9706
53.3848
53.799
54.2132
63.4975
68.4975
67.4975
66.4975
65.4975
51.4853
49
49.4142
52.7279
53.1421
68.2549
69.2549
70.2549
71.2549
55.6274
54.799
55.2132
55.6274
56.0416
56.4559
49
49
49
49
56.4559
57.4559
55.2132
55.6274
56.0416
56.4558
56.8701
57.2843
57.6985
58.1127
63.9117
65.9117
64.9117
52.4853
135.255
136.255
137.255
138.255
139.255
140.255
141.255
142.255
143.255
144.255
145.255
146.255
147.255
148.255
149.255
150.255
151.255
50
50.4142
50.8284
54.1421
54.5563
71.6691
72.6691
56.6274
54.9706
55.3848
55.799
50
50
50
57.8701
58.8701
59.8701
60.8701
59.1127
59.5269
59.9411
60.3554
60.7696
61.1838
61.598
62.0122
62.4264
62.8406
63.2549
63.6691
64.9117
65.9117
65.4975
65.0833
64.6691
53.4853
130.841
131.841
132.841
133.841
134.841
150.841
151.841
152.841
153.841
154.841
51
51
51.8284
55.5563
73.0833
74.0833
75.0833
57.6274
54.7279
55.1421
55.5563
55.9706
51
51
51
51
61.2843
62.2843
64.6691
65.0833
65.4975
65.9117
65.6691
65.2549
54.4853
126.426
127.426
128.426
129.426
130.426
154.426
155.426
156.426
157.426
52
52.8284
56.5563
56.9706
57.3848
75.4975
76.4975
58.6274
55.3137
55.7279
52
52
62.6985
63.6985
64.6985
66.2549
55.4853
123.012
124.012
125.012
126.012
157.012
158.012
159.012
53
53.8284
54.2426
58.3848
58.799
76.9117
77.9117
59.6274
55.4853
55.8995
56.3137
53
53
65.1127
66.1127
67.1127
68.1127
67.2549
56.4853
56.8995
120.184
120.598
121.598
122.598
158.598
159.598
160.598
54
55.2426
59.799
78.3259
79.3259
60.6274
56.4853
54
68.5269
69.5269
70.5269
71.5269
68.2549
67.8406
57.8995
119.184
160.184
55
56.2426
60.799
79.7402
61.6274
57.0711
57.4853
55
55
55
71.9412
68.8406
68.4264
68.0122
58.8995
115.77
116.77
117.77
118.77
159.77
160.77
56
56
56
57.2426
57.6569
58.6569
61.799
62.2132
80.1544
81.1544
82.1544
62.6274
57.6569
58.0711
56
56
72.3554
73.3554
74.3554
75.3554
69.0122
59.8995
113.355
114.355
115.355
160.355
161.355
162.355
57
59.0711
60.0711
63.2132
63.6274
82.5686
83.5686
64.0416
63.6274
58.2426
58.6569
57
57
75.7696
76.7696
77.7696
78.7696
79.7696
70.0122
69.598
60.8995
61.3137
62.3137
109.941
110.941
111.941
112.941
161.941
162.941
58
60.4853
64.6274
65.0416
65.4558
83.9828
84.9828
65.0416
58.4142
58.8284
59.2426
58
80.1838
81.1838
82.1838
83.1838
84.1838
70.598
62.7279
63.7279
107.527
108.527
109.527
162.527
59
61.4853
61.8995
66.4558
66.8701
85.397
86.397
87.397
88.397
66.4558
66.0416
59
59.4142
59
59
84.598
85.598
86.598
87.598
88.598
89.598
71.598
64.1421
104.113
105.113
106.113
107.113
162.113
163.113
60
62.8995
67.8701
68.2843
88.8112
89.8112
67.4558
60
60
90.0122
91.0122
92.0122
93.0122
94.0122
95.0122
72.598
72.1838
65.1421
65.5564
101.699
102.699
103.699
162.699
61
63.8995
64.3137
65.3137
69.2843
69.6985
70.1127
90.2254
91.2254
92.2254
93.2254
69.8701
68.8701
68.4558
61
61
61
95.4264
96.4264
97.4264
98.4264
99.4264
100.426
73.1838
66.5564
66.9706
67.9706
68.9706
98.2843
99.2843
100.284
101.284
162.284
163.284
164.284
62
65.7279
71.1127
71.5269
93.6397
94.6397
71.2843
70.2843
62
62
100.841
101.841
102.841
103.841
104.841
105.841
74.1838
69.3848
70.3848
96.4559
96.8701
97.8701
163.87
63
66.7279
72.5269
95.0539
96.0539
97.0539
73.6985
72.6985
71.6985
63
63
106.255
107.255
108.255
109.255
110.255
75.1838
70.799
95.4559
163.456
64
67.7279
73.5269
73.9411
96.7696
74.1127
64
64
64
64
64
110.669
76.1838
71.2132
72.2132
73.2132
74.2132
75.2132
91.0416
92.0416
93.0416
94.0416
95.0416
163.042
164.042
65
68.7279
69.1422
74.9411
75.3554
96.3553
95.3553
94.3553
93.3553
92.3553
77.5269
76.5269
75.5269
74.5269
65
65
111.083
112.083
113.083
114.083
115.083
77.1838
75.6274
76.6274
77.6274
78.6274
79.6274
80.6274
81.6274
82.6274
83.6274
84.6274
85.6274
86.6274
87.6274
88.6274
89.6274
90.6274
163.627
66
70.1422
76.3554
76.7696
77.1838
77.598
91.9411
90.9411
89.9411
88.9411
87.9411
86.9411
85.9411
84.9411
83.9411
82.9411
81.9411
80.9411
79.9411
78.9411
77.9411
66
66
115.498
116.498
117.498
118.498
119.498
78.1838
164.042
67
71.1422
78.598
79.0122
67
67
67
68.4142
67.4142
67
119.912
120.912
121.912
122.912
123.912
79.1838
164.456
165.456
69.4142
68.4142
68
72.1422
72.5564
80.0122
80.4264
80.8406
68
68.8284
124.326
125.326
126.326
127.326
128.326
80.598
80.1838
165.87
69.8284
73.5564
81.8406
82.2549
82.6691
69
69.8284
128.74
129.74
130.74
131.74
81.598
166.284
70.8284
74.5564
83.6691
84.0833
84.4975
84.9117
70
70.8284
132.154
133.154
134.154
135.154
136.154
82.598
166.699
71.8284
75.5564
85.9117
86.3259
71
71
72.2426
71.8284
136.569
137.569
138.569
138.368
137.368
136.368
84.0122
83.598
167.113
72.8284
76.5564
87.3259
72
73.2426
135.953
134.953
133.953
132.953
131.953
130.953
130.539
130.125
85.0122
167.527
73.8284
77.5564
88.3259
88.7402
89.1544
73
74.2426
129.125
86.0122
167.941
74.8284
78.5564
90.1544
90.5686
90.9828
91.397
74
75.6569
75.2426
128.125
127.711
127.297
126.882
126.468
126.054
125.64
125.225
124.811
124.397
123.983
88.4264
87.4264
87.0122
168.355
76.2426
75.8284
79.5564
92.397
92.8112
75
76.6569
122.983
88.8406
168.77
77.2426
80.5564
93.8112
94.2254
94.6397
95.0539
76
78.0711
77.6569
121.983
90.2549
89.8406
168.184
169.184
78.2426
81.5564
96.0539
96.4681
96.8823
77
80.4853
79.4853
79.0711
120.983
91.6691
91.2549
168.598
79.2426
82.5564
97.8823
98.2965
98.7107
78
82.8995
81.8995
80.8995
119.983
93.0833
92.6691
169.012
80.6569
80.2426
83.5564
99.7107
100.125
79
85.3137
84.3137
83.3137
118.983
95.4975
94.4975
94.0833
169.426
81.6569
84.5564
101.125
80
86.7279
85.7279
117.983
95.9117
169.841
82.6569
85.5564
102.125
102.539
102.953
103.368
81
87.1422
102.711
103.711
104.711
105.711
106.711
107.711
108.711
109.711
110.711
111.711
112.711
113.711
114.711
115.711
116.711
117.711
116.983
98.3259
97.3259
96.9117
170.255
83.6569
86.1422
86.5564
104.368
104.782
82
89.5564
88.5564
87.5564
101.882
102.297
102.711
103.125
118.125
119.125
120.125
121.125
122.125
115.983
101.74
100.74
99.7402
98.7402
169.669
170.669
84.6569
87.1422
105.782
106.196
83
83.4142
92.9706
91.9706
90.9706
89.9706
102.054
102.468
102.882
122.539
123.539
124.539
114.983
106.154
105.154
104.154
103.154
102.154
170.083
86.0711
85.6569
88.1422
107.196
107.397
84.4142
96.3848
95.3848
94.3848
93.3848
102.64
103.054
124.953
125.953
126.953
113.983
112.569
111.569
110.569
109.569
108.569
107.569
106.569
170.498
87.0711
88.7279
89.1422
107.811
106.811
105.811
85.4142
98.799
97.799
96.799
102.811
103.225
103.64
127.368
128.368
129.368
113.569
95.5269
95.9411
96.3554
96.7696
97.1838
97.598
98.0122
98.4264
98.8407
99.2549
99.6691
100.083
100.498
100.912
101.912
102.912
103.912
168.912
169.912
170.912
88.0711
89.7279
106.225
105.225
86.4142
100.213
99.2132
103.397
103.811
129.782
130.782
131.782
92.799
93.2132
93.6274
94.0416
94.4559
94.8701
95.2843
95.6985
96.1127
96.5269
104.326
105.326
106.326
107.326
108.326
109.326
110.326
111.326
112.326
169.326
90.4853
89.4853
89.0711
90.7279
105.64
105.225
87.4142
103.627
102.627
101.627
100.627
103.983
104.397
132.196
133.196
91.7279
92.1421
92.5564
92.9706
93.3848
93.799
112.74
113.74
114.74
115.74
169.74
90.8995
90.8995
91.3137
91.7279
106.225
88.4142
105.042
104.042
104.983
133.61
134.61
92.7279
116.154
170.154
91.8995
91.8995
107.225
89.4142
89.8284
90.8284
106.456
105.456
105.983
135.024
92.8995
92.4853
92.8995
93.3137
93.7279
117.154
117.569
118.569
119.569
169.569
170.569
92.8995
92.8995
108.225
107.811
91.2426
106.87
106.154
106.569
106.983
136.024
136.439
95.5563
95.1421
94.7279
94.3137
93.8995
119.983
120.983
121.983
169.983
93.8995
93.4853
93.8995
108.811
108.397
107.983
92.2426
109.284
108.284
107.284
107.154
137.439
137.853
138.853
97.799
97.3848
96.9706
96.5563
122.397
123.397
124.397
170.397
95.3137
94.8995
94.4853
108.983
93.2426
110.699
109.699
107.74
108.154
139.267
140.267
100.456
100.042
99.6274
99.2132
98.799
124.811
125.811
126.811
169.811
170.811
96.3137
95.0711
95.4853
109.983
109.569
94.2426
112.113
111.113
108.74
140.681
141.681
102.284
101.87
101.456
127.225
128.225
129.225
170.225
97.3137
96.0711
110.569
95.2426
95.6569
114.527
113.527
112.527
109.74
142.096
142.297
103.698
103.284
129.64
130.64
170.64
98.7279
98.3137
96.2426
96.6569
97.0711
111.569
111.154
96.6569
114.941
110.74
142.711
105.941
105.527
105.113
104.698
131.054
132.054
169.054
170.054
171.054
99.7279
97.2426
112.154
97.6569
116.355
115.355
111.74
143.125
142.125
141.125
106.941
132.468
169.468
100.728
98.2426
113.154
98.6569
116.77
112.74
141.539
108.355
107.941
133.468
133.882
169.882
101.728
98.8284
99.2426
114.154
99.6569
117.184
113.74
141.953
140.953
109.77
109.355
134.882
135.297
136.297
170.297
102.728
99.8284
115.154
114.74
114.326
100.657
101.071
118.598
117.598
114.74
141.368
112.012
111.598
111.184
110.77
136.711
169.711
170.711
104.142
103.728
100.414
100.828
115.326
102.071
119.012
100
100.414
100.828
101.243
101.657
102.071
102.485
102.899
115.74
141.782
140.782
113.426
113.012
137.711
138.125
170.125
105.142
101.414
116.326
103.071
120.426
119.426
102.657
102.243
101.828
101.414
101
103.899
104.314
104.728
105.142
105.556
116.74
141.196
115.255
114.841
114.426
139.125
139.539
170.539
106.142
102
102.414
117.326
104.071
120.841
104.485
104.071
103.657
106.556
106.971
107.385
107.799
117.74
141.61
140.61
139.61
116.255
140.539
169.953
170.953
107.142
103
118.326
105.071
105.485
121.255
106.314
105.9
105.485
108.799
109.213
118.74
140.024
117.669
117.255
141.539
141.953
142.368
170.368
108.142
104
104
104
119.326
110.213
109.799
109.385
108.971
108.556
108.142
107.728
107.314
106.485
121.669
107.728
107.314
110.213
110.627
119.74
140.439
139.439
119.083
118.669
143.368
170.782
110.556
109.556
109.142
105
120.326
119.912
112.456
112.042
111.627
111.213
108.314
107.899
107.485
107.485
124.083
123.083
122.083
109.142
108.728
111.627
112.042
112.456
120.74
139.853
120.083
144.368
171.196
110.971
106
120.912
113.456
108.485
108.485
124.498
110.142
113.456
121.74
140.267
121.498
121.083
145.368
171.61
111.971
107
121.912
114.87
114.456
109.485
109.071
108.657
109.485
124.912
111.971
111.556
111.142
114.456
114.87
122.74
140.681
122.498
146.368
146.782
172.024
112.971
108
108
122.912
116.698
116.284
115.87
109.657
109.243
110.485
125.326
113.385
112.971
115.87
123.74
141.096
140.096
124.326
123.912
123.498
147.782
171.439
172.439
113.971
109
123.912
123.497
118.113
117.698
110.243
109.828
111.485
111.9
112.9
125.74
114.385
116.87
117.284
124.74
125.154
140.51
125.326
148.782
171.853
114.971
110
124.497
119.527
119.113
110.828
110.414
110
113.314
126.154
115.799
115.385
118.284
126.154
140.924
126.326
149.782
150.196
172.267
115.971
111
125.497
125.083
120.941
120.527
111
114.314
127.154
116.799
119.284
119.699
127.154
141.338
127.74
127.326
151.196
172.681
117.385
116.971
112
112
126.083
125.669
125.255
123.184
122.77
122.355
121.941
112
112
115.314
128.154
118.213
117.799
120.699
128.154
141.752
140.752
128.74
152.196
173.096
118.385
113
126.255
125.841
125.426
125.012
124.598
124.184
113
116.314
129.154
119.213
121.699
129.154
141.167
129.74
153.196
173.51
119.385
114
114
117.314
130.154
120.213
122.699
130.154
142.167
130.74
154.196
173.924
120.385
115
115
118.314
131.154
121.213
123.699
131.154
143.167
132.154
131.74
155.196
174.338
121.385
116
116
119.314
132.154
122.213
124.699
125.113
125.527
132.154
132.569
133.569
144.167
133.154
156.196
174.752
122.385
117
117
120.314
120.728
133.154
124.042
123.627
123.213
126.527
133.983
145.167
134.154
157.196
175.167
123.385
118
118
118
121.728
134.154
125.042
127.527
134.983
146.167
135.154
158.196
175.581
124.385
119
119
122.728
135.154
126.042
128.527
135.983
147.167
141.125
140.711
140.297
139.882
139.468
139.054
138.64
138.225
137.811
137.397
136.983
136.569
136.154
159.196
159.61
160.024
160.439
160.853
161.267
161.681
162.096
162.51
162.924
163.338
163.752
164.167
164.581
164.995
165.995
166.995
167.995
168.995
169.995
170.995
171.995
172.995
173.995
174.995
175.995
125.385
124.971
124.556
124.142
123.728
123.314
122.9
122.485
122.071
121.657
121.243
120.828
120.414
120
120
120
120
120
120
120
120
120
120
120
120
120
120
120
120
120
120
120.414
120.828
121.243
121.657
122.071
122.485
122.9
123.314
123.728
136.154
135.74
135.326
134.912
134.498
134.083
133.669
133.255
132.841
132.426
132.012
131.598
131.184
130.77
130.355
129.941
129.527
129.113
128.699
128.284
127.87
127.456
127.042
129.527
129.941
130.355
130.77
131.184
131.598
132.012
132.426
132.841
133.255
133.669
134.083
134.498
134.912
135.326
135.74
136.154
136.569
136.983
148.167
147.752
147.338
146.924
146.51
146.096
145.681
145.267
144.853
144.439
144.024
143.61
143.196
142.782
142.368
141.953
141.539
