6
6
6
6
6
6
6
6
6
6
6
6
6
6
6
6
6
6
6
6
6
6
6
6
6
6
6
6
6
6
6
6
6
6
6
6
6
6
6
6
6
6
6
6
6
6
6
6
6
6
6
6
6
6
6
6
6
6
6
6
6
6
6
6
6
6
6
6
6
6
6
6
6
6
6
6
6
6
6
6
6
6
6
6
6
6
6
6
6
6
6
6
6
6
6
6
6
6
6
6
6
6
6
6
6
6
6
6
6
6
6
6
6
6
6
6
6
6
6
6
6
6
6
6
6
6
6
6
6
6
6
6
6
6
6
6
6
6
6
6
6
6
6
6
6
6
6
6
6
6
6
6
6
6
6
6
6
6
6
6
6
6
6
6
6
6
6
6
6
6
6
6
6
6
6
6
6
6
6
6
6
6
6
6
6
6
6
6
6
6
6
6
6
6
6
6
6
6
6
6
6
6
6
6
6
6
6
6
6
6
6
6
6
6
6
6
6
6
6
6
6
6
6
6
6
6
6
6
6
6
6
6
6
6
6
6
6
6
6
6
6
6
6
6
6
6
6
6
6
6
6
6
6
6
6
6
6
6
6
6
6
6
6
6
6
6
6
6
6
6
6
6
6
6
6
6
6
6
6
6
6
6
6
6
6
6
6
6
6
6
6
6
6
6
6
6
6
6
6
6
6
6
6
6
6
6
6
6
6
6
6
6
6
6
6
6
6
6
6
6
6
6
6
6
6
6
6
6
6
6
6
6
6
6
6
6
6
6
6
6
6
6
6
6
6
6
6
6
6
6
6
6
6
6
6
6
6
6
6
6
6
6
6
6
6
6
6
6
6
6
6
6
6
6
6
6
6
6
6
6
6
6
6
6
6
6
6
6
6
6
6
6
6
6
6
6
6
6
6
6
6
6
6
6
6
6
6
6
6
6
6
6
6
6
6
6
6
6
6
6
6
6
6
6
6
6
7
7
7
7
8
8
8
8
9
9
9
9
10
10
10
10
11
11
11
11
12
12
12
12
13
13
13
13
14.4142
14
14
14
14
15.4142
15
15
15
15.4142
16.4142
16
16
16.4142
17.4142
17
17.4142
17.4142
17
17.4142
18.8284
18.4142
18.4142
18.4142
18.4142
19.8284
19.4142
19.4142
19.4142
19.8284
20.8284
20.4142
20.8284
20.4142
20.8284
21.8284
21.8284
21.4142
21.8284
24.2426
23.2426
22.8284
22.8284
22.4142
22.8284
24.6569
23.8284
24.8284
23.8284
23.4142
23.8284
24.2426
26.0711
25.6569
24.8284
25.2426
26.2426
25.2426
25.2426
27.4853
27.0711
26.6569
26.2426
26.2426
26.6569
27.6569
28.4853
27.6569
27.6569
27.2426
28.0711
29.8995
29.4853
28.6569
29.0711
28.6569
29.0711
29.4853
32.3137
31.3137
30.8995
30.0711
30.0711
29.6569
30.4853
33.7279
32.7279
31.0711
31.4853
31.0711
31.4853
31.8995
34.1421
32.4853
32.0711
32.8995
35.1421
33.4853
33.8995
34.8995
33.0711
33.8995
34.3137
35.3137
36.5564
36.1421
35.3137
34.4853
34.0711
35.7279
36.7279
144.225
145.225
146.225
147.225
148.225
149.225
150.225
151.225
152.225
153.225
154.225
155.225
156.225
157.225
158.225
159.225
160.225
161.225
162.225
163.225
164.225
165.225
166.225
167.225
168.225
169.225
170.225
171.225
172.225
173.225
174.225
175.225
176.225
177.225
178.225
177.912
176.912
175.912
174.912
39.9706
38.9706
37.9706
37.5564
36.3137
36.7279
35.4853
37.1421
126.811
127.811
128.811
129.811
130.811
131.811
132.811
133.811
134.811
135.811
136.811
137.811
138.811
139.811
140.811
141.811
142.811
143.811
174.498
173.498
172.498
171.498
170.498
169.498
168.498
167.498
166.498
165.498
164.498
163.498
162.498
41.3848
40.3848
37.7279
37.8995
36.8995
36.4853
38.1421
38.5564
107.397
108.397
109.397
110.397
111.397
112.397
113.397
114.397
115.397
116.397
117.397
118.397
119.397
120.397
121.397
122.397
123.397
124.397
125.397
126.397
162.083
161.083
160.083
159.083
158.083
157.083
156.083
155.083
154.083
42.799
41.799
38.7279
39.1421
39.3137
38.3137
39.5564
39.9706
100.598
101.012
101.426
101.841
102.255
102.669
103.083
103.498
103.912
104.326
104.74
105.154
105.569
105.983
106.983
153.669
152.669
151.669
150.669
149.669
148.669
147.669
45.2132
44.2132
43.2132
40.1421
40.5564
39.7279
40.9706
41.3848
42.3848
99.598
147.255
146.255
145.255
144.255
143.255
142.255
141.841
47.6274
46.6274
45.6274
41.5564
41.9706
42.9706
41.1421
40.7279
42.799
43.799
98.598
140.841
48.0416
43.3848
42.1421
44.2132
97.598
140.426
139.426
138.426
137.426
136.426
135.426
134.426
133.426
51.4559
50.4559
49.4559
48.4559
44.3848
43.1421
45.2132
45.6274
46.6274
47.6274
96.598
133.012
132.012
131.012
130.012
129.012
128.012
53.8701
52.8701
51.8701
45.3848
45.799
45.5564
44.5564
44.1421
48.0416
49.0416
95.598
127.598
126.598
125.598
124.598
123.598
122.598
121.598
57.2843
56.2843
55.2843
54.2843
46.799
47.2132
46.9706
45.9706
49.4559
50.4559
94.598
121.184
120.184
119.184
118.184
117.184
116.184
115.184
114.184
61.6985
60.6985
59.6985
58.6985
57.6985
48.2132
48.6274
49.6274
48.3848
47.3848
50.8701
51.8701
52.8701
53.8701
93.598
113.77
112.77
111.77
110.77
109.77
108.77
107.77
65.1127
64.1127
63.1127
62.1127
50.0416
51.0416
49.799
48.799
54.2843
55.2843
56.2843
92.598
107.355
106.355
105.355
104.355
103.355
102.355
101.355
100.355
99.3554
98.3554
97.3554
73.5269
72.5269
71.5269
70.5269
69.5269
68.5269
67.5269
66.5269
65.5269
51.4559
52.4559
50.2132
56.6985
57.6985
58.6985
59.6985
91.598
96.9411
95.9411
94.9411
93.9411
92.9411
91.9411
90.9411
89.9411
88.9411
87.9411
86.9411
85.9411
84.9411
83.9411
82.9411
81.9411
80.9411
79.9411
78.9411
77.9411
76.9411
75.9411
74.9411
73.9411
52.8701
53.8701
52.6274
51.6274
51.2132
60.1127
61.1127
62.1127
90.598
54.2843
55.2843
56.2843
57.2843
54.0416
53.0416
62.5269
63.5269
64.5269
65.5269
89.598
57.6985
54.4559
65.9411
88.598
58.1127
59.1127
55.8701
55.4559
66.3554
67.3554
68.3554
69.3554
70.3554
71.3554
87.598
59.5269
60.5269
58.2843
57.2843
56.8701
71.7696
72.7696
73.7696
74.7696
75.7696
76.7696
77.7696
78.7696
79.7696
87.1838
60.9412
61.9412
62.9412
63.9412
60.6985
59.6985
58.6985
80.1838
81.1838
82.1838
83.1838
84.1838
85.1838
86.1838
64.3554
65.3554
62.1127
61.1127
65.7696
66.7696
67.7696
68.7696
64.5269
63.5269
62.5269
69.1838
70.1838
66.9412
65.9412
64.9412
70.598
71.598
72.598
73.598
68.3554
67.3554
74.0122
68.7696
74.4264
75.4264
76.4264
72.1838
71.1838
70.1838
69.1838
76.8407
77.8407
78.8407
79.8407
75.598
74.598
73.598
72.598
80.2549
81.2549
82.2549
83.2549
84.2549
78.0122
77.0122
76.0122
84.6691
85.6691
86.6691
87.6691
81.4264
80.4264
79.4264
78.4264
88.0833
89.0833
90.0833
91.0833
92.0833
84.8407
83.8407
82.8407
81.8407
92.4975
93.4975
94.4975
95.4975
96.4975
89.2549
88.2549
87.2549
86.2549
85.2549
96.9117
97.9117
98.9117
99.9117
100.912
101.912
102.912
94.6691
93.6691
92.6691
91.6691
90.6691
89.6691
103.326
104.326
105.326
106.326
107.326
108.326
109.326
110.326
111.326
112.326
113.326
114.083
113.083
112.083
111.083
110.083
109.083
108.083
107.083
106.083
105.083
104.083
103.083
102.083
101.083
100.083
99.0833
98.0833
97.0833
96.0833
95.0833
96.7107
90.397
90.8112
91.2254
91.6397
92.0539
92.4681
92.8823
93.2965
93.7107
94.7107
95.7107
97.125
88.0833
88.4975
88.9117
89.3259
89.7402
90.1544
90.5686
90.9828
91.397
98.125
87.0122
87.4264
87.8407
88.2549
88.6691
89.0833
99.125
86.3554
86.7696
87.1838
87.598
88.0122
100.125
86.5269
86.9411
87.3554
101.125
85.8701
86.2843
86.6985
87.1127
87.5269
102.125
85.6274
86.0416
86.4559
86.8701
103.125
86.6274
104.125
87.2132
87.6274
105.125
82
82
82
82
82
82
82
82
82
82
82
82
82
82
82
82
82
82
82
82
82
82
86.9706
87.3848
87.799
88.2132
106.125
83
83
83
83
83
83
83
83.4142
83.8284
84.2426
84.6569
85.0711
87.1421
87.5564
87.9706
107.125
84
84
84
86.0711
86.4853
86.8995
87.3137
87.7279
87.7279
88.1421
108.125
85.4142
85
85
85
88.7279
89.1421
89.5564
87.8995
88.3137
88.7279
109.125
109.539
109.953
110.368
110.782
111.196
111.61
112.024
112.439
112.853
87.2426
86.8284
86.4142
90.5564
90.9706
91.3848
91.799
88.0711
88.4853
88.8995
113.853
114.267
114.681
115.096
115.51
116.51
89.4853
89.0711
88.6569
88.2426
92.799
93.2132
88.2426
88.6569
89.0711
116.924
117.924
118.924
119.924
120.924
171.752
170.752
169.752
168.752
167.752
166.752
165.752
164.752
163.752
162.752
161.752
160.752
159.752
158.752
157.752
156.752
155.752
154.752
153.752
152.752
151.752
90.8995
90.4853
94.2132
94.6274
95.0416
95.4559
88.8284
89.2426
121.338
172.167
152.167
91.8995
96.4559
89.8284
122.338
122.752
123.752
177.581
176.581
175.581
174.581
173.581
173.167
152.581
151.581
150.581
149.581
148.581
94.1421
93.7279
93.3137
92.8995
97.4559
97.8701
90.4142
90.8284
124.167
125.167
126.167
180.995
179.995
178.995
177.995
148.995
147.995
146.995
95.5564
95.1421
98.8701
99.2843
91
91.4142
126.581
127.581
128.581
184.409
183.409
182.409
181.409
147.409
146.409
145.409
144.409
96.9706
96.5564
100.284
100.699
92
92
92
128.995
129.995
130.995
186.823
185.823
184.823
144.823
143.823
142.823
98.3848
97.9706
101.699
102.113
102.527
93
93
131.409
132.409
133.409
188.238
187.238
143.238
142.238
141.238
100.213
99.799
99.3848
103.527
103.941
94
133.823
134.823
190.652
189.652
188.652
141.652
140.652
139.652
101.627
101.213
104.941
105.355
95
95
135.238
136.238
137.238
192.238
192.066
191.066
140.066
139.066
102.627
106.355
106.77
96
96
137.652
192.652
139.48
103.627
107.77
97
138.652
139.066
192.066
193.066
139.895
138.895
137.895
105.042
104.627
108.77
109.184
109.598
98
98
98
140.066
140.48
190.48
191.48
192.48
138.309
137.309
106.87
106.456
106.042
110.598
111.012
99
141.48
190.895
137.723
136.723
108.284
107.87
112.012
100
100
142.48
142.895
190.309
191.309
137.137
109.284
113.012
113.426
101
143.895
144.309
144.723
189.723
190.723
137.551
136.551
135.551
110.699
110.284
114.426
102
102
145.723
188.137
189.137
190.137
136.551
136.137
111.699
115.426
115.841
116.255
103
146.723
147.137
188.551
137.137
113.113
112.699
117.255
113.527
113.113
112.699
104
104
104
148.137
187.966
188.966
138.137
137.723
114.113
118.255
118.669
116.598
116.184
115.77
115.355
114.941
114.527
113.699
113.284
112.87
112.456
112.042
111.627
111.213
110.799
105
149.137
188.38
138.723
115.113
119.669
117.598
111.799
106
150.137
150.551
188.794
139.723
116.113
120.669
119.426
119.012
118.598
112.799
112.385
111.971
107
151.551
188.208
189.208
140.723
140.309
117.941
117.527
117.113
121.669
122.083
121.669
121.255
120.841
120.426
112.971
112.556
112.142
108
108
152.551
152.966
153.38
188.622
141.309
118.941
123.083
123.083
122.669
113.142
112.728
109
154.38
189.037
142.309
119.941
124.083
124.083
113.728
113.314
110
155.38
188.451
189.451
143.309
142.895
142.48
121.355
120.941
125.083
125.912
125.498
125.083
114.314
113.899
113.485
111
111
156.38
156.794
188.865
143.48
122.355
126.083
126.498
127.326
126.912
114.485
112
157.794
189.279
144.48
123.355
127.498
128.326
115.485
115.071
113
158.794
189.694
145.48
124.355
128.498
129.326
116.071
114
159.794
190.108
146.48
125.355
129.498
130.74
130.326
117.071
115
160.794
190.522
147.48
147.066
126.355
130.498
131.74
118.071
117.657
116
161.794
188.936
189.936
190.936
148.066
127.355
131.498
132.74
118.657
117
162.794
189.35
149.066
128.355
132.498
133.74
119.657
118
163.794
189.765
150.066
129.355
133.498
134.74
120.657
119
164.794
165.208
165.622
166.037
166.451
166.865
167.279
167.694
168.108
168.522
168.936
169.35
169.765
170.179
171.179
172.179
173.179
174.179
175.179
176.179
177.179
178.179
179.179
180.179
181.179
182.179
183.179
184.179
185.179
186.179
187.179
188.179
189.179
190.179
151.066
150.652
150.238
149.823
149.409
148.995
148.581
148.167
147.752
147.338
146.924
146.51
146.096
145.681
145.267
144.853
144.439
144.024
143.61
143.196
142.782
142.368
141.953
141.539
141.125
140.711
140.297
139.882
139.468
139.054
138.64
138.225
137.811
137.397
136.983
136.569
136.154
135.74
135.326
134.912
134.498
134.083
133.669
133.255
132.841
132.426
132.012
131.598
131.184
130.77
130.355
134.498
134.912
135.326
135.74
136.154
136.569
136.983
137.397
137.811
138.225
138.64
139.054
139.468
139.882
140.297
140.711
141.125
141.539
141.953
142.368
142.782
143.196
143.61
144.024
144.439
144.853
145.267
145.681
146.096
146.51
146.924
147.338
147.752
148.167
148.581
148.995
149.409
149.823
149.409
148.995
148.581
148.167
147.752
147.338
146.924
146.51
146.096
145.681
145.267
144.853
144.439
144.024
143.61
143.196
142.782
142.368
141.953
141.539
141.125
140.711
140.297
139.882
139.468
139.054
138.64
138.225
137.811
137.397
136.983
136.569
136.154
135.74
121.657
121.243
120.828
120.414
120
120
120
120
120
120
120
120
120
120
120
120
120
120
120
120
120
120
120
120
120
120
120
120
120
120
120
120
120
120
120
120
120
120
120
120
120
120
120
120
120
120
120
120
120
120
