6
6
6
6
6
6
6
6
6
6
6
6
6
6
6
6
6
6
6
6
6
6
6
6
6
6
6
6
6
6
6
6
6
6
6
6
6
6
6
6
6
6
6
6
6
6
6
6
6
6
6
6
6
6
6
6
6
6
6
6
6
6
6
6
6
6
6
6
6
6
6
6
6
6
6
6
6
6
6
6
6
6
6
6
6
6
6
6
6
6
6
6
6
6
6
6
6
6
6
6
6
6
6
6
6
6
6
6
6
6
6
6
6
6
6
6
6
6
6
6
6
6
6
6
6
6
6
6
6
6
6
6
6
6
6
6
6
6
6
6
6
6
6
6
6
6
6
6
6
6
6
6
6
6
6
6
6
6
6
6
6
6
6
6
6
6
6
6
6
6
6
6
6
6
6
6
6
6
6
6
6
6
6
6
6
6
6
6
6
6
6
6
6
6
6
6
6
6
6
6
6
6
6
6
6
6
6
6
6
6
6
6
6
6
6
6
6
6
6
6
6
6
6
6
6
6
6
6
6
6
6
6
6
6
6
6
6
6
6
6
6
6
6
6
6
6
6
7
7
7
7
7
7
7
7
7
7
7
7
7
7
8
8
8
8
8
8
8
8
8
8
8
8
8
8
9
9
9
9.41421
9
9
9
9
9
9
9
9
9
9
9
10
10
10
10.4142
10
10
10
10
10
10.4142
10
10
10
10
10.4142
11.4142
10
11
11
11
11.4142
11
11.4142
12.4142
11.4142
11
11
11
11
11.4142
11
11.4142
11.4142
11
11.8284
11
12
12
12
12.4142
12.4142
12.8284
12.4142
12
12
12
12.4142
12.4142
12.4142
12.8284
12.8284
12.4142
12.8284
12
13
13
13
13
13
13
13
13
13
13
13
13.4142
13.4142
13.8284
13.4142
13
13
13.4142
13.4142
13.8284
13.8284
13.8284
13
13
14
14
14
14
14
14
14.4142
14.8284
14.4142
14.8284
14.4142
14
14
14.4142
14.8284
14.4142
14.8284
15.2426
16.2426
15.2426
14.8284
14.8284
15.2426
15.4142
14.4142
14
14
15
15
15
15
15
15
15.4142
15.8284
17.2426
16.2426
15.8284
15.8284
16.2426
16.8284
15.8284
15.4142
15
15
15.4142
15.8284
15.8284
16.6569
17.6569
18.6569
18.6569
17.6569
16.6569
16.2426
16.2426
15.8284
15
16
16
16
16
16.8284
17.6569
17.2426
17.6569
18.2426
17.2426
16
16
16.8284
17.2426
16.8284
19.0711
20.0711
21.0711
21.0711
20.0711
19.0711
17.2426
17.6569
17.2426
16.8284
16
17
17
17
17
17.4142
17.4142
17
17.8284
18.2426
19.2426
19.0711
18.6569
18.6569
19.0711
19.6569
18.6569
17
17
17
17.8284
18.2426
19.2426
18.2426
18.6569
18.2426
17
18
18
18.4142
18.4142
19.6569
20.6569
21.4853
20.4853
20.0711
20.0711
20.4853
21.4853
21.0711
20.0711
18
18
19.6569
20.6569
20.6569
19.6569
19.2426
19.6569
20.0711
21.0711
19.6569
19.2426
18
19
19
19.4142
19.4142
21.0711
22.0711
23.0711
23.8995
22.8995
21.8995
21.8995
22.8995
23.4853
22.4853
21.4853
19
19
21.0711
22.0711
22.0711
21.0711
21.4853
22.4853
22.0711
21.0711
20.6569
19
20
20.4142
20.4142
23.4853
24.4853
25.4853
26.3137
25.3137
24.3137
23.3137
24.3137
25.3137
26.3137
27.3137
26.8995
25.8995
24.8995
23.8995
20
20
22.4853
23.4853
23.4853
22.4853
22.8995
23.8995
23.4853
22.4853
20
21
21
21.4142
21.4142
25.8995
26.7279
27.7279
27.3137
21
21
23.8995
23.8995
24.3137
23.8995
21
22
22.4142
23.8284
22.8284
22.4142
26.3137
27.3137
28.3137
29.3137
31.1421
30.1421
29.1421
28.1421
27.1421
22
22
22
22
22
22
22
22
22
22
22
22
22
22
22
22
28.1421
29.1421
30.1421
31.1421
32.1421
31.7279
30.7279
29.7279
28.7279
27.7279
22
22
22
22
24.8995
25.3137
26.3137
27.3137
26.3137
25.3137
24.8995
25.3137
25.7279
25.3137
24.8995
22
23
23.4142
24.2426
29.7279
30.7279
31.7279
32.7279
33.7279
34.7279
35.7279
36.5563
35.5563
34.5563
33.5563
32.5563
31.5563
23
23
23
23
23
23
23
23
23
26.7279
27.7279
28.7279
29.7279
30.7279
29.7279
28.7279
27.7279
26.7279
27.1421
28.1421
29.1421
28.7279
27.7279
26.7279
26.3137
23
24
24
24
24.4142
25.2426
36.1421
37.1421
38.1421
39.1421
40.1421
41.1421
41.9706
40.9706
39.9706
38.9706
37.9706
36.9706
24
24
24
24
24
24
24
24
31.1421
32.1421
33.1421
34.1421
35.1421
36.1421
35.1421
34.1421
33.1421
32.1421
31.1421
30.1421
29.5563
30.5563
31.5563
32.5563
33.5563
33.1421
32.1421
31.1421
30.1421
29.1421
24
25
25
25.4142
26.6569
26.2426
25
25
25
25
25
25
25
25
25
36.5563
37.5563
38.5563
37.5563
36.5563
35.5563
33.9706
34.9706
35.9706
36.9706
37.5563
36.5563
35.5563
34.5563
33.5563
25
26
26
27.6569
26
26
26
26
26
26
26
26
26
26
26
26
26
26
26.4142
26.8284
27.2426
27.6569
28.0711
28.4853
28.8995
29.3137
29.3137
28.8995
28.4853
26
27
27
29.0711
28.6569
27
27
27
27
27
27
27
27
27
27
27
29.4853
29.0711
28.6569
28.2426
27.8284
27
28
28
28
28
30.0711
28
28
28
28
28
28
28
28
28
28
28
28
28
28
28.8284
28.4142
28
28
29
29
32.4853
31.4853
31.0711
29
29
29
29
29
29
29
30
30
30
32.8995
30
30
30.4142
30.8284
31.2426
30
30
30
30
30
30
30
30
30
30
30
30
31
31
31
31
31
31
31
31
31
31
31
31
31
31
31
31
31
31
31
31
34.3137
33.8995
31
32.2426
32.6569
31
31
31
31
31
31
31
31
31
31
31
31
31
31
32
32
32
32
32
32
32
32
32
32
32
32
32
35.7279
35.3137
32
32
32
33.6569
34.0711
32
32
32
32
32
32
32
32
32
32
32
32
32
32
32
32
32
32
34.4142
33.4142
33
33
33
37.1421
36.7279
33
35.0711
35.4853
33
33
33
33
33
33
33
33
33
33
33
33
33
33
33
33
34.8284
34
34
40.5564
39.5564
38.5564
38.1421
34
36.4853
36.8995
37.3137
34
34
34
34
34
34
34
34
34
34
34
34
34
36.2426
35.8284
35
35
35
43.9706
42.9706
41.9706
40.9706
35
38.3137
38.7279
35
35
35
35
35
35
35
35
35
35
35
35
35.4142
35
37.2426
36
36
49.3848
48.3848
47.3848
46.3848
45.3848
44.3848
36
36.4142
37.4142
39.7279
40.1421
36
36
36
36
36
36
36
36
36
37.2426
36.8284
36.4142
38.6569
38.2426
37
59.799
58.799
57.799
56.799
55.799
54.799
53.799
52.799
51.799
50.799
49.799
37.8284
41.1421
37
37
37
37
38.2426
39.6569
38
60.2132
38.8284
42.1421
38
38
38
38
38
38
38
38
38
38
38
39.6569
39.2426
40.6569
39
39
62.6274
61.6274
60.6274
39.8284
43.1421
43.5563
43.9706
39
39
39
39.4142
39
39
39
39
39
39.4142
41.0711
40.6569
42.0711
41.6569
40
65.0416
64.0416
63.0416
40.8284
44.9706
45.3848
40
40
40
40.8284
40.4142
40.4142
40.8284
41.2426
42.0711
44.4853
43.4853
43.0711
41
41
41
66.4559
65.4559
41.8284
42.2426
46.3848
46.799
41
41
41
42.6569
42.2426
41.8284
42.2426
42.6569
43.0711
45.8995
44.8995
42
67.8701
66.8701
51.9411
51.5269
51.1127
50.6985
50.2843
49.8701
49.4558
49.0416
48.6274
48.2132
47.799
43.2426
47.799
42
42
42
42
44.8995
44.4853
44.0711
43.6569
43.6569
44.0711
44.8995
44.4853
44.0711
49.3137
48.3137
47.3137
46.3137
43
68.2843
50.8701
51.2843
51.6985
52.1127
52.5269
52.9411
52.9411
48.799
48.3848
47.9706
47.5563
47.1421
46.7279
46.3137
45.8995
44.2426
48.799
49.2132
43
43
43
43
47.1421
46.7279
46.3137
45.8995
45.0711
45.4853
45.8995
45.8995
50.7279
49.7279
44
68.6985
50.2132
50.6274
51.0416
51.4558
51.8701
46.8995
46.4853
46.0711
45.6569
45.2426
45.6569
50.2132
44
44
44
44
48.9706
48.5563
48.1421
46.8995
46.8995
53.1422
52.1422
51.1422
45
70.1127
69.1127
49.9706
50.3848
50.799
51.2132
46.6569
46.2426
45.8284
45.4142
46.6569
47.0711
51.2132
51.6274
51.2132
45
45
45
45
51.6274
51.2132
50.799
50.3848
49.9706
47.8995
48.3137
47.8995
61.5564
60.5564
59.5564
58.5564
57.5564
56.5564
55.5564
54.5564
53.5564
46
70.5269
50.9706
46.4142
48.0711
52.2132
46
46.4142
46
52.6274
49.3137
48.8995
61.9706
47
70.9411
51.5563
51.9706
47.4142
47
47
49.0711
53.2132
47.4142
47
47
47
47
54.4558
54.0416
53.6274
50.3137
49.8995
62.3848
48
71.3554
51.7279
52.1421
52.5563
48
48
48
50.0711
50.4853
51.4853
54.2132
48.4142
48
48
48
48
48
54.6274
55.0416
55.4558
55.8701
56.2843
55.8701
55.4558
51.3137
50.8995
62.799
49
73.7696
72.7696
71.7696
51.8995
52.3137
52.7279
49
49
51.8995
52.8995
55.2132
49.4142
49
49.4142
49.8284
50.2426
50.6569
51.0711
51.4853
51.8995
52.3137
52.7279
53.1421
53.5563
53.9706
54.3848
54.799
55.2132
55.6274
52.3137
52.7279
51.8995
63.2132
50
74.1838
52.4853
52.8995
50
50
53.3137
56.2132
55.799
50.4142
50.8284
51.8284
53.7279
52.8995
53.3137
54.3137
63.6274
51
51.4142
52.4142
74.598
53.0711
53.4853
51
51
51
54.3137
54.7279
56.799
52.2426
54.7279
54.7279
64.0417
52.8284
76.0122
75.0122
53.6569
54.0711
52
52
55.7279
56.1422
57.1422
57.799
53.2426
55.7279
55.7279
64.4559
53.8284
76.4264
53.8284
54.2426
54.6569
53
53
57.5564
58.5564
58.799
54.2426
54.6569
56.7279
56.7279
57.1421
64.8701
54.8284
55.2426
77.8407
76.8407
54.8284
54
58.9706
59.9706
59.799
55.6569
56.0711
131.426
130.426
129.426
128.426
127.426
126.426
125.426
124.426
123.426
123.012
57.7279
58.1421
58.5564
65.2843
56.2426
78.2549
55.4142
55.8284
55
55
60.3848
60.799
57.0711
131.012
122.012
58.7279
59.5564
65.6985
57.2426
78.6691
56
56.4142
56
61.3848
61.799
61.799
58.0711
137.598
136.598
135.598
134.598
133.598
132.598
131.598
130.598
121.598
120.598
119.598
118.598
117.598
116.598
115.598
60.1421
59.7279
60.5564
60.9706
61.9706
66.1127
58.2426
58.6569
81.0833
80.0833
79.0833
57
57
57
57
57
57
62.799
63.2132
62.799
59.0711
59.4853
60.4853
142.184
141.184
140.184
139.184
138.184
137.184
115.184
114.184
113.184
112.184
61.1421
62.3848
63.3848
67.1127
66.6985
66.2843
65.8701
65.4559
65.0417
64.6274
59.6569
60.0711
61.0711
82.4975
81.4975
58
58
63.799
64.2132
65.2132
64.2132
60.8995
61.8995
145.77
144.77
143.77
142.77
141.77
111.77
110.77
109.77
108.77
107.77
62.1421
63.799
64.799
65.799
65.6274
65.2132
64.799
64.3848
63.9706
61.4853
62.4853
83.9117
82.9117
59
59
59
59
65.6274
66.6274
65.2132
62.3137
149.355
148.355
147.355
146.355
145.355
107.355
106.355
105.355
63.5564
63.1421
66.2132
67.2132
68.2132
69.2132
70.2132
64.9706
64.5564
62.8995
63.8995
85.3259
84.3259
60
60
60
67.0417
68.0417
69.0417
70.0417
67.6274
66.6274
66.2132
63.3137
63.7279
150.941
149.941
148.941
104.941
103.941
102.941
101.941
65.9706
64.9706
64.5564
70.6274
71.6274
72.6274
73.6274
74.6274
65.5564
65.1422
64.7279
64.3137
64.3137
65.3137
66.3137
67.3137
84.9706
85.9706
86.7402
85.7402
61
61
61
70.4559
71.4559
68.0416
64.7279
65.1422
66.1422
67.1422
154.527
153.527
152.527
151.527
150.527
101.527
100.527
99.5269
67.3848
66.3848
75.0416
65.3137
64.8995
67.7279
68.7279
69.7279
81.5564
82.5564
83.5564
84.5564
62
62
71.8701
72.8701
69.4558
69.0416
67.5564
68.5564
158.113
157.113
156.113
155.113
154.113
99.1127
98.1127
97.1127
96.1127
68.799
67.799
75.4559
65.8995
70.1422
71.1422
72.1422
73.1422
74.1422
75.1422
76.1422
77.1422
78.1422
79.1422
80.1422
81.1422
63
63
73.2843
74.2843
70.8701
70.4558
68.9706
69.9706
156.355
156.77
157.77
158.699
157.699
95.6985
94.6985
94.2843
71.2132
70.2132
69.2132
75.8701
66.8995
66.4853
66.0711
64
64
64
64
74.6985
71.8701
70.3848
155.355
93.2843
71.6274
76.2843
67.0711
65
65
65
75.1127
76.1127
77.1127
78.1127
73.2843
72.8701
70.799
71.799
72.799
73.799
149.941
150.941
151.941
152.941
153.941
154.941
92.8701
91.8701
90.8701
89.8701
88.8701
75.0416
74.0416
73.0416
72.0416
76.6985
68.0711
67.6569
66
66
66
78.5269
79.5269
80.5269
75.6985
74.6985
74.2843
74.2132
75.2132
76.2132
144.527
145.527
146.527
147.527
148.527
149.527
88.4559
87.4559
86.4559
85.4559
84.4559
83.4559
82.4559
81.4559
80.4559
79.4559
78.4559
77.4559
76.4559
75.4559
77.1127
68.6569
68.2426
67
67
67
67
80.9412
81.9412
82.9412
83.9412
78.1127
77.1127
76.1127
76.6274
77.6274
78.6274
79.6274
137.113
138.113
139.113
140.113
141.113
142.113
143.113
144.113
77.5269
69.2426
68
68
68
84.3554
85.3554
86.3554
87.3554
88.3554
87.5269
86.5269
85.5269
84.5269
83.5269
82.5269
81.5269
80.5269
79.5269
78.5269
80.0417
81.0417
82.0417
83.0417
84.0417
124.699
125.699
126.699
127.699
128.699
129.699
130.699
131.699
132.699
133.699
134.699
135.699
136.699
77.9411
70.2426
69
69
69.4142
69
84.4559
85.4559
86.4559
87.4559
88.4559
89.4559
90.4559
110.284
111.284
112.284
113.284
114.284
115.284
116.284
117.284
118.284
119.284
120.284
121.284
122.284
123.284
124.284
78.9411
71.2426
70.8284
70
70
70.4142
90.8701
91.8701
92.8701
93.8701
94.8701
95.8701
96.8701
97.8701
98.8701
99.8701
100.87
101.87
102.87
103.87
104.87
105.87
106.87
107.87
108.87
109.87
79.9411
71.8284
71
71
71
71
71.4142
80.9411
72.8284
72
73.8284
72.8284
72.4142
81.9411
73.8284
73.8284
73.4142
73
74.2426
82.9411
74.8284
76.0711
75.6569
75.2426
74.8284
75.6569
75.2426
83.9411
75.8284
78.7279
78.3137
77.8995
77.4853
77.0711
77.0711
76.6569
84.9411
76.8284
82.2132
81.799
81.3848
80.9706
80.5564
80.1421
79.7279
80.4853
79.4853
78.4853
78.0711
85.9411
77.8284
88.1838
87.7696
87.3554
86.9411
86.5269
86.1127
85.6985
85.2843
84.8701
84.4559
84.0416
83.6274
83.2132
110.728
109.728
108.728
107.728
106.728
105.728
104.728
103.728
102.728
82.8995
81.8995
80.8995
77
77
77
77
77
80.7279
81.1421
81.5564
81.9706
82.3848
82.799
83.2132
83.6274
84.0416
84.4559
84.8701
85.2843
85.6985
86.1127
86.5269
86.9411
78.8284
91.2549
90.8407
90.4264
90.0122
89.598
89.1838
115.314
114.314
113.314
112.314
111.314
110.314
102.314
101.314
100.314
99.3137
98.3137
97.3137
96.3137
95.3137
94.3137
93.3137
92.3137
91.3137
90.3137
89.3137
88.3137
87.3137
86.3137
85.3137
84.3137
83.3137
80.0711
79.6569
79.2426
78.8284
78.4142
78
78
78
78
78
78
78
82.1421
81.7279
81.3137
80.8995
81.3137
81.7279
80.2426
79.8284
93.0833
92.6691
92.2549
119.728
118.728
117.728
116.728
115.728
81.8995
81.4853
81.0711
79
79
79
79
117.841
116.841
115.841
114.841
113.841
112.841
111.841
110.841
109.841
108.841
84.799
84.3848
83.9706
83.5563
83.1421
81.2426
94.0833
121.142
120.142
82.8995
80
118.255
109.255
85.799
82.2426
96.3259
95.9117
95.4975
95.0833
121.556
84.7279
84.3137
83.8995
81
81
122.669
121.669
120.669
119.669
119.255
109.669
108.669
107.669
106.669
88.0416
87.6274
87.2132
86.799
83.2426
97.7402
97.3259
124.971
123.971
122.971
121.971
86.1421
85.7279
82
82
82
124.083
123.083
107.083
106.083
105.083
89.8701
89.4558
89.0416
84.6569
84.2426
99.1544
98.7402
126.385
125.385
87.1421
83
83
83
152.255
153.255
154.255
155.255
156.255
157.255
158.255
159.255
160.255
161.255
162.255
162.498
161.498
160.498
159.498
125.498
124.498
105.498
104.498
90.0416
90.4558
90.8701
90.8701
86.0711
85.6569
100.983
100.569
100.154
127.799
126.799
88.5563
88.1421
84
84
150.669
151.669
152.669
159.912
158.912
157.912
156.912
127.912
126.912
125.912
104.912
103.912
90.6274
91.0416
87.0711
101.255
101.983
130.213
129.213
128.213
89.5563
85
149.083
150.083
151.083
157.326
156.326
129.326
128.326
104.326
103.326
91.2132
91.6274
90.4853
89.4853
88.4853
88.0711
101.669
131.627
130.627
90.9706
90.5563
86
86.4142
148.498
149.498
156.74
155.74
129.74
103.74
102.74
101.74
91.3848
91.799
92.2132
91.8995
90.8995
102.083
132.042
91.9706
87.4142
87.8284
147.912
148.912
156.154
155.154
131.154
130.74
102.74
91.9706
92.3848
95.3137
94.3137
93.3137
92.3137
102.083
102.498
133.456
132.456
92.9706
88.8284
147.326
148.326
155.569
154.569
153.569
132.154
103.74
103.326
92.5563
92.9706
100.728
99.7279
98.7279
97.7279
96.7279
95.7279
103.083
134.87
133.87
93.9706
89.8284
147.74
153.983
133.154
104.326
93.5563
101.142
104.083
135.284
94.9706
90.8284
91.2426
91.6569
105.74
106.154
107.154
108.154
109.154
146.154
147.154
148.154
154.397
134.154
105.326
94.5563
106.556
105.556
104.556
103.556
102.556
101.556
105.083
137.699
136.699
135.699
98.0417
98.4559
98.8701
99.2843
99.6985
100.113
100.527
100.941
101.355
101.77
102.184
95.9706
92.6569
105.498
105.912
106.326
106.74
109.569
110.569
111.569
112.569
113.569
146.569
154.811
153.811
135.983
135.569
135.154
106.326
94.7279
95.1421
95.5563
106.971
92
92
92
92
92
92
92.4142
92.8284
93.2426
106.083
138.113
97.799
98.2132
98.6274
99.0417
103.184
103.598
104.012
96.9706
93.6569
94.0711
105.669
106.083
106.498
113.983
114.983
145.983
146.983
154.225
136.983
107.326
96.1421
95.7279
107.385
93
93
93
93
94.2426
94.6569
95.0711
95.4853
95.8995
107.083
139.527
138.527
98.3848
98.799
105.012
105.426
105.841
97.9706
95.0711
106.255
106.669
115.397
116.397
117.397
118.397
146.397
154.64
137.983
108.326
107.912
97.1421
107.799
94
94
94
96.8995
97.3137
97.7279
108.083
140.941
139.941
98.9706
99.3848
106.841
107.255
98.9706
96.0711
96.4853
106.841
107.255
118.811
119.811
146.811
155.054
138.983
108.912
98.5564
98.1421
108.213
95
95
98.7279
99.1422
109.083
109.498
141.355
99.5564
99.9706
108.255
99.9706
97.4853
107.841
120.225
121.225
147.225
155.468
139.983
109.912
99.5564
108.627
96.4142
96
100.142
100.556
100.971
110.498
143.77
142.77
141.77
100.556
109.255
109.669
100.971
98.4853
108.841
121.64
146.64
147.64
155.882
140.983
110.912
100.556
109.042
97.4142
101.971
111.498
145.184
144.184
101.556
110.669
101.971
102.385
99.4853
109.841
122.64
147.054
156.297
141.983
111.912
101.556
109.456
99.2426
98.8284
98.4142
102.971
103.385
112.498
145.598
101.728
102.142
102.556
111.669
103.385
100.485
110.841
123.64
124.054
124.468
147.468
156.711
142.983
112.912
102.971
102.556
109.87
100.657
100.243
104.385
104.799
113.498
113.912
147.012
146.012
102.728
112.669
104.385
101.485
101.9
102.314
111.841
125.468
125.882
147.882
157.125
143.983
113.912
103.971
110.284
101.657
105.799
114.912
148.426
147.426
103.314
103.728
113.669
114.083
114.083
105.385
103.314
112.841
126.882
127.297
148.297
157.539
144.983
145.397
146.397
114.912
104.971
116.284
115.284
114.284
113.284
112.284
111.284
103.071
102.657
106.799
107.213
107.627
115.912
116.326
117.326
150.841
149.841
148.841
103.9
104.314
115.083
106.385
106.799
104.314
113.841
128.297
148.711
149.711
157.953
146.811
115.912
105.971
120.699
119.699
118.699
117.699
116.699
104.071
108.627
117.74
118.74
152.255
151.255
104.9
116.083
107.799
105.314
114.841
129.297
129.711
150.125
158.368
147.811
116.912
106.971
124.113
123.113
122.113
121.113
105.485
105.071
109.627
110.042
119.154
120.154
153.669
152.669
105.071
105.485
105.9
117.083
108.799
109.213
106.314
115.841
116.255
130.711
131.125
131.539
150.539
159.782
158.782
148.811
118.326
117.912
108.799
108.385
107.971
126.527
125.527
124.527
106.485
111.042
120.569
121.569
122.569
123.569
157.083
156.083
155.083
154.083
106.071
118.083
110.213
107.314
117.255
132.539
150.953
151.953
160.196
149.811
150.225
119.326
109.799
128.941
127.941
126.941
107.485
112.042
123.983
124.983
159.498
158.498
157.498
106.657
107.071
119.083
111.213
108.314
118.255
118.669
133.539
133.953
152.368
162.61
161.61
160.61
151.225
120.326
110.799
131.355
130.355
129.355
108.485
113.042
125.397
126.397
127.397
128.397
129.397
162.912
161.912
160.912
159.912
107.657
120.083
112.213
112.627
113.627
109.314
119.669
134.953
152.782
153.782
154.782
164.024
163.024
152.225
121.326
111.799
132.77
131.77
110.314
109.9
109.485
114.042
114.456
129.811
162.297
121.083
120.669
120.255
119.841
119.426
119.012
118.598
118.184
117.77
117.355
116.941
116.527
116.113
115.699
115.284
114.87
108.243
108.657
121.083
114.042
110.314
120.669
135.953
155.196
164.439
153.225
122.326
112.799
133.184
111.314
115.456
130.225
131.225
132.225
133.225
134.225
157.882
158.882
159.882
160.882
161.882
123.326
122.912
122.498
122.083
115.87
115.456
115.042
114.627
114.213
113.799
108.828
109.243
122.083
115.042
111.314
121.669
122.083
123.083
136.953
137.368
155.61
156.61
165.853
164.853
154.225
123.326
113.799
135.598
134.598
133.598
112.314
116.456
134.64
135.64
136.64
137.64
138.64
139.64
140.64
141.64
150.468
151.468
152.468
153.468
154.468
155.468
156.468
157.468
125.154
124.74
124.326
114.799
114.385
113.971
113.556
113.142
109
109
109.414
109.828
123.083
116.042
116.456
112.314
123.498
138.368
138.782
157.024
167.267
166.267
155.225
155.64
124.326
114.799
136.012
113.314
117.456
142.054
143.054
144.054
145.054
146.054
147.054
148.054
149.054
150.054
127.569
126.569
126.154
114.142
113.728
113.314
112.9
112.485
110
110
110
110
110
124.083
117.456
113.314
124.498
124.912
139.782
157.439
158.439
159.439
169.681
168.681
167.681
156.64
125.326
115.799
137.426
136.426
114.314
118.456
128.983
127.983
113.485
113.071
112.657
112.243
111.828
111.414
111
125.083
118.456
114.314
125.912
140.782
159.853
160.853
161.853
172.096
171.096
170.096
157.64
126.326
116.799
137.841
115.314
119.456
130.397
129.397
126.083
119.456
119.87
115.314
126.912
127.326
141.782
142.196
142.61
162.267
163.267
164.267
165.267
166.267
167.267
174.096
175.096
174.51
173.51
172.51
158.64
127.326
117.799
139.255
138.255
116.728
116.314
120.456
131.811
130.811
127.083
120.87
116.314
128.326
143.61
167.681
168.681
169.681
170.681
171.681
172.681
173.681
159.64
160.054
161.054
128.74
128.326
118.799
139.669
117.728
121.456
132.225
129.497
128.497
128.083
121.87
117.314
129.326
129.74
144.61
161.468
129.74
119.799
142.083
141.083
140.083
118.728
122.456
133.225
129.912
122.87
118.314
130.74
145.61
162.468
130.74
120.799
142.498
119.728
123.456
123.87
135.054
134.64
134.225
130.912
123.87
119.314
131.74
146.61
163.468
131.74
121.799
142.912
120.728
124.87
136.054
131.912
124.87
125.284
120.314
132.74
147.61
148.024
164.468
132.74
122.799
143.326
121.728
125.87
137.054
132.912
126.284
121.314
133.74
149.024
165.468
133.74
123.799
143.74
122.728
126.87
138.054
133.912
127.284
122.314
134.74
150.024
166.468
134.74
124.799
144.154
129.113
128.699
128.284
127.87
127.456
127.042
126.627
126.213
125.799
125.385
124.971
124.556
124.142
123.728
127.87
128.284
128.699
129.113
129.527
129.941
130.355
130.77
131.184
131.598
132.012
132.426
132.841
133.255
133.669
134.083
134.498
134.912
135.326
135.74
136.154
136.569
136.983
137.397
137.811
138.225
138.64
139.054
139.468
139.882
140.297
140.711
141.125
141.539
141.953
142.368
142.782
143.196
144.196
145.196
146.196
147.196
148.196
149.196
150.196
151.196
152.196
153.196
154.196
155.196
156.196
157.196
158.196
159.196
160.196
161.196
162.196
163.196
164.196
165.196
166.196
166.711
165.711
164.711
163.711
162.711
161.711
160.711
159.711
158.711
157.711
156.711
155.711
154.711
153.711
152.711
151.711
150.711
149.711
148.711
147.711
146.711
145.711
144.711
143.711
142.711
141.711
140.711
140.297
139.882
139.468
139.054
134.912
134.497
134.083
133.669
133.255
132.841
132.426
132.012
131.598
131.184
130.77
130.355
129.941
129.527
129.113
128.698
128.284
127.87
127.456
127.042
126.627
126.213
125.799
125.385
124.971
125.385
125.799
126.213
126.627
127.042
127.456
127.87
128.284
123.314
123.728
124.142
124.556
124.971
125.385
125.799
126.213
126.627
127.042
127.456
127.87
128.284
128.699
129.113
129.527
129.941
130.355
130.77
131.184
131.598
132.012
132.426
132.841
133.255
133.669
134.083
134.498
134.912
135.326
135.74
136.154
137.154
151.024
151.439
151.853
152.267
152.681
153.096
153.51
153.924
154.338
154.752
155.167
155.581
156.581
157.581
158.581
159.581
160.581
161.581
162.581
163.581
164.581
165.581
166.581
167.581
168.581
169.581
170.581
171.581
172.581
173.581
174.581
175.581
176.581
177.581
177.823
177.409
176.995
176.581
176.167
175.752
175.338
174.924
174.51
174.096
173.681
173.267
172.853
172.439
172.024
171.61
171.196
170.782
170.368
169.953
169.539
169.125
168.711
168.297
167.882
167.468
167.054
166.64
166.225
165.811
165.397
164.983
165.397
165.811
166.225
166.64
167.054
167.468
135.74
135.326
134.912
134.498
134.083
133.669
133.255
132.841
132.426
132.012
131.598
131.184
130.77
130.355
129.941
129.527
129.113
128.699
128.284
127.87
127.456
127.042
126.627
126.213
125.799
145.569
144.569
143.569
142.569
141.569
140.569
139.569
138.569
137.569
136.569
136.154
135.74
135.326
134.912
134.498
134.083
133.669
133.255
132.841
132.426
132.012
131.598
131.184
130.77
130.355
129.941
129.527
