139.468
139.882
140.297
140.711
141.125
141.539
141.953
142.368
142.782
143.196
143.61
144.024
144.439
144.853
145.267
145.681
146.096
146.51
146.924
147.338
147.752
148.167
148.581
148.995
149.409
149.823
150.238
150.652
151.066
138.468
138.882
139.297
139.711
140.125
140.539
140.953
141.368
141.782
142.196
142.61
143.024
143.439
143.853
144.267
144.681
145.096
145.51
145.924
146.338
146.752
147.167
147.581
147.995
148.409
148.823
149.238
149.652
150.066
137.468
137.882
138.297
138.711
139.125
139.539
139.953
140.368
140.782
141.196
141.61
142.024
142.439
142.853
143.267
143.681
144.096
144.51
144.924
145.338
145.752
146.167
146.581
146.995
147.409
147.823
148.238
148.652
149.066
136.468
136.882
137.297
137.711
138.125
138.539
138.953
139.368
139.782
140.196
140.61
141.024
141.439
141.853
142.267
142.681
143.096
143.51
143.924
144.338
144.752
145.167
145.581
145.995
146.409
146.823
147.238
147.652
148.652
135.468
135.882
136.297
136.711
137.125
137.539
137.953
138.368
138.782
139.196
139.61
140.024
140.439
140.853
141.267
141.681
142.096
142.51
142.924
143.338
143.752
144.167
144.581
144.995
145.409
145.823
146.238
147.238
148.238
149.238
134.468
134.882
135.297
135.711
136.125
136.539
136.953
137.368
137.782
138.196
138.61
139.024
139.439
139.853
140.267
140.681
141.096
141.51
141.924
142.338
142.752
143.167
143.581
143.995
144.409
144.823
145.823
146.823
147.823
148.823
133.468
133.882
134.297
134.711
135.125
135.539
135.953
136.368
136.782
137.196
137.61
138.024
138.439
138.853
139.267
139.681
140.096
140.51
140.924
141.338
141.752
142.167
142.581
142.995
143.409
144.409
145.409
146.409
147.409
148.409
131.64
132.054
132.468
132.882
133.297
133.711
134.125
134.539
134.953
135.368
135.782
136.196
136.61
137.024
137.439
137.853
138.267
138.681
139.096
139.51
139.924
140.338
140.752
141.167
141.581
141.995
142.995
143.995
144.995
145.995
146.995
147.995
130.64
131.054
131.468
131.882
132.297
132.711
133.125
133.539
133.953
134.368
134.782
135.196
135.61
136.024
136.439
136.853
137.267
137.681
138.096
138.51
138.924
139.338
139.752
140.167
140.581
141.581
142.581
143.581
144.581
145.581
146.581
147.581
129.64
130.054
130.468
130.882
131.297
131.711
132.125
132.539
132.953
133.368
133.782
134.196
134.61
135.024
135.439
135.853
136.267
136.681
137.096
137.51
137.924
138.338
138.752
139.167
140.167
141.167
142.167
143.167
144.167
145.167
146.167
147.167
128.225
128.64
129.054
129.468
129.882
130.297
130.711
131.125
131.539
131.953
132.368
132.782
133.196
133.61
134.024
134.439
134.853
135.267
135.681
136.096
136.51
136.924
137.338
137.752
138.752
139.752
140.752
141.752
142.752
143.752
144.752
145.752
146.752
147.752
148.752
127.225
127.64
128.054
128.468
128.882
129.297
129.711
130.125
130.539
130.953
131.368
131.782
132.196
132.61
133.024
133.439
133.853
134.267
134.681
135.096
135.51
135.924
136.338
137.338
138.338
139.338
140.338
141.338
142.338
143.338
144.338
145.338
146.338
147.338
148.338
125.811
126.225
126.64
127.054
127.468
127.882
128.297
128.711
129.125
129.539
129.953
130.368
130.782
131.196
131.61
132.024
132.439
132.853
133.267
133.681
134.096
134.51
134.924
135.924
136.924
137.924
138.924
139.924
140.924
141.924
142.924
143.924
144.924
145.924
146.924
147.924
124.397
124.811
125.225
125.64
126.054
126.468
126.882
127.297
127.711
128.125
128.539
128.953
129.368
129.782
130.196
130.61
131.024
131.439
131.853
132.267
132.681
133.096
133.51
134.51
135.51
136.51
137.51
138.51
139.51
140.51
141.51
142.51
143.51
144.51
145.51
146.51
147.51
148.51
123.397
123.811
124.225
124.64
125.054
125.468
125.882
126.297
126.711
127.125
127.539
127.953
128.368
128.782
129.196
129.61
130.024
130.439
130.853
131.267
131.681
132.096
133.096
134.096
135.096
136.096
137.096
138.096
139.096
140.096
141.096
142.096
143.096
144.096
145.096
146.096
147.096
148.096
122.397
122.811
123.225
123.64
124.054
124.468
124.882
125.297
125.711
126.125
126.539
126.953
127.368
127.782
128.196
128.61
129.024
129.439
129.853
130.267
130.681
131.681
132.681
133.681
134.681
135.681
136.681
137.681
138.681
139.681
140.681
141.681
142.681
143.681
144.681
145.681
146.681
147.681
120.569
120.983
121.397
121.811
122.225
122.64
123.054
123.468
123.882
124.297
124.711
125.125
125.539
125.953
126.368
126.782
127.196
127.61
128.024
128.439
128.853
129.267
130.267
131.267
132.267
133.267
134.267
135.267
136.267
137.267
138.267
139.267
140.267
141.267
142.267
143.267
144.267
145.267
146.267
147.267
119.154
119.569
119.983
120.397
120.811
121.225
121.64
122.054
122.468
122.882
123.297
123.711
124.125
124.539
124.953
125.368
125.782
126.196
126.61
127.024
127.439
127.853
128.853
129.853
130.853
131.853
132.853
133.853
134.853
135.853
136.853
137.853
138.853
139.853
140.853
141.853
142.853
143.853
144.853
145.853
146.853
147.853
117.74
118.154
118.569
118.983
119.397
119.811
120.225
120.64
121.054
121.468
121.882
122.297
122.711
123.125
123.539
123.953
124.368
124.782
125.196
125.61
126.024
126.439
127.439
128.439
129.439
130.439
131.439
132.439
133.439
134.439
135.439
136.439
137.439
138.439
139.439
140.439
141.439
142.439
143.439
144.439
145.439
146.439
147.439
115.498
115.912
116.326
116.74
117.154
117.569
117.983
118.397
118.811
119.225
119.64
120.054
120.468
120.882
121.297
121.711
122.125
122.539
122.953
123.368
123.782
124.196
124.61
125.024
126.024
127.024
128.024
129.024
130.024
131.024
132.024
133.024
134.024
135.024
136.024
137.024
138.024
139.024
140.024
141.024
142.024
143.024
144.024
145.024
146.024
147.024
148.024
114.083
114.498
114.912
115.326
115.74
116.154
116.569
116.983
117.397
117.811
118.225
118.64
119.054
119.468
119.882
120.297
120.711
121.125
121.539
121.953
122.368
122.782
123.196
123.61
124.61
125.61
126.61
127.61
128.61
129.61
130.61
131.61
132.61
133.61
134.61
135.61
136.61
137.61
138.61
139.61
140.61
141.61
142.61
143.61
144.61
145.61
146.61
147.61
112.669
113.083
113.498
113.912
114.326
114.74
115.154
115.569
115.983
116.397
116.811
117.225
117.64
118.054
118.468
118.882
119.297
119.711
120.125
120.539
120.953
121.368
121.782
122.196
123.196
124.196
125.196
126.196
127.196
128.196
129.196
130.196
131.196
132.196
133.196
134.196
135.196
136.196
137.196
138.196
139.196
140.196
141.196
142.196
143.196
144.196
145.196
146.196
147.196
148.196
149.196
110.426
110.841
111.255
111.669
112.083
112.498
112.912
113.326
113.74
114.154
114.569
114.983
115.397
115.811
116.225
116.64
117.054
117.468
117.882
118.297
118.711
119.125
119.539
119.953
120.368
120.782
121.782
122.782
123.782
124.782
125.782
126.782
127.782
128.782
129.782
130.782
131.782
132.782
133.782
134.782
135.782
136.782
137.782
138.782
139.782
140.782
141.782
142.782
143.782
144.782
145.782
146.782
147.782
148.782
149.782
109.426
109.841
110.255
110.669
111.083
111.498
111.912
112.326
112.74
113.154
113.569
113.983
114.397
114.811
115.225
115.64
116.054
116.468
116.882
117.297
117.711
118.125
118.539
118.953
119.368
120.368
121.368
122.368
123.368
124.368
125.368
126.368
127.368
128.368
129.368
130.368
131.368
132.368
133.368
134.368
135.368
136.368
137.368
138.368
139.368
140.368
141.368
142.368
143.368
144.368
145.368
146.368
147.368
148.368
149.368
107.598
108.012
108.426
108.841
109.255
109.669
110.083
110.498
110.912
111.326
111.74
112.154
112.569
112.983
113.397
113.811
114.225
114.64
115.054
115.468
115.882
116.297
116.711
117.125
117.539
117.953
118.953
119.953
120.953
121.953
122.953
123.953
124.953
125.953
126.953
127.953
128.953
129.953
130.953
131.953
132.953
133.953
134.953
135.953
136.953
137.953
138.953
139.953
140.953
141.953
142.953
143.953
144.953
145.953
146.953
147.953
148.953
104.941
105.355
105.77
106.184
106.598
107.012
107.426
107.841
108.255
108.669
109.083
109.498
109.912
110.326
110.74
111.154
111.569
111.983
112.397
112.811
113.225
113.64
114.054
114.468
114.882
115.297
115.711
116.125
116.539
117.539
118.539
119.539
120.539
121.539
122.539
123.539
124.539
125.539
126.539
127.539
128.539
129.539
130.539
131.539
132.539
133.539
134.539
135.539
136.539
137.539
138.539
139.539
140.539
141.539
142.539
143.539
144.539
145.539
146.539
147.539
148.539
149.539
102.699
103.113
103.527
103.941
104.355
104.77
105.184
105.598
106.012
106.426
106.841
107.255
107.669
108.083
108.498
108.912
109.326
109.74
110.154
110.569
110.983
111.397
111.811
112.225
112.64
113.054
113.468
113.882
114.297
114.711
115.125
116.125
117.125
118.125
119.125
120.125
121.125
122.125
123.125
124.125
125.125
126.125
127.125
128.125
129.125
130.125
131.125
132.125
133.125
134.125
135.125
136.125
137.125
138.125
139.125
140.125
141.125
142.125
143.125
144.125
145.125
146.125
147.125
148.125
149.125
150.125
151.125
99.6274
100.042
100.456
100.87
101.284
101.699
102.113
102.527
102.941
103.355
103.77
104.184
104.598
105.012
105.426
105.841
106.255
106.669
107.083
107.498
107.912
108.326
108.74
109.154
109.569
109.983
110.397
110.811
111.225
111.64
112.054
112.468
112.882
113.297
113.711
114.711
115.711
116.711
117.711
118.711
119.711
120.711
121.711
122.711
123.711
124.711
125.711
126.711
127.711
128.711
129.711
130.711
131.711
132.711
133.711
134.711
135.711
136.711
137.711
138.711
139.711
140.711
141.711
142.711
143.711
144.711
145.711
146.711
147.711
148.711
149.711
150.711
151.711
96.9706
97.3848
97.799
98.2132
98.6274
99.0416
99.4559
99.8701
100.284
100.699
101.113
101.527
101.941
102.355
102.77
103.184
103.598
104.012
104.426
104.841
105.255
105.669
106.083
106.498
106.912
107.326
107.74
108.154
108.569
108.983
109.397
109.811
110.225
110.64
111.054
111.468
111.882
112.297
113.297
114.297
115.297
116.297
117.297
118.297
119.297
120.297
121.297
122.297
123.297
124.297
125.297
126.297
127.297
128.297
129.297
130.297
131.297
132.297
133.297
134.297
135.297
136.297
137.297
138.297
139.297
140.297
141.297
142.297
143.297
144.297
145.297
146.297
147.297
148.297
149.297
150.297
151.297
152.297
93.8995
94.3137
94.7279
95.1421
95.5564
95.9706
96.3848
96.799
97.2132
97.6274
98.0416
98.4559
98.8701
99.2843
99.6985
100.113
100.527
100.941
101.355
101.77
102.184
102.598
103.012
103.426
103.841
104.255
104.669
105.083
105.498
105.912
106.326
106.74
107.154
107.569
107.983
108.397
108.811
109.225
109.64
110.054
110.468
110.882
111.882
112.882
113.882
114.882
115.882
116.882
117.882
118.882
119.882
120.882
121.882
122.882
123.882
124.882
125.882
126.882
127.882
128.882
129.882
130.882
131.882
132.882
133.882
134.882
135.882
136.882
137.882
138.882
139.882
140.882
141.882
142.882
143.882
144.882
145.882
146.882
147.882
148.882
149.882
150.882
151.882
91.2426
91.6569
92.0711
92.4853
92.8995
93.3137
93.7279
94.1421
94.5564
94.9706
95.3848
95.799
96.2132
96.6274
97.0416
97.4559
97.8701
98.2843
98.6985
99.1127
99.5269
99.9412
100.355
100.77
101.184
101.598
102.012
102.426
102.841
103.255
103.669
104.083
104.498
104.912
105.326
105.74
106.154
106.569
106.983
107.397
107.811
108.225
108.64
109.054
109.468
110.468
111.468
112.468
113.468
114.468
115.468
116.468
117.468
118.468
119.468
120.468
121.468
122.468
123.468
124.468
125.468
126.468
127.468
128.468
129.468
130.468
131.468
132.468
133.468
134.468
135.468
136.468
137.468
138.468
139.468
140.468
141.468
142.468
143.468
144.468
145.468
146.468
147.468
148.468
149.468
150.468
151.468
152.468
90.2426
90.6569
91.0711
91.4853
91.8995
92.3137
92.7279
93.1421
93.5564
93.9706
94.3848
94.799
95.2132
95.6274
96.0416
96.4559
96.8701
97.2843
97.6985
98.1127
98.5269
98.9412
99.3554
99.7696
100.184
100.598
101.012
101.426
101.841
102.255
102.669
103.083
103.498
103.912
104.326
104.74
105.154
105.569
105.983
106.397
106.811
107.225
107.64
108.054
109.054
110.054
111.054
112.054
113.054
114.054
115.054
116.054
117.054
118.054
119.054
120.054
121.054
122.054
123.054
124.054
125.054
126.054
127.054
128.054
129.054
130.054
131.054
132.054
133.054
134.054
135.054
136.054
137.054
138.054
139.054
140.054
141.054
142.054
143.054
144.054
145.054
146.054
147.054
148.054
149.054
150.054
151.054
152.054
88.4142
88.8284
89.2426
89.6569
90.0711
90.4853
90.8995
91.3137
91.7279
92.1421
92.5564
92.9706
93.3848
93.799
94.2132
94.6274
95.0416
95.4559
95.8701
96.2843
96.6985
97.1127
97.5269
97.9412
98.3554
98.7696
99.1838
99.598
100.012
100.426
100.841
101.255
101.669
102.083
102.498
102.912
103.326
103.74
104.154
104.569
104.983
105.397
105.811
106.225
106.64
107.64
108.64
109.64
110.64
111.64
112.64
113.64
114.64
115.64
116.64
117.64
118.64
119.64
120.64
121.64
122.64
123.64
124.64
125.64
126.64
127.64
128.64
129.64
130.64
131.64
132.64
133.64
134.64
135.64
136.64
137.64
138.64
139.64
140.64
141.64
142.64
143.64
144.64
145.64
146.64
147.64
148.64
149.64
150.64
151.64
152.64
153.64
87
87
87
87
87.4142
87.8284
88.2426
88.6569
89.0711
89.4853
89.8995
90.3137
90.7279
91.1421
91.5564
91.9706
92.3848
92.799
93.2132
93.6274
94.0416
94.4559
94.8701
95.2843
95.6985
96.1127
96.5269
96.9412
97.3554
97.7696
98.1838
98.598
99.0122
99.4264
99.8407
100.255
100.669
101.083
101.498
101.912
102.326
102.74
103.154
103.569
103.983
104.397
104.811
105.225
106.225
107.225
108.225
109.225
110.225
111.225
112.225
113.225
114.225
115.225
116.225
117.225
118.225
119.225
120.225
121.225
122.225
123.225
124.225
125.225
126.225
127.225
128.225
129.225
130.225
131.225
132.225
133.225
134.225
135.225
136.225
137.225
138.225
139.225
140.225
141.225
142.225
143.225
144.225
145.225
146.225
147.225
148.225
149.225
150.225
151.225
152.225
153.225
154.225
155.225
86
86
86
86
86
86
86
86.4142
86.8284
87.2426
87.6569
88.0711
88.4853
88.8995
89.3137
89.7279
90.1421
90.5564
90.9706
91.3848
91.799
92.2132
92.6274
93.0416
93.4559
93.8701
94.2843
94.6985
95.1127
95.5269
95.9412
96.3554
96.7696
97.1838
97.598
98.0122
98.4264
98.8407
99.2549
99.6691
100.083
100.498
100.912
101.326
101.74
102.154
102.569
102.983
103.397
103.811
104.811
105.811
106.811
107.811
108.811
109.811
110.811
111.811
112.811
113.811
114.811
115.811
116.811
117.811
118.811
119.811
120.811
121.811
122.811
123.811
124.811
125.811
126.811
127.811
128.811
129.811
130.811
131.811
132.811
133.811
134.811
135.811
136.811
137.811
138.811
139.811
140.811
141.811
142.811
143.811
144.811
145.811
146.811
147.811
148.811
149.811
150.811
151.811
152.811
153.811
154.811
155.811
85
85
85
85
85
85
85
85
85
85.4142
85.8284
86.2426
86.6569
87.0711
87.4853
87.8995
88.3137
88.7279
89.1421
89.5564
89.9706
90.3848
90.799
91.2132
91.6274
92.0416
92.4559
92.8701
93.2843
93.6985
94.1127
94.5269
94.9412
95.3554
95.7696
96.1838
96.598
97.0122
97.4264
97.8407
98.2549
98.6691
99.0833
99.4975
99.9117
100.326
100.74
101.154
101.569
101.983
102.397
103.397
104.397
105.397
106.397
107.397
108.397
109.397
110.397
111.397
112.397
113.397
114.397
115.397
116.397
117.397
118.397
119.397
120.397
121.397
122.397
123.397
124.397
125.397
126.397
127.397
128.397
129.397
130.397
131.397
132.397
133.397
134.397
135.397
136.397
137.397
138.397
139.397
140.397
141.397
142.397
143.397
144.397
145.397
146.397
147.397
148.397
149.397
150.397
151.397
152.397
153.397
154.397
155.397
156.397
157.397
84
84
84
84
84
84
84
84
84
84
84.4142
84.8284
85.2426
85.6569
86.0711
86.4853
86.8995
87.3137
87.7279
88.1421
88.5564
88.9706
89.3848
89.799
90.2132
90.6274
91.0416
91.4559
91.8701
92.2843
92.6985
93.1127
93.5269
93.9412
94.3554
94.7696
95.1838
95.598
96.0122
96.4264
96.8407
97.2549
97.6691
98.0833
98.4975
98.9117
99.326
99.7402
100.154
100.569
100.983
101.983
102.983
103.983
104.983
105.983
106.983
107.983
108.983
109.983
110.983
111.983
112.983
113.983
114.983
115.983
116.983
117.983
118.983
119.983
120.983
121.983
122.983
123.983
124.983
125.983
126.983
127.983
128.983
129.983
130.983
131.983
132.983
133.983
134.983
135.983
136.983
137.983
138.983
139.983
140.983
141.983
142.983
143.983
144.983
145.983
146.983
147.983
148.983
149.983
150.983
151.983
152.983
153.983
154.983
155.983
156.983
157.983
83
83
83
83
83
83
83
83
83
83
83
83
83
83.4142
83.8284
84.2426
84.6569
85.0711
85.4853
85.8995
86.3137
86.7279
87.1421
87.5564
87.9706
88.3848
88.799
89.2132
89.6274
90.0416
90.4559
90.8701
91.2843
91.6985
92.1127
92.5269
92.9412
93.3554
93.7696
94.1838
94.598
95.0122
95.4264
95.8407
96.2549
96.6691
97.0833
97.4975
97.9117
98.326
98.7402
99.1544
99.5686
100.569
101.569
102.569
103.569
104.569
105.569
106.569
107.569
108.569
109.569
110.569
111.569
112.569
113.569
114.569
115.569
116.569
117.569
118.569
119.569
120.569
121.569
122.569
123.569
124.569
125.569
126.569
127.569
128.569
129.569
130.569
131.569
132.569
133.569
134.569
135.569
136.569
137.569
138.569
139.569
140.569
141.569
142.569
143.569
144.569
145.569
146.569
147.569
148.569
149.569
150.569
151.569
152.569
153.569
154.569
155.569
156.569
157.569
158.569
159.569
160.569
82
82
82
82
82
82
82
82
82
82
82
82
82
82
82.4142
82.8284
83.2426
83.6569
84.0711
84.4853
84.8995
85.3137
85.7279
86.1421
86.5564
86.9706
87.3848
87.799
88.2132
88.6274
89.0416
89.4559
89.8701
90.2843
90.6985
91.1127
91.5269
91.9412
92.3554
92.7696
93.1838
93.598
94.0122
94.4264
94.8407
95.2549
95.6691
96.0833
96.4975
96.9117
97.326
97.7402
98.1544
99.1544
100.154
101.154
102.154
103.154
104.154
105.154
106.154
107.154
108.154
109.154
110.154
111.154
112.154
113.154
114.154
115.154
116.154
117.154
118.154
119.154
120.154
121.154
122.154
123.154
124.154
125.154
126.154
127.154
128.154
129.154
130.154
131.154
132.154
133.154
134.154
135.154
136.154
137.154
138.154
139.154
140.154
141.154
142.154
143.154
144.154
145.154
146.154
147.154
148.154
149.154
150.154
151.154
152.154
153.154
154.154
155.154
156.154
157.154
158.154
159.154
160.154
161.154
81
81
81
81
81
81
81
81
81
81
81
81
81
81
81
81
81
81.4142
81.8284
82.2426
82.6569
83.0711
83.4853
83.8995
84.3137
84.7279
85.1421
85.5564
85.9706
86.3848
86.799
87.2132
87.6274
88.0416
88.4559
88.8701
89.2843
89.6985
90.1127
90.5269
90.9412
91.3554
91.7696
92.1838
92.598
93.0122
93.4264
93.8407
94.2549
94.6691
95.0833
95.4975
95.9117
96.326
96.7402
97.7402
98.7402
99.7402
100.74
101.74
102.74
103.74
104.74
105.74
106.74
107.74
108.74
109.74
110.74
111.74
112.74
113.74
114.74
115.74
116.74
117.74
118.74
119.74
120.74
121.74
122.74
123.74
124.74
125.74
126.74
127.74
128.74
129.74
130.74
131.74
132.74
133.74
134.74
135.74
136.74
137.74
138.74
139.74
140.74
141.74
142.74
143.74
144.74
145.74
146.74
147.74
148.74
149.74
150.74
151.74
152.74
153.74
154.74
155.74
156.74
157.74
158.74
159.74
160.74
161.74
162.74
80
80
80
80
80
80
80
80
80
80
80
80
80
80
80
80
80
80.4142
80.8284
81.2426
81.6569
82.0711
82.4853
82.8995
83.3137
83.7279
84.1421
84.5564
84.9706
85.3848
85.799
86.2132
86.6274
87.0416
87.4559
87.8701
88.2843
88.6985
89.1127
89.5269
89.9412
90.3554
90.7696
91.1838
91.598
92.0122
92.4264
92.8407
93.2549
93.6691
94.0833
94.4975
94.9117
95.326
96.326
97.326
98.326
99.326
100.326
101.326
102.326
103.326
104.326
105.326
106.326
107.326
108.326
109.326
110.326
111.326
112.326
113.326
114.326
115.326
116.326
117.326
118.326
119.326
120.326
121.326
122.326
123.326
124.326
125.326
126.326
127.326
128.326
129.326
130.326
131.326
132.326
133.326
134.326
135.326
136.326
137.326
138.326
139.326
140.326
141.326
142.326
143.326
144.326
145.326
146.326
147.326
148.326
149.326
150.326
151.326
152.326
153.326
154.326
155.326
156.326
157.326
158.326
159.326
160.326
161.326
162.326
79
79
79
79
79
79
79
79
79
79
79
79
79
79
79
79
79
79
79.4142
79.8284
80.2426
80.6569
81.0711
81.4853
81.8995
82.3137
82.7279
83.1421
83.5564
83.9706
84.3848
84.799
85.2132
85.6274
86.0416
86.4559
86.8701
87.2843
87.6985
88.1127
88.5269
88.9412
89.3554
89.7696
90.1838
90.598
91.0122
91.4264
91.8407
92.2549
92.6691
93.0833
93.4975
93.9117
94.9117
95.9117
96.9117
97.9117
98.9117
99.9117
100.912
101.912
102.912
103.912
104.912
105.912
106.912
107.912
108.912
109.912
110.912
111.912
112.912
113.912
114.912
115.912
116.912
117.912
118.912
119.912
120.912
121.912
122.912
123.912
124.912
125.912
126.912
127.912
128.912
129.912
130.912
131.912
132.912
133.912
134.912
135.912
136.912
137.912
138.912
139.912
140.912
141.912
142.912
143.912
144.912
145.912
146.912
147.912
148.912
149.912
150.912
151.912
152.912
153.912
154.912
155.912
156.912
157.912
158.912
159.912
160.912
161.912
162.912
163.912
78
78
78
78
78
78
78
78
78
78
78
78
78
78
78
78
78
78
78
78.4142
78.8284
79.2426
79.6569
80.0711
80.4853
80.8995
81.3137
81.7279
82.1421
82.5564
82.9706
83.3848
83.799
84.2132
84.6274
85.0416
85.4559
85.8701
86.2843
86.6985
87.1127
87.5269
87.9412
88.3554
88.7696
89.1838
89.598
90.0122
90.4264
90.8407
91.2549
91.6691
92.0833
92.4975
93.4975
94.4975
95.4975
96.4975
97.4975
98.4975
99.4975
100.498
101.498
102.498
103.498
104.498
105.498
106.498
107.498
108.498
109.498
110.498
111.498
112.498
113.498
114.498
115.498
116.498
117.498
118.498
119.498
120.498
121.498
122.498
123.498
124.498
125.498
126.498
127.498
128.498
129.498
130.498
131.498
132.498
133.498
134.498
135.498
136.498
137.498
138.498
139.498
140.498
141.498
142.498
143.498
144.498
145.498
146.498
147.498
148.498
149.498
150.498
151.498
152.498
153.498
154.498
155.498
156.498
157.498
158.498
159.498
160.498
161.498
162.498
163.498
164.498
165.498
77
77
77
77
77
77
77
77
77
77
77
77
77
77
77
77
77
77
77
77
77
77.4142
77.8284
78.2426
78.6569
79.0711
79.4853
79.8995
80.3137
80.7279
81.1421
81.5564
81.9706
82.3848
82.799
83.2132
83.6274
84.0416
84.4559
84.8701
85.2843
85.6985
86.1127
86.5269
86.9412
87.3554
87.7696
88.1838
88.598
89.0122
89.4264
89.8407
90.2549
90.6691
91.0833
92.0833
93.0833
94.0833
95.0833
96.0833
97.0833
98.0833
99.0833
100.083
101.083
102.083
103.083
104.083
105.083
106.083
107.083
108.083
109.083
110.083
111.083
112.083
113.083
114.083
115.083
116.083
117.083
118.083
119.083
120.083
121.083
122.083
123.083
124.083
125.083
126.083
127.083
128.083
129.083
130.083
131.083
132.083
133.083
134.083
135.083
136.083
137.083
138.083
139.083
140.083
141.083
142.083
143.083
144.083
145.083
146.083
147.083
148.083
149.083
150.083
151.083
152.083
153.083
154.083
155.083
156.083
157.083
158.083
159.083
160.083
161.083
162.083
163.083
164.083
165.083
166.083
167.083
168.083
76
76
76
76
76
76
76
76
76
76
76
76
76
76
76
76
76
76
76
76
76
76
76.4142
76.8284
77.2426
77.6569
78.0711
78.4853
78.8995
79.3137
79.7279
80.1421
80.5564
80.9706
81.3848
81.799
82.2132
82.6274
83.0416
83.4559
83.8701
84.2843
84.6985
85.1127
85.5269
85.9412
86.3554
86.7696
87.1838
87.598
88.0122
88.4264
88.8407
89.2549
89.6691
90.6691
91.6691
92.6691
93.6691
94.6691
95.6691
96.6691
97.6691
98.6691
99.6691
100.669
101.669
102.669
103.669
104.669
105.669
106.669
107.669
108.669
109.669
110.669
111.669
112.669
113.669
114.669
115.669
116.669
117.669
118.669
119.669
120.669
121.669
122.669
123.669
124.669
125.669
126.669
127.669
128.669
129.669
130.669
131.669
132.669
133.669
134.669
135.669
136.669
137.669
138.669
139.669
140.669
141.669
142.669
143.669
144.669
145.669
146.669
147.669
148.669
149.669
150.669
151.669
152.669
153.669
154.669
155.669
156.669
157.669
158.669
159.669
160.669
161.669
162.669
163.669
164.669
165.669
166.669
167.669
168.669
169.669
75
75
75
75
75
75
75
75
75
75
75
75
75
75
75
75
75
75
75
75
75
75
75
75.4142
75.8284
76.2426
76.6569
77.0711
77.4853
77.8995
78.3137
78.7279
79.1421
79.5564
79.9706
80.3848
80.799
81.2132
81.6274
82.0416
82.4559
82.8701
83.2843
83.6985
84.1127
84.5269
84.9412
85.3554
85.7696
86.1838
86.598
87.0122
87.4264
87.8407
88.2549
89.2549
90.2549
91.2549
92.2549
93.2549
94.2549
95.2549
96.2549
97.2549
98.2549
99.2549
100.255
101.255
102.255
103.255
104.255
105.255
106.255
107.255
108.255
109.255
110.255
111.255
112.255
113.255
114.255
115.255
116.255
117.255
118.255
119.255
120.255
121.255
122.255
123.255
124.255
125.255
126.255
127.255
128.255
129.255
130.255
131.255
132.255
133.255
134.255
135.255
136.255
137.255
138.255
139.255
140.255
141.255
142.255
143.255
144.255
145.255
146.255
147.255
148.255
149.255
150.255
151.255
152.255
153.255
154.255
155.255
156.255
157.255
158.255
159.255
160.255
161.255
162.255
163.255
164.255
165.255
166.255
167.255
168.255
169.255
170.255
171.255
172.255
173.255
74
74
74
74
74
74
74
74
74
74
74
74
74
74
74
74
74
74
74
74
74
74
74
74.4142
74.8284
75.2426
75.6569
76.0711
76.4853
76.8995
77.3137
77.7279
78.1421
78.5564
78.9706
79.3848
79.799
80.2132
80.6274
81.0416
81.4559
81.8701
82.2843
82.6985
83.1127
83.5269
83.9412
84.3554
84.7696
85.1838
85.598
86.0122
86.4264
86.8407
87.8407
88.8407
89.8407
90.8407
91.8407
92.8407
93.8407
94.8407
95.8407
96.8407
97.8407
98.8407
99.8407
100.841
101.841
102.841
103.841
104.841
105.841
106.841
107.841
108.841
109.841
110.841
111.841
112.841
113.841
114.841
115.841
116.841
117.841
118.841
119.841
120.841
121.841
122.841
123.841
124.841
125.841
126.841
127.841
128.841
129.841
130.841
131.841
132.841
133.841
134.841
135.841
136.841
137.841
138.841
139.841
140.841
141.841
142.841
143.841
144.841
145.841
146.841
147.841
148.841
149.841
150.841
151.841
152.841
153.841
154.841
155.841
156.841
157.841
158.841
159.841
160.841
161.841
162.841
163.841
164.841
165.841
166.841
167.841
168.841
169.841
170.841
171.841
172.841
173.841
174.841
175.841
176.841
73
73
73
73
73
73
73
73
73
73
73
73
73
73
73
73
73
73
73
73
73
73
73
73
73
73.4142
73.8284
74.2426
74.6569
75.0711
75.4853
75.8995
76.3137
76.7279
77.1421
77.5564
77.9706
78.3848
78.799
79.2132
79.6274
80.0416
80.4559
80.8701
81.2843
81.6985
82.1127
82.5269
82.9412
83.3554
83.7696
84.1838
84.598
85.0122
85.4264
86.4264
87.4264
88.4264
89.4264
90.4264
91.4264
92.4264
93.4264
94.4264
95.4264
96.4264
97.4264
98.4264
99.4264
100.426
101.426
102.426
103.426
104.426
105.426
106.426
107.426
108.426
109.426
110.426
111.426
112.426
113.426
114.426
115.426
116.426
117.426
118.426
119.426
120.426
121.426
122.426
123.426
124.426
125.426
126.426
127.426
128.426
129.426
130.426
131.426
132.426
133.426
134.426
135.426
136.426
137.426
138.426
139.426
140.426
141.426
142.426
143.426
144.426
145.426
146.426
147.426
148.426
149.426
150.426
151.426
152.426
153.426
154.426
155.426
156.426
157.426
158.426
159.426
160.426
161.426
162.426
163.426
164.426
165.426
166.426
167.426
168.426
169.426
170.426
171.426
172.426
173.426
174.426
175.426
176.426
177.426
178.426
179.426
180.426
72
72
72
72
72
72
72
72
72
72
72
72
72
72
72
72
72
72
72
72
72
72
72
72
72
72.4142
72.8284
73.2426
73.6569
74.0711
74.4853
74.8995
75.3137
75.7279
76.1421
76.5564
76.9706
77.3848
77.799
78.2132
78.6274
79.0416
79.4559
79.8701
80.2843
80.6985
81.1127
81.5269
81.9412
82.3554
82.7696
83.1838
83.598
84.0122
85.0122
86.0122
87.0122
88.0122
89.0122
90.0122
91.0122
92.0122
93.0122
94.0122
95.0122
96.0122
97.0122
98.0122
99.0122
100.012
101.012
102.012
103.012
104.012
105.012
106.012
107.012
108.012
109.012
110.012
111.012
112.012
113.012
114.012
115.012
116.012
117.012
118.012
119.012
120.012
121.012
122.012
123.012
124.012
125.012
126.012
127.012
128.012
129.012
130.012
131.012
132.012
133.012
134.012
135.012
136.012
137.012
138.012
139.012
140.012
141.012
142.012
143.012
144.012
145.012
146.012
147.012
148.012
149.012
150.012
151.012
152.012
153.012
154.012
155.012
156.012
157.012
158.012
159.012
160.012
161.012
162.012
163.012
164.012
165.012
166.012
167.012
168.012
169.012
170.012
171.012
172.012
173.012
174.012
175.012
176.012
177.012
178.012
179.012
180.012
71
71
71
71
71
71
71
71
71
71
71
71
71
71
71
71
71
71
71
71
71
71
71
71
71
71
71.4142
71.8284
72.2426
72.6569
73.0711
73.4853
73.8995
74.3137
74.7279
75.1421
75.5564
75.9706
76.3848
76.799
77.2132
77.6274
78.0416
78.4559
78.8701
79.2843
79.6985
80.1127
80.5269
80.9412
81.3554
81.7696
82.1838
82.598
83.598
84.598
85.598
86.598
87.598
88.598
89.598
90.598
91.598
92.598
93.598
94.598
95.598
96.598
97.598
98.598
99.598
100.598
101.598
102.598
103.598
104.598
105.598
106.598
107.598
108.598
109.598
110.598
111.598
112.598
113.598
114.598
115.598
116.598
117.598
118.598
119.598
120.598
121.598
122.598
123.598
124.598
125.598
126.598
127.598
128.598
129.598
130.598
131.598
132.598
133.598
134.598
135.598
136.598
137.598
138.598
139.598
140.598
141.598
142.598
143.598
144.598
145.598
146.598
147.598
148.598
149.598
150.598
151.598
152.598
153.598
154.598
155.598
156.598
157.598
158.598
159.598
160.598
161.598
162.598
163.598
164.598
165.598
166.598
167.598
168.598
169.598
170.598
171.598
172.598
173.598
174.598
175.598
176.598
177.598
178.598
179.598
180.598
181.598
182.598
183.598
184.598
185.598
70
70
70
70
70
70
70
70
70
70
70
70
70
70
70
70
70
70
70
70
70
70
70
70
70
70
70
70.4142
70.8284
71.2426
71.6569
72.0711
72.4853
72.8995
73.3137
73.7279
74.1421
74.5564
74.9706
75.3848
75.799
76.2132
76.6274
77.0416
77.4559
77.8701
78.2843
78.6985
79.1127
79.5269
79.9412
80.3554
80.7696
81.1838
82.1838
83.1838
84.1838
85.1838
86.1838
87.1838
88.1838
89.1838
90.1838
91.1838
92.1838
93.1838
94.1838
95.1838
112.012
113.012
114.012
115.012
116.012
117.012
118.012
119.012
120.012
121.012
122.012
123.012
124.012
125.012
126.012
127.012
128.012
129.012
130.012
131.012
132.012
133.012
134.012
135.012
136.012
137.012
138.012
139.012
140.012
141.012
142.012
143.012
144.012
145.012
146.012
147.012
148.012
149.012
150.012
151.012
152.012
153.012
154.012
155.012
156.012
157.012
158.012
159.012
160.012
161.012
162.012
163.012
164.012
165.012
166.012
167.012
168.012
169.012
170.012
171.012
172.012
173.012
174.012
175.012
176.012
177.012
178.012
179.012
180.012
181.012
182.012
183.012
184.012
185.012
186.012
187.012
188.012
189.012
190.012
191.012
192.012
193.012
194.012
195.012
196.012
197.012
198.012
199.012
69
69
69
69
69
69
69
69
69
69
69
69
69
69
69
69
69
69
69
69
69
69
69
69
69
69
69
69.4142
69.8284
70.2426
70.6569
71.0711
71.4853
71.8995
72.3137
72.7279
73.1421
73.5564
73.9706
74.3848
74.799
75.2132
75.6274
76.0416
76.4559
76.8701
77.2843
77.6985
78.1127
78.5269
78.9412
79.3554
79.7696
80.7696
81.7696
82.7696
83.7696
84.7696
85.7696
86.7696
87.7696
88.7696
117.426
118.426
119.426
120.426
121.426
122.426
123.426
124.426
125.426
126.426
127.426
128.426
129.426
130.426
131.426
132.426
133.426
134.426
135.426
136.426
137.426
138.426
139.426
140.426
141.426
142.426
143.426
144.426
145.426
146.426
147.426
148.426
149.426
150.426
151.426
152.426
153.426
154.426
155.426
156.426
157.426
158.426
159.426
160.426
161.426
162.426
163.426
164.426
165.426
166.426
167.426
168.426
169.426
170.426
171.426
172.426
173.426
174.426
175.426
176.426
177.426
178.426
179.426
180.426
181.426
182.426
183.426
184.426
185.426
186.426
187.426
188.426
189.426
190.426
191.426
192.426
193.426
194.426
195.426
196.426
197.426
198.426
199.426
68
68
68
68
68
68
68
68
68
68
68
68
68
68
68
68
68
68
68
68
68
68
68
68
68
68
68
68
68.4142
68.8284
69.2426
69.6569
70.0711
70.4853
70.8995
71.3137
71.7279
72.1421
72.5564
72.9706
73.3848
73.799
74.2132
74.6274
75.0416
75.4559
75.8701
76.2843
76.6985
77.1127
77.5269
77.9412
78.3554
79.3554
80.3554
81.3554
82.3554
83.3554
84.3554
85.3554
121.841
122.841
123.841
124.841
125.841
126.841
127.841
128.841
129.841
130.841
131.841
132.841
133.841
134.841
135.841
136.841
137.841
138.841
139.841
140.841
141.841
142.841
143.841
144.841
145.841
146.841
147.841
148.841
149.841
150.841
151.841
152.841
153.841
154.841
155.841
156.841
157.841
158.841
159.841
160.841
161.841
162.841
163.841
164.841
165.841
166.841
167.841
168.841
169.841
170.841
171.841
172.841
173.841
174.841
175.841
176.841
177.841
178.841
179.841
180.841
181.841
182.841
183.841
184.841
185.841
186.841
187.841
188.841
189.841
190.841
191.841
192.841
193.841
194.841
195.841
196.841
197.841
198.841
199.841
67
67
67
67
67
67
67
67
67
67
67
67
67
67
67
67
67
67
67
67
67
67
67
67
67
67
67
67
67
67
67.4142
67.8284
68.2426
68.6569
69.0711
69.4853
69.8995
70.3137
70.7279
71.1421
71.5564
71.9706
72.3848
72.799
73.2132
73.6274
74.0416
74.4559
74.8701
75.2843
75.6985
76.1127
76.5269
76.9412
77.9412
78.9412
79.9412
80.9412
81.9412
124.255
125.255
126.255
127.255
128.255
129.255
130.255
131.255
132.255
133.255
134.255
135.255
136.255
137.255
138.255
139.255
140.255
141.255
142.255
143.255
144.255
145.255
146.255
147.255
148.255
149.255
150.255
151.255
152.255
153.255
154.255
155.255
156.255
157.255
158.255
159.255
160.255
161.255
162.255
163.255
164.255
165.255
166.255
167.255
168.255
169.255
170.255
171.255
172.255
173.255
174.255
175.255
176.255
177.255
178.255
179.255
180.255
181.255
182.255
183.255
184.255
185.255
186.255
187.255
188.255
189.255
190.255
191.255
192.255
193.255
194.255
195.255
196.255
197.255
198.255
199.255
200.255
66
66
66
66
66
66
66
66
66
66
66
66
66
66
66
66
66
66
66
66
66
66
66
66
66
66
66
66
66
66
66.4142
66.8284
67.2426
67.6569
68.0711
68.4853
68.8995
69.3137
69.7279
70.1421
70.5564
70.9706
71.3848
71.799
72.2132
72.6274
73.0416
73.4559
73.8701
74.2843
74.6985
75.1127
75.5269
76.5269
77.5269
78.5269
79.5269
80.5269
127.669
128.669
129.669
130.669
131.669
132.669
133.669
134.669
135.669
136.669
137.669
138.669
139.669
140.669
141.669
142.669
143.669
144.669
145.669
146.669
147.669
148.669
149.669
150.669
151.669
152.669
153.669
154.669
155.669
156.669
157.669
158.669
159.669
160.669
161.669
162.669
163.669
164.669
165.669
166.669
167.669
168.669
169.669
170.669
171.669
172.669
173.669
174.669
175.669
176.669
177.669
178.669
179.669
180.669
181.669
182.669
183.669
184.669
185.669
186.669
187.669
188.669
189.669
190.669
191.669
192.669
193.669
194.669
195.669
196.669
197.669
198.669
199.669
200.669
65
65
65
65
65
65
65
65
65
65
65
65
65
65
65
65
65
65
65
65
65
65
65
65
65
65
65
65
65
65
65
65.4142
65.8284
66.2426
66.6569
67.0711
67.4853
67.8995
68.3137
68.7279
69.1421
69.5564
69.9706
70.3848
70.799
71.2132
71.6274
72.0416
72.4559
72.8701
73.2843
73.6985
74.1127
75.1127
76.1127
77.1127
130.083
131.083
132.083
133.083
134.083
135.083
136.083
137.083
138.083
139.083
140.083
141.083
142.083
143.083
144.083
145.083
146.083
147.083
148.083
149.083
150.083
151.083
152.083
153.083
154.083
155.083
156.083
157.083
158.083
159.083
160.083
161.083
162.083
163.083
164.083
165.083
166.083
167.083
168.083
169.083
170.083
171.083
172.083
173.083
174.083
175.083
176.083
177.083
178.083
179.083
180.083
181.083
182.083
183.083
184.083
185.083
186.083
187.083
188.083
189.083
190.083
191.083
192.083
193.083
194.083
195.083
196.083
197.083
198.083
199.083
200.083
201.083
64
64
64
64
64
64
64
64
64
64
64
64
64
64
64
64
64
64
64
64
64
64
64
64
64
64
64
64
64
64
64
64.4142
64.8284
65.2426
65.6569
66.0711
66.4853
66.8995
67.3137
67.7279
68.1421
68.5564
68.9706
69.3848
69.799
70.2132
70.6274
71.0416
71.4559
71.8701
72.2843
72.6985
73.6985
74.6985
75.6985
133.498
134.498
135.498
136.498
137.498
138.498
139.498
140.498
141.498
142.498
143.498
144.498
145.498
146.498
147.498
148.498
149.498
150.498
151.498
152.498
153.498
154.498
155.498
156.498
157.498
158.498
159.498
160.498
161.498
162.498
163.498
164.498
165.498
166.498
167.498
168.498
169.498
170.498
171.498
172.498
173.498
174.498
175.498
176.498
177.498
178.498
179.498
180.498
181.498
182.498
183.498
184.498
185.498
186.498
187.498
188.498
189.498
190.498
191.498
192.498
193.498
194.498
195.498
196.498
197.498
198.498
199.498
200.498
201.498
63
63
63
63
63
63
63
63
63
63
63
63
63
63
63
63
63
63
63
63
63
63
63
63
63
63
63
63
63
63
63
63.4142
63.8284
64.2426
64.6569
65.0711
65.4853
65.8995
66.3137
66.7279
67.1421
67.5564
67.9706
68.3848
68.799
69.2132
69.6274
70.0416
70.4559
70.8701
71.2843
72.2843
73.2843
74.2843
75.2843
134.498
134.912
135.912
136.912
137.912
138.912
139.912
140.912
141.912
142.912
143.912
144.912
145.912
146.912
147.912
148.912
149.912
150.912
151.912
152.912
153.912
154.912
155.912
156.912
157.912
158.912
159.912
160.912
161.912
162.912
163.912
164.912
165.912
166.912
167.912
168.912
169.912
170.912
171.912
172.912
173.912
174.912
175.912
176.912
177.912
178.912
179.912
180.912
181.912
182.912
183.912
184.912
185.912
186.912
187.912
188.912
189.912
190.912
191.912
192.912
193.912
194.912
195.912
196.912
197.912
198.912
199.912
200.912
201.912
62
62
62
62
62
62
62
62
62
62
62
62
62
62
62
62
62
62
62
62
62
62
62
62
62
62
62
62
62
62
62
62.4142
62.8284
63.2426
63.6569
64.0711
64.4853
64.8995
65.3137
65.7279
66.1421
66.5564
66.9706
67.3848
67.799
68.2132
68.6274
69.0416
69.4559
69.8701
70.8701
71.8701
137.326
138.326
139.326
140.326
141.326
142.326
143.326
144.326
145.326
146.326
147.326
148.326
149.326
150.326
151.326
152.326
153.326
154.326
155.326
156.326
157.326
158.326
159.326
160.326
161.326
162.326
163.326
164.326
165.326
166.326
167.326
168.326
169.326
170.326
171.326
172.326
173.326
174.326
175.326
176.326
177.326
178.326
179.326
180.326
181.326
182.326
183.326
184.326
185.326
186.326
187.326
188.326
189.326
190.326
191.326
192.326
193.326
194.326
195.326
196.326
197.326
198.326
199.326
200.326
201.326
202.326
61
61
61
61
61
61
61
61
61
61
61
61
61
61
61
61
61
61
61
61
61
61
61
61
61
61
61
61
61
61
61
61
61.4142
61.8284
62.2426
62.6569
63.0711
63.4853
63.8995
64.3137
64.7279
65.1421
65.5564
65.9706
66.3848
66.799
67.2132
67.6274
68.0416
68.4559
69.4559
70.4559
138.74
139.74
140.74
141.74
142.74
143.74
144.74
145.74
146.74
147.74
148.74
149.74
150.74
151.74
152.74
153.74
154.74
155.74
156.74
157.74
158.74
159.74
160.74
161.74
162.74
163.74
164.74
165.74
166.74
167.74
168.74
169.74
170.74
171.74
172.74
173.74
174.74
175.74
176.74
177.74
178.74
179.74
180.74
181.74
182.74
183.74
184.74
185.74
186.74
187.74
188.74
189.74
190.74
191.74
192.74
193.74
194.74
195.74
196.74
197.74
198.74
199.74
200.74
201.74
202.74
60
60
60
60
60
60
60
60
60
60
60
60
60
60
60
60
60
60
60
60
60
60
60
60
60
60
60
60
60
60
60
60
60.4142
60.8284
61.2426
61.6569
62.0711
62.4853
62.8995
63.3137
63.7279
64.1421
64.5564
64.9706
65.3848
65.799
66.2132
66.6274
67.0416
68.0416
69.0416
141.154
142.154
143.154
144.154
145.154
146.154
147.154
148.154
149.154
150.154
151.154
152.154
153.154
154.154
155.154
156.154
157.154
158.154
159.154
160.154
161.154
162.154
163.154
164.154
165.154
166.154
167.154
168.154
169.154
170.154
171.154
172.154
173.154
174.154
175.154
176.154
177.154
178.154
179.154
180.154
181.154
182.154
183.154
184.154
185.154
186.154
187.154
188.154
189.154
190.154
191.154
192.154
193.154
194.154
195.154
196.154
197.154
198.154
199.154
200.154
201.154
202.154
203.154
204.569
205.569
206.569
207.569
208.569
59
59
59
59
59
59
59
59
59
59
59
59
59
59
59
59
59
59
59
59
59
59
59
59
59
59
59
59
59
59
59
59
59
59.4142
59.8284
60.2426
60.6569
61.0711
61.4853
61.8995
62.3137
62.7279
63.1421
63.5564
63.9706
64.3848
64.799
65.2132
65.6274
66.6274
67.6274
143.569
144.569
145.569
146.569
147.569
148.569
149.569
150.569
151.569
152.569
153.569
154.569
155.569
156.569
157.569
158.569
159.569
160.569
161.569
162.569
163.569
164.569
165.569
166.569
167.569
168.569
169.569
170.569
171.569
172.569
173.569
174.569
175.569
176.569
177.569
178.569
179.569
180.569
181.569
182.569
183.569
184.569
185.569
186.569
187.569
188.569
189.569
190.569
191.569
192.569
193.569
194.569
195.569
196.569
197.569
198.569
199.569
200.569
201.569
202.569
203.569
204.983
205.983
206.983
207.983
208.983
209.983
58
58
58
58
58
58
58
58
58
58
58
58
58
58
58
58
58
58
58
58
58
58
58
58
58
58
58
58
58
58
58
58
58
58.4142
58.8284
59.2426
59.6569
60.0711
60.4853
60.8995
61.3137
61.7279
62.1421
62.5564
62.9706
63.3848
63.799
64.2132
65.2132
145.983
146.983
147.983
148.983
149.983
150.983
151.983
152.983
153.983
154.983
155.983
156.983
157.983
158.983
159.983
160.983
161.983
162.983
163.983
164.983
165.983
166.983
167.983
168.983
169.983
170.983
171.983
172.983
173.983
174.983
175.983
176.983
177.983
178.983
179.983
180.983
181.983
182.983
183.983
184.983
185.983
186.983
187.983
188.983
189.983
190.983
191.983
192.983
193.983
194.983
195.983
196.983
197.983
198.983
199.983
200.983
201.983
202.983
203.983
205.397
206.397
207.397
208.397
209.397
210.397
211.397
212.397
57
57
57
57
57
57
57
57
57
57
57
57
57
57
57
57
57
57
57
57
57
57
57
57
57
57
57
57
57
57
57
57
57
57.4142
57.8284
58.2426
58.6569
59.0711
59.4853
59.8995
60.3137
60.7279
61.1421
61.5564
61.9706
62.3848
62.799
63.799
148.397
149.397
150.397
151.397
152.397
153.397
154.397
155.397
156.397
157.397
158.397
159.397
160.397
161.397
162.397
163.397
164.397
165.397
166.397
167.397
168.397
169.397
170.397
171.397
172.397
173.397
174.397
175.397
176.397
177.397
178.397
179.397
180.397
181.397
182.397
183.397
184.397
185.397
186.397
187.397
188.397
189.397
190.397
191.397
192.397
193.397
194.397
195.397
196.397
197.397
198.397
199.397
200.397
201.397
202.397
203.397
204.397
205.811
206.811
207.811
208.811
209.811
210.811
211.811
212.811
213.811
56
56
56
56
56
56
56
56
56
56
56
56
56
56
56
56
56
56
56
56
56
56
56
56
56
56
56
56
56
56
56
56
56
56.4142
56.8284
57.2426
57.6569
58.0711
58.4853
58.8995
59.3137
59.7279
60.1421
60.5564
60.9706
61.3848
62.3848
150.811
151.811
152.811
153.811
154.811
155.811
156.811
157.811
158.811
159.811
160.811
161.811
162.811
163.811
164.811
165.811
166.811
167.811
168.811
169.811
170.811
171.811
172.811
173.811
174.811
175.811
176.811
177.811
178.811
179.811
180.811
181.811
182.811
183.811
184.811
185.811
186.811
187.811
188.811
189.811
190.811
191.811
192.811
193.811
194.811
195.811
196.811
197.811
198.811
199.811
200.811
201.811
202.811
203.811
204.811
206.225
207.225
208.225
209.225
210.225
211.225
212.225
213.225
214.225
55.8284
55.4142
55
55
55
55
55
55
55
55
55
55
55
55
55
55
55
55
55
55
55
55
55
55
55
55
55
55
55
55
55
55
55
55
55
55.4142
55.8284
56.2426
56.6569
57.0711
57.4853
57.8995
58.3137
58.7279
59.1421
59.5564
59.9706
152.225
153.225
154.225
155.225
156.225
157.225
158.225
159.225
160.225
161.225
162.225
163.225
164.225
165.225
166.225
167.225
168.225
169.225
170.225
171.225
172.225
173.225
174.225
175.225
176.225
177.225
178.225
179.225
180.225
181.225
182.225
183.225
184.225
185.225
186.225
187.225
188.225
189.225
190.225
191.225
192.225
193.225
194.225
195.225
196.225
197.225
198.225
199.225
200.225
201.225
202.225
203.225
204.225
205.225
206.64
207.64
208.64
209.64
210.64
211.64
212.64
213.64
214.64
54.8284
54.4142
54
54
54
54
54
54
54
54
54
54
54
54
54
54
54
54
54
54
54
54
54
54
54
54
54
54
54
54
54
54
54
54
54
54.4142
54.8284
55.2426
55.6569
56.0711
56.4853
56.8995
57.3137
57.7279
58.1421
58.5564
58.9706
153.225
153.64
154.64
155.64
156.64
157.64
158.64
159.64
160.64
161.64
162.64
163.64
164.64
165.64
166.64
167.64
168.64
169.64
170.64
171.64
172.64
173.64
174.64
175.64
176.64
177.64
178.64
179.64
180.64
181.64
182.64
183.64
184.64
185.64
186.64
187.64
188.64
189.64
190.64
191.64
192.64
193.64
194.64
195.64
196.64
197.64
198.64
199.64
200.64
201.64
202.64
203.64
204.64
205.64
207.054
208.054
209.054
210.054
211.054
212.054
213.054
214.054
215.054
53.8284
53.4142
53
53
53
53
53
53
53
53
53
53
53
53
53
53
53
53
53
53
53
53
53
53
53
53
53
53
53
53
53
53
53
53
53
53.4142
53.8284
54.2426
54.6569
55.0711
55.4853
55.8995
56.3137
56.7279
57.1421
57.5564
57.9706
156.054
157.054
158.054
159.054
160.054
161.054
162.054
163.054
164.054
165.054
166.054
167.054
168.054
169.054
170.054
171.054
172.054
173.054
174.054
175.054
176.054
177.054
178.054
179.054
180.054
181.054
182.054
183.054
184.054
185.054
186.054
187.054
188.054
189.054
190.054
191.054
192.054
193.054
194.054
195.054
196.054
197.054
198.054
199.054
200.054
201.054
202.054
203.054
204.054
205.054
206.054
207.468
208.468
209.468
210.468
211.468
212.468
213.468
214.468
215.468
52.8284
52.4142
52
52
52
52
52
52
52
52
52
52
52
52
52
52
52
52
52
52
52
52
52
52
52
52
52
52
52
52
52
52
52
52
52
52.4142
52.8284
53.2426
53.6569
54.0711
54.4853
54.8995
55.3137
55.7279
56.1421
56.5564
157.468
158.468
159.468
160.468
161.468
162.468
163.468
164.468
165.468
166.468
167.468
168.468
169.468
170.468
171.468
172.468
173.468
174.468
175.468
176.468
177.468
178.468
179.468
180.468
181.468
182.468
183.468
184.468
185.468
186.468
187.468
188.468
189.468
190.468
191.468
192.468
193.468
194.468
195.468
196.468
197.468
198.468
199.468
200.468
201.468
202.468
203.468
204.468
205.468
206.468
207.882
208.882
209.882
210.882
211.882
212.882
213.882
214.882
215.882
51.8284
51.4142
51
51
51
51
51
51
51
51
51
51
51
51
51
51
51
51
51
51
51
51
51
51
51
51
51
51
51
51
51
51
51
51
51
51.4142
51.8284
52.2426
52.6569
53.0711
53.4853
53.8995
54.3137
54.7279
55.1421
160.882
161.882
162.882
163.882
164.882
165.882
166.882
167.882
168.882
169.882
170.882
171.882
172.882
173.882
174.882
175.882
176.882
177.882
178.882
179.882
180.882
181.882
182.882
183.882
184.882
185.882
186.882
187.882
188.882
189.882
190.882
191.882
192.882
193.882
194.882
195.882
196.882
197.882
198.882
199.882
200.882
201.882
202.882
203.882
204.882
205.882
206.882
208.297
209.297
210.297
211.297
212.297
213.297
214.297
215.297
216.297
50.8284
50.4142
50
50
50
50
50
50
50
50
50
50
50
50
50
50
50
50
50
50
50
50
50
50
50
50
50
50
50
50
50
50
50
50
50
50.4142
50.8284
51.2426
51.6569
52.0711
52.4853
52.8995
53.3137
53.7279
54.1421
162.297
163.297
164.297
165.297
166.297
167.297
168.297
169.297
170.297
171.297
172.297
173.297
174.297
175.297
176.297
177.297
178.297
179.297
180.297
181.297
182.297
183.297
184.297
185.297
186.297
187.297
188.297
189.297
190.297
191.297
192.297
193.297
194.297
195.297
196.297
197.297
198.297
199.297
200.297
201.297
202.297
203.297
204.297
205.297
206.297
207.297
208.711
209.711
210.711
211.711
212.711
213.711
214.711
215.711
49.8284
49.4142
49
49
49
49
49
49
49
49
49
49
49
49
49
49
49
49
49
49
49
49
49
49
49
49
49
49
49
49
49
49
49
49
49
49.4142
49.8284
50.2426
50.6569
51.0711
51.4853
51.8995
52.3137
52.7279
165.711
166.711
167.711
168.711
169.711
170.711
171.711
172.711
173.711
174.711
175.711
176.711
177.711
178.711
179.711
180.711
181.711
182.711
183.711
184.711
185.711
186.711
187.711
188.711
189.711
190.711
191.711
192.711
193.711
194.711
195.711
196.711
197.711
198.711
199.711
200.711
201.711
202.711
203.711
204.711
205.711
206.711
207.711
209.125
210.125
211.125
212.125
213.125
214.125
215.125
216.125
49.2426
48.8284
48.4142
48
48
48
48
48
48
48
48
48
48
48
48
48
48
48
48
48
48
48
48
48
48
48
48
48
48
48
48
48
48
48
48
48
48.4142
48.8284
49.2426
49.6569
50.0711
50.4853
50.8995
51.3137
52.3137
168.125
169.125
170.125
171.125
172.125
173.125
174.125
175.125
176.125
177.125
178.125
179.125
180.125
181.125
182.125
183.125
184.125
185.125
186.125
187.125
188.125
189.125
190.125
191.125
192.125
193.125
194.125
195.125
196.125
197.125
198.125
199.125
200.125
201.125
202.125
203.125
204.125
205.125
206.125
207.125
208.125
209.539
210.539
211.539
212.539
213.539
214.539
48.2426
47.8284
47.4142
47
47
47
47
47
47
47
47
47
47
47
47
47
47
47
47
47
47
47
47
47
47
47
47
47
47
47
47
47
47
47
47
47
47.4142
47.8284
48.2426
48.6569
49.0711
49.4853
49.8995
169.539
170.539
171.539
172.539
173.539
174.539
175.539
176.539
177.539
178.539
179.539
180.539
181.539
182.539
183.539
184.539
185.539
186.539
187.539
188.539
189.539
190.539
191.539
192.539
193.539
194.539
195.539
196.539
197.539
198.539
199.539
200.539
201.539
202.539
203.539
204.539
205.539
206.539
207.539
208.539
209.953
210.953
211.953
212.953
213.953
214.953
47.2426
46.8284
46.4142
46
46
46
46
46
46
46
46
46
46
46
46
46
46
46
46
46
46
46
46
46
46
46
46
46
46
46
46
46
46
46
46
46
46.4142
46.8284
47.2426
47.6569
48.0711
48.4853
48.8995
170.539
170.953
171.953
172.953
173.953
174.953
175.953
176.953
177.953
178.953
179.953
180.953
181.953
182.953
183.953
184.953
185.953
186.953
187.953
188.953
189.953
190.953
191.953
192.953
193.953
194.953
195.953
196.953
197.953
198.953
199.953
200.953
201.953
202.953
203.953
204.953
205.953
206.953
207.953
208.953
210.368
211.368
212.368
213.368
45
45
45
45
45
45
45
45
45
45
45
45
46.2426
45.8284
45.4142
45
45
45
45
45
45
45
45
45
45
45
45
45
45
45
45
45
45
45
45
45
45
45
45
45
45
45
45
45
45
45
45
45
45.4142
45.8284
46.2426
46.6569
47.0711
47.4853
47.8995
173.368
174.368
175.368
176.368
177.368
178.368
179.368
180.368
181.368
182.368
183.368
184.368
185.368
186.368
187.368
188.368
189.368
190.368
191.368
192.368
193.368
194.368
195.368
196.368
197.368
198.368
199.368
200.368
201.368
202.368
203.368
204.368
205.368
206.368
207.368
208.368
209.368
44
44
44
44
44
44
44
44
44
44
44
44
44
44
44
44
44
44
44
45.2426
44.8284
44.4142
44
44
44
44
44
44
44
44
44
44
44
44
44
44
44
44
44
44
44
44
44
44
44
44
44
44
44
44
44
44
44
44
44
44.4142
44.8284
45.2426
45.6569
46.0711
46.4853
176.782
177.782
178.782
179.782
180.782
181.782
182.782
183.782
184.782
185.782
186.782
187.782
188.782
189.782
190.782
191.782
192.782
193.782
194.782
195.782
196.782
197.782
198.782
199.782
200.782
201.782
202.782
203.782
204.782
205.782
206.782
207.782
208.782
209.782
43
43
43
43
43
43
43
43
43
43
43
43
43
43
43
43
43
43
43
43
43
43
43
43
43
44.2426
43.8284
43.4142
43
43
43
43
43
43
43
43
43
43
43
43
43
43
43
43
43
43
43
43
43
43
43
43
43
43
43
43
43
43
43
43
43
43.4142
43.8284
44.2426
44.6569
45.0711
45.4853
179.196
180.196
181.196
182.196
183.196
184.196
185.196
186.196
187.196
188.196
189.196
190.196
191.196
192.196
193.196
194.196
195.196
196.196
197.196
198.196
199.196
200.196
201.196
202.196
203.196
204.196
205.196
206.196
207.196
208.196
209.196
210.196
42
42
42
42
42
42
42
42
42
42
42
42
42
42
42
42
42
42
42
42
42
42
42
42
42
42
42
42
42
42
42
43.2426
42.8284
42.4142
42
42
42
42
42
42
42
42
42
42
42
42
42
42
42
42
42
42
42
42
42
42
42
42
42
42
42
42
42
42
42
42
42
42.4142
42.8284
43.2426
43.6569
44.0711
183.61
184.61
185.61
186.61
187.61
188.61
189.61
190.61
191.61
192.61
193.61
194.61
195.61
196.61
197.61
198.61
199.61
200.61
201.61
202.61
203.61
204.61
205.61
206.61
207.61
208.61
209.61
210.61
41
41
41
41
41
41
41
41
41
41
41
41
41
41
41
41
41
41
41
41
41
41
41
41
41
41
41
41
41
41
41
41
41
41
42.2426
41.8284
41.4142
41
41
41
41
41
41
41
41
41
41
41
41
41
41
41
41
41
41
41
41
41
41
41
41
41
41
41
41
41
41
41
41
41
41.4142
41.8284
42.2426
42.6569
43.0711
186.024
187.024
188.024
189.024
190.024
191.024
192.024
193.024
194.024
195.024
196.024
197.024
198.024
199.024
200.024
201.024
202.024
203.024
204.024
205.024
206.024
207.024
208.024
209.024
210.024
211.024
40
40
40
40
40
40
40
40
40
40
40
40
40
40
40
40
40
40
40
40
40
40
40
40
40
40
40
40
40
40
40
40
40
40
40
40
40
41.2426
40.8284
40.4142
40
40
40
40
40
40
40
40
40
40
40
40
40
40
40
40
40
40
40
40
40
40
40
40
40
40
40
40
40
40
40
40
40
40.4142
40.8284
41.2426
41.6569
42.0711
190.439
191.439
192.439
193.439
194.439
195.439
196.439
197.439
198.439
199.439
200.439
201.439
202.439
203.439
204.439
205.439
206.439
207.439
208.439
209.439
210.439
211.439
39
39
39
39
39
39
39
39
39
39
39
39
39
39
39
39
39
39
39
39
39
39
39
39
39
39
39
39
39
39
39
39
39
39
39
39
39
39
39
39
39
40.2426
39.8284
39.4142
39
39
39
39
39
39
39
39
39
39
39
39
39
39
39
39
39
39
39
39
39
39
39
39
39
39
39
39
39
39
39
39
39
39.4142
39.8284
40.2426
40.6569
194.853
195.853
196.853
197.853
198.853
199.853
200.853
201.853
202.853
203.853
204.853
205.853
206.853
207.853
208.853
209.853
210.853
211.853
38
38
38
38
38
38
38
38
38
38
38
38
38
38
38
38
38
38
38
38
38
38
38
38
38
38
38
38
38
38
38
38
38
38
38
38
38
38
38
38
38
38
38
39.2426
38.8284
38.4142
38
38
38
38
38
38
38
38
38
38
38
38
38
38
38
38
38
38
38
38
38
38
38
38
38
38
38
38
38
38
38
38
38
38.4142
38.8284
39.2426
39.6569
199.267
200.267
201.267
202.267
203.267
204.267
205.267
206.267
207.267
208.267
209.267
210.267
211.267
212.267
37
37
37
37
37
37
37
37
37
37
37
37
37
37
37
37
37
37
37
37
37
37
37
37
37
37
37
37
37
37
37
37
37
37
37
37
37
37
37
37
37
37
37
38.2426
37.8284
37.4142
37
37
37
37
37
37
37
37
37
37
37
37
37
37
37
37
37
37
37
37
37
37
37
37
37
37
37
37
37
37
37
37
37
37.4142
37.8284
38.2426
38.6569
200.267
200.681
201.681
202.681
203.681
204.681
205.681
206.681
207.681
208.681
209.681
210.681
211.681
212.681
36
36
36
36
36
36
36
36
36
36
36
36
36
36
36
36
36
36
36
36
36
36
36
36
36
36
36
36
36
36
36
36
36
36
36
36
36
36
36
36
36
36
36
36
36
36
36
36
36
36
36
36
36
36
36
36
36
36
36
36
36
36
36
36
36
36
36
36
36
37.2426
36.8284
36.4142
36
36
36
36
36
36
36
36
36
36
36
36
36
36
36
36
36
36
36
36
36
36
36
36
36
36
36
36
36
36
36
36
36
36.4142
36.8284
37.2426
38.2426
209.096
210.096
211.096
212.096
213.096
35
35
35
35
35
35
35
35
35
35
35
35
35
35
35
35
35
35
35
35
35
35
35
35
35
35
35
35
35
35
35
35
35
35
35
35
35
35
35
35
35
35
35
35
35
35
35
35
35
35
35
35
35
35
35
35
35
35
35
35
35
35
35
35
35
35
35
35
35
35
35
35
35
35
35
35
35
35
35
35
35
35
35
35
35
36.2426
35.8284
35.4142
35
35
35
35
35
35
35
35
35
35
35
35
35
35
35
35
35
35
35
35
35
35
35
35
35
35
35
35
35
35
35
35
35
35.4142
35.8284
34
34
34
34
34
34
34
34
34
34
34
34
34
34
34
34
34
34
34
34
34
34
34
34
34
34
34
34
34
34
34
34
34
34
34
34
34
34
34
34
34
34
34
34
34
34
34
34
34
34
34
34
34
34
34
34
34
34
34
34
34
34
34
34
34
34
34
34
34
34
34
34
34
34
34
34
34
34
34
34
34
34
34
34
34
34
34
34
34
34
34
34
34
34
34
34
35.2426
34.8284
34.4142
34
34
34
34
34
34
34
34
34
34
34
34
34
34
34
34
34
34
34
34
34
34
34
34
34
34
34
34
34
34
34
34
34
34.4142
34.8284
33
33
33
33
33
33
33
33
33
33
33
33
33
33
33
33
33
33
33
33
33
33
33
33
33
33
33
33
33
33
33
33
33
33
33
33
33
33
33
33
33
33
33
33
33
33
33
33
33
33
33
33
33
33
33
33
33
33
33
33
33
33
33
33
33
33
33
33
33
33
33
33
33
33
33
33
33
33
33
33
33
33
33
33
33
33
33
33
33
33
33
33
33
33
33
33
33
33
33
33
33
33
33
33
34.2426
33.8284
33.4142
33
33
33
33
33
33
33
33
33
33
33
33
33
33
33
33
33
33
33
33
33
33
33
33
33
33
33
33
33
33
33
33
33
33.4142
33.8284
32
32
32
32
32
32
32
32
32
32
32
32
32
32
32
32
32
32
32
32
32
32
32
32
32
32
32
32
32
32
32
32
32
32
32
32
32
32
32
32
32
32
32
32
32
32
32
32
32
32
32
32
32
32
32
32
32
32
32
32
32
32
32
32
32
32
32
32
32
32
32
32
32
32
32
32
32
32
32
32
32
32
32
32
32
32
32
32
32
32
32
32
32
32
32
32
32
32
32
32
32
32
32
32
32
32
32
32
32
32
32
32
32
32.8284
32.4142
32
32
32
32
32
32
32
32
32
32
32
32
32
32
32
32
32
32
32
32
32
32
32
32
32
32
32
32
32
32
32
32
32
32.4142
32.8284
31
31
31
31
31
31
31
31
31
31
31
31
31
31
31
31
31
31
31
31
31
31
31
31
31
31
31
31
31
31
31
31
31
31
31
31
31
31
31
31
31
31
31
31
31
31
31
31
31
31
31
31
31
31
31
31
31
31
31
31
31
31
31
31
31
31
31
31
31
31
31
31
31
31
31
31
31
31
31
31
31
31
31
31
31
31
31
31
31
31
31
31
31
31
31
31
31
31
31
31
31
31
31
31
31
31
31
31
31
31
31
31
31
31
31
31
31
31
31
31
31
31
31
31
31
31
31
31
31
31
31
31
31
31
31
31
31
31
31.8284
31.4142
31
31
31
31
31
31
31
31
31
31
31
31
31
31
31
31
31
31
31
31
31
31
31
31
31
31
31
31
31
31
31
31
31
31.4142
31.8284
31
31
31
31
31
31
31
31
31
31
31
31
31
31
31
31
31
31
31
30
30
30
30
30
30
30
30
30
30
30
30
30
30
30
30
30
30
30
30
30
30
30
30
30
30
30
30
30
30
30
30
30
30
30
30
30
30
30
30
30
30
30
30
30
30
30
30
30
30
30
30
30
30
30
30
30
30
30
30
30
30
30
30
30
30
30
30
30
30
30
30
30
30
30
30
30
30
30
30
30
30
30
30
30
30
30
30
30
30
30
30
30
30
30
30
30
30
30
30
30
30
30
30
30
30
30
30
30
30
30
30
30
30
30
30
30
30
30
30
30
30
30
30
30
30
30
30
30
30
30
30
30
30
30
30
30
30
30
30
30
30
30
30
30
30
30
30
30
30
30
30
30
30
30
30
30
30
30
30
30
30
30.8284
30.4142
30
30
30
30
30
30
30
30
30
30
30
30
30
30
30
30
30
30
30
30
30
30
30
30
30
30
30
30
30
30
30
30
30
30.4142
30
30
30
30
30
30
30
30
30
30
30
30
30
30
30
30
30
30
30
30
30
30
30
30
30
30
30
30
29
29
29
29
29
29
29
29
29
29
29
29
29
29
29
29
29
29
29
29
29
29
29
29
29
29
29
29
29
29
29
29
29
29
29
29
29
29
29
29
29
29
29
29
29
29
29
29
29
29
29
29
29
29
29
29
29
29
29
29
29
29
29
29
29
29
29
29
29
29
29
29
29
29
29
29
29
29
29
29
29
29
29
29
29
29
29
29
29
29
29
29
29
29
29
29
29
29
29
29
29
29
29
29
29
29
29
29
29
29
29
29
29
29
29
29
29
29
29
29
29
29
29
29
29
29
29
29
29
29
29
29
29
29
29
29
29
29
29
29
29
29
29
29
29
29
29
29
29
29
29
29
29
29
29
29
29
29
29
29
29
29
29.8284
29.4142
29
29
29
29
29
29
29
29
29
29
29
29
29
29
29
29
29
29
29
29
29
29
29
29
29
29
29
29
29
29
29
29
29
29.4142
29
29
29
29
29
29
29
29
29
29
29
29
29
29
29
29
29
29
29
29
29
29
29
29
29
29
29
29
28
28
28
28
28
28
28
28
28
28
28
28
28
28
28
28
28
28
28
28
28
28
28
28
28
28
28
28
28
28
28
28
28
28
28
28
28
28
28
28
28
28
28
28
28
28
28
28
28
28
28
28
28
28
28
28
28
28
28
28
28
28
28
28
28
28
28
28
28
28
28
28
28
28
28
28
28
28
28
28
28
28
28
28
28
28
28
28
28
28
28
28
28
28
28
28
28
28
28
28
28
28
28
28
28
28
28
28
28
28
28
28
28
28
28
28
28
28
28
28
28
28
28
28
28
28
28
28
28
28
28
28
28
28
28
28
28
28
28
28
28
28
28
28
28
28
28
28
28
28
28
28
28
28
28
28
28
28
28
28
28
28
28
28
28
28
28
28
28
28
28
28
28
28
28
28
28
28
28.8284
28.4142
28
28
28
28
28
28
28
28
28
28
28
28
28
28
28
28
28
28
28
28
28
28
28
28
28
28
28
28
28
28
28
28
28
28.4142
28
28
28
28
28
28
28
28
28
28
28
28
28
28
28
28
28
28
28
28
28
28
28
28
28
28
28
28
28
28
28
28
28
28
28
27
27
27
27
27
27
27
27
27
27
27
27
27
27
27
27
27
27
27
27
27
27
27
27
27
27
27
27
27
27
27
27
27
27
27
27
27
27
27
27
27
27
27
27
27
27
27
27
27
27
27
27
27
27
27
27
27
27
27
27
27
27
27
27
27
27
27
27
27
27
27
27
27
27
27
27
27
27
27
27
27
27
27
27
27
27
27
27
27
27
27
27
27
27
27
27
27
27
27
27
27
27
27
27
27
27
27
27
27
27
27
27
27
27
27
27
27
27
27
27
27
27
27
27
27
27
27
27
27
27
27
27
27
27
27
27
27
27
27
27
27
27
27
27
27
27
27
27
27
27
27
27
27
27
27
27
27
27
27
27
27
27
27
27
27
27
27
27
27
27
27
27
27
27
27
27
27
27
27
27
27
27
27
27
27
27
27
27
27
27
27
27
27.8284
27.4142
27
27
27
27
27
27
27
27
27
27
27
27
27
27
27
27
27
27
27
27
27
27
27
27
27
27
27
27
27
27
27
27
27
27.4142
27
27
27
27
27
27
27
27
27
27
27
27
27
27
27
27
27
27
27
27
27
27
27
27
27
27
27
27
27
27
27
27
27
27
27
27
27
27
27
26
26
26
26
26
26
26
26
26
26
26
26
26
26
26
26
26
26
26
26
26
26
26
26
26
26
26
26
26
26
26
26
26
26
26
26
26
26
26
26
26
26
26
26
26
26
26
26
26
26
26
26
26
26
26
26
26
26
26
26
26
26
26
26
26
26
26
26
26
26
26
26
26
26
26
26
26
26
26
26
26
26
26
26
26
26
26
26
26
26
26
26
26
26
26
26
26
26
26
26
26
26
26
26
26
26
26
26
26
26
26
26
26
26
26
26
26
26
26
26
26
26
26
26
26
26
26
26
26
26
26
26
26
26
26
26
26
26
26
26
26
26
26
26
26
26
26
26
26
26
26
26
26
26
26
26
26
26
26
26
26
26
26
26
26
26
26
26
26
26
26
26
26
26
26
26
26
26
26
26
26
26
26
26
26
26
26
26
26
26
26
26
26
26
26
26
26
26
26
26
26
26.8284
26.4142
26
26
26
26
26
26
26
26
26
26
26
26
26
26
26
26
26
26
26
26
26
26
26
26
26
26
26
26
26
26
26
26
26
26.4142
26
26
26
26
26
26
26
26
26
26
26
26
26
26
26
26
26
26
26
26
26
26
26
26
26
26
26
26
26
26
26
26
26
26
26
26
26
26
26
26
26
26
26
25
25
25
25
25
25
25
25
25
25
25
25
25
25
25
25
25
25
25
25
25
25
25
25
25
25
25
25
25
25
25
25
25
25
25
25
25
25
25
25
25
25
25
25
25
25
25
25
25
25
25
25
25
25
25
25
25
25
25
25
25
25
25
25
25
25
25
25
25
25
25
25
25
25
25
25
25
25
25
25
25
25
25
25
25
25
25
25
25
25
25
25
25
25
25
25
25
25
25
25
25
25
25
25
25
25
25
25
25
25
25
25
25
25
25
25
25
25
25
25
25
25
25
25
25
25
25
25
25
25
25
25
25
25
25
25
25
25
25
25
25
25
25
25
25
25
25
25
25
25
25
25
25
25
25
25
25
25
25
25
25
25
25
25
25
25
25
25
25
25
25
25
25
25
25
25
25
25
25
25
25
25
25
25
25
25
25
25
25
25
25
25
25
25
25
25
25
25
25
25
25
25
25
25
25
25
25
25
25
25
25.8284
25.4142
25
25
25
25
25
25
25
25
25
25
25
25
25
25
25
25
25
25
25
25
25
25
25
25
25
25
25
25
25
25
25
25
25
25.4142
25
25
25
25
25
25
25
25
25
25
25
25
25
25
25
25
25
25
25
25
25
25
25
25
25
25
25
25
25
25
25
25
25
25
25
25
25
25
25
25
25
25
25
25
25
25
25
25
25
24
24
24
24
24
24
24
24
24
24
24
24
24
24
24
24
24
24
24
24
24
24
24
24
24
24
24
24
24
24
24
24
24
24
24
24
24
24
24
24
24
24
24
24
24
24
24
24
24
24
24
24
24
24
24
24
24
24
24
24
24
24
24
24
24
24
24
24
24
24
24
24
24
24
24
24
24
24
24
24
24
24
24
24
24
24
24
24
24
24
24
24
24
24
24
24
24
24
24
24
24
24
24
24
24
24
24
24
24
24
24
24
24
24
24
24
24
24
24
24
24
24
24
24
24
24
24
24
24
24
24
24
24
24
24
24
24
24
24
24
24
24
24
24
24
24
24
24
24
24
24
24
24
24
24
24
24
24
24
24
24
24
24
24
24
24
24
24
24
24
24
24
24
24
24
24
24
24
24
24
24
24
24
24
24
24
24
24
24
24
24
24
24
24
24
24
24
24
24
24
24
24
24
24
24
24
24
24
24
24
24
24
24
24
24
24
24
24.8284
24.4142
24
24
24
24
24
24
24
24
24
24
24
24
24
24
24
24
24
24
24
24
24
24
24
24
24
24
24
24
24
24
24
24
24
24.4142
24
24
24
24
24
24
24
24
24
24
24
24
24
24
24
24
24
24
24
24
24
24
24
24
24
24
24
24
24
24
24
24
24
24
24
24
24
24
24
24
24
24
24
24
24
24
24
24
24
24
24
23
23
23
23
23
23
23
23
23
23
23
23
23
23
23
23
23
23
23
23
23
23
23
23
23
23
23
23
23
23
23
23
23
23
23
23
23
23
23
23
23
23
23
23
23
23
23
23
23
23
23
23
23
23
23
23
23
23
23
23
23
23
23
23
23
23
23
23
23
23
23
23
23
23
23
23
23
23
23
23
23
23
23
23
23
23
23
23
23
23
23
23
23
23
23
23
23
23
23
23
23
23
23
23
23
23
23
23
23
23
23
23
23
23
23
23
23
23
23
23
23
23
23
23
23
23
23
23
23
23
23
23
23
23
23
23
23
23
23
23
23
23
23
23
23
23
23
23
23
23
23
23
23
23
23
23
23
23
23
23
23
23
23
23
23
23
23
23
23
23
23
23
23
23
23
23
23
23
23
23
23
23
23
23
23
23
23
23
23
23
23
23
23
23
23
23
23
23
23
23
23
23
23
23
23
23
23
23
23
23
23
23
23
23
23
23
23
23
23
23
23
23.8284
23.4142
23
23
23
23
23
23
23
23
23
23
23
23
23
23
23
23
23
23
23
23
23
23
23
23
23
23
23
23
23
23
23
23
23
23.4142
23
23
23
23
23
23
23
23
23
23
23
23
23
23
23
23
23
23
23
23
23
23
23
23
23
23
23
23
23
23
23
23
23
23
23
23
23
23
23
23
23
23
23
23
23
23
23
23
23
23
23
23
23
23
22
22
22
22
22
22
22
22
22
22
22
22
22
22
22
22
22
22
22
22
22
22
22
22
22
22
22
22
22
22
22
22
22
22
22
22
22
22
22
22
22
22
22
22
22
22
22
22
22
22
22
22
22
22
22
22
22
22
22
22
22
22
22
22
22
22
22
22
22
22
22
22
22
22
22
22
22
22
22
22
22
22
22
22
22
22
22
22
22
22
22
22
22
22
22
22
22
22
22
22
22
22
22
22
22
22
22
22
22
22
22
22
22
22
22
22
22
22
22
22
22
22
22
22
22
22
22
22
22
22
22
22
22
22
22
22
22
22
22
22
22
22
22
22
22
22
22
22
22
22
22
22
22
22
22
22
22
22
22
22
22
22
22
22
22
22
22
22
22
22
22
22
22
22
22
22
22
22
22
22
22
22
22
22
22
22
22
22
22
22
22
22
22
22
22
22
22
22
22
22
22
22
22
22
22
22
22
22
22
22
22
22
22
22
22
22
22
22
22
22
22
22
22
22
22
22
22
22.8284
22.4142
22
22
22
22
22
22
22
22
22
22
22
22
22
22
22
22
22
22
22
22
22
22
22
22
22
22
22
22
22
22
22
22
22
22
22
22
22
22
22
22
22
22
22
22
22
22
22
22
22
22
22
22
22
22
22
22
22
22
22
22
22
22
22
22
22
22
22
22
22
22
22
22
22
22
22
22
22
22
22
22
22
22
22
22
22
22
22
22
22
21
21
21
21
21
21
21
21
21
21
21
21
21
21
21
21
21
21
21
21
21
21
21
21
21
21
21
21
21
21
21
21
21
21
21
21
21
21
21
21
21
21
21
21
21
21
21
21
21
21
21
21
21
21
21
21
21
21
21
21
21
21
21
21
21
21
21
21
21
21
21
21
21
21
21
21
21
21
21
21
21
21
21
21
21
21
21
21
21
21
21
21
21
21
21
21
21
21
21
21
21
21
21
21
21
21
21
21
21
21
21
21
21
21
21
21
21
21
21
21
21
21
21
21
21
21
21
21
21
21
21
21
21
21
21
21
21
21
21
21
21
21
21
21
21
21
21
21
21
21
21
21
21
21
21
21
21
21
21
21
21
21
21
21
21
21
21
21
21
21
21
21
21
21
21
21
21
21
21
21
21
21
21
21
21
21
21
21
21
21
21
21
21
21
21
21
21
21
21
21
21
21
21
21
21
21
21
21
21
21
21
21
21
21
21
21
21
21
21
21
21
21
21
21
21
21
21
21
21
21
21
21
21
21.8284
21.4142
21
21
21
21
21
21
21
21
21
21
21
21
21
21
21
21
21
21
21
21
21
21
21
21
21
21
21
21
21
21
21
21
21
21
21
21
21
21
21
21
21
21
21
21
21
21
21
21
21
21
21
21
21
21
21
21
21
21
21
21
21
21
21
21
21
21
21
21
21
21
21
21
21
21
21
21
21
21
21
21
21
21
21
21
21
21
21
21
21
21
21
21
20
20
20
20
20
20
20
20
20
20
20
20
20
20
20
20
20
20
20
20
20
20
20
20
20
20
20
20
20
20
20
20
20
20
20
20
20
20
20
20
20
20
20
20
20
20
20
20
20
20
20
20
20
20
20
20
20
20
20
20
20
20
20
20
20
20
20
20
20
20
20
20
20
20
20
20
20
20
20
20
20
20
20
20
20
20
20
20
20
20
20
20
20
20
20
20
20
20
20
20
20
20
20
20
20
20
20
20
20
20
20
20
20
20
20
20
20
20
20
20
20
20
20
20
20
20
20
20
20
20
20
20
20
20
20
20
20
20
20
20
20
20
20
20
20
20
20
20
20
20
20
20
20
20
20
20
20
20
20
20
20
20
20
20
20
20
20
20
20
20
20
20
20
20
20
20
20
20
20
20
20
20
20
20
20
20
20
20
20
20
20
20
20
20
20
20
20
20
20
20
20
20
20
20
20
20
20
20
20
20
20
20
20
20
20
20
20
20
20
20
20
20
20
20
20
20
20
20
20
20
20
20
20
20.8284
20.4142
20
20
20
20
20
20
20
20
20
20
20
20
20
20
20
20
20
20
20
20
20
20
20
20
20
20
20
20
20
20
20
20
20
20
20
20
20
20
20
20
20
20
20
20
20
20
20
20
20
20
20
20
20
20
20
20
20
20
20
20
20
20
20
20
20
20
20
20
20
20
20
20
20
20
20
20
20
20
20
20
20
20
20
20
20
20
20
20
20
20
20
20
19
19
19
19
19
19
19
19
19
19
19
19
19
19
19
19
19
19
19
19
19
19
19
19
19
19
19
19
19
19
19
19
19
19
19
19
19
19
19
19
19
19
19
19
19
19
19
19
19
19
19
19
19
19
19
19
19
19
19
19
19
19
19
19
19
19
19
19
19
19
19
19
19
19
19
19
19
19
19
19
19
19
19
19
19
19
19
19
19
19
19
19
19
19
19
19
19
19
19
19
19
19
19
19
19
19
19
19
19
19
19
19
19
19
19
19
19
19
19
19
19
19
19
19
19
19
19
19
19
19
19
19
19
19
19
19
19
19
19
19
19
19
19
19
19
19
19
19
19
19
19
19
19
19
19
19
19
19
19
19
19
19
19
19
19
19
19
19
19
19
19
19
19
19
19
19
19
19
19
19
19
19
19
19
19
19
19
19
19
19
19
19
19
19
19
19
19
19
19
19
19
19
19
19
19
19
19
19
19
19
19
19
19
19
19
19
19
19
19
19
19
19
19
19
19
19
19
19
19
19
19
19
19
19
19
19
19
19
19.8284
19.4142
19
19
19
19
19
19
19
19
19
19
19
19
19
19
19
19
19
19
19
19
19
19
19
19
19
19
19
19
19
19
19
19
19
19
19
19
19
19
19
19
19
19
19
19
19
19
19
19
19
19
19
19
19
19
19
19
19
19
19
19
19
19
19
19
19
19
19
19
19
19
19
19
19
19
19
19
19
19
19
19
19
19
19
19
19
19
19
19
19
19
19
19
19
19
18
18
18
18
18
18
18
18
18
18
18
18
18
18
18
18
18
18
18
18
18
18
18
18
18
18
18
18
18
18
18
18
18
18
18
18
18
18
18
18
18
18
18
18
18
18
18
18
18
18
18
18
18
18
18
18
18
18
18
18
18
18
18
18
18
18
18
18
18
18
18
18
18
18
18
18
18
18
18
18
18
18
18
18
18
18
18
18
18
18
18
18
18
18
18
18
18
18
18
18
18
18
18
18
18
18
18
18
18
18
18
18
18
18
18
18
18
18
18
18
18
18
18
18
18
18
18
18
18
18
18
18
18
18
18
18
18
18
18
18
18
18
18
18
18
18
18
18
18
18
18
18
18
18
18
18
18
18
18
18
18
18
18
18
18
18
18
18
18
18
18
18
18
18
18
18
18
18
18
18
18
18
18
18
18
18
18
18
18
18
18
18
18
18
18
18
18
18
18
18
18
18
18
18
18
18
18
18
18
18
18
18
18
18
18
18
18
18
18
18
18
18
18
18
18
18
18
18
18
18
18
18
18
18
18
18
18
18
18
18
18
18
18.8284
18.4142
18
18
18
18
18
18
18
18
18
18
18
18
18
18
18
18
18
18
18
18
18
18
18
18
18
18
18
18
18
18
18
18
18
18
18
18
18
18
18
18
18
18
18
18
18
18
18
18
18
18
18
18
18
18
18
18
18
18
18
18
18
18
18
18
18
18
18
18
18
18
18
18
18
18
18
18
18
18
18
18
18
18
18
18
18
18
18
18
18
18
18
18
18
18
18
18
17
17
17
17
17
17
17
17
17
17
17
17
17
17
17
17
17
17
17
17
17
17
17
17
17
17
17
17
17
17
17
17
17
17
17
17
17
17
17
17
17
17
17
17
17
17
17
17
17
17
17
17
17
17
17
17
17
17
17
17
17
17
17
17
17
17
17
17
17
17
17
17
17
17
17
17
17
17
17
17
17
17
17
17
17
17
17
17
17
17
17
17
17
17
17
17
17
17
17
17
17
17
17
17
17
17
17
17
17
17
17
17
17
17
17
17
17
17
17
17
17
17
17
17
17
17
17
17
17
17
17
17
17
17
17
17
17
17
17
17
17
17
17
17
17
17
17
17
17
17
17
17
17
17
17
17
17
17
17
17
17
17
17
17
17
17
17
17
17
17
17
17
17
17
17
17
17
17
17
17
17
17
17
17
17
17
17
17
17
17
17
17
17
17
17
17
17
17
17
17
17
17
17
17
17
17
17
17
17
17
17
17
17
17
17
17
17
17
17
17
17
17
17
17
17
17
17
17
17
17
17
17
17
17
17
17
17
17
17
17
17
17
17
17
17
17
17.8284
17.4142
17
17
17
17
17
17
17
17
17
17
17
17
17
17
17
17
17
17
17
17
17
17
17
17
17
17
17
17
17
17
17
17
17
17
17
17
17
17
17
17
17
17
17
17
17
17
17
17
17
17
17
17
17
17
17
17
17
17
17
17
17
17
17
17
17
17
17
17
17
17
17
17
17
17
17
17
17
17
17
17
17
17
17
17
17
17
17
17
17
17
17
17
17
17
17
17
17
16
16
16
16
16
16
16
16
16
16
16
16
16
16
16
16
16
16
16
16
16
16
16
16
16
16
16
16
16
16
16
16
16
16
16
16
16
16
16
16
16
16
16
16
16
16
16
16
16
16
16
16
16
16
16
16
16
16
16
16
16
16
16
16
16
16
16
16
16
16
16
16
16
16
16
16
16
16
16
16
16
16
16
16
16
16
16
16
16
16
16
16
16
16
16
16
16
16
16
16
16
16
16
16
16
16
16
16
16
16
16
16
16
16
16
16
16
16
16
16
16
16
16
16
16
16
16
16
16
16
16
16
16
16
16
16
16
16
16
16
16
16
16
16
16
16
16
16
16
16
16
16
16
16
16
16
16
16
16
16
16
16
16
16
16
16
16
16
16
16
16
16
16
16
16
16
16
16
16
16
16
16
16
16
16
16
16
16
16
16
16
16
16
16
16
16
16
16
16
16
16
16
16
16
16
16
16
16
16
16
16
16
16
16
16
16
16
16
16
16
16
16
16
16
16
16
16
16
16
16
16
16
16
16
16
16
16
16
16
16
16
16
16
16
16
16
16
17.4142
16.4142
16
16
16
16
16
16
16
16
16
16
16
16
16
16
16
16
16
16
16
16
16
16
16
16
16
16
16
16
16
16
16
16
16
16
16
16
16
16
16
16
16
16
16
16
16
16
16
16
16
16
16
16
16
16
16
16
16
16
16
16
16
16
16
16
16
16
16
16
16
16
16
16
16
16
16
16
16
16
16
16
16
16
16
16
16
16
16
16
16
16
16
16
16
16
16
16
16
16
15
15
15
15
15
15
15
15
15
15
15
15
15
15
15
15
15
15
15
15
15
15
15
15
15
15
15
15
15
15
15
15
15
15
15
15
15
15
15
15
15
15
15
15
15
15
15
15
15
15
15
15
15
15
15
15
15
15
15
15
15
15
15
15
15
15
15
15
15
15
15
15
15
15
15
15
15
15
15
15
15
15
15
15
15
15
15
15
15
15
15
15
15
15
15
15
15
15
15
15
15
15
15
15
15
15
15
15
15
15
15
15
15
15
15
15
15
15
15
15
15
15
15
15
15
15
15
15
15
15
15
15
15
15
15
15
15
15
15
15
15
15
15
15
15
15
15
15
15
15
15
15
15
15
15
15
15
15
15
15
15
15
15
15
15
15
15
15
15
15
15
15
15
15
15
15
15
15
15
15
15
15
15
15
15
15
15
15
15
15
15
15
15
15
15
15
15
15
15
15
15
15
15
15
15
15
15
15
15
15
15
15
15
15
15
15
15
15
15
15
15
15
15
15
15
15
15
15
15
15
15
15
15
15
15
15
15
15
15
15
15
15
15
15
15
15
15
15
15
15
15
15
15
15
15
15
15
15
15
15
15
15
15
15
15
15
15
15
15
15
15
15
15
15
15
15
15
15
15
15
15
15
15
15
15
15
15
15
15
15
15
15
15
15
15
15
15
15
15
15
15
15
15
15
15
15
15
15
15
15
15
15
15
15
15
15
15
15
15
15
15
15
15
15
15
15
15
15
15
15
15
15
15
15
15
15
15
15
15
15
15
15
15
15
15
15
15
15
15
15
15
15
15
15
15
15
15
15
14
14
14
14
14
14
14
14
14
14
14
14
14
14
14
14
14
14
14
14
14
14
14
14
14
14
14
14
14
14
14
14
14
14
14
14
14
14
14
14
14
14
14
14
14
14
14
14
14
14
14
14
14
14
14
14
14
14
14
14
14
14
14
14
14
14
14
14
14
14
14
14
14
14
14
14
14
14
14
14
14
14
14
14
14
14
14
14
14
14
14
14
14
14
14
14
14
14
14
14
14
14
14
14
14
14
14
14
14
14
14
14
14
14
14
14
14
14
14
14
14
14
14
14
14
14
14
14
14
14
14
14
14
14
14
14
14
14
14
14
14
14
14
14
14
14
14
14
14
14
14
14
14
14
14
14
14
14
14
14
14
14
14
14
14
14
14
14
14
14
14
14
14
14
14
14
14
14
14
14
14
14
14
14
14
14
14
14
14
14
14
14
14
14
14
14
14
14
14
14
14
14
14
14
14
14
14
14
14
14
14
14
14
14
14
14
14
14
14
14
14
14
14
14
14
14
14
14
14
14
14
14
14
14
14
14
14
14
14
14
14
14
14
14
14
14
14
14
14
14
14
14
14
14
14
14
14
14
14
14
14
14
14
14
14
14
14
14
14
14
14
14
14
14
14
14
14
14
14
14
14
14
14
14
14
14
14
14
14
14
14
14
14
14
14
14
14
14
14
14
14
14
14
14
14
14
14
14
14
14
14
14
14
14
14
14
14
14
14
14
14
14
14
14
14
14
14
14
14
14
14
14
14
14
14
14
14
14
14
14
14
14
14
14
14
14
14
14
14
14
14
14
14
14
14
14
14
14
14
14
13
13
13
13
13
13
13
13
13
13
13
13
13
13
13
13
13
13
13
13
13
13
13
13
13
13
13
13
13
13
13
13
13
13
13
13
13
13
13
13
13
13
13
13
13
13
13
13
13
13
13
13
13
13
13
13
13
13
13
13
13
13
13
13
13
13
13
13
13
13
13
13
13
13
13
13
13
13
13
13
13
13
13
13
13
13
13
13
13
13
13
13
13
13
13
13
13
13
13
13
13
13
13
13
13
13
13
13
13
13
13
13
13
13
13
13
13
13
13
13
13
13
13
13
13
13
13
13
13
13
13
13
13
13
13
13
13
13
13
13
13
13
13
13
13
13
13
13
13
13
13
13
13
13
13
13
13
13
13
13
13
13
13
13
13
13
13
13
13
13
13
13
13
13
13
13
13
13
13
13
13
13
13
13
13
13
13
13
13
13
13
13
13
13
13
13
13
13
13
13
13
13
13
13
13
13
13
13
13
13
13
13
13
13
13
13
13
13
13
13
13
13
13
13
13
13
13
13
13
13
13
13
13
13
13
13
13
13
13
13
13
13
13
13
13
13
13
13
13
13
13
13
13
13
13
13
13
13
13
13
13
13
13
13
13
13
13
13
13
13
13
13
13
13
13
13
13
13
13
13
13
13
13
13
13
13
13
13
13
13
13
13
13
13
13
13
13
13
13
13
13
13
13
13
13
13
13
13
13
13
13
13
13
13
13
13
13
13
13
13
13
13
13
13
13
13
13
13
13
13
13
13
13
13
13
13
13
13
13
13
13
13
13
13
13
13
13
13
13
13
13
13
13
13
13
13
13
13
13
13
13
13
13
12
12
12
12
12
12
12
12
12
12
12
12
12
12
12
12
12
12
12
12
12
12
12
12
12
12
12
12
12
12
12
12
12
12
12
12
12
12
12
12
12
12
12
12
12
12
12
12
12
12
12
12
12
12
12
12
12
12
12
12
12
12
12
12
12
12
12
12
12
12
12
12
12
12
12
12
12
12
12
12
12
12
12
12
12
12
12
12
12
12
12
12
12
12
12
12
12
12
12
12
12
12
12
12
12
12
12
12
12
12
12
12
12
12
12
12
12
12
12
12
12
12
12
12
12
12
12
12
12
12
12
12
12
12
12
12
12
12
12
12
12
12
12
12
12
12
12
12
12
12
12
12
12
12
12
12
12
12
12
12
12
12
12
12
12
12
12
12
12
12
12
12
12
12
12
12
12
12
12
12
12
12
12
12
12
12
12
12
12
12
12
12
12
12
12
12
12
12
12
12
12
12
12
12
12
12
12
12
12
12
12
12
12
12
12
12
12
12
12
12
12
12
12
12
12
12
12
12
12
12
12
12
12
12
12
12
12
12
12
12
12
12
12
12
12
12
12
12
12
12
12
12
12
12
12
12
12
12
12
12
12
12
12
12
12
12
12
12
12
12
12
12
12
12
12
12
12
12
12
12
12
12
12
12
12
12
12
12
12
12
12
12
12
12
12
12
12
12
12
12
12
12
12
12
12
12
12
12
12
12
12
12
12
12
12
12
12
12
12
12
12
12
12
12
12
12
12
12
12
12
12
12
12
12
12
12
12
12
12
12
12
12
12
12
12
12
12
12
12
12
12
12
12
12
12
12
12
12
12
12
12
12
12
11
11
11
11
11
11
11
11
11
11
11
11
11
11
11
11
11
11
11
11
11
11
11
11
11
11
11
11
11
11
11
11
11
11
11
11
11
11
11
11
11
11
11
11
11
11
11
11
11
11
11
11
11
11
11
11
11
11
11
11
11
11
11
11
11
11
11
11
11
11
11
11
11
11
11
11
11
11
11
11
11
11
11
11
11
11
11
11
11
11
11
11
11
11
11
11
11
11
11
11
11
11
11
11
11
11
11
11
11
11
11
11
11
11
11
11
11
11
11
11
11
11
11
11
11
11
11
11
11
11
11
11
11
11
11
11
11
11
11
11
11
11
11
11
11
11
11
11
11
11
11
11
11
11
11
11
11
11
11
11
11
11
11
11
11
11
11
11
11
11
11
11
11
11
11
11
11
11
11
11
11
11
11
11
11
11
11
11
11
11
11
11
11
11
11
11
11
11
11
11
11
11
11
11
11
11
11
11
11
11
11
11
11
11
11
11
11
11
11
11
11
11
11
11
11
11
11
11
11
11
11
11
11
11
11
11
11
11
11
11
11
11
11
11
11
11
11
11
11
11
11
11
11
11
11
11
11
11
11
11
11
11
11
11
11
11
11
11
11
11
11
11
11
11
11
11
11
11
11
11
11
11
11
11
11
11
11
11
11
11
11
11
11
11
11
11
11
11
11
11
11
11
11
11
11
11
11
11
11
11
11
11
11
11
11
11
11
11
11
11
11
11
11
11
11
11
11
11
11
11
11
11
11
11
11
11
11
11
11
11
11
11
11
11
11
11
11
11
11
11
11
11
11
11
11
11
11
11
11
11
11
11
11
11
11
11
11
10
10
10
10
10
10
10
10
10
10
10
10
10
10
10
10
10
10
10
10
10
10
10
10
10
10
10
10
10
10
10
10
10
10
10
10
10
10
10
10
10
10
10
10
10
10
10
10
10
10
10
10
10
10
10
10
10
10
10
10
10
10
10
10
10
10
10
10
10
10
10
10
10
10
10
10
10
10
10
10
10
10
10
10
10
10
10
10
10
10
10
10
10
10
10
10
10
10
10
10
10
10
10
10
10
10
10
10
10
10
10
10
10
10
10
10
10
10
10
10
10
10
10
10
10
10
10
10
10
10
10
10
10
10
10
10
10
10
10
10
10
10
10
10
10
10
10
10
10
10
10
10
10
10
10
10
10
10
10
10
10
10
10
10
10
10
10
10
10
10
10
10
10
10
10
10
10
10
10
10
10
10
10
10
10
10
10
10
10
10
10
10
10
10
10
10
10
10
10
10
10
10
10
10
10
10
10
10
10
10
10
10
10
10
10
10
10
10
10
10
10
10
10
10
10
10
10
10
10
10
10
10
10
10
10
10
10
10
10
10
10
10
10
10
10
10
10
10
10
10
10
10
10
10
10
10
10
10
10
10
10
10
10
10
10
10
10
10
10
10
10
10
10
10
10
10
10
10
10
10
10
10
10
10
10
10
10
10
10
10
10
10
10
10
10
10
10
10
10
10
10
10
10
10
10
10
10
10
10
10
10
10
10
10
10
10
10
10
10
10
10
10
10
10
10
10
10
10
10
10
10
10
10
10
10
10
10
10
10
10
10
10
10
10
10
10
10
10
10
10
10
10
10
10
10
10
10
10
10
10
10
10
10
10
10
10
10
10
10
9
9
9
9
9
9
9
9
9
9
9
9
9
9
9
9
9
9
9
9
9
9
9
9
9
9
9
9
9
9
9
9
9
9
9
9
9
9
9
9
9
9
9
9
9
9
9
9
9
9
9
9
9
9
9
9
9
9
9
9
9
9
9
9
9
9
9
9
9
9
9
9
9
9
9
9
9
9
9
9
9
9
9
9
9
9
9
9
9
9
9
9
9
9
9
9
9
9
9
9
9
9
9
9
9
9
9
9
9
9
9
9
9
9
9
9
9
9
9
9
9
9
9
9
9
9
9
9
9
9
9
9
9
9
9
9
9
9
9
9
9
9
9
9
9
9
9
9
9
9
9
9
9
9
9
9
9
9
9
9
9
9
9
9
9
9
9
9
9
9
9
9
9
9
9
9
9
9
9
9
9
9
9
9
9
9
9
9
9
9
9
9
9
9
9
9
9
9
9
9
9
9
9
9
9
9
9
9
9
9
9
9
9
9
9
9
9
9
9
9
9
9
9
9
9
9
9
9
9
9
9
9
9
9
9
9
9
9
9
9
9
9
9
9
9
9
9
9
9
9
9
9
9
9
9
9
9
9
9
9
9
9
9
9
9
9
9
9
9
9
9
9
9
9
9
9
9
9
9
9
9
9
9
9
9
9
9
9
9
9
9
9
9
9
9
9
9
9
9
9
9
9
9
9
9
9
9
9
9
9
9
9
9
9
9
9
9
9
9
9
9
9
9
9
9
9
9
9
9
9
9
9
9
9
9
9
9
9
9
9
9
9
9
9
9
9
9
9
9
9
9
9
9
9
9
9
9
9
9
9
9
9
9
9
9
9
9
9
9
9
8
8
8
8
8
8
8
8
8
8
8
8
8
8
8
8
8
8
8
8
8
8
8
8
8
8
8
8
8
8
8
8
8
8
8
8
8
8
8
8
8
8
8
8
8
8
8
8
8
8
8
8
8
8
8
8
8
8
8
8
8
8
8
8
8
8
8
8
8
8
8
8
8
8
8
8
8
8
8
8
8
8
8
8
8
8
8
8
8
8
8
8
8
8
8
8
8
8
8
8
8
8
8
8
8
8
8
8
8
8
8
8
8
8
8
8
8
8
8
8
8
8
8
8
8
8
8
8
8
8
8
8
8
8
8
8
8
8
8
8
8
8
8
8
8
8
8
8
8
8
8
8
8
8
8
8
8
8
8
8
8
8
8
8
8
8
8
8
8
8
8
8
8
8
8
8
8
8
8
8
8
8
8
8
8
8
8
8
8
8
8
8
8
8
8
8
8
8
8
8
8
8
8
8
8
8
8
8
8
8
8
8
8
8
8
8
8
8
8
8
8
8
8
8
8
8
8
8
8
8
8
8
8
8
8
8
8
8
8
8
8
8
8
8
8
8
8
8
8
8
8
8
8
8
8
8
8
8
8
8
8
8
8
8
8
8
8
8
8
8
8
8
8
8
8
8
8
8
8
8
8
8
8
8
8
8
8
8
8
8
8
8
8
8
8
8
8
8
8
8
8
8
8
8
8
8
8
8
8
8
8
8
8
8
8
8
8
8
8
8
8
8
8
8
8
8
8
8
8
8
8
8
8
8
8
8
8
8
8
8
8
8
8
8
8
8
8
8
8
8
8
8
8
8
8
8
8
8
8
8
8
8
8
8
8
8
8
8
8
8
7
7
7
7
7
7
7
7
7
7
7
7
7
7
7
7
7
7
7
7
7
7
7
7
7
7
7
7
7
7
7
7
7
7
7
7
7
7
7
7
7
7
7
7
7
7
7
7
7
7
7
7
7
7
7
7
7
7
7
7
7
7
7
7
7
7
7
7
7
7
7
7
7
7
7
7
7
7
7
7
7
7
7
7
7
7
7
7
7
7
7
7
7
7
7
7
7
7
7
7
7
7
7
7
7
7
7
7
7
7
7
7
7
7
7
7
7
7
7
7
7
7
7
7
7
7
7
7
7
7
7
7
7
7
7
7
7
7
7
7
7
7
7
7
7
7
7
7
7
7
7
7
7
7
7
7
7
7
7
7
7
7
7
7
7
7
7
7
7
7
7
7
7
7
7
7
7
7
7
7
7
7
7
7
7
7
7
7
7
7
7
7
7
7
7
7
7
7
7
7
7
7
7
7
7
7
7
7
7
7
7
7
7
7
7
7
7
7
7
7
7
7
7
7
7
7
7
7
7
7
7
7
7
7
7
7
7
7
7
7
7
7
7
7
7
7
7
7
7
7
7
7
7
7
7
7
7
7
7
7
7
7
7
7
7
7
7
7
7
7
7
7
7
7
7
7
7
7
7
7
7
7
7
7
7
7
7
7
7
7
7
7
7
7
7
7
7
7
7
7
7
7
7
7
7
7
7
7
7
7
7
7
7
7
7
7
7
7
7
7
7
7
7
7
7
7
7
7
7
7
7
7
7
7
7
7
7
7
7
7
7
7
7
7
7
7
7
7
7
7
7
7
7
7
7
7
7
7
7
7
7
7
7
7
7
7
7
7
7
7
6
6
6
6
6
6
6
6
6
6
6
6
6
6
6
6
6
6
6
6
6
6
6
6
6
6
6
6
6
6
6
6
6
6
6
6
6
6
6
6
6
6
6
6
6
6
6
6
6
6
6
6
6
6
6
6
6
6
6
6
6
6
6
6
6
6
6
6
6
6
6
6
6
6
6
6
6
6
6
6
6
6
6
6
6
6
6
6
6
6
6
6
6
6
6
6
6
6
6
6
6
6
6
6
6
6
6
6
6
6
6
6
6
6
6
6
6
6
6
6
6
6
6
6
6
6
6
6
6
6
6
6
6
6
6
6
6
6
6
6
6
6
6
6
6
6
6
6
6
6
6
6
6
6
6
6
6
6
6
6
6
6
6
6
6
6
6
6
6
6
6
6
6
6
6
6
6
6
6
6
6
6
6
6
6
6
6
6
6
6
6
6
6
6
6
6
6
6
6
6
6
6
6
6
6
6
6
6
6
6
6
6
6
6
6
6
6
6
6
6
6
6
6
6
6
6
6
6
6
6
6
6
6
6
6
6
6
6
6
6
6
6
6
6
6
6
6
6
6
6
6
6
6
6
6
6
6
6
6
6
6
6
6
6
6
6
6
6
6
6
6
6
6
6
6
6
6
6
6
6
6
6
6
6
6
6
6
6
6
6
6
6
6
6
6
6
6
6
6
6
6
6
6
6
6
6
6
6
6
6
6
6
6
6
6
6
6
6
6
6
6
6
6
6
6
6
6
6
6
6
6
6
6
6
6
6
6
6
6
6
6
6
6
6
6
6
6
6
6
6
6
6
6
6
6
6
6
6
6
6
6
6
6
6
6
6
6
6
6
6
6
6
6
6
6
6
6
6
6
6
6
6
6
6
6
6
6
6
6
6
6
6
6
6
6
6
6
6
6
6
6
6
6
6
6
6
6
6
6
6
6
6
6
6
6
6
6
6
6
6
6
6
6
6
6
6
6
6
6
6
6
6
6
6
6
6
6
6
6
6
6
6
6
6
6
6
6
6
6
6
6
6
6
6
6
6
6
6
6
6
6
6
6
6
6
6
6
6
6
6
6
6
6
6
6
6
6
6
6
6
6
6
6
6
6
6
6
6
6
6
6
6
6
6
6
6
6
6
6
6
6
6
6
6
6
6
6
6
6
6
6
6
5
5
5
5
5
5
5
5
5
5
5
5
5
5
5
5
5
5
5
5
5
5
5
5
5
5
5
5
5
5
5
5
5
5
5
5
5
5
5
5
5
5
5
5
5
5
5
5
5
5
5
5
5
5
5
5
5
5
5
5
5
5
5
5
5
5
5
5
5
5
5
5
5
5
5
5
5
5
5
5
5
5
5
5
5
5
5
5
5
5
5
5
5
5
5
5
5
5
5
5
5
5
5
5
5
5
5
5
5
5
5
5
5
5
5
5
5
5
5
5
5
5
5
5
5
5
5
5
5
5
5
5
5
5
5
5
5
5
5
5
5
5
5
5
5
5
5
5
5
5
5
5
5
5
5
5
5
5
5
5
5
5
5
5
5
5
5
5
5
5
5
5
5
5
5
5
5
5
5
5
5
5
5
5
5
5
5
5
5
5
5
5
5
5
5
5
5
5
5
5
5
5
5
5
5
5
5
5
5
5
5
5
5
5
5
5
5
5
5
5
5
5
5
5
5
5
5
5
5
5
5
5
5
5
5
5
5
5
5
5
5
5
5
5
5
5
5
5
5
5
5
5
5
5
5
5
5
5
5
5
5
5
5
5
5
5
5
5
5
5
5
5
5
5
5
5
5
5
5
5
5
5
5
5
5
5
5
5
5
5
5
5
5
5
5
5
5
5
5
5
5
5
5
5
5
5
5
5
5
5
5
5
5
5
5
5
5
5
5
5
5
5
5
5
5
5
5
5
5
5
5
5
5
5
5
5
5
5
5
5
5
5
5
5
5
5
5
5
5
5
5
5
5
5
5
5
5
5
5
5
5
5
5
5
5
5
5
5
5
5
5
5
5
5
5
5
5
5
5
5
5
5
5
5
5
5
5
5
5
5
5
5
5
5
5
5
5
5
5
5
5
5
5
5
5
5
5
5
5
5
5
5
5
5
5
5
5
5
5
5
5
5
5
5
5
5
5
5
5
5
5
5
5
5
5
5
5
5
5
5
5
5
5
5
5
5
5
5
5
5
5
5
5
5
5
5
5
5
5
5
5
5
5
5
5
5
5
5
5
5
5
5
5
5
5
5
5
5
5
5
5
5
5
5
5
5
5
5
5
5
5
5
5
5
5
5
5
5
5
5
5
5
5
5
5
5
5
5
5
5
5
5
4
4
4
4
4
4
4
4
4
4
4
4
4
4
4
4
4
4
4
4
4
4
4
4
4
4
4
4
4
4
4
4
4
4
4
4
4
4
4
4
4
4
4
4
4
4
4
4
4
4
4
4
4
4
4
4
4
4
4
4
4
4
4
4
4
4
4
4
4
4
4
4
4
4
4
4
4
4
4
4
4
4
4
4
4
4
4
4
4
4
4
4
4
4
4
4
4
4
4
4
4
4
4
4
4
4
4
4
4
4
4
4
4
4
4
4
4
4
4
4
4
4
4
4
4
4
4
4
4
4
4
4
4
4
4
4
4
4
4
4
4
4
4
4
4
4
4
4
4
4
4
4
4
4
4
4
4
4
4
4
4
4
4
4
4
4
4
4
4
4
4
4
4
4
4
4
4
4
4
4
4
4
4
4
4
4
4
4
4
4
4
4
4
4
4
4
4
4
4
4
4
4
4
4
4
4
4
4
4
4
4
4
4
4
4
4
4
4
4
4
4
4
4
4
4
4
4
4
4
4
4
4
4
4
4
4
4
4
4
4
4
4
4
4
4
4
4
4
4
4
4
4
4
4
4
4
4
4
4
4
4
4
4
4
4
4
4
4
4
4
4
4
4
4
4
4
4
4
4
4
4
4
4
4
4
4
4
4
4
4
4
4
4
4
4
4
4
4
4
4
4
4
4
4
4
4
4
4
4
4
4
4
4
4
4
4
4
4
4
4
4
4
4
4
4
4
4
4
4
4
4
4
4
4
4
4
4
4
4
4
4
4
4
4
4
4
4
4
4
4
4
4
4
4
4
4
4
4
4
4
4
4
4
4
4
4
4
4
4
4
4
4
4
4
4
4
4
4
4
4
4
4
4
4
4
4
4
4
4
4
4
4
4
4
4
4
4
4
4
4
4
4
4
4
4
4
4
4
4
4
4
4
4
4
4
4
4
4
4
4
4
4
4
4
4
4
4
4
4
4
4
4
4
4
4
4
4
4
4
4
4
4
4
4
4
4
4
4
4
4
4
4
4
4
4
4
4
4
4
4
4
4
4
4
4
4
4
4
4
4
4
4
4
4
4
4
4
4
4
4
4
4
4
4
4
4
4
4
4
4
4
4
4
4
4
4
4
4
4
4
4
4
4
4
4
4
4
4
4
4
4
4
3
3
3
3
3
3
3
3
3
3
3
3
3
3
3
3
3
3
3
3
3
3
3
3
3
3
3
3
3
3
3
3
3
3
3
3
3
3
3
3
3
3
3
3
3
3
3
3
3
3
3
3
3
3
3
3
3
3
3
3
3
3
3
3
3
3
3
3
3
3
3
3
3
3
3
3
3
3
3
3
3
3
3
3
3
3
3
3
3
3
3
3
3
3
3
3
3
3
3
3
3
3
3
3
3
3
3
3
3
3
3
3
3
3
3
3
3
3
3
3
3
3
3
3
3
3
3
3
3
3
3
3
3
3
3
3
3
3
3
3
3
3
3
3
3
3
3
3
3
3
3
3
3
3
3
3
3
3
3
3
3
3
3
3
3
3
3
3
3
3
3
3
3
3
3
3
3
3
3
3
3
3
3
3
3
3
3
3
3
3
3
3
3
3
3
3
3
3
3
3
3
3
3
3
3
3
3
3
3
3
3
3
3
3
3
3
3
3
3
3
3
3
3
3
3
3
3
3
3
3
3
3
3
3
3
3
3
3
3
3
3
3
3
3
3
3
3
3
3
3
3
3
3
3
3
3
3
3
3
3
3
3
3
3
3
3
3
3
3
3
3
3
3
3
3
3
3
3
3
3
3
3
3
3
3
3
3
3
3
3
3
3
3
3
3
3
3
3
3
3
3
3
3
3
3
3
3
3
3
3
3
3
3
3
3
3
3
3
3
3
3
3
3
3
3
3
3
3
3
3
3
3
3
3
3
3
3
3
3
3
3
3
3
3
3
3
3
3
3
3
3
3
3
3
3
3
3
3
3
3
3
3
3
3
3
3
3
3
3
3
3
3
3
3
3
3
3
3
3
3
3
3
3
3
3
3
3
3
3
3
3
3
3
3
3
3
3
3
3
3
3
3
3
3
3
3
3
3
3
3
3
3
3
3
3
3
3
3
3
3
3
3
3
3
3
3
3
3
3
3
3
3
3
3
3
3
3
3
3
3
3
3
3
3
3
3
3
3
3
3
3
3
3
3
3
3
3
3
3
3
3
3
3
3
3
3
3
3
3
3
3
3
3
3
3
3
3
3
3
3
3
3
3
3
3
3
3
3
3
3
3
3
3
3
3
3
3
3
3
3
3
3
3
3
3
3
3
3
3
3
3
3
2
2
2
2
2
2
2
2
2
2
2
2
2
2
2
2
2
2
2
2
2
2
2
2
2
2
2
2
2
2
2
2
2
2
2
2
2
2
2
2
2
2
2
2
2
2
2
2
2
2
2
2
2
2
2
2
2
2
2
2
2
2
2
2
2
2
2
2
2
2
2
2
2
2
2
2
2
2
2
2
2
2
2
2
2
2
2
2
2
2
2
2
2
2
2
2
2
2
2
2
2
2
2
2
2
2
2
2
2
2
2
2
2
2
2
2
2
2
2
2
2
2
2
2
2
2
2
2
2
2
2
2
2
2
2
2
2
2
2
2
2
2
2
2
2
2
2
2
2
2
2
2
2
2
2
2
2
2
2
2
2
2
2
2
2
2
2
2
2
2
2
2
2
2
2
2
2
2
2
2
2
2
2
2
2
2
2
2
2
2
2
2
2
2
2
2
2
2
2
2
2
2
2
2
2
2
2
2
2
2
2
2
2
2
2
2
2
2
2
2
2
2
2
2
2
2
2
2
2
2
2
2
2
2
2
2
2
2
2
2
2
2
2
2
2
2
2
2
2
2
2
2
2
2
2
2
2
2
2
2
2
2
2
2
2
2
2
2
2
2
2
2
2
2
2
2
2
2
2
2
2
2
2
2
2
2
2
2
2
2
2
2
2
2
2
2
2
2
2
2
2
2
2
2
2
2
2
2
2
2
2
2
2
2
2
2
2
2
2
2
2
2
2
2
2
2
2
2
2
2
2
2
2
2
2
2
2
2
2
2
2
2
2
2
2
2
2
2
2
2
2
2
2
2
2
2
2
2
2
2
2
2
2
2
2
2
2
2
2
2
2
2
2
2
2
2
2
2
2
2
2
2
2
2
2
2
2
2
2
2
2
2
2
2
2
2
2
2
2
2
2
2
2
2
2
2
2
2
2
2
2
2
2
2
2
2
2
2
2
2
2
2
2
2
2
2
2
2
2
2
2
2
2
2
2
2
2
2
2
2
2
2
2
2
2
2
2
2
2
2
2
2
2
2
2
2
2
2
2
2
2
2
2
2
2
2
2
2
2
2
2
2
2
2
2
2
2
2
2
2
2
2
2
2
2
2
2
2
2
2
2
2
2
2
2
2
2
2
2
2
2
2
2
2
2
2
2
2
2
2
2
2
1
1
1
1
1
1
1
1
1
1
1
1
1
1
1
1
1
1
1
1
1
1
1
1
1
1
1
1
1
1
1
1
1
1
1
1
1
1
1
1
1
1
1
1
1
1
1
1
1
1
1
1
1
1
1
1
1
1
1
1
1
1
1
1
1
1
1
1
1
1
1
1
1
1
1
1
1
1
1
1
1
1
1
1
1
1
1
1
1
1
1
1
1
1
1
1
1
1
1
1
1
1
1
1
1
1
1
1
1
1
1
1
1
1
1
1
1
1
1
1
1
1
1
1
1
1
1
1
1
1
1
1
1
1
1
1
1
1
1
1
1
1
1
1
1
1
1
1
1
1
1
1
1
1
1
1
1
1
1
1
1
1
1
1
1
1
1
1
1
1
1
1
1
1
1
1
1
1
1
1
1
1
1
1
1
1
1
1
1
1
1
1
1
1
1
1
1
1
1
1
1
1
1
1
1
1
1
1
1
1
1
1
1
1
1
1
1
1
1
1
1
1
1
1
1
1
1
1
1
1
1
1
1
1
1
1
1
1
1
1
1
1
1
1
1
1
1
1
1
1
1
1
1
1
1
1
1
1
1
1
1
1
1
1
1
1
1
1
1
1
1
1
1
1
1
1
1
1
1
1
1
1
1
1
1
1
1
1
1
1
1
1
1
1
1
1
1
1
1
1
1
1
1
1
1
1
1
1
1
1
1
1
1
1
1
1
1
1
1
1
1
1
1
1
1
1
1
1
1
1
1
1
1
1
1
1
1
1
1
1
1
1
1
1
1
1
1
1
1
1
1
1
1
1
1
1
1
1
1
1
1
1
1
1
1
1
1
1
1
1
1
1
1
1
1
1
1
1
1
1
1
1
1
1
1
1
1
1
1
1
1
1
1
1
1
1
1
1
1
1
1
1
1
1
1
1
1
1
1
1
1
1
1
1
1
1
1
1
1
1
1
1
1
1
1
1
1
1
1
1
1
1
1
1
1
1
1
1
1
1
1
1
1
1
1
1
1
1
1
1
1
1
1
1
1
1
1
1
1
1
1
1
1
1
1
1
1
1
1
1
1
1
1
1
1
1
1
1
1
1
1
1
1
1
1
1
1
1
1
1
1
1
1
1
1
1
1
1
1
1
1
1
1
1
1
1
1
1
1
1
1
1
0
0
0
0
0
0
0
0
0
0
0
0
0
0
0
0
0
0
0
0
0
0
0
0
0
0
0
0
0
0
0
0
0
0
0
0
0
0
0
0
0
0
0
0
0
0
0
0
0
0
0
0
0
0
0
0
0
0
0
0
0
0
0
0
0
0
0
0
0
0
0
0
0
0
0
0
0
0
0
0
0
0
0
0
0
0
0
0
0
0
0
0
0
0
0
0
0
0
0
0
0
0
0
0
0
0
0
0
0
0
0
0
0
0
0
0
0
0
0
0
0
0
0
0
0
0
0
0
0
0
0
0
0
0
0
0
0
0
0
0
0
0
0
0
0
0
0
0
0
0
0
0
0
0
0
0
0
0
0
0
0
0
0
0
0
0
0
0
0
0
0
0
0
0
0
0
0
0
0
0
0
0
0
0
0
0
0
0
0
0
0
0
0
0
0
0
0
0
0
0
0
0
0
0
0
0
0
0
0
0
0
0
0
0
0
0
0
0
0
0
0
0
0
0
0
0
0
0
0
0
0
0
0
0
0
0
0
0
0
0
0
0
0
0
0
0
0
0
0
0
0
0
0
0
0
0
0
0
0
0
0
0
0
0
0
0
0
0
0
0
0
0
0
0
0
0
0
0
0
0
0
0
0
0
0
0
0
0
0
0
0
0
0
0
0
0
0
0
0
0
0
0
0
0
0
0
0
0
0
0
0
0
0
0
0
0
0
0
0
0
0
0
0
0
0
0
0
0
0
0
0
0
0
0
0
0
0
0
0
0
0
0
0
0
0
0
0
0
0
0
0
0
0
0
0
0
0
0
0
0
0
0
0
0
0
0
0
0
0
0
0
0
0
0
0
0
0
0
0
0
0
0
0
0
0
0
0
0
0
0
0
0
0
0
0
0
0
0
0
0
0
0
0
0
0
0
0
0
0
0
0
0
0
0
0
0
0
0
0
0
0
0
0
0
0
0
0
0
0
0
0
0
0
0
0
0
0
0
0
0
0
0
0
0
0
0
0
0
0
0
0
0
0
0
0
0
0
0
0
0
0
0
0
0
0
0
0
0
0
0
0
0
0
0
0
0
0
0
0
0
0
0
0
0
0
0
0
0
0
0
0
0
0
0
0
0
0
0
0
0
0
0
0
0
0
0
0
0
0
0
0
0
