6
6
6
6
6
6
6
6
6
6
6
6
6
6
6
6
6
6
6
6
6
6
6
6
6
6
6
6
6
6
6
6
6
6
6
6
6
6
6
6
6
6
6
6
6
6
6
6
6
6
6
6
6
6
6
6
6
6
6
6
6
6
6
6
6
6
6
6
6
6
6
6
6
6
6
6
6
6
6
6
6
6
6
6
6
6
6
6
6
6
6
6
6
6
6
6
6
6
6
6
6
6
6
6
6
6
6
6
6
6
6
6
6
6
6
6
6
6
6
6
6
6
6
6
6
6
6
6
6
6
6
6
6
6
6
6
6
6
6
6
6
6
6
6
6
6
6
6
6
6
6
6
6
6
6
6
6
6
6
6
6
6
6
6
6
6
6
6
6
6
6
6
6
6
6
6
6
6
6
6
6
6
6
6
6
6
6
6
6
6
6
6
6
6
6
6
6
6
6
6
6
6
6
6
6
6
6
6
6
6
6
6
6
6
6
6
6
6
6
6
6
6
6
6
6
6
6
6
6
6
6
6
6
6
6
6
6
6
6
6
6
6
6
6
6
6
6
6
6
6
6
6
6
6
6
6
6
6
6
6
6
6
6
6
6
6
6
6
7
7
7
7
7
7
7
7
7
7
7
7
7
7
7
7
8
8
8
8
8
8
8
8
8
8
8
8
8
8
8
8
9
9
9
9
9
9
9
9
9
9
9
9
9
9
9
9
10
10
10
10
10
10
10
10
10
10
10
10
10
10.4142
10
10
10
10
11
11
11
11
11.4142
12.4142
11
11
11
11.4142
11
11
11
11
11
11
11.4142
12.4142
11.4142
11
11
11
11
11.4142
12
12
12
12.8284
12
12
12.4142
12
12
12
13.4142
12.4142
12
12.8284
12.4142
12
12
12.4142
12.8284
13
13
13
13.8284
13
13
13.4142
13
13
13
13.8284
13.8284
13.4142
13
13
13.8284
14
14
14
14.8284
15.2426
14
14
14
14.4142
14.4142
14
14
14
14.8284
14.8284
15.2426
14.8284
14.4142
14
14
14.8284
15
15
15
15
16.2426
15
15
15.4142
15.4142
15
15
15
15
16.2426
15.8284
16.2426
17.2426
16.2426
15.8284
15
15
15.8284
16.2426
17.2426
18.2426
16
16
16
17.2426
17.6569
63.6274
64.6274
65.6274
66.6274
67.6274
68.6274
69.6274
70.6274
71.6274
72.6274
73.6274
74.6274
75.6274
76.6274
77.6274
78.6274
16
16
16
16
16.4142
16.4142
16
16.4142
16
16
16.4142
17.2426
17.2426
17.6569
18.6569
17.6569
16
16
18.6569
19.6569
20.6569
17
17
17
17
17
17
17
17
17
17
17
17
17
18.6569
19.0711
20.0711
56.2132
57.2132
58.2132
59.2132
60.2132
61.2132
62.2132
63.2132
78.2132
79.2132
80.2132
81.2132
82.2132
83.2132
84.2132
17
17
17
17.4142
17.4142
17.4142
17
17.4142
18.6569
18.2426
18.6569
19.0711
20.0711
20.0711
19.0711
17
17
21.0711
20.4142
19.4142
18.4142
17.4142
18
18
18
18
18
18
20.4853
21.4853
50.799
51.799
52.799
53.799
54.799
55.799
83.799
84.799
85.799
18
18
18
18
18.4142
18.8284
18.4142
18.4142
18
18.4142
20.0711
19.6569
20.4853
21.4853
21.4853
20.4853
18
18
18.4142
19
19
19
19
19
19
19
19
21.8995
22.8995
47.3848
48.3848
49.3848
50.3848
85.3848
86.3848
87.3848
88.3848
19
19
19
19
19.8284
19.4142
19.4142
19
19
19.4142
19.8284
20.8284
21.0711
21.8995
22.8995
23.8995
24.8995
23.8995
22.8995
21.8995
19
19
19
19
19.4142
20
20
20
23.3137
24.3137
25.3137
26.3137
43.5563
43.9706
44.9706
45.9706
46.9706
87.9706
20
20.8284
21.2426
20.4142
20.4142
20
21.2426
23.4853
22.4853
22.0711
24.3137
25.3137
26.3137
27.3137
28.3137
29.3137
28.3137
27.3137
26.3137
25.3137
20
20
20.4142
21
21
21
21
21
21
26.7279
42.5563
87.5563
21
21
22.2426
21.4142
21.4142
21
22.2426
23.8995
28.7279
29.7279
21
21
21.4142
22
22
22
22
22
22
27.1421
28.1421
29.1421
30.1421
31.1421
32.1421
33.1421
34.1421
35.1421
36.1421
37.1421
38.1421
39.1421
40.1421
41.1421
42.1421
87.1421
88.1421
22
22
23.2426
22.8284
22.4142
22.4142
22
22
22
23.2426
23.6569
25.3137
24.8995
29.1421
30.1421
31.1421
32.1421
32.1421
31.1421
30.1421
22
22.4142
23.4142
22
22.4142
23
23
23
23
23
23
23.4142
23
88.5563
23
23
24.2426
23.8284
23.4142
23.8284
24.8284
23
24.6569
28.7279
27.7279
26.7279
26.3137
23.8284
23
23.4142
24
24
24
24
24
24.4142
88.9706
89.9706
24
24
24
25.2426
24.8284
25.2426
24
25.6569
26.0711
30.1421
29.1421
24.8284
24
24.4142
25
25
25
25
25
25
25.4142
90.3848
25
25
26.2426
26.6569
27.6569
25.8284
26.2426
25
25
27.0711
27.4853
31.5563
30.5563
25.8284
25
25.4142
26
26
26
26
26
26.4142
90.799
26
26
28.0711
26.8284
27.2426
26
28.4853
28.8995
29.8995
30.8995
34.9706
33.9706
32.9706
31.9706
26.8284
26.4142
26
26.4142
27
27
27
27
27
27
27
27
27.8284
27.4142
91.2132
92.2132
93.2132
27
29.0711
29.2426
28.2426
27.8284
28.2426
27
27
31.3137
32.3137
33.3137
38.3848
37.3848
36.3848
35.3848
27.8284
28.2426
27.4142
27.4142
28
28
28
28
28
28.8284
93.6274
28
28
28
30.0711
29.6569
29.2426
28
33.7279
34.7279
35.7279
36.7279
37.7279
44.5563
43.799
42.799
41.799
40.799
39.799
38.799
29.2426
29.6569
29.8284
28.8284
28.4142
28.4142
29
29
29.8284
94.0416
29
31.0711
30.6569
30.2426
29
38.1421
39.1421
40.1421
41.1421
42.1421
43.1421
44.1421
30.6569
31.0711
31.2426
30.2426
29.4142
30
30
30
30
30
30
30
30
30
30
30.8284
94.4558
30
30
32.0711
31.6569
31.2426
30
30
30
30
30
30
30
30
30
30
30
30.4142
30.8284
31.2426
31.6569
32.0711
32.4853
32.8995
33.3137
33.7279
34.1421
34.5563
34.9706
35.3848
35.799
32.0711
31.6569
30.4142
31
31
31
31
31
31
31
31
31
31
31
33.2426
32.2426
31.8284
94.8701
95.8701
31
32.2426
32.6569
33.0711
32.6569
32.2426
31
31
31
31
31
31
31
31
31
31
31
36.799
37.2132
37.6274
37.6274
37.2132
36.799
33.0711
33.4853
34.4853
33.0711
32.6569
31.4142
32
32
32
32
32
32
32
32
32
32
32
32
32
33.6569
96.2843
32
32
33.2426
33.6569
33.2426
32
32
32
32
32
32
32
37.799
37.3848
36.9706
36.5563
36.1421
35.7279
34.8995
35.8995
36.8995
37.4853
36.4853
35.4853
34.4853
34.0711
32.4142
34.6569
96.6985
97.6985
33
33
34.2426
34.6569
34.2426
33
33
33
33
33
33
36.7279
36.3137
35.8995
35.4853
35.0711
37.3137
38.3137
39.3137
39.8995
38.8995
37.8995
34.2426
34.6569
35.0711
35.4853
35.0711
34.6569
34.2426
33.8284
33.4142
36.0711
35.6569
98.1127
34
34
34
34.8284
35.2426
36.0711
35.6569
35.2426
34
34
34
34
36.0711
35.6569
35.2426
34.8284
34.4142
34.4142
34.8284
35.2426
37.4853
37.0711
98.5269
99.5269
35
35
35
35.4142
35.8284
37.0711
36.2426
35
35
35
35
35
35
35.4142
35
35
35
35
35
35
35.4142
38.4853
99.9411
100.941
101.941
36
36
36
36
36
36
36
36.4142
38.0711
36.4142
36.8284
37.2426
36
36
36
36
36
36
36
36
36
36
36
36
40.8995
39.8995
39.4853
102.355
37
37
39.0711
37.4142
37
37
37
37
41.3137
102.77
38
38
38
38
38
38
38
40.0711
38.4142
38
38
38
38
38
38
38
38
38
38
42.7279
42.3137
103.184
104.184
41.0711
39.4142
39
39.4142
39
39
39
39
39
39
39
43.7279
104.598
105.598
42.0711
40.4142
40
40
41.2426
40.8284
40.4142
40
40
40
40
40
40
40
45.1421
44.7279
55.0122
56.0122
57.0122
58.0122
59.0122
60.0122
61.0122
62.0122
63.0122
64.0122
65.0122
66.0122
67.0122
68.0122
69.0122
70.0122
71.0122
106.012
107.012
43.0711
41.4142
41
43.0711
42.6569
42.2426
41
41
41
93.1422
93.5564
93.9706
94.3848
46.5564
46.1421
52.7696
53.1838
53.598
54.0122
54.4264
55.4264
71.4264
72.4264
73.4264
74.4264
75.4264
76.4264
77.4264
107.426
108.426
109.426
44.0711
42.4142
42
44.4853
44.0711
42
42
42
42
92.1422
93.3848
93.799
94.2132
94.6274
95.0417
95.4559
95.8701
96.2843
96.6985
97.1127
97.5269
48.9706
47.9706
47.5564
52.1127
52.5269
52.9411
53.3554
53.7696
77.8406
78.8406
79.8406
80.8406
109.841
110.841
45.0711
43
43.4142
43
46.7279
46.3137
45.8995
45.4853
43
43
43
43
91.1422
96.5269
96.9412
97.3554
97.7696
98.7696
99.7696
51.3848
50.3848
49.3848
51.4558
51.8701
52.2843
52.6985
53.1127
81.2549
82.2549
83.2549
84.2549
111.255
112.255
46.0711
44
44
48.9706
48.5563
48.1421
47.7279
44
44
44
44
90.1422
99.3554
100.355
101.355
102.355
103.355
52.799
51.799
51.6274
52.0416
52.4558
84.6691
85.6691
86.6691
112.669
113.669
114.669
47.0711
45
45
50.3848
49.9706
45
45.4142
45
89.1422
102.941
103.941
104.941
105.941
56.2132
55.2132
54.2132
53.2132
52.6274
87.0833
115.083
116.083
48.0711
46
46
51.3848
46.4142
46
88.1422
105.527
56.6274
53.2132
53.6274
88.0833
88.4975
89.4975
116.497
49.0711
47
47
53.2132
52.799
52.3848
47.4142
47
87.1422
105.113
106.113
107.113
58.0417
57.0417
52.9706
53.3848
53.799
54.2132
89.9117
90.9117
116.912
117.912
50.0711
48
48.4142
48
55.4558
55.0416
54.6274
54.2132
48.4142
48.8284
49.2426
48
86.1422
106.699
107.699
108.699
109.699
61.4559
60.4559
59.4559
58.4559
53.5563
53.9706
91.3259
92.3259
117.912
51.4853
51.0711
49
49.4142
58.1127
57.6985
57.2843
56.8701
56.4558
50.2426
50.6569
49
49.4142
85.1422
109.284
110.284
111.284
65.8701
64.8701
63.8701
62.8701
61.8701
53.7279
54.1421
54.5563
92.7401
93.7401
94.7401
117.498
116.498
52.4853
50
50.4142
58.2843
58.6985
59.1127
59.5269
59.1127
51.6569
50.4142
84.1422
110.87
111.87
112.255
111.255
68.2843
67.2843
66.2843
54.3137
54.7279
95.1544
96.1544
116.083
115.083
114.669
53.4853
51
51.8284
51.4142
58.0416
58.4559
58.8701
59.2843
52.6569
53.0711
51.4142
83.1422
110.841
109.841
71.6985
70.6985
69.6985
68.6985
54.8995
55.3137
96.5686
97.5686
113.669
113.255
54.4853
52
52.4142
52.8284
57.3848
57.799
58.2132
58.6274
59.0416
54.0711
52.4142
52.8284
53.8284
82.1422
109.426
108.426
107.426
106.426
105.426
76.1127
75.1127
74.1127
73.1127
72.1127
55.4853
55.8995
97.9828
98.9828
112.255
111.841
55.4853
53.4142
54.2426
53.8284
56.7279
57.1421
57.5563
57.9706
58.3848
55.0711
55.4853
54.2426
81.1422
105.012
104.012
103.598
79.5269
78.5269
77.5269
76.5269
56.4853
99.397
110.841
110.426
110.012
56.4853
54.4142
55.2426
57.7279
56.4853
55.2426
55.6569
80.1422
102.598
79.9412
57.4853
100.397
109.012
57.4853
55.4142
56.2426
57.4853
57.8995
58.3137
58.7279
57.4853
56.6569
79.1422
102.184
101.184
100.184
99.1838
98.1838
97.1838
96.1838
86.3554
85.3554
84.3554
83.3554
82.3554
81.3554
80.3554
57.6569
58.0711
58.4853
101.397
101.811
102.225
108.012
107.598
58.8995
58.4853
56.4142
56.8284
57.8284
58.6569
57.6569
57.2426
57.6569
58.0711
58.4853
58.4853
58.8995
59.3137
57.6569
78.1422
95.7696
94.7696
93.7696
92.7696
91.7696
90.7696
89.7696
88.7696
87.7696
86.7696
58.6569
103.225
106.598
59.8995
58.2426
60.0711
59.0711
57.4142
57.8284
58.2426
58.6569
60.3137
58.6569
59.0711
77.1422
60.8995
60.4853
60.0711
59.6569
59.2426
59.6569
104.225
104.64
106.184
105.184
60.8995
59.2426
59.6569
61.4853
60.4853
58
58.4142
61.3137
60.0711
60.4853
61.4853
62.4853
76.1422
62.7279
62.3137
61.8995
60.6569
60.2426
59.8284
60.2426
105.64
104.77
103.77
63.3137
62.3137
61.8995
60.6569
61.0711
64.8995
63.8995
62.8995
61.8995
59
59
59
59
62.3137
62.8995
63.8995
75.1422
64.1421
63.7279
60.8284
61.2426
106.64
103.355
102.355
101.941
63.7279
62.0711
62.4853
63.4853
64.4853
67.3137
66.3137
65.3137
60
60
63.3137
64.3137
65.3137
66.3137
67.3137
74.7279
65.1421
61.8284
62.2426
107.64
108.054
100.941
100.527
65.1421
64.7279
64.8995
65.8995
66.8995
67.8995
68.8995
71.7279
70.7279
69.7279
68.7279
67.7279
61
61
64.3137
64.7279
67.7279
68.7279
69.7279
70.7279
71.7279
72.7279
73.7279
66.1421
66.5564
62.8284
63.2426
109.054
99.5269
99.1127
66.5564
66.1421
69.3137
70.3137
71.3137
72.3137
73.3137
73.1422
72.1422
62
62
65.7279
67.5564
67.9706
68.9706
66.2426
65.2426
64.2426
63.8284
64.2426
110.054
98.1127
97.6985
68.9706
67.9706
67.5564
63
66.7279
69.3848
66.6569
64.8284
65.2426
111.054
96.6985
69.3848
64
64
64
67.7279
76.3848
77.3848
78.3848
79.3848
80.3848
81.3848
82.3848
83.3848
84.3848
85.3848
69.0711
68.0711
67.0711
65.8284
112.054
96.2843
95.2843
94.2843
93.2843
70.799
70.3848
65
65
68.7279
75.3848
85.799
86.799
87.799
88.799
89.799
90.799
66.8284
113.054
92.8701
91.8701
90.8701
89.8701
72.2132
71.799
66
66
69.7279
70.1421
75.799
91.2132
92.2132
93.2132
94.2132
67.8284
171.51
170.51
169.51
168.51
167.51
166.51
165.51
164.51
114.054
89.4559
88.4559
87.4559
86.4559
76.6274
75.6274
74.6274
73.6274
73.2132
67
67
67
71.1421
76.2132
94.6274
95.6274
96.6274
68.8284
69.2426
174.096
173.096
172.096
171.096
164.096
163.096
162.096
161.096
115.054
86.0416
85.0416
84.0416
83.0416
82.0416
81.0416
80.0416
79.0416
78.0416
77.0416
68
72.1421
76.6274
97.0417
98.0417
99.0417
100.042
70.2426
174.681
173.681
160.681
159.681
158.681
158.267
116.054
69
69
73.1421
73.5564
73.5564
77.0417
100.456
101.456
102.456
71.2426
176.267
175.267
174.267
157.267
156.853
117.054
70
70
74.5564
77.4559
102.87
103.87
104.87
72.2426
176.853
175.853
155.853
155.439
118.468
118.054
71
71
75.5564
75.1421
78.4559
105.284
73.2426
177.439
176.439
154.439
154.024
119.468
72
76.1421
79.4559
106.284
106.699
107.699
74.2426
177.024
153.024
120.468
73.4142
73
73
77.1421
76.7279
80.4559
108.113
109.113
75.2426
177.61
176.61
152.61
151.61
150.61
121.468
74.8284
74.4142
77.7279
77.3137
81.4559
109.527
110.527
111.527
75.8284
76.2426
177.196
150.196
149.196
122.882
122.468
76.2426
75.8284
78.3137
77.8995
77.4853
82.4559
111.941
112.941
113.941
76.8284
176.782
148.782
147.782
146.782
145.782
125.297
124.297
123.882
78.4853
78.0711
77.6569
77.2426
78.4853
78.0711
83.4559
114.355
115.355
77.8284
178.368
177.368
176.368
145.368
144.368
126.711
125.711
77
77
77
77
77
77
77
77
79.8995
79.4853
79.0711
78.6569
78.2426
84.4559
115.77
116.77
116.468
78.8284
177.953
143.953
142.953
141.953
129.125
128.125
127.125
80.0711
79.6569
79.2426
78.8284
78.4142
78
78
78
78
78
78
78
78
82.1422
81.7279
81.3137
80.8995
79.2426
78.8284
78.4142
78
78
85.4559
116.882
115.882
90.598
90.1838
89.7696
89.3554
88.9412
88.5269
88.1127
87.6985
87.2843
86.8701
86.4559
79
79.4142
79.8284
177.539
141.539
140.539
139.539
138.539
137.539
136.539
135.539
134.539
133.539
132.539
131.539
130.539
129.539
81.8995
81.4853
81.0711
79
79
79
79
79
79
83.9706
83.5564
83.1422
79
79
79
79
79.4142
86.4559
116.297
91.598
87.4559
80
177.953
82.8995
80
84.9706
80.4142
87.4559
116.711
115.711
114.711
113.711
93.8407
93.4264
93.0122
92.598
88.4559
88.0416
87.6274
87.2132
86.799
86.3848
81
178.368
116.426
115.426
114.426
113.426
112.426
111.426
110.426
109.426
84.3137
83.8995
81
81
81
81
81
87.2132
86.799
86.3848
85.9706
81.4142
81.8284
82.2426
82.6569
83.0711
83.4853
83.8995
84.3137
84.7279
85.1422
88.4559
114.125
113.125
96.0833
95.6691
95.2549
94.8407
87.3848
86.9706
86.5564
86.1421
82
82
178.782
120.841
119.841
118.841
117.841
116.841
109.841
108.841
107.841
106.841
105.841
86.1421
85.7279
85.3137
82
82.4142
82.8284
83.2426
83.6569
84.0711
84.4853
87.799
88.2132
88.6274
89.0417
88.6274
88.2132
86.1422
86.5564
86.9706
87.3848
87.799
88.2132
88.6274
89.0417
89.4559
113.539
112.539
98.326
97.9117
97.4975
97.0833
87.1421
86.7279
86.3137
83
83
179.196
122.255
121.255
106.255
105.255
104.255
103.255
87.5564
87.1421
85.4853
85.8995
86.3137
86.7279
87.1422
87.5564
87.9706
88.3848
88.799
112.953
111.953
110.953
109.953
99.7402
99.326
87.3137
86.8995
86.4853
86.0711
84
84
179.61
125.669
124.669
123.669
122.669
103.669
102.669
88.9706
88.5564
110.368
109.368
101.154
100.74
87.0711
86.6569
86.2426
85.8284
85.4142
85
85
85
85
85
180.024
179.024
178.024
127.083
126.083
103.083
102.083
89.9706
109.782
108.782
102.569
102.154
86.4142
86
86
86
86
86
86
86
86
178.439
128.498
127.498
102.498
91.799
91.3848
90.9706
109.782
109.368
108.953
104.397
103.983
103.569
178.853
130.912
129.912
128.912
102.912
101.912
92.799
109.953
109.539
105.811
105.397
179.267
178.267
132.326
131.326
102.912
93.799
110.539
106.811
178.681
132.74
103.912
94.799
111.539
111.125
107.811
179.096
133.74
104.912
95.799
112.125
111.711
108.811
179.51
135.154
134.74
105.912
96.799
112.711
109.811
179.924
178.924
136.569
136.154
106.912
97.799
113.711
110.811
179.338
178.338
137.569
107.912
98.799
114.711
111.811
178.752
139.397
138.983
138.569
108.912
99.799
115.711
112.811
113.225
179.167
178.167
177.167
140.811
140.397
109.912
100.799
101.213
102.213
117.125
116.711
114.225
114.64
115.64
177.581
176.581
141.811
110.912
102.627
118.125
116.054
117.054
176.995
142.811
111.912
103.627
104.042
119.125
117.468
177.409
176.409
144.225
143.811
112.912
105.042
120.539
120.125
118.468
118.882
176.823
145.225
113.912
106.042
121.539
119.882
120.297
177.238
176.238
175.238
147.054
146.64
146.225
115.326
114.912
107.042
107.456
122.953
122.539
121.297
121.711
122.711
123.711
175.652
174.652
148.054
116.326
108.456
108.87
109.87
123.953
124.125
125.125
175.066
174.066
149.468
149.054
117.74
117.326
110.284
111.284
112.284
126.368
125.368
124.953
125.539
126.539
127.539
128.539
174.48
173.48
150.468
119.154
118.74
112.699
113.699
127.782
126.782
128.953
129.953
130.953
173.895
172.895
171.895
151.882
151.468
120.154
114.113
115.113
116.113
117.113
128.196
131.368
132.368
133.368
134.368
135.368
170.681
171.681
172.681
173.681
174.681
175.681
176.681
177.681
178.681
179.681
180.681
181.681
182.681
183.681
172.309
171.309
153.297
152.882
122.569
121.569
121.154
117.527
118.527
119.527
129.61
129.196
135.782
136.782
137.782
138.782
139.782
165.853
166.267
167.267
168.267
169.267
170.267
183.267
184.267
185.267
186.267
187.267
171.723
154.297
124.983
123.983
122.983
119.941
120.941
121.941
122.941
130.61
140.196
164.853
186.853
172.137
171.137
155.297
125.397
123.355
131.61
140.61
141.61
142.61
143.61
144.61
145.61
146.61
156.439
157.439
158.439
159.439
160.439
161.439
162.439
163.439
164.439
186.439
187.439
171.551
157.125
156.711
156.297
126.811
125.811
123.77
124.77
132.61
147.024
148.024
149.024
150.024
151.024
152.024
153.024
154.024
155.024
156.024
187.024
188.024
171.966
170.966
158.125
129.225
128.225
127.225
125.184
126.184
127.184
128.184
135.024
134.024
133.61
188.439
189.439
190.439
171.966
171.551
171.137
159.125
130.64
129.64
128.598
129.598
135.439
190.853
191.853
172.137
160.539
160.125
132.054
131.054
130.012
136.439
192.267
193.267
173.137
172.723
161.539
134.468
133.468
132.468
130.426
131.426
137.853
137.439
193.681
173.723
162.539
135.882
134.882
131.841
132.841
133.841
138.853
194.096
195.096
174.723
163.539
136.297
134.255
139.853
195.51
175.723
164.953
164.539
136.711
134.669
140.853
195.924
176.723
176.309
165.953
138.125
137.125
128.426
128.012
127.598
127.184
126.77
126.355
125.941
135.083
136.083
141.853
196.338
177.309
166.953
138.539
129.841
129.426
126.941
126.527
136.498
142.853
196.752
197.752
198.752
178.309
167.953
139.539
130.841
127.527
136.912
143.853
199.167
179.309
168.953
140.953
140.539
132.669
132.255
131.841
128.527
137.326
144.853
144.439
144.024
143.61
143.196
142.782
142.368
141.953
141.539
141.125
140.711
140.297
139.882
139.468
139.054
138.64
138.225
137.811
138.225
138.64
139.054
139.468
139.882
140.297
140.711
141.125
141.539
141.953
142.368
142.782
143.196
143.61
144.024
144.439
144.853
145.267
145.681
146.096
146.51
146.924
147.338
147.752
148.167
148.581
149.581
150.581
151.581
152.581
153.581
154.581
155.581
156.581
157.581
158.581
159.581
160.581
161.581
162.581
163.581
164.581
165.581
166.581
167.581
168.581
169.581
170.581
171.581
172.581
173.581
174.581
175.581
176.581
177.581
178.581
179.581
180.581
181.581
182.581
183.581
184.581
185.581
186.581
187.581
188.581
189.581
190.581
191.581
192.581
193.581
194.581
195.581
196.581
197.581
198.581
199.581
180.309
179.581
178.581
177.581
176.581
176.167
175.752
175.338
174.924
174.51
174.096
173.681
173.267
172.853
172.439
172.024
171.61
171.196
170.782
170.368
169.953
141.953
141.539
141.125
140.711
140.297
139.882
139.468
139.054
138.64
138.225
137.811
137.397
136.983
136.569
136.154
135.74
135.326
134.912
134.498
134.083
133.669
129.527
129.113
128.699
128.284
127.87
127.456
127.042
126.627
126.213
125.799
126.213
126.627
127.042
127.456
127.87
128.284
128.699
129.113
129.527
129.941
130.355
130.77
131.184
131.598
132.012
132.426
132.841
133.255
133.669
134.083
134.498
134.912
135.326
135.74
136.74
137.74
138.74
