6
6
6
6
6
6
6
6
6
6
6
6
6
6
6
6
6
6
6
6
6
6
6
6
6
6
6
6
6
6
6
6
6
6
6
6
6
6
6
6
6
6
6
6
6
6
6
6
6
6
6
6
6
6
6
6
6
6
6
6
6
6
6
6
6
6
6
6
6
6
6
6
6
6
6
6
6
6
6
6
6
6
6
6
6
6
6
6
6
6
6
6
6
6
6
6
6
6
6
6
6
6
6
6
6
6
6
6
6
6
6
6
6
6
6
6
6
6
6
6
6
6
6
6
6
6
6
6
6
6
6
6
6
6
6
6
6
6
6
6
6
6
6
6
6
6
6
6
6
6
6
6
6
6
6
6
6
6
6
6
6
6
6
6
6
6
6
6
6
6
6
6
6
6
6
6
6
6
6
6
6
6
6
6
6
6
6
6
6
6
6
6
6
6
6
6
6
6
6
6
6
6
6
6
6
6
6
6
6
6
6
6
6
6
6
6
6
6
6
6
6
6
6
6
6
6
6
6
6
6
6
6
6
6
6
6
6
6
6
6
6
6
6
6
6
6
6
6
6
6
6
6
6
6
6
6
6
6
6
6
6
6
6
6
6
6
6
6
6
6
6
6
6
6
6
6
6
6
6
6
6
6
6
6
6
6
6
6
6
6
6
6
6
6
6
6
6
6
6
6
6
6
6
6
6
6
6
6
6
6
6
6
6
6
6
6
6
6
6
6
6
6
6
6
6
6
6
6
6
6
6
6
6
6
6
6
6
6
6
6
6
6
6
6
6
6
6
7
7
7
7
8
8
8
8
9
9
9.41421
9
9
10
10.4142
10
10
11
11.4142
12.4142
11.4142
11
11
12.4142
12
12.4142
12.8284
12
13.4142
13.4142
13.8284
13
14.4142
14.4142
14.8284
14
15.8284
15.4142
15.4142
15.8284
15
16.8284
16.4142
16.8284
16
19.2426
18.2426
17.8284
17.4142
17.8284
17
20.6569
19.6569
18.4142
18.8284
18
22.0711
21.0711
19.4142
19.8284
19
24.4853
23.4853
22.4853
20.4142
20.8284
21.2426
20.8284
20
24.8995
21.8284
22.2426
21
21
21
27.3137
26.3137
25.3137
22.8284
23.2426
22
30.7279
29.7279
28.7279
27.7279
23.8284
24.2426
23
37.1421
36.1421
35.1421
34.1421
33.1421
32.1421
31.1421
24.8284
25.2426
24
37.5563
25.8284
26.2426
27.2426
26.2426
25
37.9706
27.6569
27.6569
27.2426
26
38.3848
28.6569
28.6569
27
38.799
29.6569
30.0711
29.6569
28
39.2132
31.0711
31.0711
30.6569
29
39.6274
32.0711
32.0711
30
40.0416
33.0711
33.0711
31
40.4558
34.0711
34.4853
34.0711
32
40.8701
35.4853
36.4853
35.4853
35.0711
33
41.8701
36.4853
36.8995
34
42.8701
37.4853
37.8995
37.8995
35
43.8701
38.8995
39.3137
38.8995
36
44.8701
39.8995
40.3137
41.3137
40.3137
37
45.8701
41.7279
41.3137
38
46.8701
42.7279
42.7279
42.3137
39
47.8701
43.7279
44.1421
43.7279
40
48.8701
45.1421
46.1421
45.1421
44.7279
41
49.8701
46.1421
46.5564
46.5564
42
50.8701
47.5564
47.9706
47.5564
43
43
51.8701
48.5564
48.9706
49.9706
48.9706
44
65.2843
64.2843
63.2843
62.2843
61.2843
60.2843
59.2843
58.2843
57.2843
56.2843
55.2843
54.2843
53.2843
52.2843
50.3848
51.3848
50.3848
49.9706
45
71.6985
70.6985
69.6985
68.6985
67.6985
66.6985
65.6985
51.799
51.799
51.3848
46
76.1127
75.1127
74.1127
73.1127
72.1127
52.799
52.799
47
76.5269
53.799
54.2132
53.799
48
80.9411
79.9411
78.9411
77.9411
76.9411
55.2132
55.6274
56.2132
55.2132
54.799
49
85.3554
84.3554
83.3554
82.3554
81.3554
56.6274
57.0416
58.0416
57.6274
56.6274
50
87.7696
86.7696
85.7696
58.4559
58.0416
51
91.1838
90.1838
89.1838
88.1838
59.4559
59.8701
59.4559
59.0416
52
94.598
93.598
92.598
91.598
60.8701
61.2843
61.8701
60.8701
60.4559
53
97.0122
96.0122
95.0122
62.2843
62.6985
63.2843
62.2843
54
98.4264
97.4264
63.6985
63.6985
55
98.8406
64.6985
65.1127
66.1127
65.1127
64.6985
56
102.255
101.255
100.255
99.2549
66.5269
67.5269
66.5269
66.1127
57
103.669
102.669
67.9412
68.9412
68.9412
67.9412
67.5269
58
58
107.083
106.083
105.083
104.083
69.3554
70.3554
71.3554
70.3554
69.3554
59
108.498
107.498
71.7696
72.7696
71.7696
70.7696
60
109.912
108.912
73.1838
74.1838
73.1838
72.1838
61
112.326
111.326
110.326
74.598
75.598
75.598
74.598
73.598
62
113.74
112.74
76.0122
77.0122
78.0122
77.0122
76.0122
63
116.154
115.154
114.154
78.4264
77.4264
64
116.569
78.8407
79.8407
80.8407
78.8407
77.8407
65
118.983
117.983
116.983
66
66
66
66
66
66
66
66
66
66
81.2549
82.2549
83.2549
82.2549
81.2549
80.2549
79.2549
66
120.397
119.397
67
67
67
67
67
67
67
67
67
67
67
67
67
67
67
67
67
67
83.6691
84.6691
83.6691
82.6691
67
120.811
68
68
68
68
68
68
68
68
68
68
85.0833
86.0833
87.0833
87.0833
86.0833
85.0833
84.0833
68
122.225
121.225
69
69
69
69
69
69
69
69
69
69
87.4975
88.4975
89.4975
90.4975
88.4975
87.4975
69
124.64
123.64
122.64
70
70
70
70
70
70
70
70
90.9117
91.9117
90.9117
89.9117
88.9117
70
126.054
125.054
71
71
71
71
71
71
71
92.326
93.326
94.326
95.326
94.326
93.326
92.326
91.326
71
127.468
126.468
72
72
95.7402
96.7402
97.7402
97.7402
96.7402
95.7402
94.7402
72
128.882
127.882
73
73
73
73
73
73
98.1544
98.1544
73
73
73
129.297
74
74
74
74
74
74
98.5686
99.5686
100.569
101.569
102.569
100.569
99.5686
98.5686
74
129.711
75
75
75
75
75
102.983
103.983
104.983
105.983
104.983
103.983
102.983
101.983
100.983
75
132.125
131.125
130.125
76
76
76
76
76.4142
106.397
107.397
108.397
109.397
110.397
111.397
109.397
108.397
107.397
106.397
105.397
76
133.539
132.539
77
77
77
77.4142
77.8284
111.811
112.811
113.811
114.811
115.811
114.811
113.811
112.811
111.811
110.811
109.811
77
133.953
78
78
78.8284
79.2426
79.6569
80.0711
116.225
117.225
118.225
119.225
120.225
121.225
122.225
123.225
121.225
120.225
119.225
118.225
117.225
116.225
115.225
78
135.368
134.368
79
79
81.0711
81.4853
123.64
124.64
125.64
126.64
127.64
128.64
129.64
130.64
131.64
132.64
133.64
132.64
131.64
130.64
129.64
128.64
127.64
126.64
125.64
124.64
123.64
122.64
121.64
79
137.782
136.782
135.782
80
82.4853
80
138.196
81
83.4853
83.8995
81
138.61
82
82
84.8995
85.3137
82
140.024
139.024
83
83
83
86.3137
86.7279
87.1421
83
140.439
84
88.1421
88.5564
84
141.853
140.853
85
85
89.5564
89.9706
85
142.267
86
86
90.9706
91.3848
91.799
86
143.681
142.681
87
92.799
87
144.096
88
88
88
93.799
94.2132
88
88
146.51
145.51
144.51
89
95.2132
89
146.924
90
96.2132
96.6274
90
147.338
91.4142
91
97.6274
91
148.752
147.752
92.4142
98.6274
99.0416
92
149.167
93.8284
93.4142
100.042
100.456
100.87
93
149.581
95.2426
94.8284
101.87
94
150.995
149.995
96.2426
102.87
103.284
95
151.409
98.0711
97.6569
97.2426
104.284
96
151.823
99.0711
105.284
97
153.238
152.238
100.485
100.071
106.284
106.699
98
153.652
101.899
101.485
107.699
99
154.066
103.728
103.314
102.899
108.699
109.113
100
154.48
105.142
104.728
110.113
101
156.895
155.895
154.895
106.556
106.142
111.113
102
157.309
108.799
108.385
107.971
107.556
112.113
112.527
112.941
103
157.723
111.87
111.456
111.042
110.627
110.213
109.799
113.941
104
158.137
112.284
114.941
105
158.551
113.284
115.941
106
159.966
158.966
114.284
116.941
107
160.38
115.284
117.941
118.355
108
160.794
116.284
119.355
109
161.208
117.284
120.355
110
161.622
118.284
121.355
111
162.037
119.284
122.355
112
162.451
120.284
123.355
123.77
113
162.865
121.284
124.77
114
163.279
122.284
125.77
115
163.694
123.284
126.77
116
165.108
164.108
124.284
127.77
117
165.522
125.284
128.77
118
165.936
126.284
129.77
119
166.35
127.284
130.77
131.184
131.598
132.012
132.426
132.841
133.255
133.669
134.083
134.498
134.912
135.326
135.74
136.154
136.569
136.983
137.397
137.811
138.225
138.64
139.054
139.468
139.882
140.297
140.711
141.125
141.539
141.953
142.368
142.782
143.196
143.61
144.024
144.439
144.853
145.267
145.681
146.096
146.51
146.924
147.338
147.752
148.167
148.581
148.995
149.409
149.823
150.238
150.652
151.066
151.48
151.895
152.309
152.723
153.137
153.551
153.137
152.723
152.309
151.895
151.48
151.066
150.652
150.238
149.823
149.409
148.995
148.581
148.167
147.752
147.338
146.924
146.51
146.096
145.681
145.267
144.853
144.439
144.024
143.61
143.196
142.782
142.368
141.953
141.539
141.125
140.711
140.297
139.882
139.468
139.054
138.64
138.225
137.811
137.397
136.983
136.569
136.154
135.74
135.326
134.912
134.498
134.083
133.669
133.255
132.841
132.426
132.012
131.598
131.184
130.77
130.355
129.941
129.527
129.113
128.699
128.284
127.87
127.456
127.042
126.627
126.213
125.799
125.385
124.971
124.556
124.142
123.728
123.314
122.899
122.485
122.071
121.657
121.243
120.828
120.414
120
120
120
120
120
120
120
120
120
120
120
120
120
120
120
120
120
120
120
120
120
120
120
120
120
120
120
120
120
120
120
120
120
120
120
120
120
120
120
120
120
120
120
120
120
120
120
120
120
120
120
120
120
120
120
120
120
120
120
120
120
120
120
120
120
120
120
120
120
120
120
120
120
120
120
120
120
120
120
120
120
120
120
120
120
166.765
165.765
164.765
163.765
162.765
161.765
160.765
159.765
159.35
158.936
158.522
158.108
157.694
157.279
156.865
156.451
156.037
155.622
155.208
154.794
154.38
153.966
153.551
153.137
152.723
152.309
151.895
151.48
151.066
150.652
150.238
149.823
149.409
148.995
148.581
148.167
147.752
147.338
146.924
146.51
146.096
145.681
145.267
144.853
144.439
144.024
143.61
143.196
142.782
142.368
141.953
141.539
141.125
140.711
140.297
139.882
139.468
139.054
138.64
138.225
137.811
137.397
136.983
136.569
136.154
135.74
135.326
134.912
134.497
134.083
133.669
133.255
132.841
132.426
132.012
131.598
131.184
130.77
130.355
129.941
129.527
129.113
128.698
128.284
