136.154
136.569
136.983
137.397
137.811
138.225
138.64
139.054
139.468
139.882
140.297
140.711
141.125
141.539
141.953
142.368
142.782
143.196
143.61
144.024
144.439
144.853
145.267
145.681
146.096
146.51
146.924
147.338
147.752
148.167
148.581
148.995
135.154
135.569
135.983
136.397
136.811
137.225
137.64
138.054
138.468
138.882
139.297
139.711
140.125
140.539
140.953
141.368
141.782
142.196
142.61
143.024
143.439
143.853
144.267
144.681
145.096
145.51
145.924
146.338
146.752
147.167
147.581
147.995
134.154
134.569
134.983
135.397
135.811
136.225
136.64
137.054
137.468
137.882
138.297
138.711
139.125
139.539
139.953
140.368
140.782
141.196
141.61
142.024
142.439
142.853
143.267
143.681
144.096
144.51
144.924
145.338
145.752
146.167
146.581
146.995
133.154
133.569
133.983
134.397
134.811
135.225
135.64
136.054
136.468
136.882
137.297
137.711
138.125
138.539
138.953
139.368
139.782
140.196
140.61
141.024
141.439
141.853
142.267
142.681
143.096
143.51
143.924
144.338
144.752
145.167
145.581
145.995
132.154
132.569
132.983
133.397
133.811
134.225
134.64
135.054
135.468
135.882
136.297
136.711
137.125
137.539
137.953
138.368
138.782
139.196
139.61
140.024
140.439
140.853
141.267
141.681
142.096
142.51
142.924
143.338
143.752
144.167
144.581
144.995
131.154
131.569
131.983
132.397
132.811
133.225
133.64
134.054
134.468
134.882
135.297
135.711
136.125
136.539
136.953
137.368
137.782
138.196
138.61
139.024
139.439
139.853
140.267
140.681
141.096
141.51
141.924
142.338
142.752
143.167
143.581
143.995
130.154
130.569
130.983
131.397
131.811
132.225
132.64
133.054
133.468
133.882
134.297
134.711
135.125
135.539
135.953
136.368
136.782
137.196
137.61
138.024
138.439
138.853
139.267
139.681
140.096
140.51
140.924
141.338
141.752
142.167
142.581
142.995
129.154
129.569
129.983
130.397
130.811
131.225
131.64
132.054
132.468
132.882
133.297
133.711
134.125
134.539
134.953
135.368
135.782
136.196
136.61
137.024
137.439
137.853
138.267
138.681
139.096
139.51
139.924
140.338
140.752
141.167
141.581
141.995
128.154
128.569
128.983
129.397
129.811
130.225
130.64
131.054
131.468
131.882
132.297
132.711
133.125
133.539
133.953
134.368
134.782
135.196
135.61
136.024
136.439
136.853
137.267
137.681
138.096
138.51
138.924
139.338
139.752
140.167
140.581
140.995
127.154
127.569
127.983
128.397
128.811
129.225
129.64
130.054
130.468
130.882
131.297
131.711
132.125
132.539
132.953
133.368
133.782
134.196
134.61
135.024
135.439
135.853
136.267
136.681
137.096
137.51
137.924
138.338
138.752
139.167
139.581
139.995
126.154
126.569
126.983
127.397
127.811
128.225
128.64
129.054
129.468
129.882
130.297
130.711
131.125
131.539
131.953
132.368
132.782
133.196
133.61
134.024
134.439
134.853
135.267
135.681
136.096
136.51
136.924
137.338
137.752
138.167
138.581
138.995
139.409
125.154
125.569
125.983
126.397
126.811
127.225
127.64
128.054
128.468
128.882
129.297
129.711
130.125
130.539
130.953
131.368
131.782
132.196
132.61
133.024
133.439
133.853
134.267
134.681
135.096
135.51
135.924
136.338
136.752
137.167
137.581
137.995
138.409
124.154
124.569
124.983
125.397
125.811
126.225
126.64
127.054
127.468
127.882
128.297
128.711
129.125
129.539
129.953
130.368
130.782
131.196
131.61
132.024
132.439
132.853
133.267
133.681
134.096
134.51
134.924
135.338
135.752
136.167
136.581
136.995
137.409
123.154
123.569
123.983
124.397
124.811
125.225
125.64
126.054
126.468
126.882
127.297
127.711
128.125
128.539
128.953
129.368
129.782
130.196
130.61
131.024
131.439
131.853
132.267
132.681
133.096
133.51
133.924
134.338
134.752
135.167
135.581
135.995
136.409
122.154
122.569
122.983
123.397
123.811
124.225
124.64
125.054
125.468
125.882
126.297
126.711
127.125
127.539
127.953
128.368
128.782
129.196
129.61
130.024
130.439
130.853
131.267
131.681
132.096
132.51
132.924
133.338
133.752
134.167
134.581
134.995
135.409
121.154
121.569
121.983
122.397
122.811
123.225
123.64
124.054
124.468
124.882
125.297
125.711
126.125
126.539
126.953
127.368
127.782
128.196
128.61
129.024
129.439
129.853
130.267
130.681
131.096
131.51
131.924
132.338
132.752
133.167
133.581
133.995
134.409
120.154
120.569
120.983
121.397
121.811
122.225
122.64
123.054
123.468
123.882
124.297
124.711
125.125
125.539
125.953
126.368
126.782
127.196
127.61
128.024
128.439
128.853
129.267
129.681
130.096
130.51
130.924
131.338
131.752
132.167
132.581
132.995
133.409
119.154
119.569
119.983
120.397
120.811
121.225
121.64
122.054
122.468
122.882
123.297
123.711
124.125
124.539
124.953
125.368
125.782
126.196
126.61
127.024
127.439
127.853
128.267
128.681
129.096
129.51
129.924
130.338
130.752
131.167
131.581
131.995
132.409
118.154
118.569
118.983
119.397
119.811
120.225
120.64
121.054
121.468
121.882
122.297
122.711
123.125
123.539
123.953
124.368
124.782
125.196
125.61
126.024
126.439
126.853
127.267
127.681
128.096
128.51
128.924
129.338
129.752
130.167
130.581
130.995
131.409
117.154
117.569
117.983
118.397
118.811
119.225
119.64
120.054
120.468
120.882
121.297
121.711
122.125
122.539
122.953
123.368
123.782
124.196
124.61
125.024
125.439
125.853
126.267
126.681
127.096
127.51
127.924
128.338
128.752
129.167
129.581
129.995
130.409
116.154
116.569
116.983
117.397
117.811
118.225
118.64
119.054
119.468
119.882
120.297
120.711
121.125
121.539
121.953
122.368
122.782
123.196
123.61
124.024
124.439
124.853
125.267
125.681
126.096
126.51
126.924
127.338
127.752
128.167
128.581
128.995
129.409
115.154
115.569
115.983
116.397
116.811
117.225
117.64
118.054
118.468
118.882
119.297
119.711
120.125
120.539
120.953
121.368
121.782
122.196
122.61
123.024
123.439
123.853
124.267
124.681
125.096
125.51
125.924
126.338
126.752
127.167
127.581
127.995
128.409
114.154
114.569
114.983
115.397
115.811
116.225
116.64
117.054
117.468
117.882
118.297
118.711
119.125
119.539
119.953
120.368
120.782
121.196
121.61
122.024
122.439
122.853
123.267
123.681
124.096
124.51
124.924
125.338
125.752
126.167
126.581
126.995
127.409
127.823
113.154
113.569
113.983
114.397
114.811
115.225
115.64
116.054
116.468
116.882
117.297
117.711
118.125
118.539
118.953
119.368
119.782
120.196
120.61
121.024
121.439
121.853
122.267
122.681
123.096
123.51
123.924
124.338
124.752
125.167
125.581
125.995
126.409
126.823
112.154
112.569
112.983
113.397
113.811
114.225
114.64
115.054
115.468
115.882
116.297
116.711
117.125
117.539
117.953
118.368
118.782
119.196
119.61
120.024
120.439
120.853
121.267
121.681
122.096
122.51
122.924
123.338
123.752
124.167
124.581
124.995
125.409
125.823
111.154
111.569
111.983
112.397
112.811
113.225
113.64
114.054
114.468
114.882
115.297
115.711
116.125
116.539
116.953
117.368
117.782
118.196
118.61
119.024
119.439
119.853
120.267
120.681
121.096
121.51
121.924
122.338
122.752
123.167
123.581
123.995
124.409
124.823
110.154
110.569
110.983
111.397
111.811
112.225
112.64
113.054
113.468
113.882
114.297
114.711
115.125
115.539
115.953
116.368
116.782
117.196
117.61
118.024
118.439
118.853
119.267
119.681
120.096
120.51
120.924
121.338
121.752
122.167
122.581
122.995
123.409
123.823
108.74
109.154
109.569
109.983
110.397
110.811
111.225
111.64
112.054
112.468
112.882
113.297
113.711
114.125
114.539
114.953
115.368
115.782
116.196
116.61
117.024
117.439
117.853
118.267
118.681
119.096
119.51
119.924
120.338
120.752
121.167
121.581
121.995
122.409
122.823
107.74
108.154
108.569
108.983
109.397
109.811
110.225
110.64
111.054
111.468
111.882
112.297
112.711
113.125
113.539
113.953
114.368
114.782
115.196
115.61
116.024
116.439
116.853
117.267
117.681
118.096
118.51
118.924
119.338
119.752
120.167
120.581
120.995
121.409
121.823
106.74
107.154
107.569
107.983
108.397
108.811
109.225
109.64
110.054
110.468
110.882
111.297
111.711
112.125
112.539
112.953
113.368
113.782
114.196
114.61
115.024
115.439
115.853
116.267
116.681
117.096
117.51
117.924
118.338
118.752
119.167
119.581
119.995
120.409
120.823
104.912
105.326
105.74
106.154
106.569
106.983
107.397
107.811
108.225
108.64
109.054
109.468
109.882
110.297
110.711
111.125
111.539
111.953
112.368
112.782
113.196
113.61
114.024
114.439
114.853
115.267
115.681
116.096
116.51
116.924
117.338
117.752
118.167
118.581
118.995
119.409
120.409
103.912
104.326
104.74
105.154
105.569
105.983
106.397
106.811
107.225
107.64
108.054
108.468
108.882
109.297
109.711
110.125
110.539
110.953
111.368
111.782
112.196
112.61
113.024
113.439
113.853
114.267
114.681
115.096
115.51
115.924
116.338
116.752
117.167
117.581
117.995
118.995
119.995
102.912
103.326
103.74
104.154
104.569
104.983
105.397
105.811
106.225
106.64
107.054
107.468
107.882
108.297
108.711
109.125
109.539
109.953
110.368
110.782
111.196
111.61
112.024
112.439
112.853
113.267
113.681
114.096
114.51
114.924
115.338
115.752
116.167
116.581
117.581
118.581
119.581
120.581
121.581
101.912
102.326
102.74
103.154
103.569
103.983
104.397
104.811
105.225
105.64
106.054
106.468
106.882
107.297
107.711
108.125
108.539
108.953
109.368
109.782
110.196
110.61
111.024
111.439
111.853
112.267
112.681
113.096
113.51
113.924
114.338
114.752
115.167
116.167
117.167
118.167
119.167
120.167
121.167
100.498
100.912
101.326
101.74
102.154
102.569
102.983
103.397
103.811
104.225
104.64
105.054
105.468
105.882
106.297
106.711
107.125
107.539
107.953
108.368
108.782
109.196
109.61
110.024
110.439
110.853
111.267
111.681
112.096
112.51
112.924
113.338
113.752
114.752
115.752
116.752
117.752
118.752
119.752
120.752
99.4975
99.9117
100.326
100.74
101.154
101.569
101.983
102.397
102.811
103.225
103.64
104.054
104.468
104.882
105.297
105.711
106.125
106.539
106.953
107.368
107.782
108.196
108.61
109.024
109.439
109.853
110.267
110.681
111.096
111.51
111.924
112.338
113.338
114.338
115.338
116.338
117.338
118.338
119.338
120.338
98.0833
98.4975
98.9117
99.3259
99.7402
100.154
100.569
100.983
101.397
101.811
102.225
102.64
103.054
103.468
103.882
104.297
104.711
105.125
105.539
105.953
106.368
106.782
107.196
107.61
108.024
108.439
108.853
109.267
109.681
110.096
110.51
110.924
111.924
112.924
113.924
114.924
115.924
116.924
117.924
118.924
119.924
97.0833
97.4975
97.9117
98.3259
98.7402
99.1544
99.5686
99.9828
100.397
100.811
101.225
101.64
102.054
102.468
102.882
103.297
103.711
104.125
104.539
104.953
105.368
105.782
106.196
106.61
107.024
107.439
107.853
108.267
108.681
109.096
109.51
110.51
111.51
112.51
113.51
114.51
115.51
116.51
117.51
118.51
119.51
95.6691
96.0833
96.4975
96.9117
97.3259
97.7402
98.1544
98.5686
98.9828
99.397
99.8112
100.225
100.64
101.054
101.468
101.882
102.297
102.711
103.125
103.539
103.953
104.368
104.782
105.196
105.61
106.024
106.439
106.853
107.267
107.681
108.096
109.096
110.096
111.096
112.096
113.096
114.096
115.096
116.096
117.096
118.096
119.096
93.8406
94.2549
94.6691
95.0833
95.4975
95.9117
96.3259
96.7402
97.1544
97.5686
97.9828
98.397
98.8112
99.2254
99.6397
100.054
100.468
100.882
101.297
101.711
102.125
102.539
102.953
103.368
103.782
104.196
104.61
105.024
105.439
105.853
106.267
106.681
107.681
108.681
109.681
110.681
111.681
112.681
113.681
114.681
115.681
116.681
117.681
118.681
92.8406
93.2549
93.6691
94.0833
94.4975
94.9117
95.3259
95.7402
96.1544
96.5686
96.9828
97.397
97.8112
98.2254
98.6397
99.0539
99.4681
99.8823
100.297
100.711
101.125
101.539
101.953
102.368
102.782
103.196
103.61
104.024
104.439
104.853
105.267
106.267
107.267
108.267
109.267
110.267
111.267
112.267
113.267
114.267
115.267
116.267
117.267
118.267
91.4264
91.8406
92.2549
92.6691
93.0833
93.4975
93.9117
94.3259
94.7402
95.1544
95.5686
95.9828
96.397
96.8112
97.2254
97.6397
98.0539
98.4681
98.8823
99.2965
99.7107
100.125
100.539
100.953
101.368
101.782
102.196
102.61
103.024
103.439
103.853
104.853
105.853
106.853
107.853
108.853
109.853
110.853
111.853
112.853
113.853
114.853
115.853
116.853
117.853
90.4264
90.8406
91.2549
91.6691
92.0833
92.4975
92.9117
93.3259
93.7402
94.1544
94.5686
94.9828
95.397
95.8112
96.2254
96.6397
97.0539
97.4681
97.8823
98.2965
98.7107
99.1249
99.5392
99.9534
100.368
100.782
101.196
101.61
102.024
102.439
103.439
104.439
105.439
106.439
107.439
108.439
109.439
110.439
111.439
112.439
113.439
114.439
115.439
116.439
117.439
89.0122
89.4264
89.8406
90.2549
90.6691
91.0833
91.4975
91.9117
92.3259
92.7402
93.1544
93.5686
93.9828
94.397
94.8112
95.2254
95.6397
96.0539
96.4681
96.8823
97.2965
97.7107
98.1249
98.5392
98.9534
99.3676
99.7818
100.196
100.61
101.024
102.024
103.024
104.024
105.024
106.024
107.024
108.024
109.024
110.024
111.024
112.024
113.024
114.024
115.024
116.024
117.024
87.598
88.0122
88.4264
88.8406
89.2549
89.6691
90.0833
90.4975
90.9117
91.3259
91.7402
92.1544
92.5686
92.9828
93.397
93.8112
94.2254
94.6397
95.0539
95.4681
95.8823
96.2965
96.7107
97.1249
97.5392
97.9534
98.3676
98.7818
99.196
99.6102
100.61
101.61
102.61
103.61
104.61
105.61
106.61
107.61
108.61
109.61
110.61
111.61
112.61
113.61
114.61
115.61
116.61
85.7696
86.1838
86.598
87.0122
87.4264
87.8406
88.2549
88.6691
89.0833
89.4975
89.9117
90.3259
90.7402
91.1544
91.5686
91.9828
92.397
92.8112
93.2254
93.6397
94.0539
94.4681
94.8823
95.2965
95.7107
96.1249
96.5392
96.9534
97.3676
97.7818
98.196
99.196
100.196
101.196
102.196
103.196
104.196
105.196
106.196
107.196
108.196
109.196
110.196
111.196
112.196
113.196
114.196
115.196
116.196
84.3554
84.7696
85.1838
85.598
86.0122
86.4264
86.8406
87.2549
87.6691
88.0833
88.4975
88.9117
89.3259
89.7402
90.1544
90.5686
90.9828
91.397
91.8112
92.2254
92.6397
93.0539
93.4681
93.8823
94.2965
94.7107
95.1249
95.5392
95.9534
96.3676
96.7818
97.7818
98.7818
99.7818
100.782
101.782
102.782
103.782
104.782
105.782
106.782
107.782
108.782
109.782
110.782
111.782
112.782
113.782
114.782
115.782
82.9411
83.3554
83.7696
84.1838
84.598
85.0122
85.4264
85.8406
86.2549
86.6691
87.0833
87.4975
87.9117
88.3259
88.7402
89.1544
89.5686
89.9828
90.397
90.8112
91.2254
91.6397
92.0539
92.4681
92.8823
93.2965
93.7107
94.1249
94.5392
94.9534
95.3676
96.3676
97.3676
98.3676
99.3676
100.368
101.368
102.368
103.368
104.368
105.368
106.368
107.368
108.368
109.368
110.368
111.368
112.368
113.368
81.9411
82.3554
82.7696
83.1838
83.598
84.0122
84.4264
84.8406
85.2549
85.6691
86.0833
86.4975
86.9117
87.3259
87.7402
88.1544
88.5686
88.9828
89.397
89.8112
90.2254
90.6397
91.0539
91.4681
91.8823
92.2965
92.7107
93.1249
93.5392
93.9534
94.9534
95.9534
96.9534
97.9534
98.9534
99.9534
100.953
101.953
102.953
103.953
104.953
105.953
106.953
107.953
108.953
109.953
110.953
111.953
112.953
80.1127
80.5269
80.9411
81.3554
81.7696
82.1838
82.598
83.0122
83.4264
83.8406
84.2549
84.6691
85.0833
85.4975
85.9117
86.3259
86.7402
87.1544
87.5686
87.9828
88.397
88.8112
89.2254
89.6397
90.0539
90.4681
90.8823
91.2965
91.7107
92.1249
92.5392
93.5392
94.5392
95.5392
96.5392
97.5392
98.5392
99.5392
100.539
101.539
102.539
103.539
104.539
105.539
106.539
107.539
108.539
109.539
110.539
111.539
112.539
78.6985
79.1127
79.5269
79.9411
80.3554
80.7696
81.1838
81.598
82.0122
82.4264
82.8406
83.2549
83.6691
84.0833
84.4975
84.9117
85.3259
85.7402
86.1544
86.5686
86.9828
87.397
87.8112
88.2254
88.6397
89.0539
89.4681
89.8823
90.2965
90.7107
91.1249
92.1249
93.1249
94.1249
95.1249
96.1249
97.1249
98.1249
99.1249
100.125
101.125
102.125
103.125
104.125
105.125
106.125
107.125
108.125
109.125
110.125
111.125
112.125
76.8701
77.2843
77.6985
78.1127
78.5269
78.9411
79.3554
79.7696
80.1838
80.598
81.0122
81.4264
81.8406
82.2549
82.6691
83.0833
83.4975
83.9117
84.3259
84.7402
85.1544
85.5686
85.9828
86.397
86.8112
87.2254
87.6397
88.0539
88.4681
88.8823
89.2965
89.7107
90.7107
91.7107
92.7107
93.7107
94.7107
95.7107
96.7107
97.7107
98.7107
99.7107
100.711
101.711
102.711
103.711
104.711
105.711
106.711
107.711
108.711
109.711
110.711
111.711
75.0416
75.4558
75.8701
76.2843
76.6985
77.1127
77.5269
77.9411
78.3554
78.7696
79.1838
79.598
80.0122
80.4264
80.8406
81.2549
81.6691
82.0833
82.4975
82.9117
83.3259
83.7402
84.1544
84.5686
84.9828
85.397
85.8112
86.2254
86.6397
87.0539
87.4681
87.8823
88.2965
89.2965
90.2965
91.2965
92.2965
93.2965
94.2965
95.2965
96.2965
97.2965
98.2965
99.2965
100.297
101.297
102.297
103.297
104.297
105.297
106.297
107.297
108.297
109.297
110.297
73.6274
74.0416
74.4558
74.8701
75.2843
75.6985
76.1127
76.5269
76.9411
77.3554
77.7696
78.1838
78.598
79.0122
79.4264
79.8406
80.2549
80.6691
81.0833
81.4975
81.9117
82.3259
82.7402
83.1544
83.5686
83.9828
84.397
84.8112
85.2254
85.6397
86.0539
86.4681
86.8823
87.8823
88.8823
89.8823
90.8823
91.8823
92.8823
93.8823
94.8823
95.8823
96.8823
97.8823
98.8823
99.8823
100.882
101.882
102.882
103.882
104.882
105.882
106.882
107.882
108.882
109.882
72.2132
72.6274
73.0416
73.4558
73.8701
74.2843
74.6985
75.1127
75.5269
75.9411
76.3554
76.7696
77.1838
77.598
78.0122
78.4264
78.8406
79.2549
79.6691
80.0833
80.4975
80.9117
81.3259
81.7402
82.1544
82.5686
82.9828
83.397
83.8112
84.2254
84.6397
85.0539
85.4681
86.4681
87.4681
88.4681
89.4681
90.4681
91.4681
92.4681
93.4681
94.4681
95.4681
96.4681
97.4681
98.4681
99.4681
100.468
101.468
102.468
103.468
104.468
105.468
106.468
107.468
108.468
69.9706
70.3848
70.799
71.2132
71.6274
72.0416
72.4558
72.8701
73.2843
73.6985
74.1127
74.5269
74.9411
75.3554
75.7696
76.1838
76.598
77.0122
77.4264
77.8406
78.2549
78.6691
79.0833
79.4975
79.9117
80.3259
80.7402
81.1544
81.5686
81.9828
82.397
82.8112
83.2254
83.6397
84.0539
85.0539
86.0539
87.0539
88.0539
89.0539
90.0539
91.0539
92.0539
93.0539
94.0539
95.0539
96.0539
97.0539
98.0539
99.0539
100.054
101.054
102.054
103.054
104.054
105.054
106.054
107.054
108.054
68.5563
68.9706
69.3848
69.799
70.2132
70.6274
71.0416
71.4558
71.8701
72.2843
72.6985
73.1127
73.5269
73.9411
74.3554
74.7696
75.1838
75.598
76.0122
76.4264
76.8406
77.2549
77.6691
78.0833
78.4975
78.9117
79.3259
79.7402
80.1544
80.5686
80.9828
81.397
81.8112
82.2254
82.6397
83.6397
84.6397
85.6397
86.6397
87.6397
88.6397
89.6397
90.6397
91.6397
92.6397
93.6397
94.6397
95.6397
96.6397
97.6397
98.6397
99.6397
100.64
101.64
102.64
103.64
104.64
105.64
106.64
67.5563
67.9706
68.3848
68.799
69.2132
69.6274
70.0416
70.4558
70.8701
71.2843
71.6985
72.1127
72.5269
72.9411
73.3554
73.7696
74.1838
74.598
75.0122
75.4264
75.8406
76.2549
76.6691
77.0833
77.4975
77.9117
78.3259
78.7402
79.1544
79.5686
79.9828
80.397
80.8112
81.2254
82.2254
83.2254
84.2254
85.2254
86.2254
87.2254
88.2254
89.2254
90.2254
91.2254
92.2254
93.2254
94.2254
95.2254
96.2254
97.2254
98.2254
99.2254
100.225
101.225
102.225
103.225
104.225
105.225
106.225
66.1421
66.5563
66.9706
67.3848
67.799
68.2132
68.6274
69.0416
69.4558
69.8701
70.2843
70.6985
71.1127
71.5269
71.9411
72.3554
72.7696
73.1838
73.598
74.0122
74.4264
74.8406
75.2549
75.6691
76.0833
76.4975
76.9117
77.3259
77.7402
78.1544
78.5686
78.9828
79.397
79.8112
80.8112
81.8112
82.8112
83.8112
84.8112
85.8112
86.8112
87.8112
88.8112
89.8112
90.8112
91.8112
92.8112
93.8112
94.8112
95.8112
96.8112
97.8112
98.8112
99.8112
100.811
101.811
102.811
103.811
104.811
105.811
64.3137
64.7279
65.1421
65.5563
65.9706
66.3848
66.799
67.2132
67.6274
68.0416
68.4558
68.8701
69.2843
69.6985
70.1127
70.5269
70.9411
71.3554
71.7696
72.1838
72.598
73.0122
73.4264
73.8406
74.2549
74.6691
75.0833
75.4975
75.9117
76.3259
76.7402
77.1544
77.5686
77.9828
78.397
79.397
80.397
81.397
82.397
83.397
84.397
85.397
86.397
87.397
88.397
89.397
90.397
91.397
92.397
93.397
94.397
95.397
96.397
97.397
98.397
99.397
100.397
101.397
102.397
103.397
62.4853
62.8995
63.3137
63.7279
64.1421
64.5563
64.9706
65.3848
65.799
66.2132
66.6274
67.0416
67.4558
67.8701
68.2843
68.6985
69.1127
69.5269
69.9411
70.3554
70.7696
71.1838
71.598
72.0122
72.4264
72.8406
73.2549
73.6691
74.0833
74.4975
74.9117
75.3259
75.7402
76.1544
76.5686
76.9828
77.9828
78.9828
79.9828
80.9828
81.9828
82.9828
83.9828
84.9828
85.9828
86.9828
87.9828
88.9828
89.9828
90.9828
91.9828
92.9828
93.9828
94.9828
95.9828
96.9828
97.9828
98.9828
99.9828
100.983
101.983
61.0711
61.4853
61.8995
62.3137
62.7279
63.1421
63.5563
63.9706
64.3848
64.799
65.2132
65.6274
66.0416
66.4558
66.8701
67.2843
67.6985
68.1127
68.5269
68.9411
69.3554
69.7696
70.1838
70.598
71.0122
71.4264
71.8406
72.2549
72.6691
73.0833
73.4975
73.9117
74.3259
74.7402
75.1544
75.5686
76.5686
77.5686
78.5686
79.5686
80.5686
81.5686
82.5686
83.5686
84.5686
85.5686
86.5686
87.5686
88.5686
89.5686
90.5686
91.5686
92.5686
93.5686
94.5686
95.5686
96.5686
97.5686
98.5686
99.5686
100.569
65.8701
66.2843
66.6985
67.1127
59.2426
59.6569
60.0711
60.4853
60.8995
61.3137
61.7279
62.1421
62.5563
62.9706
63.3848
63.799
64.2132
64.6274
65.0416
65.4558
65.8701
66.2843
66.6985
67.1127
67.5269
67.9411
68.3554
68.7696
69.1838
69.598
70.0122
70.4264
70.8406
71.2549
71.6691
72.0833
72.4975
72.9117
73.3259
73.7402
74.1544
75.1544
76.1544
77.1544
78.1544
79.1544
80.1544
81.1544
82.1544
83.1544
84.1544
85.1544
86.1544
87.1544
88.1544
89.1544
90.1544
91.1544
92.1544
93.1544
94.1544
95.1544
96.1544
97.1544
98.1544
99.1544
64.8701
65.2843
65.6985
66.1127
66.5269
66.9411
67.3553
67.7696
68.1838
68.598
69.0122
69.4264
69.0122
57.4142
57.8284
58.2426
58.6569
59.0711
59.4853
59.8995
60.3137
60.7279
61.1421
61.5563
61.9706
62.3848
62.799
63.2132
63.6274
64.0416
64.4558
64.8701
65.2843
65.6985
66.1127
66.5269
66.9411
67.3554
67.7696
68.1838
68.598
69.0122
69.4264
69.8406
70.2549
70.6691
71.0833
71.4975
71.9117
72.3259
72.7402
73.7402
74.7402
75.7402
76.7402
77.7402
78.7402
79.7402
80.7402
81.7402
82.7402
83.7402
84.7402
85.7402
86.7402
87.7402
88.7402
89.7402
90.7402
91.7402
92.7402
93.7402
94.7402
95.7402
96.7402
63.8701
64.2843
64.6985
65.1127
65.5269
65.9411
66.3553
66.7696
67.1838
67.598
68.0122
68.4264
68.0122
67.598
67.1838
66.7696
66.3553
65.9411
56
56
56.4142
56.8284
57.2426
57.6569
58.0711
58.4853
58.8995
59.3137
59.7279
60.1421
60.5563
60.9706
61.3848
61.799
62.2132
62.6274
63.0416
63.4559
63.8701
64.2843
64.6985
65.1127
65.5269
65.9411
66.3554
66.7696
67.1838
67.598
68.0122
68.4264
68.8406
69.2549
69.6691
70.0833
70.4975
70.9117
71.3259
72.3259
73.3259
74.3259
75.3259
76.3259
77.3259
78.3259
79.3259
80.3259
81.3259
82.3259
83.3259
84.3259
85.3259
86.3259
87.3259
88.3259
89.3259
90.3259
91.3259
92.3259
93.3259
94.3259
95.3259
62.8701
63.2843
63.6985
64.1127
64.5269
64.9411
65.3553
65.7696
66.1838
66.598
67.0122
67.4264
67.0122
66.598
66.1838
65.7696
65.3553
64.9411
64.5269
64.1127
63.6985
63.2843
55
55
55
55
55.4142
55.8284
56.2426
56.6569
57.0711
57.4853
57.8995
58.3137
58.7279
59.1421
59.5563
59.9706
60.3848
60.799
61.2132
61.6274
62.0416
62.4559
62.8701
63.2843
63.6985
64.1127
64.5269
64.9411
65.3554
65.7696
66.1838
66.598
67.0122
67.4264
67.8406
68.2549
68.6691
69.0833
69.4975
69.9117
70.9117
71.9117
72.9117
73.9117
74.9117
75.9117
76.9117
77.9117
78.9117
79.9117
80.9117
81.9117
82.9117
83.9117
84.9117
85.9117
86.9117
87.9117
88.9117
89.9117
90.9117
91.9117
92.9117
93.9117
61.8701
62.2843
62.6985
63.1127
63.5269
63.9411
64.3553
64.7696
65.1838
65.598
66.0122
66.4264
66.0122
65.598
65.1838
64.7696
64.3553
63.9411
63.5269
63.1127
62.6985
62.2843
54
54
54
54
54.4142
54.8284
55.2426
55.6569
56.0711
56.4853
56.8995
57.3137
57.7279
58.1421
58.5563
58.9706
59.3848
59.799
60.2132
60.6274
61.0416
61.4559
61.8701
62.2843
62.6985
63.1127
63.5269
63.9411
64.3554
64.7696
65.1838
65.598
66.0122
66.4264
66.8406
67.2549
67.6691
68.0833
68.4975
69.4975
70.4975
71.4975
72.4975
73.4975
74.4975
75.4975
76.4975
77.4975
78.4975
79.4975
80.4975
81.4975
82.4975
83.4975
84.4975
85.4975
86.4975
87.4975
88.4975
89.4975
90.4975
91.4975
92.4975
93.4975
60.8701
61.2843
61.6985
62.1127
62.5269
62.9411
63.3554
63.7696
64.1838
64.598
65.0122
65.4264
65.0122
64.598
64.1838
63.7696
63.3554
62.9411
62.5269
62.1127
61.6985
61.2843
60.8701
60.4558
60.0416
59.6274
53
53
53
53
53
53.4142
53.8284
54.2426
54.6569
55.0711
55.4853
55.8995
56.3137
56.7279
57.1421
57.5563
57.9706
58.3848
58.799
59.2132
59.6274
60.0416
60.4559
60.8701
61.2843
61.6985
62.1127
62.5269
62.9411
63.3554
63.7696
64.1838
64.598
65.0122
65.4264
65.8406
66.2549
66.6691
67.0833
68.0833
69.0833
70.0833
71.0833
72.0833
73.0833
74.0833
75.0833
76.0833
77.0833
78.0833
79.0833
80.0833
81.0833
82.0833
83.0833
84.0833
85.0833
86.0833
87.0833
88.0833
89.0833
90.0833
59.8701
60.2843
60.6985
61.1127
61.5269
61.9411
62.3554
62.7696
63.1838
63.598
64.0122
64.4264
64.0122
63.598
63.1838
62.7696
62.3554
61.9411
61.5269
61.1127
60.6985
60.2843
59.8701
59.4558
59.0416
58.6274
58.2132
57.799
52
52
52
52
52
52
52
52
52.4142
52.8284
53.2426
53.6569
54.0711
54.4853
54.8995
55.3137
55.7279
56.1421
56.5563
56.9706
57.3848
57.799
58.2132
58.6274
59.0416
59.4559
59.8701
60.2843
60.6985
61.1127
61.5269
61.9411
62.3554
62.7696
63.1838
63.598
64.0122
64.4264
64.8406
65.2549
65.6691
66.6691
67.6691
68.6691
69.6691
70.6691
71.6691
72.6691
73.6691
74.6691
75.6691
76.6691
77.6691
78.6691
79.6691
80.6691
81.6691
82.6691
83.6691
84.6691
85.6691
86.6691
87.6691
88.6691
58.8701
59.2843
59.6985
60.1127
60.5269
60.9411
61.3554
61.7696
62.1838
62.598
63.0122
63.4264
63.0122
62.598
62.1838
61.7696
61.3554
60.9411
60.5269
60.1127
59.6985
59.2843
58.8701
58.4558
58.0416
57.6274
57.2132
56.799
56.3848
55.9706
55.5563
55.1421
51
51
51
51
51
51
51
51
51
51.4142
51.8284
52.2426
52.6569
53.0711
53.4853
53.8995
54.3137
54.7279
55.1421
55.5563
55.9706
56.3848
56.799
57.2132
57.6274
58.0416
58.4559
58.8701
59.2843
59.6985
60.1127
60.5269
60.9411
61.3554
61.7696
62.1838
62.598
63.0122
63.4264
63.8406
64.2549
65.2549
66.2549
67.2549
68.2549
69.2549
70.2549
71.2549
72.2549
73.2549
74.2549
75.2549
76.2549
77.2549
78.2549
79.2549
80.2549
81.2549
82.2549
83.2549
84.2549
85.2549
57.8701
58.2843
58.6985
59.1127
59.5269
59.9411
60.3554
60.7696
61.1838
61.598
62.0122
62.4264
62.0122
61.598
61.1838
60.7696
60.3554
59.9411
59.5269
59.1127
58.6985
58.2843
57.8701
57.4558
57.0416
56.6274
56.2132
55.799
55.3848
54.9706
54.5563
54.1421
53.7279
53.3137
50
50
50
50
50
50
50
50
50
50
50
50
50.4142
50.8284
51.2426
51.6569
52.0711
52.4853
52.8995
53.3137
53.7279
54.1421
54.5563
54.9706
55.3848
55.799
56.2132
56.6274
57.0416
57.4559
57.8701
58.2843
58.6985
59.1127
59.5269
59.9411
60.3554
60.7696
61.1838
61.598
62.0122
62.4264
62.8406
63.8406
64.8406
65.8406
66.8406
67.8406
68.8406
69.8406
70.8406
71.8406
72.8406
73.8406
74.8406
75.8406
76.8406
77.8406
78.8406
79.8406
80.8406
81.8406
82.8406
56.8701
57.2843
57.6985
58.1127
58.5269
58.9411
59.3554
59.7696
60.1838
60.598
61.0122
61.4264
61.0122
60.598
60.1838
59.7696
59.3554
58.9411
58.5269
58.1127
57.6985
57.2843
56.8701
56.4558
56.0416
55.6274
55.2132
54.799
54.3848
53.9706
53.5563
53.1421
52.7279
52.3137
51.8995
51.4853
51.0711
49
49
49
49
49
49
49
49
49
49
49
49
49
49
49.4142
49.8284
50.2426
50.6569
51.0711
51.4853
51.8995
52.3137
52.7279
53.1421
53.5563
53.9706
54.3848
54.799
55.2132
55.6274
56.0416
56.4559
56.8701
57.2843
57.6985
58.1127
58.5269
58.9411
59.3554
59.7696
60.1838
60.598
61.0122
61.4264
62.4264
63.4264
64.4264
65.4264
66.4264
67.4264
68.4264
69.4264
70.4264
71.4264
72.4264
73.4264
74.4264
75.4264
76.4264
77.4264
78.4264
79.4264
51.4853
51.8995
52.3137
52.7279
53.1421
53.5563
53.9706
54.3848
54.799
55.2132
55.6274
56.0416
56.4558
55.8701
56.2843
56.6985
57.1127
57.5269
57.9411
58.3554
58.7696
59.1838
59.598
60.0122
60.4264
60.0122
59.598
59.1838
58.7696
58.3554
57.9411
57.5269
57.1127
56.6985
56.2843
55.8701
55.4558
55.0416
54.6274
54.2132
53.799
53.3848
52.9706
52.5563
52.1421
51.7279
51.3137
50.8995
50.4853
50.0711
49.6569
49.2426
48.8284
48
48
48
48
48
48
48
48
48
48
48
48
48
48
48
48
48.4142
48.8284
49.2426
49.6569
50.0711
50.4853
50.8995
51.3137
51.7279
52.1421
52.5563
52.9706
53.3848
53.799
54.2132
54.6274
55.0416
55.4559
55.8701
56.2843
56.6985
57.1127
57.5269
57.9411
58.3554
58.7696
59.1838
59.598
60.0122
61.0122
62.0122
63.0122
64.0122
65.0122
66.0122
67.0122
68.0122
69.0122
70.0122
71.0122
72.0122
73.0122
74.0122
75.0122
76.0122
77.0122
48.4142
48.8284
49.2426
49.6569
50.0711
50.4853
50.8995
51.3137
51.7279
52.1421
52.5563
52.9706
53.3848
53.799
54.2132
54.6274
55.0416
55.4558
54.8701
55.2843
55.6985
56.1127
56.5269
56.9411
57.3554
57.7696
58.1838
58.598
59.0122
59.4264
59.0122
58.598
58.1838
57.7696
57.3554
56.9411
56.5269
56.1127
55.6985
55.2843
54.8701
54.4558
54.0416
53.6274
53.2132
52.799
52.3848
51.9706
51.5563
51.1421
50.7279
50.3137
49.8995
49.4853
49.0711
48.6569
48.2426
47.8284
47.4142
47
47
47
47
47
47
47
47
47
47
47
47
47
47
47
47
47
47
47
47.4142
47.8284
48.2426
48.6569
49.0711
49.4853
49.8995
50.3137
50.7279
51.1421
51.5563
51.9706
52.3848
52.799
53.2132
53.6274
54.0416
54.4559
54.8701
55.2843
55.6985
56.1127
56.5269
56.9411
57.3554
57.7696
58.1838
58.598
59.598
60.598
61.598
62.598
63.598
64.598
65.598
66.598
67.598
68.598
69.598
70.598
71.598
72.598
73.598
47
47
47
47
47.4142
47.8284
48.2426
48.6569
49.0711
49.4853
49.8995
50.3137
50.7279
51.1421
51.5563
51.9706
52.3848
52.799
53.2132
53.6274
54.0416
54.4558
53.8701
54.2843
54.6985
55.1127
55.5269
55.9411
56.3554
56.7696
57.1838
57.598
58.0122
58.4264
58.0122
57.598
57.1838
56.7696
56.3554
55.9411
55.5269
55.1127
54.6985
54.2843
53.8701
53.4558
53.0416
52.6274
52.2132
51.799
51.3848
50.9706
50.5563
50.1421
49.7279
49.3137
48.8995
48.4853
48.0711
47.6569
47.2426
46.8284
46.4142
46
46
46
46
46
46
46
46
46
46
46
46
46
46
46
46
46
46
46
46.4142
46.8284
47.2426
47.6569
48.0711
48.4853
48.8995
49.3137
49.7279
50.1421
50.5563
50.9706
51.3848
51.799
52.2132
52.6274
53.0416
53.4559
53.8701
54.2843
54.6985
55.1127
55.5269
55.9411
56.3554
56.7696
57.1838
58.1838
59.1838
60.1838
61.1838
62.1838
63.1838
64.1838
65.1838
66.1838
67.1838
68.1838
69.1838
70.1838
71.1838
72.1838
73.1838
46
46
46
46
46.4142
46.8284
47.2426
47.6569
48.0711
48.4853
48.8995
49.3137
49.7279
50.1421
50.5563
50.9706
51.3848
51.799
52.2132
52.6274
53.0416
53.4558
52.8701
53.2843
53.6985
54.1127
54.5269
54.9411
55.3554
55.7696
56.1838
56.598
57.0122
57.4264
57.0122
56.598
56.1838
55.7696
55.3554
54.9411
54.5269
54.1127
53.6985
53.2843
52.8701
52.4558
52.0416
51.6274
51.2132
50.799
50.3848
49.9706
49.5563
49.1421
48.7279
48.3137
47.8995
47.4853
47.0711
46.6569
46.2426
45.8284
45.4142
45
45
45
45
45
45
45
45
45
45
45
45
45
45
45
45
45
45
45
45
45
45
45
45
45
45.4142
45.8284
46.2426
46.6569
47.0711
47.4853
47.8995
48.3137
48.7279
49.1421
49.5563
49.9706
50.3848
50.799
51.2132
51.6274
52.0416
52.4559
52.8701
53.2843
53.6985
54.1127
54.5269
54.9411
55.3554
55.7696
56.7696
57.7696
58.7696
59.7696
60.7696
61.7696
62.7696
63.7696
64.7696
65.7696
66.7696
67.7696
68.7696
69.7696
70.7696
45
45
45
45
45
45
45.4142
45.8284
46.2426
46.6569
47.0711
47.4853
47.8995
48.3137
48.7279
49.1421
49.5563
49.9706
50.3848
50.799
51.2132
51.6274
52.0416
52.4558
51.8701
52.2843
52.6985
53.1127
53.5269
53.9411
54.3554
54.7696
55.1838
55.598
56.0122
56.4264
56.0122
55.598
55.1838
54.7696
54.3554
53.9411
53.5269
53.1127
52.6985
52.2843
51.8701
51.4558
51.0416
50.6274
50.2132
49.799
49.3848
48.9706
48.5563
48.1421
47.7279
47.3137
46.8995
46.4853
46.0711
45.6569
45.2426
44.8284
44.4142
44
44
44
44
44
44
44
44
44
44
44
44
44
44
44
44
44
44
44
44
44
44
44
44
44
44
44
44
44.4142
44.8284
45.2426
45.6569
46.0711
46.4853
46.8995
47.3137
47.7279
48.1421
48.5563
48.9706
49.3848
49.799
50.2132
50.6274
51.0416
51.4559
51.8701
52.2843
52.6985
53.1127
53.5269
53.9411
54.3554
55.3554
56.3554
57.3554
58.3554
59.3554
60.3554
61.3554
62.3554
63.3554
64.3554
65.3554
66.3554
44
44
44
44
44
44
44
44
44
44
44.4142
44.8284
45.2426
45.6569
46.0711
46.4853
46.8995
47.3137
47.7279
48.1421
48.5563
48.9706
49.3848
49.799
50.2132
50.6274
51.0416
51.4558
50.8701
51.2843
51.6985
52.1127
52.5269
52.9411
53.3554
53.7696
54.1838
54.598
55.0122
55.4264
55.0122
54.598
54.1838
53.7696
53.3554
52.9411
52.5269
52.1127
51.6985
51.2843
50.8701
50.4558
50.0416
49.6274
49.2132
48.799
48.3848
47.9706
47.5563
47.1421
46.7279
46.3137
45.8995
45.4853
45.0711
44.6569
44.2426
43.8284
43.4142
43
43
43
43
43
43
43
43
43
43
43
43
43
43
43
43
43
43
43
43
43
43
43
43
43
43
43
43
43
43
43
43
43
43
43.4142
43.8284
44.2426
44.6569
45.0711
45.4853
45.8995
46.3137
46.7279
47.1421
47.5563
47.9706
48.3848
48.799
49.2132
49.6274
50.0416
50.4559
50.8701
51.2843
51.6985
52.1127
52.5269
52.9411
53.9411
54.9411
55.9411
56.9411
57.9411
58.9411
59.9411
60.9411
61.9411
62.9411
43
43
43
43
43
43
43
43
43
43
43
43.4142
43.8284
44.2426
44.6569
45.0711
45.4853
45.8995
46.3137
46.7279
47.1421
47.5563
47.9706
48.3848
48.799
49.2132
49.6274
50.0416
50.4558
49.8701
50.2843
50.6985
51.1127
51.5269
51.9411
52.3554
52.7696
53.1838
53.598
54.0122
54.4264
54.0122
53.598
53.1838
52.7696
52.3554
51.9411
51.5269
51.1127
50.6985
50.2843
49.8701
49.4558
49.0416
48.6274
48.2132
47.799
47.3848
46.9706
46.5563
46.1421
45.7279
45.3137
44.8995
44.4853
44.0711
43.6569
43.2426
42.8284
42.4142
42
42
42
42
42
42
42
42
42
42
42
42
42
42
42
42
42
42
42
42
42
42
42
42
42
42
42
42
42
42
42
42
42
42
42
42
42
42
42.4142
42.8284
43.2426
43.6569
44.0711
44.4853
44.8995
45.3137
45.7279
46.1421
46.5563
46.9706
47.3848
47.799
48.2132
48.6274
49.0416
49.4559
49.8701
50.2843
50.6985
51.1127
51.5269
52.5269
53.5269
54.5269
55.5269
56.5269
57.5269
58.5269
59.5269
60.5269
42
42
42
42
42
42
42
42
42
42
42
42
42
42
42.4142
42.8284
43.2426
43.6569
44.0711
44.4853
44.8995
45.3137
45.7279
46.1421
46.5563
46.9706
47.3848
47.799
48.2132
48.6274
49.0416
49.4558
48.8701
49.2843
49.6985
50.1127
50.5269
50.9411
51.3554
51.7696
52.1838
52.598
53.0122
54.0122
53.0122
52.598
52.1838
51.7696
51.3554
50.9411
50.5269
50.1127
49.6985
49.2843
48.8701
48.4558
48.0416
47.6274
47.2132
46.799
46.3848
45.9706
45.5563
45.1421
44.7279
44.3137
43.8995
43.4853
43.0711
42.6569
42.2426
41.8284
41.4142
41
41
41
41
41
41
41
41
41
41
41
41
41
41
41
41
41
41
41
41
41
41
41
41
41
41
41
41
41
41
41
41
41
41
41
41
41
41
41
41
41
41
41.4142
41.8284
42.2426
42.6569
43.0711
43.4853
43.8995
44.3137
44.7279
45.1421
45.5563
45.9706
46.3848
46.799
47.2132
47.6274
48.0416
48.4559
48.8701
49.2843
49.6985
50.1127
51.1127
52.1127
53.1127
54.1127
55.1127
56.1127
57.1127
41
41
41
41
41
41
41
41
41
41
41
41
41
41
41
41.4142
41.8284
42.2426
42.6569
43.0711
43.4853
43.8995
44.3137
44.7279
45.1421
45.5563
45.9706
46.3848
46.799
47.2132
47.6274
48.0416
48.4558
47.8701
48.2843
48.6985
49.1127
49.5269
49.9411
50.3554
50.7696
51.1838
51.598
52.598
53.598
52.598
51.598
51.1838
50.7696
50.3554
49.9411
49.5269
49.1127
48.6985
48.2843
47.8701
47.4558
47.0416
46.6274
46.2132
45.799
45.3848
44.9706
44.5563
44.1421
43.7279
43.3137
42.8995
42.4853
42.0711
41.6569
41.2426
40.8284
40.4142
40
40
40
40
40
40
40
40
40
40
40
40
40
40
40
40
40
40
40
40
40
40
40
40
40
40
40
40
40
40
40
40
40
40
40
40
40
40
40
40
40
40
40
40
40
40
40.4142
40.8284
41.2426
41.6569
42.0711
42.4853
42.8995
43.3137
43.7279
44.1421
44.5563
44.9706
45.3848
45.799
46.2132
46.6274
47.0416
47.4559
47.8701
48.2843
48.6985
49.6985
50.6985
51.6985
52.6985
53.6985
54.6985
40
40
40
40
40
40
40
40
40
40
40
40
40
40
40
40
40.4142
40.8284
41.2426
41.6569
42.0711
42.4853
42.8995
43.3137
43.7279
44.1421
44.5563
44.9706
45.3848
45.799
46.2132
46.6274
47.0416
47.4558
46.8701
47.2843
47.6985
48.1127
48.5269
48.9411
49.3554
49.7696
50.1838
51.1838
52.1838
53.1838
52.1838
51.1838
50.1838
49.7696
49.3554
48.9411
48.5269
48.1127
47.6985
47.2843
46.8701
46.4558
46.0416
45.6274
45.2132
44.799
44.3848
43.9706
43.5563
43.1421
42.7279
42.3137
41.8995
41.4853
41.0711
40.6569
40.2426
39.8284
39.4142
39
39
39
39
39
39
39
39
39
39
39
39
39
39
39
39
39
39
39
39
39
39
39
39
39
39
39
39
39
39
39
39
39
39
39
39
39
39
39
39
39
39
39
39
39
39
39
39
39
39
39
39.4142
39.8284
40.2426
40.6569
41.0711
41.4853
41.8995
42.3137
42.7279
43.1421
43.5563
43.9706
44.3848
44.799
45.2132
45.6274
46.0416
46.4559
46.8701
47.2843
48.2843
49.2843
50.2843
51.2843
39
39
39
39
39
39
39
39
39
39
39
39
39
39
39
39
39
39
39
39.4142
39.8284
40.2426
40.6569
41.0711
41.4853
41.8995
42.3137
42.7279
43.1421
43.5563
43.9706
44.3848
44.799
45.2132
45.6274
46.0416
46.4558
45.8701
46.2843
46.6985
47.1127
47.5269
47.9411
48.3554
48.7696
49.7696
50.7696
51.7696
52.7696
51.7696
50.7696
49.7696
48.7696
48.3554
47.9411
47.5269
47.1127
46.6985
46.2843
45.8701
45.4558
45.0416
44.6274
44.2132
43.799
43.3848
42.9706
42.5563
42.1421
41.7279
41.3137
40.8995
40.4853
40.0711
39.6569
39.2426
38.8284
38.4142
38
38
38
38
38
38
38
38
38
38
38
38
38
38
38
38
38
38
38
38
38
38
38
38
38
38
38
38
38
38
38
38
38
38
38
38
38
38
38
38
38
38
38
38
38
38
38
38
38
38
38
38
38
38
38
38
38
38
38
38
38
38
38
38
38
38
38.4142
38.8284
39.2426
39.6569
40.0711
40.4853
40.8995
41.3137
41.7279
42.1421
42.5563
42.9706
43.3848
43.799
44.2132
44.6274
45.0416
45.4559
45.8701
46.8701
47.8701
48.8701
49.8701
38
38
38
38
38
38
38
38
38
38
38
38
38
38
38
38
38
38
38
38
38.4142
38.8284
39.2426
39.6569
40.0711
40.4853
40.8995
41.3137
41.7279
42.1421
42.5563
42.9706
43.3848
43.799
44.2132
44.6274
45.0416
45.4558
44.8701
45.2843
45.6985
46.1127
46.5269
46.9411
47.3554
48.3554
49.3554
50.3554
51.3554
52.3554
51.3554
50.3554
49.3554
48.3554
47.3554
46.9411
46.5269
46.1127
45.6985
45.2843
44.8701
44.4558
44.0416
43.6274
43.2132
42.799
42.3848
41.9706
41.5563
41.1421
40.7279
40.3137
39.8995
39.4853
39.0711
38.6569
38.2426
37.8284
37.4142
37
37
37
37
37
37
37
37
37
37
37
37
37
37
37
37
37
37
37
37
37
37
37
37
37
37
37
37
37
37
37
37
37
37
37
37
37
37
37
37
37
37
37
37
37
37
37
37
37
37
37
37
37
37
37
37
37
37
37
37
37
37
37
37
37
37
37.4142
37.8284
38.2426
38.6569
39.0711
39.4853
39.8995
40.3137
40.7279
41.1421
41.5563
41.9706
42.3848
42.799
43.2132
43.6274
44.0416
44.4559
45.4559
46.4559
47.4559
48.4559
49.4559
37
37
37
37
37
37
37
37
37
37
37
37
37
37
37
37
37
37
37
37
37.4142
37.8284
38.2426
38.6569
39.0711
39.4853
39.8995
40.3137
40.7279
41.1421
41.5563
41.9706
42.3848
42.799
43.2132
43.6274
44.0416
44.4558
43.8701
44.2843
44.6985
45.1127
45.5269
45.9411
46.9411
47.9411
48.9411
49.9411
50.9411
51.9411
50.9411
49.9411
48.9411
47.9411
46.9411
45.9411
45.5269
45.1127
44.6985
44.2843
43.8701
43.4558
43.0416
42.6274
42.2132
41.799
41.3848
40.9706
40.5563
40.1421
39.7279
39.3137
38.8995
38.4853
38.0711
37.6569
37.2426
36.8284
36.4142
36
36
36
36
36
36
36
36
36
36
36
36
36
36
36
36
36
36
36
36
36
36
36
36
36
36
36
36
36
36
36
36
36
36
36
36
36
36
36
36
36
36
36
36
36
36
36
36
36
36
36
36
36
36
36
36
36
36
36
36
36
36
36
36
36
36
36
36
36
36
36
36
36
36
36
36
36
36
36.4142
36.8284
37.2426
37.6569
38.0711
38.4853
38.8995
39.3137
39.7279
40.1421
40.5563
40.9706
41.3848
41.799
42.2132
42.6274
43.0416
44.0416
45.0416
46.0416
36
36
36
36
36
36
36
36
36
36
36
36
36
36
36
36
36
36
36
36
36
36
36.4142
36.8284
37.2426
37.6569
38.0711
38.4853
38.8995
39.3137
39.7279
40.1421
40.5563
40.9706
41.3848
41.799
42.2132
42.6274
43.0416
43.4558
42.8701
43.2843
43.6985
44.1127
44.5269
45.5269
46.5269
47.5269
48.5269
49.5269
50.5269
51.5269
50.5269
49.5269
48.5269
47.5269
46.5269
45.5269
44.5269
44.1127
43.6985
43.2843
42.8701
42.4558
42.0416
41.6274
41.2132
40.799
40.3848
39.9706
39.5563
39.1421
38.7279
38.3137
37.8995
37.4853
37.0711
36.6569
36.2426
35.8284
35.4142
35
35
35
35
35
35
35
35
35
35
35
35
35
35
35
35
35
35
35
35
35
35
35
35
35
35
35
35
35
35
35
35
35
35
35
35
35
35
35
35
35
35
35
35
35
35
35
35
35
35
35
35
35
35
35
35
35
35
35
35
35
35
35
35
35
35
35
35
35
35
35
35
35
35
35
35
35
35
35
35
35
35
35
35
35
35
35
35
35.4142
35.8284
36.2426
36.6569
37.0711
37.4853
37.8995
38.3137
38.7279
39.1421
39.5563
39.9706
40.3848
40.799
41.2132
41.6274
42.6274
43.6274
44.6274
35
35
35
35
35
35
35
35
35
35
35
35
35
35
35
35
35
35
35
35
35
35
35.4142
35.8284
36.2426
36.6569
37.0711
37.4853
37.8995
38.3137
38.7279
39.1421
39.5563
39.9706
40.3848
40.799
41.2132
41.6274
42.0416
42.4558
41.8701
42.2843
42.6985
43.1127
44.1127
45.1127
46.1127
47.1127
48.1127
49.1127
50.1127
51.1127
50.1127
49.1127
48.1127
47.1127
46.1127
45.1127
44.1127
43.1127
42.6985
42.2843
41.8701
41.4558
41.0416
40.6274
40.2132
39.799
39.3848
38.9706
38.5563
38.1421
37.7279
37.3137
36.8995
36.4853
36.0711
35.6569
35.2426
34.8284
34.4142
34
34
34
34
34
34
34
34
34
34
34
34
34
34
34
34
34
34
34
34
34
34
34
34
34
34
34
34
34
34
34
34
34
34
34
34
34
34
34
34
34
34
34
34
34
34
34
34
34
34
34
34
34
34
34
34
34
34
34
34
34
34
34
34
34
34
34
34
34
34
34
34
34
34
34
34
34
34
34
34
34
34
34
34
34
34
34
34
34
34
34
34
34
34
34.4142
34.8284
35.2426
35.6569
36.0711
36.4853
36.8995
37.3137
37.7279
38.1421
38.5563
38.9706
39.3848
39.799
40.2132
41.2132
34
34
34
34
34
34
34
34
34
34
34
34
34
34
34
34
34
34
34
34
34
34
34
34.4142
34.8284
35.2426
35.6569
36.0711
36.4853
36.8995
37.3137
37.7279
38.1421
38.5563
38.9706
39.3848
39.799
40.2132
40.6274
41.0416
41.4558
40.8701
41.2843
41.6985
42.6985
43.6985
44.6985
45.6985
46.6985
47.6985
48.6985
49.6985
50.6985
49.6985
48.6985
47.6985
46.6985
45.6985
44.6985
43.6985
42.6985
41.6985
41.2843
40.8701
40.4558
40.0416
39.6274
39.2132
38.799
38.3848
37.9706
37.5563
37.1421
36.7279
36.3137
35.8995
35.4853
35.0711
34.6569
34.2426
33.8284
33.4142
33
33
33
33
33
33
33
33
33
33
33
33
33
33
33
33
33
33
33
33
33
33
33
33
33
33
33
33
33
33
33
33
33
33
33
33
33
33
33
33
33
33
33
33
33
33
33
33
33
33
33
33
33
33
33
33
33
33
33
33
33
33
33
33
33
33
33
33
33
33
33
33
33
33
33
33
33
33
33
33
33
33
33
33
33
33
33
33
33
33
33
33
33
33
33
33
33
33
33
33
33
33
33.4142
33.8284
34.2426
34.6569
35.0711
35.4853
35.8995
36.3137
36.7279
37.1421
37.5563
37.9706
38.3848
38.799
39.799
33
33
33
33
33
33
33
33
33
33
33
33
33
33
33
33
33
33
33
33
33
33
33
33
33.4142
33.8284
34.2426
34.6569
35.0711
35.4853
35.8995
36.3137
36.7279
37.1421
37.5563
37.9706
38.3848
38.799
39.2132
39.6274
40.0416
40.4558
39.8701
40.2843
41.2843
42.2843
43.2843
44.2843
45.2843
46.2843
47.2843
48.2843
49.2843
50.2843
49.2843
48.2843
47.2843
46.2843
45.2843
44.2843
43.2843
42.2843
41.2843
40.2843
39.8701
39.4558
39.0416
38.6274
38.2132
37.799
37.3848
36.9706
36.5563
36.1421
35.7279
35.3137
34.8995
34.4853
34.0711
33.6569
33.2426
32.8284
32.4142
32
32
32
32
32
32
32
32
32
32
32
32
32
32
32
32
32
32
32
32
32
32
32
32
32
32
32
32
32
32
32
32
32
32
32
32
32
32
32
32
32
32
32
32
32
32
32
32
32
32
32
32
32
32
32
32
32
32
32
32
32
32
32
32
32
32
32
32
32
32
32
32
32
32
32
32
32
32
32
32
32
32
32
32
32
32
32
32
32
32
32
32
32
32
32
32
32
32
32
32
32
32
32
32
32
32
32
32
32
32
32
32
32
32
32.4142
32.8284
33.2426
33.6569
34.0711
34.4853
34.8995
35.3137
35.7279
36.1421
36.5563
36.9706
37.3848
38.3848
32
32
32
32
32
32
32
32
32
32
32
32
32
32
32
32
32
32
32
32
32
32
32
32
32
32.4142
32.8284
33.2426
33.6569
34.0711
34.4853
34.8995
35.3137
35.7279
36.1421
36.5563
36.9706
37.3848
37.799
38.2132
38.6274
39.0416
39.4558
38.8701
39.8701
40.8701
41.8701
42.8701
43.8701
44.8701
45.8701
46.8701
47.8701
48.8701
49.8701
48.8701
47.8701
46.8701
45.8701
44.8701
43.8701
42.8701
41.8701
40.8701
39.8701
38.8701
38.4558
38.0416
37.6274
37.2132
36.799
36.3848
35.9706
35.5563
35.1421
34.7279
34.3137
33.8995
33.4853
33.0711
32.6569
32.2426
31.8284
31.4142
31
31
31
31
31
31
31
31
31
31
31
31
31
31
31
31
31
31
31
31
31
31
31
31
31
31
31
31
31
31
31
31
31
31
31
31
31
31
31
31
31
31
31
31
31
31
31
31
31
31
31
31
31
31
31
31
31
31
31
31
31
31
31
31
31
31
31
31
31
31
31
31
31
31
31
31
31
31
31
31
31
31
31
31
31
31
31
31
31
31
31
31
31
31
31
31
31
31
31
31
31
31
31
31
31
31
31
31
31
31
31
31
31
31
31
31
31
31
31
31
31
31
31
31
31
31
31
31
31.4142
31.8284
32.2426
32.6569
33.0711
33.4853
33.8995
34.3137
34.7279
35.1421
35.5563
35.9706
31
31
31
31
31
31
31
31
31
31
31
31
31
31
31
31
31
31
31
31
31
31
31
31
31
31.4142
31.8284
32.2426
32.6569
33.0711
33.4853
33.8995
34.3137
34.7279
35.1421
35.5563
35.9706
36.3848
36.799
37.2132
37.6274
38.0416
38.4558
38.4558
39.4558
40.4558
41.4558
42.4558
43.4558
44.4558
45.4558
46.4558
47.4558
48.4558
49.4558
48.4558
47.4558
46.4558
45.4558
44.4558
43.4558
42.4558
41.4558
40.4558
39.4558
38.4558
37.4558
37.0416
36.6274
36.2132
35.799
35.3848
34.9706
34.5563
34.1421
33.7279
33.3137
32.8995
32.4853
32.0711
31.6569
31.2426
30.8284
30.4142
30
30
30
30
30
30
30
30
30
30
30
30
30
30
30
30
30
30
30
30
30
30
30
30
30
30
30
30
30
30
30
30
30
30
30
30
30
30
30
30
30
30
30
30
30
30
30
30
30
30
30
30
30
30
30
30
30
30
30
30
30
30
30
30
30
30
30
30
30
30
30
30
30
30
30
30
30
30
30
30
30
30
30
30
30
30
30
30
30
30
30
30
30
30
30
30
30
30
30
30
30
30
30
30
30
30
30
30
30
30
30
30
30
30
30
30
30
30
30
30
30
30
30
30
30
30
30
30
30
30
30
30
30
30
30
30
30
30
30.4142
30.8284
31.2426
31.6569
32.0711
32.4853
32.8995
33.3137
33.7279
34.1421
34.5563
30
30
30
30
30
30
30
30
30
30
30
30
30
30
30
30
30
30
30
30
30
30
30
30
30
30
30
30
30
30
30
30
30
30
30
30.4142
30.8284
31.2426
31.6569
32.0711
32.4853
32.8995
33.3137
33.7279
34.1421
34.5563
34.9706
35.3848
35.799
36.2132
36.6274
37.0416
37.4558
38.0416
39.0416
40.0416
41.0416
42.0416
43.0416
44.0416
45.0416
46.0416
47.0416
48.0416
49.0416
48.0416
47.0416
46.0416
45.0416
44.0416
43.0416
42.0416
41.0416
40.0416
39.0416
38.0416
37.0416
36.0416
35.6274
35.2132
34.799
34.3848
33.9706
33.5563
33.1421
32.7279
32.3137
31.8995
31.4853
31.0711
30.6569
30.2426
29.8284
29.4142
29
29
29
29
29
29
29
29
29
29
29
29
29
29
29
29
29
29
29
29
29
29
29
29
29
29
29
29
29
29
29
29
29
29
29
29
29
29
29
29
29
29
29
29
29
29
29
29
29
29
29
29
29
29
29
29
29
29
29
29
29
29
29
29
29
29
29
29
29
29
29
29
29
29
29
29
29
29
29
29
29
29
29
29
29
29
29
29
29
29
29
29
29
29
29
29
29
29
29
29
29
29
29
29
29
29
29
29
29
29
29
29
29
29
29
29
29
29
29
29
29
29
29
29
29
29
29
29
29
29
29
29
29
29
29
29
29
29
29.4142
29.8284
30.2426
30.6569
31.0711
31.4853
31.8995
32.3137
32.7279
33.1421
34.1421
29
29
29
29
29
29
29
29
29
29
29
29
29
29
29
29
29
29
29
29
29
29
29
29
29
29
29
29
29
29
29
29
29
29
29
29.4142
29.8284
30.2426
30.6569
31.0711
31.4853
31.8995
32.3137
32.7279
33.1421
33.5563
33.9706
34.3848
34.799
35.2132
35.6274
36.0416
37.0416
37.6274
38.6274
39.6274
40.6274
41.6274
42.6274
43.6274
44.6274
45.6274
46.6274
47.6274
48.6274
47.6274
46.6274
45.6274
44.6274
43.6274
42.6274
41.6274
40.6274
39.6274
38.6274
37.6274
36.6274
35.6274
34.6274
34.2132
33.799
33.3848
32.9706
32.5563
32.1421
31.7279
31.3137
30.8995
30.4853
30.0711
29.6569
29.2426
28.8284
28.4142
28
28
28
28
28
28
28
28
28
28
28
28
28
28
28
28
28
28
28
28
28
28
28
28
28
28
28
28
28
28
28
28
28
28
28
28
28
28
28
28
28
28
28
28
28
28
28
28
28
28
28
28
28
28
28
28
28
28
28
28
28
28
28
28
28
28
28
28
28
28
28
28
28
28
28
28
28
28
28
28
28
28
28
28
28
28
28
28
28
28
28
28
28
28
28
28
28
28
28
28
28
28
28
28
28
28
28
28
28
28
28
28
28
28
28
28
28
28
28
28
28
28
28
28
28
28
28
28
28
28
28
28
28
28
28
28
28
28
28
28
28
28
28
28
28.4142
28.8284
29.2426
29.6569
30.0711
30.4853
30.8995
31.3137
31.7279
32.7279
28
28
28
28
28
28
28
28
28
28
28
28
28
28
28
28
28
28
28
28
28
28
28
28
28
28
28
28
28
28
28
28
28
28
28
28
28
28
28
28
28
28
28
28
28
28.4142
28.8284
29.2426
29.6569
30.0711
30.4853
30.8995
31.3137
31.7279
32.1421
32.5563
32.9706
33.3848
33.799
34.2132
34.6274
35.6274
36.6274
37.2132
38.2132
39.2132
40.2132
41.2132
42.2132
43.2132
44.2132
45.2132
46.2132
47.2132
48.2132
47.2132
46.2132
45.2132
44.2132
43.2132
42.2132
41.2132
40.2132
39.2132
38.2132
37.2132
36.2132
35.2132
34.2132
33.2132
32.799
32.3848
31.9706
31.5563
31.1421
30.7279
30.3137
29.8995
29.4853
29.0711
28.6569
28.2426
27.8284
27.4142
27
27
27
27
27
27
27
27
27
27
27
27
27
27
27
27
27
27
27
27
27
27
27
27
27
27
27
27
27
27
27
27
27
27
27
27
27
27
27
27
27
27
27
27
27
27
27
27
27
27
27
27
27
27
27
27
27
27
27
27
27
27
27
27
27
27
27
27
27
27
27
27
27
27
27
27
27
27
27
27
27
27
27
27
27
27
27
27
27
27
27
27
27
27
27
27
27
27
27
27
27
27
27
27
27
27
27
27
27
27
27
27
27
27
27
27
27
27
27
27
27
27
27
27
27
27
27
27
27
27
27
27
27
27
27
27
27
27
27
27
27
27
27
27
27
27
27
27
27
27
27
27
27
27
27
27.4142
27.8284
28.2426
28.6569
29.0711
29.4853
29.8995
30.3137
31.3137
27
27
27
27
27
27
27
27
27
27
27
27
27
27
27
27
27
27
27
27
27
27
27
27
27
27
27
27
27
27
27
27
27
27
27
27
27
27
27
27
27
27
27
27
27
27
27
27
27
27
27
27
27
27
27.4142
27.8284
28.2426
28.6569
29.0711
29.4853
29.8995
30.3137
30.7279
31.1421
31.5563
31.9706
32.3848
32.799
33.2132
34.2132
35.2132
36.2132
36.799
37.799
38.799
39.799
40.799
41.799
42.799
43.799
44.799
45.799
46.799
47.799
46.799
45.799
44.799
43.799
42.799
41.799
40.799
39.799
38.799
37.799
36.799
35.799
34.799
33.799
32.799
31.799
31.3848
30.9706
30.5563
30.1421
29.7279
29.3137
28.8995
28.4853
28.0711
27.6569
27.2426
26.8284
26.4142
26
26
26
26
26
26
26
26
26
26
26
26
26
26
26
26
26
26
26
26
26
26
26
26
26
26
26
26
26
26
26
26
26
26
26
26
26
26
26
26
26
26
26
26
26
26
26
26
26
26
26
26
26
26
26
26
26
26
26
26
26
26
26
26
26
26
26
26
26
26
26
26
26
26
26
26
26
26
26
26
26
26
26
26
26
26
26
26
26
26
26
26
26
26
26
26
26
26
26
26
26
26
26
26
26
26
26
26
26
26
26
26
26
26
26
26
26
26
26
26
26
26
26
26
26
26
26
26
26
26
26
26
26
26
26
26
26
26
26
26
26
26
26
26
26
26
26
26
26
26
26
26
26
26
26
26
26
26
26
26
26
26
26.4142
26.8284
27.2426
27.6569
28.0711
28.4853
28.8995
26
26
26
26
26
26
26
26
26
26
26
26
26
26
26
26
26
26
26
26
26
26
26
26
26
26
26
26
26
26
26
26
26
26
26
26
26
26
26
26
26
26
26
26
26
26
26
26
26
26
26
26
26
26
26
26
26
26.4142
26.8284
27.2426
27.6569
28.0711
28.4853
28.8995
29.3137
29.7279
30.1421
30.5563
30.9706
31.3848
31.799
32.799
33.799
34.799
35.799
46.2132
47.2132
47.3848
46.3848
45.3848
44.3848
43.3848
42.3848
41.3848
40.3848
39.3848
38.3848
37.3848
36.3848
35.3848
34.3848
33.3848
32.3848
31.3848
30.3848
29.9706
29.5563
29.1421
28.7279
28.3137
27.8995
27.4853
27.0711
26.6569
26.2426
25.8284
25.4142
25
25
25
25
25
25
25
25
25
25
25
25
25
25
25
25
25
25
25
25
25
25
25
25
25
25
25
25
25
25
25
25
25
25
25
25
25
25
25
25
25
25
25
25
25
25
25
25
25
25
25
25
25
25
25
25
25
25
25
25
25
25
25
25
25
25
25
25
25
25
25
25
25
25
25
25
25
25
25
25
25
25
25
25
25
25
25
25
25
25
25
25
25
25
25
25
25
25
25
25
25
25
25
25
25
25
25
25
25
25
25
25
25
25
25
25
25
25
25
25
25
25
25
25
25
25
25
25
25
25
25
25
25
25
25
25
25
25
25
25
25
25
25
25
25
25
25
25
25
25
25
25
25
25
25
25
25
25
25
25
25
25
25
25
25
25
25.4142
25.8284
26.2426
26.6569
27.0711
27.4853
27.8995
25
25
25
25
25
25
25
25
25
25
25
25
25
25
25
25
25
25
25
25
25
25
25
25
25
25
25
25
25
25
25
25
25
25
25
25
25
25
25
25
25
25
25
25
25
25
25
25
25
25
25
25
25
25
25
25
25
25
25
25
25
25
25
25.4142
25.8284
26.2426
26.6569
27.0711
27.4853
27.8995
28.3137
28.7279
29.1421
29.5563
29.9706
30.3848
31.3848
32.3848
33.3848
34.3848
35.3848
42.9706
41.9706
40.9706
39.9706
38.9706
37.9706
36.9706
35.9706
34.9706
33.9706
32.9706
31.9706
30.9706
29.9706
28.9706
28.5563
28.1421
27.7279
27.3137
26.8995
26.4853
26.0711
25.6569
25.2426
24.8284
24.4142
24
24
24
24
24
24
24
24
24
24
24
24
24
24
24
24
24
24
24
24
24
24
24
24
24
24
24
24
24
24
24
24
24
24
24
24
24
24
24
24
24
24
24
24
24
24
24
24
24
24
24
24
24
24
24
24
24
24
24
24
24
24
24
24
24
24
24
24
24
24
24
24
24
24
24
24
24
24
24
24
24
24
24
24
24
24
24
24
24
24
24
24
24
24
24
24
24
24
24
24
24
24
24
24
24
24
24
24
24
24
24
24
24
24
24
24
24
24
24
24
24
24
24
24
24
24
24
24
24
24
24
24
24
24
24
24
24
24
24
24
24
24
24
24
24
24
24
24
24
24
24
24
24
24
24
24
24
24
24
24
24
24
24
24
24
24
24
24
24
24
24
24
24
24.4142
24.8284
25.2426
25.6569
26.0711
26.4853
24
24
24
24
24
24
24
24
24
24
24
24
24
24
24
24
24
24
24
24
24
24
24
24
24
24
24
24
24
24
24
24
24
24
24
24
24
24
24
24
24
24
24
24
24
24
24
24
24
24
24
24
24
24
24
24
24
24
24
24
24
24
24
24
24
24.4142
24.8284
25.2426
25.6569
26.0711
26.4853
26.8995
27.3137
27.7279
28.1421
28.5563
28.9706
29.9706
30.9706
31.9706
32.9706
33.9706
34.9706
37.5563
36.5563
35.5563
34.5563
33.5563
32.5563
31.5563
30.5563
29.5563
28.5563
27.5563
27.1421
26.7279
26.3137
25.8995
25.4853
25.0711
24.6569
24.2426
23.8284
23.4142
23
23
23
23
23
23
23
23
23
23
23
23
23
23
23
23
23
23
23
23
23
23
23
23
23
23
23
23
23
23
23
23
23
23
23
23
23
23
23
23
23
23
23
23
23
23
23
23
23
23
23
23
23
23
23
23
23
23
23
23
23
23
23
23
23
23
23
23
23
23
23
23
23
23
23
23
23
23
23
23
23
23
23
23
23
23
23
23
23
23
23
23
23
23
23
23
23
23
23
23
23
23
23
23
23
23
23
23
23
23
23
23
23
23
23
23
23
23
23
23
23
23
23
23
23
23
23
23
23
23
23
23
23
23
23
23
23
23
23
23
23
23
23
23
23
23
23
23
23
23
23
23
23
23
23
23
23
23
23
23
23
23
23
23
23
23
23
23
23
23
23
23
23
23
23
23
23
23.4142
23.8284
24.2426
24.6569
25.0711
23
23
23
23
23
23
23
23
23
23
23
23
23
23
23
23
23
23
23
23
23
23
23
23
23
23
23
23
23
23
23
23
23
23
23
23
23
23
23
23
23
23
23
23
23
23
23
23
23
23
23
23
23
23
23
23
23
23
23
23
23
23
23
23
23
23
23
23
23.4142
23.8284
24.2426
24.6569
25.0711
25.4853
25.8995
26.3137
26.7279
27.1421
27.5563
28.5563
29.5563
30.5563
31.5563
32.5563
33.5563
34.5563
31.1421
30.1421
29.1421
28.1421
27.1421
26.1421
25.7279
25.3137
24.8995
24.4853
24.0711
23.6569
23.2426
22.8284
22.4142
22
22
22
22
22
22
22
22
22
22
22
22
22
22
22
22
22
22
22
22
22
22
22
22
22
22
22
22
22
22
22
22
22
22
22
22
22
22
22
22
22
22
22
22
22
22
22
22
22
22
22
22
22
22
22
22
22
22
22
22
22
22
22
22
22
22
22
22
22
22
22
22
22
22
22
22
22
22
22
22
22
22
22
22
22
22
22
22
22
22
22
22
22
22
22
22
22
22
22
22
22
22
22
22
22
22
22
22
22
22
22
22
22
22
22
22
22
22
22
22
22
22
22
22
22
22
22
22
22
22
22
22
22
22
22
22
22
22
22
22
22
22
22
22
22
22
22
22
22
22
22
22
22
22
22
22
22
22
22
22
22
22
22
22
22
22
22
22
22
22
22
22
22
22
22
22
22
22
22
22
22
22
22.4142
22.8284
23.2426
23.6569
24.0711
22
22
22
22
22
22
22
22
22
22
22
22
22
22
22
22
22
22
22
22
22
22
22
22
22
22
22
22
22
22
22
22
22
22
22
22
22
22
22
22
22
22
22
22
22
22
22
22
22
22
22
22
22
22
22
22
22
22
22
22
22
22
22
22
22
22
22
22
22
22
22
22.4142
22.8284
23.2426
23.6569
24.0711
24.4853
24.8995
25.3137
25.7279
26.1421
27.1421
28.1421
29.1421
30.1421
31.1421
32.1421
33.1421
34.1421
28.7279
27.7279
26.7279
25.7279
24.7279
24.3137
23.8995
23.4853
23.0711
22.6569
22.2426
21.8284
21.4142
21
21
21
21
21
21
21
21
21
21
21
21
21
21
21
21
21
21
21
21
21
21
21
21
21
21
21
21
21
21
21
21
21
21
21
21
21
21
21
21
21
21
21
21
21
21
21
21
21
21
21
21
21
21
21
21
21
21
21
21
21
21
21
21
21
21
21
21
21
21
21
21
21
21
21
21
21
21
21
21
21
21
21
21
21
21
21
21
21
21
21
21
21
21
21
21
21
21
21
21
21
21
21
21
21
21
21
21
21
21
21
21
21
21
21
21
21
21
21
21
21
21
21
21
21
21
21
21
21
21
21
21
21
21
21
21
21
21
21
21
21
21
21
21
21
21
21
21
21
21
21
21
21
21
21
21
21
21
21
21
21
21
21
21
21
21
21
21
21
21
21
21
21
21
21
21
21
21
21
21
21
21
21
21
21
21
21
21.4142
21.8284
22.2426
22.6569
21
21
21
21
21
21
21
21
21
21
21
21
21
21
21
21
21
21
21
21
21
21
21
21
21
21
21
21
21
21
21
21
21
21
21
21
21
21
21
21
21
21
21
21
21
21
21
21
21
21
21
21
21
21
21
21
21
21
21
21
21
21
21
21
21
21
21
21
21
21
21
21
21
21
21
21.4142
21.8284
22.2426
22.6569
23.0711
23.4853
23.8995
24.3137
24.7279
25.7279
26.7279
27.7279
28.3137
27.3137
26.3137
25.3137
24.3137
23.3137
22.8995
22.4853
22.0711
21.6569
21.2426
20.8284
20.4142
20
20
20
20
20
20
20
20
20
20
20
20
20
20
20
20
20
20
20
20
20
20
20
20
20
20
20
20
20
20
20
20
20
20
20
20
20
20
20
20
20
20
20
20
20
20
20
20
20
20
20
20
20
20
20
20
20
20
20
20
20
20
20
20
20
20
20
20
20
20
20
20
20
20
20
20
20
20
20
20
20
20
20
20
20
20
20
20
20
20
20
20
20
20
20
20
20
20
20
20
20
20
20
20
20
20
20
20
20
20
20
20
20
20
20
20
20
20
20
20
20
20
20
20
20
20
20
20
20
20
20
20
20
20
20
20
20
20
20
20
20
20
20
20
20
20
20
20
20
20
20
20
20
20
20
20
20
20
20
20
20
20
20
20
20
20
20
20
20
20
20
20
20
20
20
20
20
20
20
20
20
20
20
20
20
20
20
20.4142
20.8284
21.2426
21.6569
20
20
20
20
20
20
20
20
20
20
20
20
20
20
20
20
20
20
20
20
20
20
20
20
20
20
20
20
20
20
20
20
20
20
20
20
20
20
20
20
20
20
20
20
20
20
20
20
20
20
20
20
20
20
20
20
20
20
20
20
20
20
20
20
20
20
20
20
20
20
20
20
20
20
20
20.4142
20.8284
21.2426
21.6569
22.0711
22.4853
22.8995
23.3137
24.3137
25.3137
26.3137
27.3137
24.8995
23.8995
22.8995
21.8995
21.4853
21.0711
20.6569
20.2426
19.8284
19.4142
19
19
19
19
19
19
19
19
19
19
19
19
19
19
19
19
19
19
19
19
19
19
19
19
19
19
19
19
19
19
19
19
19
19
19
19
19
19
19
19
19
19
19
19
19
19
19
19
19
19
19
19
19
19
19
19
19
19
19
19
19
19
19
19
19
19
19
19
19
19
19
19
19
19
19
19
19
19
19
19
19
19
19
19
19
19
19
19
19
19
19
19
19
19
19
19
19
19
19
19
19
19
19
19
19
19
19
19
19
19
19
19
19
19
19
19
19
19
19
19
19
19
19
19
19
19
19
19
19
19
19
19
19
19
19
19
19
19
19
19
19
19
19
19
19
19
19
19
19
19
19
19
19
19
19
19
19
19
19
19
19
19
19
19
19
19
19
19
19
19
19
19
19
19
19
19
19
19
19
19
19
19
19
19
19
19
19
19
19
19
19
19
19.4142
19.8284
20.2426
21.2426
19
19
19
19
19
19
19
19
19
19
19
19
19
19
19
19
19
19
19
19
19
19
19
19
19
19
19
19
19
19
19
19
19
19
19
19
19
19
19
19
19
19
19
19
19
19
19
19
19
19
19
19
19
19
19
19
19
19
19
19
19
19
19
19
19
19
19
19
19
19
19
19
19
19
19
19
19
19.4142
19.8284
20.2426
20.6569
21.0711
21.4853
21.8995
22.8995
23.8995
22.4853
21.4853
20.4853
20.0711
19.6569
19.2426
18.8284
18.4142
18
18
18
18
18
18
18
18
18
18
18
18
18
18
18
18
18
18
18
18
18
18
18
18
18
18
18
18
18
18
18
18
18
18
18
18
18
18
18
18
18
18
18
18
18
18
18
18
18
18
18
18
18
18
18
18
18
18
18
18
18
18
18
18
18
18
18
18
18
18
18
18
18
18
18
18
18
18
18
18
18
18
18
18
18
18
18
18
18
18
18
18
18
18
18
18
18
18
18
18
18
18
18
18
18
18
18
18
18
18
18
18
18
18
18
18
18
18
18
18
18
18
18
18
18
18
18
18
18
18
18
18
18
18
18
18
18
18
18
18
18
18
18
18
18
18
18
18
18
18
18
18
18
18
18
18
18
18
18
18
18
18
18
18
18
18
18
18
18
18
18
18
18
18
18
18
18
18
18
18
18
18
18
18
18
18
18
18
18
18
18
18
18
18
18
18
18
18
18.4142
18.8284
18
18
18
18
18
18
18
18
18
18
18
18
18
18
18
18
18
18
18
18
18
18
18
18
18
18
18
18
18
18
18
18
18
18
18
18
18
18
18
18
18
18
18
18
18
18
18
18
18
18
18
18
18
18
18
18
18
18
18
18
18
18
18
18
18
18
18
18
18
18
18
18
18
18
18
18
18
18
18.4142
18.8284
19.2426
19.6569
20.0711
20.4853
21.4853
21.0711
20.0711
19.0711
18.6569
18.2426
17.8284
17.4142
17
17
17
17
17
17
17
17
17
17
17
17
17
17
17
17
17
17
17
17
17
17
17
17
17
17
17
17
17
17
17
17
17
17
17
17
17
17
17
17
17
17
17
17
17
17
17
17
17
17
17
17
17
17
17
17
17
17
17
17
17
17
17
17
17
17
17
17
17
17
17
17
17
17
17
17
17
17
17
17
17
17
17
17
17
17
17
17
17
17
17
17
17
17
17
17
17
17
17
17
17
17
17
17
17
17
17
17
17
17
17
17
17
17
17
17
17
17
17
17
17
17
17
17
17
17
17
17
17
17
17
17
17
17
17
17
17
17
17
17
17
17
17
17
17
17
17
17
17
17
17
17
17
17
17
17
17
17
17
17
17
17
17
17
17
17
17
17
17
17
17
17
17
17
17
17
17
17
17
17
17
17
17
17
17
17
17
17
17
17
17
17
17
17
17
17
17
17
17
17
17
17
17.4142
17.8284
17
17
17
17
17
17
17
17
17
17
17
17
17
17
17
17
17
17
17
17
17
17
17
17
17
17
17
17
17
17
17
17
17
17
17
17
17
17
17
17
17
17
17
17
17
17
17
17
17
17
17
17
17
17
17
17
17
17
17
17
17
17
17
17
17
17
17
17
17
17
17
17
17
17
17
17
17
17
17
17.4142
17.8284
18.2426
18.6569
19.0711
18.6569
17.6569
17.2426
16.8284
16.4142
16
16
16
16
16
16
16
16
16
16
16
16
16
16
16
16
16
16
16
16
16
16
16
16
16
16
16
16
16
16
16
16
16
16
16
16
16
16
16
16
16
16
16
16
16
16
16
16
16
16
16
16
16
16
16
16
16
16
16
16
16
16
16
16
16
16
16
16
16
16
16
16
16
16
16
16
16
16
16
16
16
16
16
16
16
16
16
16
16
16
16
16
16
16
16
16
16
16
16
16
16
16
16
16
16
16
16
16
16
16
16
16
16
16
16
16
16
16
16
16
16
16
16
16
16
16
16
16
16
16
16
16
16
16
16
16
16
16
16
16
16
16
16
16
16
16
16
16
16
16
16
16
16
16
16
16
16
16
16
16
16
16
16
16
16
16
16
16
16
16
16
16
16
16
16
16
16
16
16
16
16
16
16
16
16
16
16
16
16
16
16
16
16
16
16
16
16
16
16
16
16
16
16
16
16
16
16
16
16
16
16.4142
16.8284
16
16
16
16
16
16
16
16
16
16
16
16
16
16
16
16
16
16
16
16
16
16
16
16
16
16
16
16
16
16
16
16
16
16
16
16
16
16
16
16
16
16
16
16
16
16
16
16
16
16
16
16
16
16
16
16
16
16
16
16
16
16
16
16
16
16
16
16
16
16
16
16
16
16
16
16
16
16
16
16
16
16
16.4142
16.8284
17.2426
17.6569
17.2426
16.2426
15.8284
15.4142
15
15
15
15
15
15
15
15
15
15
15
15
15
15
15
15
15
15
15
15
15
15
15
15
15
15
15
15
15
15
15
15
15
15
15
15
15
15
15
15
15
15
15
15
15
15
15
15
15
15
15
15
15
15
15
15
15
15
15
15
15
15
15
15
15
15
15
15
15
15
15
15
15
15
15
15
15
15
15
15
15
15
15
15
15
15
15
15
15
15
15
15
15
15
15
15
15
15
15
15
15
15
15
15
15
15
15
15
15
15
15
15
15
15
15
15
15
15
15
15
15
15
15
15
15
15
15
15
15
15
15
15
15
15
15
15
15
15
15
15
15
15
15
15
15
15
15
15
15
15
15
15
15
15
15
15
15
15
15
15
15
15
15
15
15
15
15
15
15
15
15
15
15
15
15
15
15
15
15
15
15
15
15
15
15
15
15
15
15
15
15
15
15
15
15
15
15
15
15
15
15
15
15
15
15
15
15
15
15
15
15
15
15
15
15
15
15
15
15
15.4142
15
15
15
15
15
15
15
15
15
15
15
15
15
15
15
15
15
15
15
15
15
15
15
15
15
15
15
15
15
15
15
15
15
15
15
15
15
15
15
15
15
15
15
15
15
15
15
15
15
15
15
15
15
15
15
15
15
15
15
15
15
15
15
15
15
15
15
15
15
15
15
15
15
15
15
15
15
15
15
15
15
15
15
15.4142
15.8284
16.2426
17.2426
15.8284
14.8284
14.4142
14
14
14
14
14
14
14
14
14
14
14
14
14
14
14
14
14
14
14
14
14
14
14
14
14
14
14
14
14
14
14
14
14
14
14
14
14
14
14
14
14
14
14
14
14
14
14
14
14
14
14
14
14
14
14
14
14
14
14
14
14
14
14
14
14
14
14
14
14
14
14
14
14
14
14
14
14
14
14
14
14
14
14
14
14
14
14
14
14
14
14
14
14
14
14
14
14
14
14
14
14
14
14
14
14
14
14
14
14
14
14
14
14
14
14
14
14
14
14
14
14
14
14
14
14
14
14
14
14
14
14
14
14
14
14
14
14
14
14
14
14
14
14
14
14
14
14
14
14
14
14
14
14
14
14
14
14
14
14
14
14
14
14
14
14
14
14
14
14
14
14
14
14
14
14
14
14
14
14
14
14
14
14
14
14
14
14
14
14
14
14
14
14
14
14
14
14
14
14
14
14
14
14
14
14
14
14
14
14
14
14
14
14
14
14
14
14
14
14
14
14
14.4142
14
14
14
14
14
14
14
14
14
14
14
14
14
14
14
14
14
14
14
14
14
14
14
14
14
14
14
14
14
14
14
14
14
14
14
14
14
14
14
14
14
14
14
14
14
14
14
14
14
14
14
14
14
14
14
14
14
14
14
14
14
14
14
14
14
14
14
14
14
14
14
14
14
14
14
14
14
14
14
14
14
14
14
14.4142
14.8284
15.8284
13.4142
13
13
13
13
13
13
13
13
13
13
13
13
13
13
13
13
13
13
13
13
13
13
13
13
13
13
13
13
13
13
13
13
13
13
13
13
13
13
13
13
13
13
13
13
13
13
13
13
13
13
13
13
13
13
13
13
13
13
13
13
13
13
13
13
13
13
13
13
13
13
13
13
13
13
13
13
13
13
13
13
13
13
13
13
13
13
13
13
13
13
13
13
13
13
13
13
13
13
13
13
13
13
13
13
13
13
13
13
13
13
13
13
13
13
13
13
13
13
13
13
13
13
13
13
13
13
13
13
13
13
13
13
13
13
13
13
13
13
13
13
13
13
13
13
13
13
13
13
13
13
13
13
13
13
13
13
13
13
13
13
13
13
13
13
13
13
13
13
13
13
13
13
13
13
13
13
13
13
13
13
13
13
13
13
13
13
13
13
13
13
13
13
13
13
13
13
13
13
13
13
13
13
13
13
13
13
13
13
13
13
13
13
13
13
13
13
13
13
13
13
13
13
13
13.4142
13
13
13
13
13
13
13
13
13
13
13
13
13
13
13
13
13
13
13
13
13
13
13
13
13
13
13
13
13
13
13
13
13
13
13
13
13
13
13
13
13
13
13
13
13
13
13
13
13
13
13
13
13
13
13
13
13
13
13
13
13
13
13
13
13
13
13
13
13
13
13
13
13
13
13
13
13
13
13
13
13
13
13
13
13.4142
12.4142
12
12
12
12
12
12
12
12
12
12
12
12
12
12
12
12
12
12
12
12
12
12
12
12
12
12
12
12
12
12
12
12
12
12
12
12
12
12
12
12
12
12
12
12
12
12
12
12
12
12
12
12
12
12
12
12
12
12
12
12
12
12
12
12
12
12
12
12
12
12
12
12
12
12
12
12
12
12
12
12
12
12
12
12
12
12
12
12
12
12
12
12
12
12
12
12
12
12
12
12
12
12
12
12
12
12
12
12
12
12
12
12
12
12
12
12
12
12
12
12
12
12
12
12
12
12
12
12
12
12
12
12
12
12
12
12
12
12
12
12
12
12
12
12
12
12
12
12
12
12
12
12
12
12
12
12
12
12
12
12
12
12
12
12
12
12
12
12
12
12
12
12
12
12
12
12
12
12
12
12
12
12
12
12
12
12
12
12
12
12
12
12
12
12
12
12
12
12
12
12
12
12
12
12
12
12
12
12
12
12
12
12
12
12
12
12
12
12
12
12
12
12
12
12.4142
12
12
12
12
12
12
12
12
12
12
12
12
12
12
12
12
12
12
12
12
12
12
12
12
12
12
12
12
12
12
12
12
12
12
12
12
12
12
12
12
12
12
12
12
12
12
12
12
12
12
12
12
12
12
12
12
12
12
12
12
12
12
12
12
12
12
12
12
12
12
12
12
12
12
12
12
12
12
12
12
12
12
12
12
12.4142
11.4142
11
11
11
11
11
11
11
11
11
11
11
11
11
11
11
11
11
11
11
11
11
11
11
11
11
11
11
11
11
11
11
11
11
11
11
11
11
11
11
11
11
11
11
11
11
11
11
11
11
11
11
11
11
11
11
11
11
11
11
11
11
11
11
11
11
11
11
11
11
11
11
11
11
11
11
11
11
11
11
11
11
11
11
11
11
11
11
11
11
11
11
11
11
11
11
11
11
11
11
11
11
11
11
11
11
11
11
11
11
11
11
11
11
11
11
11
11
11
11
11
11
11
11
11
11
11
11
11
11
11
11
11
11
11
11
11
11
11
11
11
11
11
11
11
11
11
11
11
11
11
11
11
11
11
11
11
11
11
11
11
11
11
11
11
11
11
11
11
11
11
11
11
11
11
11
11
11
11
11
11
11
11
11
11
11
11
11
11
11
11
11
11
11
11
11
11
11
11
11
11
11
11
11
11
11
11
11
11
11
11
11
11
11
11
11
11
11
11
11
11
11
11
11
11.4142
11
11
11
11
11
11
11
11
11
11
11
11
11
11
11
11
11
11
11
11
11
11
11
11
11
11
11
11
11
11
11
11
11
11
11
11
11
11
11
11
11
11
11
11
11
11
11
11
11
11
11
11
11
11
11
11
11
11
11
11
11
11
11
11
11
11
11
11
11
11
11
11
11
11
11
11
11
11
11
11
11
11
11
11
11
11
11.4142
10
10
10
10
10
10
10
10
10
10
10
10
10
10
10
10
10
10
10
10
10
10
10
10
10
10
10
10
10
10
10
10
10
10
10
10
10
10
10
10
10
10
10
10
10
10
10
10
10
10
10
10
10
10
10
10
10
10
10
10
10
10
10
10
10
10
10
10
10
10
10
10
10
10
10
10
10
10
10
10
10
10
10
10
10
10
10
10
10
10
10
10
10
10
10
10
10
10
10
10
10
10
10
10
10
10
10
10
10
10
10
10
10
10
10
10
10
10
10
10
10
10
10
10
10
10
10
10
10
10
10
10
10
10
10
10
10
10
10
10
10
10
10
10
10
10
10
10
10
10
10
10
10
10
10
10
10
10
10
10
10
10
10
10
10
10
10
10
10
10
10
10
10
10
10
10
10
10
10
10
10
10
10
10
10
10
10
10
10
10
10
10
10
10
10
10
10
10
10
10
10
10
10
10
10
10
10
10
10
10
10
10
10
10
10
10
10
10
10
10
10
10
10
10.4142
10
10
10
10
10
10
10
10
10
10
10
10
10
10
10
10
10
10
10
10
10
10
10
10
10
10
10
10
10
10
10
10
10
10
10
10
10
10
10
10
10
10
10
10
10
10
10
10
10
10
10
10
10
10
10
10
10
10
10
10
10
10
10
10
10
10
10
10
10
10
10
10
10
10
10
10
10
10
10
10
10
10
10
10
10
10
10.4142
9
9
9
9
9
9
9
9
9
9
9
9
9
9
9
9
9
9
9
9
9
9
9
9
9
9
9
9
9
9
9
9
9
9
9
9
9
9
9
9
9
9
9
9
9
9
9
9
9
9
9
9
9
9
9
9
9
9
9
9
9
9
9
9
9
9
9
9
9
9
9
9
9
9
9
9
9
9
9
9
9
9
9
9
9
9
9
9
9
9
9
9
9
9
9
9
9
9
9
9
9
9
9
9
9
9
9
9
9
9
9
9
9
9
9
9
9
9
9
9
9
9
9
9
9
9
9
9
9
9
9
9
9
9
9
9
9
9
9
9
9
9
9
9
9
9
9
9
9
9
9
9
9
9
9
9
9
9
9
9
9
9
9
9
9
9
9
9
9
9
9
9
9
9
9
9
9
9
9
9
9
9
9
9
9
9
9
9
9
9
9
9
9
9
9
9
9
9
9
9
9
9
9
9
9
9
9
9
9
9
9
9
9
9
9
9
9
9
9
9
9
9
9
9
9
9
9
9
9
9
9
9
9
9
9
9
9
9
9
9
9
9
9
9
9
9
9
9
9
9
9
9
9
9
9
9
9
9
9
9
9
9
9
9
9
9
9
9
9
9
9
9
9
9
9
9
9
9
9
9
9
9
9
9
9
9
9
9
9
9
9
9
9
9
9
9
9
9
9
9
9
9
9
9
9
9
9
9
9
9.41421
8
8
8
8
8
8
8
8
8
8
8
8
8
8
8
8
8
8
8
8
8
8
8
8
8
8
8
8
8
8
8
8
8
8
8
8
8
8
8
8
8
8
8
8
8
8
8
8
8
8
8
8
8
8
8
8
8
8
8
8
8
8
8
8
8
8
8
8
8
8
8
8
8
8
8
8
8
8
8
8
8
8
8
8
8
8
8
8
8
8
8
8
8
8
8
8
8
8
8
8
8
8
8
8
8
8
8
8
8
8
8
8
8
8
8
8
8
8
8
8
8
8
8
8
8
8
8
8
8
8
8
8
8
8
8
8
8
8
8
8
8
8
8
8
8
8
8
8
8
8
8
8
8
8
8
8
8
8
8
8
8
8
8
8
8
8
8
8
8
8
8
8
8
8
8
8
8
8
8
8
8
8
8
8
8
8
8
8
8
8
8
8
8
8
8
8
8
8
8
8
8
8
8
8
8
8
8
8
8
8
8
8
8
8
8
8
8
8
8
8
8
8
8
8
8
8
8
8
8
8
8
8
8
8
8
8
8
8
8
8
8
8
8
8
8
8
8
8
8
8
8
8
8
8
8
8
8
8
8
8
8
8
8
8
8
8
8
8
8
8
8
8
8
8
8
8
8
8
8
8
8
8
8
8
8
8
8
8
8
8
8
8
8
8
8
8
8
8
8
8
8
8
8
8
8
8
8
8
8
7
7
7
7
7
7
7
7
7
7
7
7
7
7
7
7
7
7
7
7
7
7
7
7
7
7
7
7
7
7
7
7
7
7
7
7
7
7
7
7
7
7
7
7
7
7
7
7
7
7
7
7
7
7
7
7
7
7
7
7
7
7
7
7
7
7
7
7
7
7
7
7
7
7
7
7
7
7
7
7
7
7
7
7
7
7
7
7
7
7
7
7
7
7
7
7
7
7
7
7
7
7
7
7
7
7
7
7
7
7
7
7
7
7
7
7
7
7
7
7
7
7
7
7
7
7
7
7
7
7
7
7
7
7
7
7
7
7
7
7
7
7
7
7
7
7
7
7
7
7
7
7
7
7
7
7
7
7
7
7
7
7
7
7
7
7
7
7
7
7
7
7
7
7
7
7
7
7
7
7
7
7
7
7
7
7
7
7
7
7
7
7
7
7
7
7
7
7
7
7
7
7
7
7
7
7
7
7
7
7
7
7
7
7
7
7
7
7
7
7
7
7
7
7
7
7
7
7
7
7
7
7
7
7
7
7
7
7
7
7
7
7
7
7
7
7
7
7
7
7
7
7
7
7
7
7
7
7
7
7
7
7
7
7
7
7
7
7
7
7
7
7
7
7
7
7
7
7
7
7
7
7
7
7
7
7
7
7
7
7
7
7
7
7
7
7
7
7
7
7
7
7
7
7
7
7
7
7
7
6
6
6
6
6
6
6
6
6
6
6
6
6
6
6
6
6
6
6
6
6
6
6
6
6
6
6
6
6
6
6
6
6
6
6
6
6
6
6
6
6
6
6
6
6
6
6
6
6
6
6
6
6
6
6
6
6
6
6
6
6
6
6
6
6
6
6
6
6
6
6
6
6
6
6
6
6
6
6
6
6
6
6
6
6
6
6
6
6
6
6
6
6
6
6
6
6
6
6
6
6
6
6
6
6
6
6
6
6
6
6
6
6
6
6
6
6
6
6
6
6
6
6
6
6
6
6
6
6
6
6
6
6
6
6
6
6
6
6
6
6
6
6
6
6
6
6
6
6
6
6
6
6
6
6
6
6
6
6
6
6
6
6
6
6
6
6
6
6
6
6
6
6
6
6
6
6
6
6
6
6
6
6
6
6
6
6
6
6
6
6
6
6
6
6
6
6
6
6
6
6
6
6
6
6
6
6
6
6
6
6
6
6
6
6
6
6
6
6
6
6
6
6
6
6
6
6
6
6
6
6
6
6
6
6
6
6
6
6
6
6
6
6
6
6
6
6
6
6
6
6
6
6
6
6
6
6
6
6
6
6
6
6
6
6
6
6
6
6
6
6
6
6
6
6
6
6
6
6
6
6
6
6
6
6
6
6
6
6
6
6
6
6
6
6
6
6
6
6
6
6
6
6
6
6
6
6
6
6
6
6
6
6
6
6
6
6
6
6
6
6
6
6
6
6
6
6
6
6
6
6
6
6
6
6
6
6
6
6
6
6
6
6
6
6
6
6
6
6
6
6
6
6
6
6
6
6
6
6
6
6
6
6
6
6
6
6
6
6
6
6
6
6
6
6
6
6
6
6
6
6
6
6
6
6
6
6
6
6
6
6
6
6
6
6
6
6
6
6
6
6
6
6
6
6
6
6
6
6
6
6
6
6
6
6
6
6
6
6
6
6
6
6
6
6
6
6
6
6
6
6
6
6
6
6
6
6
6
6
6
6
6
6
6
6
6
6
6
6
6
6
6
6
6
6
6
6
6
6
6
6
6
6
6
6
6
6
6
6
6
6
6
6
6
6
6
6
6
6
6
6
6
6
6
6
6
6
6
6
6
6
6
6
6
6
6
6
6
6
6
6
6
6
6
6
6
6
6
6
6
6
6
5
5
5
5
5
5
5
5
5
5
5
5
5
5
5
5
5
5
5
5
5
5
5
5
5
5
5
5
5
5
5
5
5
5
5
5
5
5
5
5
5
5
5
5
5
5
5
5
5
5
5
5
5
5
5
5
5
5
5
5
5
5
5
5
5
5
5
5
5
5
5
5
5
5
5
5
5
5
5
5
5
5
5
5
5
5
5
5
5
5
5
5
5
5
5
5
5
5
5
5
5
5
5
5
5
5
5
5
5
5
5
5
5
5
5
5
5
5
5
5
5
5
5
5
5
5
5
5
5
5
5
5
5
5
5
5
5
5
5
5
5
5
5
5
5
5
5
5
5
5
5
5
5
5
5
5
5
5
5
5
5
5
5
5
5
5
5
5
5
5
5
5
5
5
5
5
5
5
5
5
5
5
5
5
5
5
5
5
5
5
5
5
5
5
5
5
5
5
5
5
5
5
5
5
5
5
5
5
5
5
5
5
5
5
5
5
5
5
5
5
5
5
5
5
5
5
5
5
5
5
5
5
5
5
5
5
5
5
5
5
5
5
5
5
5
5
5
5
5
5
5
5
5
5
5
5
5
5
5
5
5
5
5
5
5
5
5
5
5
5
5
5
5
5
5
5
5
5
5
5
5
5
5
5
5
5
5
5
5
5
5
5
5
5
5
5
5
5
5
5
5
5
5
5
5
5
5
5
5
5
5
5
5
5
5
5
5
5
5
5
5
5
5
5
5
5
5
5
5
5
5
5
5
5
5
5
5
5
5
5
5
5
5
5
5
5
5
5
5
5
5
5
5
5
5
5
5
5
5
5
5
5
5
5
5
5
5
5
5
5
5
5
5
5
5
5
5
5
5
5
5
5
5
5
5
5
5
5
5
5
5
5
5
5
5
5
5
5
5
5
5
5
5
5
5
5
5
5
5
5
5
5
5
5
5
5
5
5
5
5
5
5
5
5
5
5
5
5
5
5
5
5
5
5
5
5
5
5
5
5
5
5
5
5
5
5
5
5
5
5
5
5
5
5
5
5
5
5
5
5
5
5
5
5
5
5
5
5
5
5
5
5
5
5
5
5
5
5
5
5
5
5
5
5
5
5
5
5
5
5
5
5
5
5
5
5
5
5
5
5
5
5
5
5
5
5
5
5
5
5
5
5
4
4
4
4
4
4
4
4
4
4
4
4
4
4
4
4
4
4
4
4
4
4
4
4
4
4
4
4
4
4
4
4
4
4
4
4
4
4
4
4
4
4
4
4
4
4
4
4
4
4
4
4
4
4
4
4
4
4
4
4
4
4
4
4
4
4
4
4
4
4
4
4
4
4
4
4
4
4
4
4
4
4
4
4
4
4
4
4
4
4
4
4
4
4
4
4
4
4
4
4
4
4
4
4
4
4
4
4
4
4
4
4
4
4
4
4
4
4
4
4
4
4
4
4
4
4
4
4
4
4
4
4
4
4
4
4
4
4
4
4
4
4
4
4
4
4
4
4
4
4
4
4
4
4
4
4
4
4
4
4
4
4
4
4
4
4
4
4
4
4
4
4
4
4
4
4
4
4
4
4
4
4
4
4
4
4
4
4
4
4
4
4
4
4
4
4
4
4
4
4
4
4
4
4
4
4
4
4
4
4
4
4
4
4
4
4
4
4
4
4
4
4
4
4
4
4
4
4
4
4
4
4
4
4
4
4
4
4
4
4
4
4
4
4
4
4
4
4
4
4
4
4
4
4
4
4
4
4
4
4
4
4
4
4
4
4
4
4
4
4
4
4
4
4
4
4
4
4
4
4
4
4
4
4
4
4
4
4
4
4
4
4
4
4
4
4
4
4
4
4
4
4
4
4
4
4
4
4
4
4
4
4
4
4
4
4
4
4
4
4
4
4
4
4
4
4
4
4
4
4
4
4
4
4
4
4
4
4
4
4
4
4
4
4
4
4
4
4
4
4
4
4
4
4
4
4
4
4
4
4
4
4
4
4
4
4
4
4
4
4
4
4
4
4
4
4
4
4
4
4
4
4
4
4
4
4
4
4
4
4
4
4
4
4
4
4
4
4
4
4
4
4
4
4
4
4
4
4
4
4
4
4
4
4
4
4
4
4
4
4
4
4
4
4
4
4
4
4
4
4
4
4
4
4
4
4
4
4
4
4
4
4
4
4
4
4
4
4
4
4
4
4
4
4
4
4
4
4
4
4
4
4
4
4
4
4
4
4
4
4
4
4
4
4
4
4
4
4
4
4
4
4
4
4
4
4
4
4
4
4
4
4
4
4
4
4
4
4
4
4
4
4
4
4
4
4
4
4
4
4
4
4
3
3
3
3
3
3
3
3
3
3
3
3
3
3
3
3
3
3
3
3
3
3
3
3
3
3
3
3
3
3
3
3
3
3
3
3
3
3
3
3
3
3
3
3
3
3
3
3
3
3
3
3
3
3
3
3
3
3
3
3
3
3
3
3
3
3
3
3
3
3
3
3
3
3
3
3
3
3
3
3
3
3
3
3
3
3
3
3
3
3
3
3
3
3
3
3
3
3
3
3
3
3
3
3
3
3
3
3
3
3
3
3
3
3
3
3
3
3
3
3
3
3
3
3
3
3
3
3
3
3
3
3
3
3
3
3
3
3
3
3
3
3
3
3
3
3
3
3
3
3
3
3
3
3
3
3
3
3
3
3
3
3
3
3
3
3
3
3
3
3
3
3
3
3
3
3
3
3
3
3
3
3
3
3
3
3
3
3
3
3
3
3
3
3
3
3
3
3
3
3
3
3
3
3
3
3
3
3
3
3
3
3
3
3
3
3
3
3
3
3
3
3
3
3
3
3
3
3
3
3
3
3
3
3
3
3
3
3
3
3
3
3
3
3
3
3
3
3
3
3
3
3
3
3
3
3
3
3
3
3
3
3
3
3
3
3
3
3
3
3
3
3
3
3
3
3
3
3
3
3
3
3
3
3
3
3
3
3
3
3
3
3
3
3
3
3
3
3
3
3
3
3
3
3
3
3
3
3
3
3
3
3
3
3
3
3
3
3
3
3
3
3
3
3
3
3
3
3
3
3
3
3
3
3
3
3
3
3
3
3
3
3
3
3
3
3
3
3
3
3
3
3
3
3
3
3
3
3
3
3
3
3
3
3
3
3
3
3
3
3
3
3
3
3
3
3
3
3
3
3
3
3
3
3
3
3
3
3
3
3
3
3
3
3
3
3
3
3
3
3
3
3
3
3
3
3
3
3
3
3
3
3
3
3
3
3
3
3
3
3
3
3
3
3
3
3
3
3
3
3
3
3
3
3
3
3
3
3
3
3
3
3
3
3
3
3
3
3
3
3
3
3
3
3
3
3
3
3
3
3
3
3
3
3
3
3
3
3
3
3
3
3
3
3
3
3
3
3
3
3
3
3
3
3
3
3
3
3
3
3
3
3
3
3
3
3
3
3
3
3
3
3
3
3
3
3
3
3
3
3
3
3
2
2
2
2
2
2
2
2
2
2
2
2
2
2
2
2
2
2
2
2
2
2
2
2
2
2
2
2
2
2
2
2
2
2
2
2
2
2
2
2
2
2
2
2
2
2
2
2
2
2
2
2
2
2
2
2
2
2
2
2
2
2
2
2
2
2
2
2
2
2
2
2
2
2
2
2
2
2
2
2
2
2
2
2
2
2
2
2
2
2
2
2
2
2
2
2
2
2
2
2
2
2
2
2
2
2
2
2
2
2
2
2
2
2
2
2
2
2
2
2
2
2
2
2
2
2
2
2
2
2
2
2
2
2
2
2
2
2
2
2
2
2
2
2
2
2
2
2
2
2
2
2
2
2
2
2
2
2
2
2
2
2
2
2
2
2
2
2
2
2
2
2
2
2
2
2
2
2
2
2
2
2
2
2
2
2
2
2
2
2
2
2
2
2
2
2
2
2
2
2
2
2
2
2
2
2
2
2
2
2
2
2
2
2
2
2
2
2
2
2
2
2
2
2
2
2
2
2
2
2
2
2
2
2
2
2
2
2
2
2
2
2
2
2
2
2
2
2
2
2
2
2
2
2
2
2
2
2
2
2
2
2
2
2
2
2
2
2
2
2
2
2
2
2
2
2
2
2
2
2
2
2
2
2
2
2
2
2
2
2
2
2
2
2
2
2
2
2
2
2
2
2
2
2
2
2
2
2
2
2
2
2
2
2
2
2
2
2
2
2
2
2
2
2
2
2
2
2
2
2
2
2
2
2
2
2
2
2
2
2
2
2
2
2
2
2
2
2
2
2
2
2
2
2
2
2
2
2
2
2
2
2
2
2
2
2
2
2
2
2
2
2
2
2
2
2
2
2
2
2
2
2
2
2
2
2
2
2
2
2
2
2
2
2
2
2
2
2
2
2
2
2
2
2
2
2
2
2
2
2
2
2
2
2
2
2
2
2
2
2
2
2
2
2
2
2
2
2
2
2
2
2
2
2
2
2
2
2
2
2
2
2
2
2
2
2
2
2
2
2
2
2
2
2
2
2
2
2
2
2
2
2
2
2
2
2
2
2
2
2
2
2
2
2
2
2
2
2
2
2
2
2
2
2
2
2
2
2
2
2
2
2
2
2
2
2
2
2
2
2
2
2
2
2
2
2
2
2
2
2
2
2
1
1
1
1
1
1
1
1
1
1
1
1
1
1
1
1
1
1
1
1
1
1
1
1
1
1
1
1
1
1
1
1
1
1
1
1
1
1
1
1
1
1
1
1
1
1
1
1
1
1
1
1
1
1
1
1
1
1
1
1
1
1
1
1
1
1
1
1
1
1
1
1
1
1
1
1
1
1
1
1
1
1
1
1
1
1
1
1
1
1
1
1
1
1
1
1
1
1
1
1
1
1
1
1
1
1
1
1
1
1
1
1
1
1
1
1
1
1
1
1
1
1
1
1
1
1
1
1
1
1
1
1
1
1
1
1
1
1
1
1
1
1
1
1
1
1
1
1
1
1
1
1
1
1
1
1
1
1
1
1
1
1
1
1
1
1
1
1
1
1
1
1
1
1
1
1
1
1
1
1
1
1
1
1
1
1
1
1
1
1
1
1
1
1
1
1
1
1
1
1
1
1
1
1
1
1
1
1
1
1
1
1
1
1
1
1
1
1
1
1
1
1
1
1
1
1
1
1
1
1
1
1
1
1
1
1
1
1
1
1
1
1
1
1
1
1
1
1
1
1
1
1
1
1
1
1
1
1
1
1
1
1
1
1
1
1
1
1
1
1
1
1
1
1
1
1
1
1
1
1
1
1
1
1
1
1
1
1
1
1
1
1
1
1
1
1
1
1
1
1
1
1
1
1
1
1
1
1
1
1
1
1
1
1
1
1
1
1
1
1
1
1
1
1
1
1
1
1
1
1
1
1
1
1
1
1
1
1
1
1
1
1
1
1
1
1
1
1
1
1
1
1
1
1
1
1
1
1
1
1
1
1
1
1
1
1
1
1
1
1
1
1
1
1
1
1
1
1
1
1
1
1
1
1
1
1
1
1
1
1
1
1
1
1
1
1
1
1
1
1
1
1
1
1
1
1
1
1
1
1
1
1
1
1
1
1
1
1
1
1
1
1
1
1
1
1
1
1
1
1
1
1
1
1
1
1
1
1
1
1
1
1
1
1
1
1
1
1
1
1
1
1
1
1
1
1
1
1
1
1
1
1
1
1
1
1
1
1
1
1
1
1
1
1
1
1
1
1
1
1
1
1
1
1
1
1
1
1
1
1
1
1
1
1
1
1
1
1
1
1
1
1
1
1
1
1
1
1
1
1
1
1
0
0
0
0
0
0
0
0
0
0
0
0
0
0
0
0
0
0
0
0
0
0
0
0
0
0
0
0
0
0
0
0
0
0
0
0
0
0
0
0
0
0
0
0
0
0
0
0
0
0
0
0
0
0
0
0
0
0
0
0
0
0
0
0
0
0
0
0
0
0
0
0
0
0
0
0
0
0
0
0
0
0
0
0
0
0
0
0
0
0
0
0
0
0
0
0
0
0
0
0
0
0
0
0
0
0
0
0
0
0
0
0
0
0
0
0
0
0
0
0
0
0
0
0
0
0
0
0
0
0
0
0
0
0
0
0
0
0
0
0
0
0
0
0
0
0
0
0
0
0
0
0
0
0
0
0
0
0
0
0
0
0
0
0
0
0
0
0
0
0
0
0
0
0
0
0
0
0
0
0
0
0
0
0
0
0
0
0
0
0
0
0
0
0
0
0
0
0
0
0
0
0
0
0
0
0
0
0
0
0
0
0
0
0
0
0
0
0
0
0
0
0
0
0
0
0
0
0
0
0
0
0
0
0
0
0
0
0
0
0
0
0
0
0
0
0
0
0
0
0
0
0
0
0
0
0
0
0
0
0
0
0
0
0
0
0
0
0
0
0
0
0
0
0
0
0
0
0
0
0
0
0
0
0
0
0
0
0
0
0
0
0
0
0
0
0
0
0
0
0
0
0
0
0
0
0
0
0
0
0
0
0
0
0
0
0
0
0
0
0
0
0
0
0
0
0
0
0
0
0
0
0
0
0
0
0
0
0
0
0
0
0
0
0
0
0
0
0
0
0
0
0
0
0
0
0
0
0
0
0
0
0
0
0
0
0
0
0
0
0
0
0
0
0
0
0
0
0
0
0
0
0
0
0
0
0
0
0
0
0
0
0
0
0
0
0
0
0
0
0
0
0
0
0
0
0
0
0
0
0
0
0
0
0
0
0
0
0
0
0
0
0
0
0
0
0
0
0
0
0
0
0
0
0
0
0
0
0
0
0
0
0
0
0
0
0
0
0
0
0
0
0
0
0
0
0
0
0
0
0
0
0
0
0
0
0
0
0
0
0
0
0
0
0
0
0
0
0
0
0
0
0
0
0
0
0
0
0
0
0
0
0
0
0
0
0
0
0
0
0
0
0
0
0
0
0
0
0
0
0
0
0
