6
6
6
6
6
6
6
6
6
6
6
6
6
6
6
6
6
6
6
6
6
6
6
6
6
6
6
6
6
6
6
6
6
6
6
6
6
6
6
6
6
6
6
6
6
6
6
6
6
6
6
6
6
6
6
6
6
6
6
6
6
6
6
6
6
6
6
6
6
6
6
6
6
6
6
6
6
6
6
6
6
6
6
6
6
6
6
6
6
6
6
6
6
6
6
6
6
6
6
6
6
6
6
6
6
6
6
6
6
6
6
6
6
6
6
6
6
6
6
6
6
6
6
6
6
6
6
6
6
6
6
6
6
6
6
6
6
6
6
6
6
6
6
6
6
6
6
6
6
6
6
6
6
6
6
6
6
6
6
6
6
6
6
6
6
6
6
6
6
6
6
6
6
6
6
6
6
6
6
6
6
6
6
6
6
6
6
6
6
6
6
6
6
6
6
6
6
6
6
6
6
6
6
6
6
6
6
6
6
6
6
6
6
6
6
6
6
6
6
6
6
6
6
6
7
7
7
7
7
7
7
7
7
7
8
8
8
8
8
8
8
8
8
8
9
9
9
9
9
9
9
9
9
9
9
10
10
10
10
10
10
10
10
10
10
10.4142
11.4142
10
10
10
10
10
10
10
11
11
11
11
11
11.8284
11
11
11
11
12
12
12
12
12
12.8284
12
12
12
12
13
13
13
13
13
13
13.8284
13
13
13
13
14
14
14
14
14
14.8284
14
14
14
14
15
15
15
15
15.4142
15
15
15
15
15.8284
16.2426
15
15
15
15
15
15
16
16
16.4142
16
16
16
17.2426
17.4142
16.4142
16
16
16
16
17
17
17
17
17.4142
17
17
17
17
18.2426
18.6569
17.8284
17
17
17
17
18
18
19.8284
18.8284
18.4142
18
18
18
19.6569
20.0711
18.8284
18
18
18
18
19
19
19
19
19
20.2426
19
19
19
21.0711
21.4853
22.4853
20.2426
19.8284
19
19
19
19
19
20
20
21.6569
21.2426
20
20
22.8995
21.2426
20
20
20
21
21
21
22.6569
21
21
21
21
23.8995
22.2426
21
21
21
21
21
22
22
22
22
22
23.6569
22
22
22
22
24.8995
25.3137
23.6569
23.2426
22
22
22
23
23
23
25.0711
24.6569
23
23
23
26.3137
26.7279
27.7279
28.7279
24.6569
23
23
23
23
23
23
24
24
24
24
27.4853
26.4853
26.0711
24
24
24
24
24
29.1421
30.1421
26.0711
25.6569
24
24
24
24
25.4142
26.4142
27.4142
28.4142
29.4142
25
25
25
25
25
25
25
27.8995
25
25
25
25
25
30.5563
31.5563
28.4853
27.4853
27.0711
25
25
25
25
25
25
29.8284
30.8284
31.8284
32.8284
33.8284
34.8284
26
26
26
26
29.3137
28.8995
26
26
26
26
31.9706
32.9706
33.9706
34.9706
28.8995
26
26
26
26
26
35.2426
36.2426
37.2426
38.2426
27
27
27
27
27
30.7279
30.3137
27
27
27
27
27
27
35.3848
36.3848
37.3848
30.3137
29.8995
27
27
27
27
27
27
38.6569
39.6569
28
28
28
28
28
32.1421
31.7279
28
28
28
28
28
37.799
38.799
39.799
40.799
31.7279
31.3137
28
28
28
28
40.0711
41.0711
42.0711
43.0711
29
29
34.5563
33.5563
33.1421
29
29
41.2132
42.2132
43.2132
34.1421
33.1421
32.7279
29
29
43.4853
30
30
30
30
30
30
30
30
34.9706
30
30
30
30
30
30
43.6274
34.5563
30
30
30
30
43.8995
44.8995
31
31
31
31
31
31
31
36.3848
35.9706
31
31
31
31
31
44.0416
45.0416
46.0416
47.0416
35.9706
35.5563
31
31
31
31
31
31
31
45.3137
46.3137
32
32
32
32
32
32
32
32
37.799
37.3848
32
32
32
32
32
32
32
47.4558
48.4558
49.4558
50.4558
51.4558
38.3848
37.3848
36.9706
32
32
32
32
32
32
32
32
33.4142
46.7279
47.7279
33
33
33
33
33
33
33
33
33
40.2132
39.2132
38.799
33
33
33
33
33
33
33
33
51.8701
52.8701
53.8701
54.8701
55.8701
40.799
39.799
38.799
33
33
33
33
33
33
33
33
33
33
33
34.4142
48.1421
34
34
34
34
34
34
34
34
34
34
34
34
41.6274
40.6274
34
34
34
34
34
34
34
34
56.2843
57.2843
58.2843
59.2843
43.2132
42.2132
41.2132
34
34
35.4142
48.5564
49.5564
50.5564
35
35
35
35
35
35
35
35
35
35
35
35
35
35
35
35
35
35
44.0416
43.0416
42.0416
35
35
35
35
35
35
35
35
35
59.6985
60.6985
61.6985
62.6985
63.6985
64.6985
65.6985
47.6274
46.6274
45.6274
44.6274
43.6274
35
35
36.4142
50.9706
51.9706
36
36
36
36
36
36
36
36
36
36
36
36
36
36
36
36
36
36
36
36
36
36
46.4559
45.4559
44.4559
36
36
36
36
36
36
36
36
66.1127
67.1127
67.0416
66.0416
65.0416
64.0416
63.0416
62.0416
61.0416
60.0416
59.0416
58.0416
57.0416
56.0416
55.0416
54.0416
53.0416
52.0416
51.0416
50.0416
49.0416
48.0416
36
36
37.4142
52.3848
47.8701
46.8701
37
37
37
38.4142
52.799
48.2843
38
38
38
38
38
38
38
38
38
38
39.4142
53.2132
54.2132
49.6985
48.6985
39
39
39
39
39
39
39
39
40.4142
54.6274
51.1127
50.1127
40
40
40
224.468
224.054
223.64
223.225
222.811
40
40
40
40
40
40
41.4142
55.0416
54.5269
53.5269
52.5269
51.5269
41
41
224.711
224.297
223.882
223.468
221.811
221.397
220.983
220.569
220.154
219.74
41
41
41
41
41
41
41
41
42.4142
55.4559
55.9411
54.9411
42
42
224.539
224.125
223.711
218.74
218.326
217.912
217.498
42
42
42.4142
42
42
43.4142
55.8701
56.8701
57.8701
58.3554
57.3554
56.3554
43
43
224.368
223.953
223.539
216.498
216.083
43.4142
43.8284
44.2426
44.6569
43
43
44.4142
58.2843
58.7696
44
44
44
223.782
223.368
215.083
214.669
45.6569
46.0711
46.4853
44
44
45.4142
58.6985
60.1838
59.1838
45
223.368
213.669
213.255
212.841
212.426
47.4853
47.8995
48.3137
48.7279
45
45
45
46.4142
59.1127
61.598
60.598
46
223.953
222.953
211.426
211.012
49.7279
46
47.4142
59.5269
62.0122
47
47
223.539
210.012
50.7279
51.1421
51.5563
51.9706
47
47
48.4142
57.9412
58.9412
59.9412
63.4264
62.4264
48
48
223.125
209.012
208.598
52.9706
53.3848
53.799
54.2132
48
48
49.4142
58.9412
63.8406
49
222.711
207.598
207.184
55.2132
55.6274
56.0416
56.4558
49
49
50.4142
59.9412
66.2549
65.2549
64.2549
50
50
50
222.297
206.184
206.598
207.012
57.4558
57.8701
58.2843
58.6985
50
51.4142
60.9412
66.6691
51
221.882
206.012
59.6985
60.1127
60.5269
51
51
51
100.657
99.6569
98.6569
97.6569
96.6569
95.6569
94.6569
93.6569
92.6569
91.6569
90.6569
89.6569
88.6569
87.6569
86.6569
85.6569
84.6569
83.6569
82.6569
81.6569
80.6569
79.6569
78.6569
77.6569
52.4142
61.5269
61.9412
68.0833
67.0833
52
221.468
220.468
205.012
205.426
61.5269
61.9411
62.3554
62.7696
52
52
105.243
104.243
103.243
102.243
101.243
100.243
77.2426
76.2426
75.2426
74.2426
73.2426
72.2426
71.2426
70.2426
69.2426
68.2426
67.2426
66.2426
65.2426
64.2426
63.2426
62.2426
61.2426
60.2426
53.4142
62.5269
68.4975
53
53
220.054
204.426
204.841
63.7696
64.1838
64.598
53
108.828
107.828
106.828
105.828
104.828
59.8284
58.8284
57.8284
56.8284
55.8284
54.8284
53.8284
63.5269
68.9117
54
219.64
203.841
204.255
204.669
65.598
54
113.243
112.243
111.243
110.243
109.243
64.1127
64.5269
69.9117
55
219.225
218.225
203.669
66.598
67.0122
67.4264
67.8406
55
55
113.657
65.1127
70.9117
56
217.811
202.669
203.083
68.8406
69.2549
56
56
56
115.071
114.071
65.2843
65.6985
66.1127
72.3259
71.9117
57
217.397
216.397
215.397
202.083
202.498
70.2549
70.6691
71.0833
71.4975
57
118.485
117.485
116.485
115.485
65.8701
66.2843
73.3259
58
214.983
213.983
201.498
201.912
72.4975
72.9117
73.3259
58
119.9
118.9
66.4559
66.8701
74.3259
59
213.569
212.569
211.569
200.912
201.326
201.74
74.3259
74.7402
75.1544
75.5686
59
59
123.314
122.314
121.314
120.314
67.0416
67.4559
75.3259
60
211.154
210.154
209.154
200.74
76.5686
76.9828
60
124.728
123.728
67.2132
67.6274
68.0416
76.3259
61
208.74
207.74
206.74
199.74
200.154
77.9828
78.397
78.8112
78.397
61
61
126.142
125.142
67.3848
67.799
68.2132
77.3259
76.9117
62
206.326
205.326
204.326
203.326
199.154
199.569
199.983
79.397
78.9828
62
126.556
68.3848
77.9117
63
63.4142
202.912
198.983
199.397
199.811
79.9828
63
128.971
127.971
126.971
68.1421
68.5564
68.9706
69.3848
78.9117
64.4142
202.498
201.498
200.498
198.811
80.9828
80.5686
64
129.385
68.3137
68.7279
69.1421
79.9117
65.4142
200.083
199.083
198.083
197.083
197.811
198.225
81.5686
81.1544
80.7402
80.3259
65
130.799
129.799
66.4142
66.8284
67.2426
67.6569
68.0711
68.4853
68.8995
69.3137
80.9117
66.4142
196.669
195.669
194.669
193.669
197.811
198.811
81.3259
80.9117
66
66
132.213
131.213
66.8284
81.9117
81.4975
67.4142
67.8284
68.8284
193.255
192.255
198.397
199.397
200.397
81.9117
81.4975
67
132.627
67.8284
82.4975
69.2426
191.841
190.841
189.841
199.983
200.983
201.983
82.4975
82.0833
68
134.042
133.042
68.8284
83.4975
83.0833
82.6691
70.2426
70.6569
189.426
188.426
188.012
201.569
202.569
83.0833
82.6691
82.2549
69
134.456
69.8284
83.6691
71.6569
72.0711
187.012
202.154
203.154
204.154
205.154
83.2549
82.8406
70
134.87
70.8284
84.6691
84.2549
73.0711
73.4853
74.4853
186.012
185.598
204.74
205.74
83.8406
83.4264
71
137.284
136.284
135.284
71.8284
85.2549
74.8995
75.8995
76.8995
184.598
205.326
206.326
207.326
208.326
84.4264
72
137.699
72.8284
86.2549
85.8406
77.3137
183.598
207.912
85.4264
85.0122
84.598
73
138.113
73.8284
86.8406
77.7279
78.7279
182.598
182.184
207.498
208.498
209.498
85.598
74
138.527
74.8284
87.8406
87.4264
79.1422
80.1422
81.1422
82.1422
83.1422
107.799
108.799
109.799
110.799
111.799
112.799
113.799
114.799
115.799
116.799
117.799
118.799
119.799
120.799
121.799
122.799
181.184
209.083
210.083
211.083
212.083
86.598
86.1838
75
138.941
75.8284
88.4264
88.0122
87.598
83.5564
84.5564
85.5564
86.5564
87.5564
88.5564
89.5564
90.5564
95.3848
96.3848
97.3848
98.3848
99.3848
100.385
101.385
102.385
103.385
104.385
105.385
106.385
107.385
122.385
123.385
124.385
125.385
126.385
127.385
128.385
180.184
211.669
212.669
213.669
87.1838
86.7696
76
139.355
76.8284
88.598
88.1838
90.9706
91.9706
92.9706
93.9706
94.9706
127.971
128.971
129.971
179.184
213.255
214.255
215.255
87.7696
77
139.77
77.8284
89.1838
88.7696
130.385
131.385
132.385
133.385
178.184
214.841
215.841
216.841
88.7696
88.3554
78
140.184
78.8284
89.7696
89.3554
88.9411
133.799
134.799
135.799
177.184
216.426
217.426
218.426
219.426
89.3554
88.9411
88.5269
79
140.598
83.5564
83.1422
82.7279
82.3137
81.8995
81.4853
81.0711
80.6569
80.2426
79.8284
89.9411
136.213
137.213
138.213
139.213
176.184
219.012
220.012
89.5269
80
141.012
84.5564
90.9411
90.5269
139.627
175.184
219.598
90.5269
81
141.426
87.6274
87.2132
86.799
86.3848
85.9706
85.5564
91.5269
91.1127
140.042
141.042
173.77
174.184
219.184
220.184
221.184
222.184
91.5269
91.1127
82
141.841
89.8701
89.4559
89.0417
88.6274
92.1127
91.6985
141.456
142.456
143.456
144.456
172.77
221.77
222.77
223.77
92.1127
83
83.4142
142.255
141.255
140.255
92.1127
91.6985
91.2843
90.8701
92.6985
92.2843
91.8701
144.87
145.87
146.87
171.355
172.355
223.355
224.355
225.355
93.1127
92.6985
84.4142
140.669
94.3554
93.9412
93.5269
93.1127
92.8701
92.4558
147.284
148.284
149.284
150.284
167.941
168.941
169.941
170.941
224.941
225.941
93.6985
85.4142
141.083
96.598
96.1838
95.7696
95.3554
93.4558
93.0416
150.699
151.699
152.699
166.527
167.527
225.527
226.527
227.527
94.6985
86.4142
141.498
140.498
98.0122
97.598
94.0416
93.6274
153.113
154.113
155.113
156.113
157.113
158.113
159.113
160.113
161.113
162.113
163.113
164.113
165.113
166.113
227.113
228.113
229.113
95.6985
95.2843
87.4142
140.912
139.912
99.8407
99.4265
99.0122
94.6274
94.2132
93.799
229.527
230.527
96.2843
88.4142
88.8284
140.326
102.083
101.669
101.255
100.841
94.799
230.941
231.941
97.2843
89.8284
140.74
103.083
95.799
95.3848
232.355
98.2843
90.8284
141.154
140.154
104.912
104.498
104.083
96.3848
95.9706
232.77
233.77
99.2843
98.8701
98.4558
91.8284
140.569
139.569
138.569
106.74
106.326
105.912
96.9706
234.184
235.184
236.184
99.4558
92.8284
138.983
137.983
136.983
108.569
108.154
107.74
97.9706
97.5563
97.1421
236.598
237.598
100.456
93.8284
94.2426
137.397
136.397
135.397
112.397
111.397
110.397
109.983
109.569
98.1421
97.7279
238.012
239.012
101.456
101.042
95.2426
135.811
134.811
133.811
115.811
114.811
113.811
112.811
98.7279
98.3137
239.426
240.426
241.426
102.042
96.2426
134.225
133.225
132.225
131.225
130.225
129.225
121.225
120.225
119.225
118.225
117.225
116.225
99.3137
127.841
128.841
129.841
130.841
131.841
132.841
133.841
134.841
135.841
136.841
241.841
242.841
103.042
97.2426
129.64
128.64
127.64
126.64
125.64
124.64
123.64
122.64
121.64
100.314
128.255
137.255
243.255
104.042
98.2426
98.6569
99.6569
101.314
100.899
123.669
124.669
125.669
126.669
127.669
128.669
138.255
138.669
139.669
140.669
141.669
142.669
143.669
243.669
105.042
100.071
101.899
120.083
121.083
122.083
123.083
124.083
144.083
145.083
146.083
147.083
244.083
245.083
106.042
101.071
102.899
102.485
102.071
117.498
118.498
119.498
120.498
147.498
148.498
149.498
245.498
246.498
107.042
106.627
102.071
103.071
116.912
117.912
149.912
150.912
151.912
152.912
246.912
107.627
103.071
104.071
103.657
116.498
116.912
117.326
153.326
154.326
247.326
248.326
249.326
108.627
104.071
104.485
104.657
116.669
117.083
117.498
154.74
155.74
196.74
197.74
198.74
199.74
200.74
201.74
202.74
203.74
204.74
205.74
249.74
109.627
105.485
105.657
105.243
117.255
117.669
156.154
157.154
193.154
194.154
195.154
196.154
197.154
206.154
207.154
208.154
209.154
210.154
250.154
251.154
110.627
106.485
106.243
117.841
118.255
157.569
158.569
159.569
191.569
192.569
193.569
210.569
211.569
251.569
111.627
107.485
107.243
118.841
159.983
191.983
211.983
251.983
252.983
112.627
108.485
108.243
119.841
160.983
161.397
191.397
192.397
212.983
213.397
214.397
215.397
253.397
113.627
109.485
109.243
108.828
108.414
120.426
120.841
162.397
162.811
189.811
190.811
191.811
215.811
216.811
253.811
114.627
110.485
109.414
120.598
121.012
121.426
163.811
189.225
190.225
217.225
218.225
254.225
115.627
111.485
111.9
110.414
121.598
164.811
165.225
165.64
189.64
218.64
254.64
255.64
256.64
116.627
116.213
115.799
112.9
111.414
122.184
122.598
166.64
189.054
190.054
219.64
220.054
257.054
116.799
113.9
112.414
112
123.184
167.64
168.054
188.468
189.468
221.054
221.468
222.468
257.468
117.799
114.9
113
124.184
169.054
188.882
222.882
257.882
118.799
115.9
114
125.184
170.054
189.297
223.882
258.297
259.297
119.799
116.9
115
125.77
126.184
171.054
189.711
224.882
259.711
120.799
117.9
116
126.77
172.054
188.125
189.125
190.125
225.882
226.297
260.125
121.799
118.9
117
127.77
173.054
188.539
227.297
260.539
122.799
119.9
118
128.77
174.054
188.953
228.297
260.953
123.799
120.9
119
129.77
175.054
175.468
189.368
229.297
261.368
124.799
121.9
120
120
120
120
120
120
120
120
120
120
120
120
120
120
120
120.414
120.828
121.243
121.657
122.071
122.485
122.9
123.314
123.728
124.142
124.556
124.971
125.385
125.799
126.213
126.627
127.042
127.456
127.87
128.284
128.699
129.113
129.527
129.941
130.355
130.77
176.468
176.882
177.297
177.711
178.125
178.539
178.953
179.368
179.782
180.782
181.782
182.782
183.782
184.782
185.782
186.782
187.782
188.782
189.782
230.297
230.711
231.125
231.539
231.953
232.368
232.782
233.782
234.782
235.782
236.782
237.782
238.782
239.782
240.782
241.782
242.782
243.782
244.782
245.782
246.782
247.782
248.782
249.782
250.782
251.782
252.782
253.782
254.782
255.782
256.782
257.782
258.782
259.782
260.782
261.782
125.799
125.385
124.971
124.556
124.142
123.728
123.314
122.899
122.485
122.071
121.657
121.243
120.828
120.414
120
120
120
120
120
120
120
120
120
120.414
120.828
121.243
121.657
122.071
122.485
122.9
