1.2213899945390636
1.214248381811997
1.2071067690849304
1.199965156357864
1.1928235436307972
1.2398078378878141
1.2325409337093955
1.225274029530977
1.2180071253525584
1.2107402211741398
1.203473316995721
1.1962064128173024
1.1889395086388839
1.1816726044604653
1.2514867910317011
1.2440901207072395
1.2366934503827776
1.2292967800583159
1.221900109733854
1.2145034394093923
1.2071067690849304
1.1997100987604685
1.1923134284360069
1.184916758111545
1.1923134284360069
1.2560592781413684
1.2485281229019165
1.2409969676624646
1.2334658124230125
1.2259346571835605
1.2184035019441084
1.2108723467046565
1.2033411914652044
1.1958100362257524
1.1882788809863003
1.1958100362257524
1.260801116625468
1.2531304955482483
1.2454598744710286
1.237789253393809
1.2301186323165894
1.2224480112393696
1.2147773901621501
1.2071067690849304
1.1994361480077107
1.1917655269304912
1.1994361480077107
1.2813525919644337
1.2735372421876439
1.2657218924108542
1.2579065426340643
1.2500911928572744
1.2422758430804846
1.234460493303695
1.226645143526905
1.2188297937501151
1.2110144439733252
1.2031990941965356
1.1953837444197457
1.2031990941965356
1.2867632187329805
1.2787975737681756
1.2708319288033705
1.2628662838385656
1.2549006388737605
1.2469349939089556
1.2389693489441505
1.2310037039793456
1.2230380590145404
1.2150724140497355
1.2071067690849304
1.1991411241201253
1.2071067690849304
1.2150724140497355
1.292386026943431
1.2842641928616692
1.2761423587799072
1.2680205246981453
1.2598986906163834
1.2517768565346212
1.2436550224528593
1.2355331883710974
1.2274113542893355
1.2192895202075733
1.2111676861258114
1.2030458520440495
1.2111676861258114
1.2192895202075733
1.3099494767189026
1.2899494767189026
1.2816652059555054
1.2733809351921082
1.265096664428711
1.2568123936653137
1.2485281229019165
1.2402438521385193
1.231959581375122
1.2236753106117249
1.2153910398483276
1.2071067690849304
1.2153910398483276
1.2236753106117249
1.2874134754648014
1.2789601379511308
1.2705068004374602
1.2620534629237896
1.2536001254101188
1.2451467878964482
1.2366934503827776
1.228240112869107
1.2197867753554363
1.2113334378417657
1.2197867753554363
1.228240112869107
1.3056051408251126
1.2847718074917793
1.2761423587799072
1.2675129100680351
1.258883461356163
1.250254012644291
1.2416245639324188
1.2329951152205467
1.2243656665086746
1.2157362177968025
1.2243656665086746
1.2329951152205467
1.3032943238603307
1.28201772811565
1.273204674112036
1.2643916201084218
1.2555785661048078
1.2467655121011938
1.2379524580975796
1.2291394040939656
1.2203263500903516
1.2291394040939656
1.322622167027515
1.3008830365927324
1.2791439061579497
1.2701392640238223
1.2611346218896948
1.2521299797555674
1.24312533762144
1.2341206954873127
1.2251160533531853
1.2341206954873127
1.3205868032243517
1.2983645810021294
1.2761423587799072
1.2669376134872437
1.25773286819458
1.2485281229019165
1.239323377609253
1.2301186323165894
1.239323377609253
1.2730043774301356
1.2635904333808206
1.2541764893315055
1.2447625452821904
1.2353486012328754
1.2447625452821904
1.2697204434594442
1.2600875704787498
1.2504546974980555
1.240821824517361
1.266280131680625
1.2564179045813424
1.24655567748206
1.2366934503827776
1.2626719998150338
1.2525692305913785
1.2424664613677234
1.2323636921440684
2.0649494767189025
2.0399494767189026
2.0149494767189027
1.9899494767189025
1.9649494767189026
1.9399494767189025
1.9149494767189026
1.8899494767189027
1.8649494767189025
1.8399494767189026
1.279594138264656
1.2692387998104095
1.258883461356163
1.2485281229019165
1.23817278444767
1.2278174459934235
1.217462107539177
2.1329170648868265
2.107276039245801
2.0816350136047754
2.05599398796375
2.0303529623227243
2.0047119366816983
1.9790709110406728
1.9534298853996472
1.9277888597586217
1.902147834117596
1.8765068084765704
1.8508657828355446
1.825224757194519
1.7995837315534935
1.7739427059124677
1.3017833844209328
1.2761423587799072
1.265521498826834
1.2549006388737605
1.2442797789206872
1.2336589189676137
1.2230380590145404
1.2124171990614672
1.2017963391083937
2.178146105063589
2.151830315589905
2.1255145261162207
2.099198736642536
2.072882947168852
2.046567157695168
2.0202513682214835
1.9939355787477995
1.9676197892741154
1.9413039998004311
1.9149882103267468
1.8886724208530628
1.8623566313793785
1.8360408419056942
1.80972505243201
1.7834092629583258
1.7570934734846417
1.7307776840109574
1.7198773277433295
1.3251404856380664
1.2988246961643821
1.2725089066906978
1.26160855042307
1.250708194155442
1.2398078378878141
1.2289074816201861
1.2180071253525584
1.2071067690849304
1.1962064128173024
2.225819958222879
2.198792931195852
2.171765904168825
2.1447388771417977
2.117711850114771
2.0906848230877437
2.063657796060717
2.03663076903369
2.0096037420066626
1.9825767149796356
1.9555496879526086
1.9285226609255817
1.9014956338985547
1.8744686068715275
1.8474415798445005
1.8204145528174736
1.7933875257904466
1.7663604987634194
1.7393334717363924
1.3497601328669369
1.3227331058399097
1.2957060788128827
1.2686790517858557
1.2574840912947784
1.246289130803701
1.2350941703126237
1.2238992098215464
1.2127042493304692
1.2015092888393917
2.303920136557685
2.2761423587799072
2.2483645810021295
2.220586803224352
2.1928090254465737
2.165031247668796
2.1372534698910184
2.1094756921132407
2.0816979143354626
2.053920136557685
2.0261423587799072
1.9983645810021295
1.9705868032243516
1.942809025446574
1.915031247668796
1.8872534698910184
1.8594756921132405
1.8316979143354628
1.803920136557685
1.7761423587799072
1.7483645810021295
1.7205868032243516
1.692809025446574
1.375747538275189
1.347969760497411
1.3201919827196333
1.2924142049418554
1.2646364271640778
1.2531304955482483
1.2416245639324188
1.2301186323165894
1.2186127007007599
1.2071067690849304
1.195600837469101
1.1840949058532715
2.35791175365448
2.3293403250830513
2.300768896511623
2.2721974679401944
2.2436260393687655
2.215054610797337
2.1864831822259085
2.15791175365448
2.1293403250830516
2.1007688965116227
2.072197467940194
2.0436260393687657
2.0150546107973373
1.9864831822259086
1.95791175365448
1.9293403250830514
1.9007688965116227
1.8721974679401943
1.8436260393687658
1.815054610797337
1.7864831822259086
1.75791175365448
1.7293403250830515
1.7007688965116228
1.6721974679401943
1.4317913668496267
1.4032199382781982
1.3746485097067698
1.346077081135341
1.3175056525639126
1.288934223992484
1.2603627954210554
1.2485281229019165
1.2366934503827776
1.2248587778636388
1.2130241053445
1.201189432825361
1.189354760306222
1.1775200877870833
2.3856675835216747
2.3562558188157925
2.32684405410991
2.2974322894040276
2.2680205246981453
2.238608759992263
2.2091969952863804
2.179785230580498
2.150373465874616
2.1209617011687336
2.091549936462851
2.0621381717569687
2.0327264070510864
2.003314642345204
1.9739028776393217
1.9444911129334395
1.915079348227557
1.8856675835216747
1.8562558188157923
1.82684405410991
1.7974322894040276
1.7680205246981453
1.7386087599922628
1.7091969952863806
1.6797852305804981
1.4617201265166788
1.4323083618107963
1.402896597104914
1.3734848323990316
1.3440730676931494
1.314661302987267
1.2852495382813847
1.2558377735755022
1.2436550224528593
1.2314722713302164
1.2192895202075733
1.2071067690849304
1.1949240179622875
1.1827412668396444
1.1705585157170015
2.4454086151990024
2.415105584895972
2.384802554592942
2.3544995242899116
2.3241964939868813
2.293893463683851
2.2635904333808203
2.23328740307779
2.20298437277476
2.1726813424717295
2.1423783121686992
2.112075281865669
2.0817722515626387
2.0514692212596084
2.021166190956578
1.9908631606535478
1.9605601303505176
1.9302571000474873
1.8999540697444568
1.8696510394414265
1.8393480091383962
1.809044978835366
1.7787419485323357
1.7484389182293054
1.7181358879262751
1.6878328576232449
1.6575298273202144
1.0
1.0125519253990867
1.0251038507981733
1.03765577619726
1.0502077015963467
1.0627596269954334
1.0753115523945203
1.087863477793607
1.463159720102946
1.4328566897999158
1.4025536594968853
1.372250629193855
1.3419475988908247
1.3116445685877944
1.2813415382847642
1.2510385079817339
1.2384865825826472
1.2259346571835605
1.2133827317844739
1.200830806385387
1.1882788809863003
1.1757269555872136
1.163175030188127
2.477633461356163
2.446383461356163
2.415133461356163
2.383883461356163
2.352633461356163
2.321383461356163
2.290133461356163
2.258883461356163
2.227633461356163
2.196383461356163
2.165133461356163
2.133883461356163
2.102633461356163
2.071383461356163
2.040133461356163
2.008883461356163
1.977633461356163
1.946383461356163
1.915133461356163
1.883883461356163
1.852633461356163
1.821383461356163
1.790133461356163
1.758883461356163
1.727633461356163
1.696383461356163
1.665133461356163
1.0
1.0
1.0
1.0
1.0
1.0129441730678082
1.0258883461356163
1.0388325192034245
1.0517766922712326
1.0647208653390408
1.077665038406849
1.090609211474657
1.1035533845424652
1.1164975576102734
1.1294417306780815
1.1423859037458897
1.4624684229493141
1.4937184229493141
1.5249684229493141
1.4959392882883549
1.4646892882883549
1.4334392882883549
1.4021892882883549
1.3709392882883549
1.3396892882883549
1.3084392882883549
1.2771892882883549
1.2459392882883549
1.2329951152205467
1.2200509421527386
1.2071067690849304
1.1941625960171223
1.1812184229493141
1.168274249881506
1.1553300768136978
1.1423859037458897
1.1294417306780815
2.511937329846044
2.479679265329915
2.447421200813786
2.4151631362976564
2.3829050717815274
2.3506470072653984
2.3183889427492694
2.2861308782331404
2.2538728137170114
2.2216147492008824
2.1893566846847534
2.1570986201686244
2.1248405556524954
2.0925824911363664
2.0603244266202374
2.0280663621041084
1.9958082975879792
1.9635502330718502
1.9312921685557212
1.8990341040395922
1.8667760395234632
1.8345179750073342
1.802259910491205
1.770001845975076
1.737743781458947
1.705485716942818
1.673227652426689
1.64096958791056
1.4796792653299147
1.4474212008137857
1.4151631362976567
1.3829050717815277
1.3506470072653987
1.3183889427492697
1.2861308782331404
1.2538728137170114
1.2405110866792741
1.2271493596415366
1.0267234540754748
1.0133617270377375
1.0
1.0
1.0
1.0
1.0
1.0133617270377375
1.0267234540754748
1.0400851811132124
1.0534469081509499
1.0668086351886872
1.0801703622264247
1.0935320892641622
1.1068938163018995
1.120255543339637
1.1336172703773744
1.146978997415112
1.1603407244528494
1.1737024514905867
1.205960516006716
1.238218580522845
1.334992774071232
1.367250838587361
1.39950890310349
1.431766967619619
1.4640250321357482
1.4962830966518772
1.5285411611680062
1.5607992256841352
1.5930572902002642
1.6253153547163932
1.6575734192325222
1.6898314837486512
1.5308336673244354
1.4985756028083064
1.4663175382921774
1.4340594737760481
1.4018014092599191
1.3695433447437901
1.3372852802276611
1.3050272157115321
1.2727691511954031
1.2405110866792741
1.2271493596415366
1.213787632603799
1.2004259055660618
1.1870641785283242
1.1737024514905867
1.1603407244528494
1.146978997415112
1.1336172703773744
1.120255543339637
2.4485281229019167
2.415194789568583
2.38186145623525
2.3485281229019166
2.3151947895685834
2.2818614562352497
2.2485281229019165
2.2151947895685833
2.1818614562352496
2.1485281229019164
2.115194789568583
2.08186145623525
2.0485281229019163
2.015194789568583
1.98186145623525
1.9485281229019165
1.9151947895685832
1.8818614562352498
1.8485281229019166
1.8151947895685832
1.78186145623525
1.7485281229019165
1.715194789568583
1.6818614562352499
1.6485281229019164
1.6151947895685832
1.5818614562352498
1.5485281229019165
1.5151947895685831
1.48186145623525
1.4485281229019165
1.4151947895685832
1.3818614562352498
1.3485281229019166
1.3151947895685832
1.28186145623525
1.2485281229019165
1.2347210049629211
1.2209138870239258
1.2071067690849304
1.193299651145935
1.0276142358779907
1.0138071179389954
1.0
1.0
1.0
1.0
1.0
1.0138071179389954
1.0276142358779907
1.041421353816986
1.0552284717559814
1.0690355896949768
1.0828427076339722
1.0966498255729675
1.110456943511963
1.1242640614509583
1.1380711793899536
1.151878297328949
1.1656854152679443
1.1990187486012778
1.232352081934611
1.2656854152679444
1.2990187486012776
1.332352081934611
1.3656854152679443
1.3990187486012777
1.432352081934611
1.4656854152679444
1.4990187486012776
1.532352081934611
1.5656854152679442
1.5990187486012777
1.632352081934611
1.6656854152679443
1.6990187486012778
1.732352081934611
1.7656854152679444
1.5347210049629212
1.5013876716295878
1.4680543382962545
1.434721004962921
1.4013876716295879
1.3680543382962544
1.3347210049629212
1.3013876716295878
1.2680543382962546
1.2347210049629211
1.2209138870239258
1.2071067690849304
1.193299651145935
1.1794925332069397
1.1656854152679443
1.151878297328949
1.1380711793899536
1.1242640614509583
1.110456943511963
1.0966498255729675
2.5186769016857804
2.484194143065091
2.4497113844444014
2.4152286258237115
2.380745867203022
2.346263108582332
2.3117803499616425
2.277297591340953
2.242814832720263
2.2083320740995735
2.173849315478884
2.139366556858194
2.1048837982375046
2.070401039616815
2.035918280996125
2.0014355223754356
1.966952763754746
1.9324700051340564
1.8979872465133667
1.863504487892677
1.8290217292719875
1.7945389706512977
1.760056212030608
1.7255734534099185
1.6910906947892288
1.656607936168539
1.6221251775478494
1.5876424189271598
1.5531596603064701
1.5186769016857804
1.484194143065091
1.4497113844444012
1.4152286258237115
1.380745867203022
1.3462631085823322
1.3117803499616425
1.277297591340953
1.2428148327202633
1.22853160726613
1.214248381811997
1.199965156357864
1.0285664509082664
1.0142832254541332
1.0
1.0
1.0
1.0
1.0
1.0142832254541332
1.0285664509082664
1.0428496763623993
1.0571329018165325
1.0714161272706657
1.085699352724799
1.0999825781789319
1.114265803633065
1.1285490290871982
1.1428322545413314
1.1571154799954644
1.191598238616154
1.2260809972368438
1.2605637558575333
1.295046514478223
1.3295292730989128
1.3640120317196023
1.398494790340292
1.4329775489609817
1.4674603075816715
1.501943066202361
1.5364258248230507
1.5709085834437404
1.60539134206443
1.6398741006851196
1.6743568593058094
1.7088396179264989
1.7433223765471886
1.7778051351678783
1.8122878937885678
1.5733591934730267
1.538876434852337
1.5043936762316474
1.4699109176109577
1.435428158990268
1.4009454003695785
1.3664626417488888
1.331979883128199
1.2974971245075095
1.2630143658868198
1.22853160726613
1.214248381811997
1.199965156357864
1.1856819309037308
1.1713987054495976
1.1571154799954644
1.1428322545413314
1.1285490290871982
1.114265803633065
1.0999825781789319
2.4866934503827776
2.450979164668492
2.4152648789542064
2.3795505932399204
2.3438363075256348
2.308122021811349
2.272407736097063
2.2366934503827776
2.200979164668492
2.1652648789542064
2.1295505932399204
2.0938363075256348
2.058122021811349
2.022407736097063
1.9866934503827776
1.950979164668492
1.9152648789542062
1.8795505932399206
1.8438363075256348
1.808122021811349
1.7724077360970634
1.7366934503827776
1.700979164668492
1.6652648789542062
1.6295505932399206
1.5938363075256348
1.558122021811349
1.5224077360970634
1.4866934503827776
1.450979164668492
1.4152648789542062
1.3795505932399206
1.3438363075256348
1.308122021811349
1.2724077360970634
1.2366934503827776
1.221900109733854
1.2071067690849304
1.1923134284360069
1.1775200877870833
1.1627267471381597
1.0295866812978471
1.0147933406489236
1.0
1.0
1.0
1.0
1.0
1.0147933406489236
1.0295866812978471
1.0443800219467707
1.0591733625956945
1.073966703244618
1.0887600438935416
1.1035533845424652
1.1183467251913888
1.1331400658403123
1.147933406489236
1.1836476922035217
1.2193619779178075
1.2550762636320931
1.290790549346379
1.3265048350606645
1.3622191207749503
1.397933406489236
1.4336476922035217
1.4693619779178075
1.5050762636320931
1.540790549346379
1.5765048350606645
1.6122191207749503
1.647933406489236
1.6836476922035217
1.7193619779178075
1.7550762636320931
1.790790549346379
1.8265048350606645
1.8622191207749503
1.5433286811624254
1.5076143954481398
1.471900109733854
1.4361858240195684
1.4004715383052826
1.3647572525909968
1.3290429668767112
1.2933286811624254
1.2576143954481398
1.221900109733854
1.2071067690849304
1.1923134284360069
1.1775200877870833
1.1627267471381597
1.147933406489236
1.1331400658403123
1.1183467251913888
1.1035533845424652
1.0887600438935416
1.073966703244618
2.4153038175017745
2.3782667804647377
2.3412297434277005
2.3041927063906633
2.2671556693536266
2.2301186323165894
2.193081595279552
2.1560445582425154
2.119007521205478
2.081970484168441
2.0449334471314042
2.007896410094367
1.97085937305733
1.933822336020293
1.896785298983256
1.859748261946219
1.822711224909182
1.785674187872145
1.748637150835108
1.7116001137980708
1.6745630767610338
1.6375260397239968
1.6004890026869598
1.5634519656499226
1.5264149286128856
1.4893778915758487
1.4523408545388117
1.4153038175017745
1.3782667804647375
1.3412297434277005
1.3041927063906635
1.2671556693536263
1.2301186323165894
1.2147773901621501
1.1994361480077107
1.1840949058532715
1.1687536636988323
1.1534124215443928
1.0306824843088787
1.0153412421544392
1.0
1.0
1.0
1.0
1.0
1.0153412421544392
1.0306824843088787
1.0460237264633179
1.061364968617757
1.0767062107721965
1.0920474529266357
1.107388695081075
1.1227299372355144
1.1380711793899536
1.1751082164269906
1.2121452534640278
1.2491822905010648
1.2862193275381018
1.3232563645751387
1.360293401612176
1.397330438649213
1.43436747568625
1.4714045127232869
1.508441549760324
1.545478586797361
1.582515623834398
1.619552660871435
1.6565896979084722
1.6936267349455092
1.7306637719825462
1.7677008090195832
1.8047378460566204
1.8417748830936573
1.8788119201306943
1.9158489571677313
1.9528859942047685
1.5481107234954834
1.5110736864584464
1.4740366494214092
1.4369996123843722
1.3999625753473353
1.3629255383102983
1.325888501273261
1.288851464236224
1.2518144271991871
1.2147773901621501
1.1994361480077107
1.1840949058532715
1.1687536636988323
1.1534124215443928
1.1380711793899536
1.1227299372355144
1.107388695081075
1.0920474529266357
1.0767062107721965
1.061364968617757
2.293362177335299
2.2549006388737607
2.216439100412222
1.8768842128606944
1.8384226743991559
1.7999611359376173
1.761499597476079
1.7230380590145404
1.6845765205530019
1.6461149820914636
1.607653443629925
1.5691919051683867
1.5307303667068481
1.4922688282453096
1.4538072897837713
1.4153457513222327
1.3768842128606944
1.3384226743991559
1.2999611359376173
1.261499597476079
1.2230380590145404
1.2071067690849304
1.1911754791553204
1.1752441892257104
1.1593128992961004
1.1433816093664904
1.03186257985922
1.01593128992961
1.0
1.0
1.0
1.0
1.0
1.01593128992961
1.03186257985922
1.04779386978883
1.06372515971844
1.07965644964805
1.09558773957766
1.1115190295072703
1.1274503194368803
1.1659118578984187
1.2043733963599572
1.2428349348214955
1.281296473283034
1.3197580117445726
1.358219550206111
1.3966810886676495
1.435142627129188
1.4736041655907264
1.512065704052265
1.5505272425138032
1.5889887809753418
1.6274503194368803
1.6659118578984187
1.7043733963599572
1.7428349348214955
1.781296473283034
1.8197580117445726
1.858219550206111
1.8966810886676495
1.935142627129188
1.9736041655907264
2.0120657040522647
1.5532606152387767
1.5147990767772381
1.4763375383156996
1.4378759998541613
1.3994144613926227
1.3609529229310842
1.3224913844695458
1.2840298460080073
1.245568307546469
1.2071067690849304
1.1911754791553204
1.1752441892257104
1.1593128992961004
1.1433816093664904
1.1274503194368803
1.1115190295072703
1.09558773957766
1.07965644964805
1.06372515971844
1.04779386978883
1.03186257985922
1.01593128992961
1.8953910398483276
1.8553910398483275
1.8153910398483277
1.7753910398483277
1.7353910398483277
1.6953910398483276
1.6553910398483276
1.6153910398483275
1.5753910398483277
1.5353910398483277
1.4953910398483277
1.4553910398483276
1.4153910398483276
1.3753910398483276
1.3353910398483277
1.2953910398483277
1.2553910398483277
1.2153910398483276
1.1988224983215332
1.1822539567947388
1.1656854152679443
1.14911687374115
1.1325483322143555
1.115979790687561
1.0994112491607666
1.0828427076339722
1.0331370830535889
1.0165685415267944
1.0
1.0
1.0
1.0
1.0
1.0165685415267944
1.0331370830535889
1.0497056245803833
1.0662741661071777
1.0828427076339722
1.0994112491607666
1.115979790687561
1.155979790687561
1.195979790687561
1.2359797906875611
1.275979790687561
1.5491168737411498
1.5891168737411498
1.6291168737411499
1.66911687374115
1.70911687374115
1.74911687374115
1.7891168737411498
1.8291168737411498
1.8691168737411499
1.90911687374115
1.94911687374115
1.98911687374115
2.02911687374115
2.06911687374115
2.10911687374115
2.14911687374115
1.4388224983215332
1.3988224983215332
1.3588224983215331
1.3188224983215333
1.2788224983215333
1.2388224983215332
1.1988224983215332
1.1822539567947388
1.1656854152679443
1.14911687374115
1.1325483322143555
1.115979790687561
1.0994112491607666
1.0828427076339722
1.0662741661071777
1.0497056245803833
1.0331370830535889
1.0165685415267944
1.0
1.1656854152679443
1.1822539567947388
1.1656854152679443
1.14911687374115
1.1325483322143555
1.115979790687561
1.0994112491607666
1.8737734357515972
1.8321067690849304
1.7904401024182637
1.7487734357515972
1.7071067690849304
1.6654401024182637
1.6237734357515972
1.5821067690849304
1.5404401024182637
1.4987734357515972
1.4571067690849304
1.4154401024182637
1.3737734357515972
1.3321067690849304
1.2904401024182637
1.2487734357515972
1.2071067690849304
1.1898478716611862
1.172588974237442
1.1553300768136978
1.1380711793899536
1.1208122819662094
1.1035533845424652
1.086294487118721
1.0690355896949768
1.0517766922712326
1.0345177948474884
1.0172588974237442
1.0
1.0
1.0
1.0
1.0172588974237442
1.0
1.0
1.0
1.0
1.0
1.0172588974237442
1.0345177948474884
1.0517766922712326
1.0690355896949768
1.086294487118721
1.1035533845424652
1.145220051209132
1.1868867178757985
1.672588974237442
1.7142556409041088
1.7559223075707753
1.797588974237442
1.8392556409041088
1.8809223075707753
1.922588974237442
1.9642556409041088
2.0059223075707755
2.047588974237442
2.0892556409041085
2.1309223075707755
2.172588974237442
2.2142556409041085
2.2559223075707755
1.3737734357515972
1.3321067690849304
1.2904401024182637
1.2487734357515972
1.2071067690849304
1.1898478716611862
1.172588974237442
1.1553300768136978
1.356514538327853
1.3148478716611862
1.2731812049945195
1.231514538327853
1.1898478716611862
1.172588974237442
1.1553300768136978
1.1380711793899536
1.1208122819662094
1.1035533845424652
1.086294487118721
1.0690355896949768
1.0517766922712326
1.0345177948474884
1.0172588974237442
1.0
1.0
1.0
1.1380711793899536
1.1553300768136978
1.172588974237442
1.1898478716611862
1.172588974237442
1.1553300768136978
1.1380711793899536
1.1208122819662094
1.1035533845424652
1.086294487118721
1.0690355896949768
1.0517766922712326
1.8937543008638464
1.8502760399942813
1.806797779124716
1.7633195182551509
1.7198412573855857
1.6763629965160205
1.632884735646455
1.58940647477689
1.5459282139073247
1.5024499530377595
1.4589716921681943
1.4154934312986291
1.372015170429064
1.3285369095594988
1.2850586486899334
1.2415803878203682
1.198102126950803
1.180092842682548
1.1620835584142934
1.1440742741460386
1.1260649898777837
1.1080557056095288
1.0900464213412742
1.0720371370730193
1.0540278528047644
1.0360185685365095
1.0180092842682549
1.0
1.0
1.0
1.0
1.0
1.0
1.0180092842682549
1.0
1.0
1.0
1.0
1.0
1.0
1.0180092842682549
1.0360185685365095
1.1260649898777837
1.1080557056095288
1.0900464213412742
1.0720371370730193
1.0540278528047644
1.0360185685365095
1.0180092842682549
1.0
1.0
1.0180092842682549
1.0
1.0
1.0
1.0
1.0
1.0180092842682549
1.0360185685365095
1.0540278528047644
1.0720371370730193
1.0900464213412742
1.1335246822108394
1.806797779124716
1.8502760399942813
1.8937543008638464
1.9372325617334116
1.9807108226029768
2.024189083472542
2.0676673443421074
2.1111456052116724
2.154623866081238
2.198102126950803
2.241580387820368
2.2850586486899336
2.3285369095594985
2.372015170429064
1.5024499530377595
1.4589716921681943
1.4154934312986291
1.372015170429064
1.3285369095594988
1.2850586486899334
1.2415803878203682
1.198102126950803
1.180092842682548
1.1620835584142934
1.1440742741460386
1.1260649898777837
1.1080557056095288
1.310527625291244
1.2670493644216787
1.2235711035521135
1.180092842682548
1.1620835584142934
1.1440742741460386
1.1260649898777837
1.1080557056095288
1.0900464213412742
1.0720371370730193
1.0540278528047644
1.0360185685365095
1.0180092842682549
1.0
1.0
1.0
1.0
1.1080557056095288
1.1260649898777837
1.1440742741460386
1.1620835584142934
1.180092842682548
1.2235711035521135
1.180092842682548
1.1620835584142934
1.1440742741460386
1.1260649898777837
1.1080557056095288
1.0900464213412742
1.0720371370730193
1.0540278528047644
1.0360185685365095
1.9155516082590276
1.8700970628044822
1.8246425173499368
1.7791879718953914
1.733733426440846
1.6882788809863003
1.6428243355317549
1.5973697900772095
1.551915244622664
1.5064606991681186
1.461006153713573
1.4155516082590276
1.3700970628044822
1.3246425173499368
1.2791879718953914
1.233733426440846
1.1882788809863003
1.1694509928876704
1.1506231047890403
1.1317952166904102
1.1129673285917803
1.0941394404931502
1.0753115523945203
1.0564836642958901
1.03765577619726
1.0188278880986301
1.0
1.0
1.0
1.0
1.0
1.0
1.0
1.0753115523945203
1.0564836642958901
1.03765577619726
1.0188278880986301
1.0
1.0
1.0
1.0
1.0
1.0
1.0188278880986301
1.03765577619726
1.0564836642958901
1.0753115523945203
1.0941394404931502
1.1129673285917803
1.1317952166904102
1.1506231047890403
1.1694509928876704
1.1882788809863003
1.2071067690849304
1.2259346571835605
1.2447625452821904
1.1882788809863003
1.1694509928876704
1.1506231047890403
1.1317952166904102
1.1129673285917803
1.0941394404931502
1.0753115523945203
1.0564836642958901
1.03765577619726
1.0188278880986301
1.0
1.0
1.0
1.0
1.0
1.0188278880986301
1.0
1.0
1.0
1.0
1.0
1.0188278880986301
1.03765577619726
1.0564836642958901
1.0753115523945203
1.9986619299108332
2.0441164753653784
2.0895710208199243
2.1350255662744697
2.180480111729015
2.2259346571835605
2.271389202638106
2.3168437480926514
2.362298293547197
2.407752839001742
2.4532073844562876
2.498661929910833
1.6882788809863003
1.6428243355317549
1.5973697900772095
1.551915244622664
1.5064606991681186
1.461006153713573
1.4155516082590276
1.3700970628044822
1.3246425173499368
1.2791879718953914
1.233733426440846
1.1882788809863003
1.1694509928876704
1.1506231047890403
1.1317952166904102
1.1129673285917803
1.0941394404931502
1.2149055383422158
1.1694509928876704
1.1506231047890403
1.1317952166904102
1.1129673285917803
1.0941394404931502
1.0753115523945203
1.0564836642958901
1.03765577619726
1.0188278880986301
1.0
1.0
1.0
1.0
1.0
1.0
1.0753115523945203
1.0941394404931502
1.1129673285917803
1.1317952166904102
1.1506231047890403
1.1694509928876704
1.2149055383422158
1.2603600837967612
1.2149055383422158
1.1694509928876704
1.1506231047890403
1.1317952166904102
1.1129673285917803
1.0941394404931502
1.0753115523945203
1.0564836642958901
1.03765577619726
1.8441867544537498
1.7965677068347023
1.7489486592156547
1.701329611596607
1.6537105639775593
1.6060915163585119
1.5584724687394642
1.5108534211204165
1.4632343735013689
1.4156153258823214
1.3679962782632737
1.320377230644226
1.2727581830251784
1.2251391354061307
1.1775200877870833
1.1577956335885184
1.1380711793899536
1.1183467251913888
1.098622270992824
1.0788978167942591
1.0591733625956945
1.0394489083971297
1.0197244541985648
1.0
1.0
1.0
1.0
1.0
1.0
1.0
1.0197244541985648
1.0394489083971297
1.098622270992824
1.0788978167942591
1.0591733625956945
1.0394489083971297
1.0197244541985648
1.0
1.0
1.0
1.0
1.0
1.0
1.0197244541985648
1.0394489083971297
1.0591733625956945
1.0788978167942591
1.098622270992824
1.1183467251913888
1.1380711793899536
1.1577956335885184
1.1775200877870833
1.1972445419856481
1.2169689961842127
1.2366934503827776
1.2564179045813424
1.30403695220039
1.3516559998194377
1.3992750474384852
1.1972445419856481
1.1775200877870833
1.1577956335885184
1.1380711793899536
1.1183467251913888
1.098622270992824
1.0788978167942591
1.0591733625956945
1.0394489083971297
1.0197244541985648
1.0
1.0
1.0
1.0
1.0
1.0
1.0
1.0
1.0
1.0
1.0
1.0197244541985648
1.0394489083971297
1.0591733625956945
2.1611798093432473
2.2087988569622947
2.2564179045813426
2.30403695220039
2.3516559998194375
2.3992750474384854
2.446894095057533
2.4945131426765803
2.542132190295628
2.5897512379146757
2.6373702855337235
1.8441867544537498
1.7965677068347023
1.7489486592156547
1.701329611596607
1.6537105639775593
1.6060915163585119
1.5584724687394642
1.5108534211204165
1.4632343735013689
1.4156153258823214
1.3679962782632737
1.320377230644226
1.2727581830251784
1.2251391354061307
1.1775200877870833
1.1577956335885184
1.1380711793899536
1.1183467251913888
1.098622270992824
1.1577956335885184
1.1380711793899536
1.1183467251913888
1.098622270992824
1.0788978167942591
1.0591733625956945
1.0394489083971297
1.0197244541985648
1.0
1.0
1.0
1.0
1.0
1.0
1.0
1.0
1.0197244541985648
1.0394489083971297
1.0591733625956945
1.0788978167942591
1.098622270992824
1.1183467251913888
1.1380711793899536
1.1577956335885184
1.2054146812075661
1.2530337288266136
1.3006527764456612
1.2530337288266136
1.2054146812075661
1.1577956335885184
1.1380711793899536
1.1183467251913888
1.098622270992824
1.0788978167942591
1.0591733625956945
1.0394489083971297
1.0197244541985648
1.9156854152679443
1.8656854152679443
1.8156854152679442
1.7656854152679444
1.7156854152679444
1.6656854152679443
1.6156854152679443
1.5656854152679442
1.5156854152679444
1.4656854152679444
1.4156854152679443
1.3656854152679443
1.3156854152679442
1.2656854152679444
1.2156854152679444
1.1656854152679443
1.1449747383594513
1.1242640614509583
1.1035533845424652
1.0828427076339722
1.0621320307254791
1.041421353816986
1.020710676908493
1.0
1.0
1.0
1.0
1.0
1.0
1.0
1.020710676908493
1.041421353816986
1.1035533845424652
1.0828427076339722
1.0621320307254791
1.041421353816986
1.020710676908493
1.0
1.0
1.0
1.0
1.0
1.0
1.020710676908493
1.041421353816986
1.0621320307254791
1.0828427076339722
1.1035533845424652
1.1242640614509583
1.1449747383594513
1.1656854152679443
1.1863960921764374
1.2071067690849304
1.2278174459934235
1.2485281229019165
1.2985281229019165
1.3485281229019166
1.3985281229019164
1.4485281229019165
1.2071067690849304
1.1863960921764374
1.1656854152679443
1.1449747383594513
1.1242640614509583
1.1035533845424652
1.0828427076339722
1.0621320307254791
1.041421353816986
1.020710676908493
1.0
1.0
1.0
1.0
1.0
1.0
1.0
1.0
1.0
1.0
1.0
1.020710676908493
1.041421353816986
1.0914213538169861
2.3192387998104094
2.3399494767189024
2.3899494767189027
2.4399494767189025
2.4899494767189028
2.5399494767189026
2.5899494767189024
2.6399494767189027
2.6899494767189025
2.7399494767189028
2.7899494767189026
1.9156854152679443
1.8656854152679443
1.8156854152679442
1.7656854152679444
1.7156854152679444
1.6656854152679443
1.6156854152679443
1.5656854152679442
1.5156854152679444
1.4656854152679444
1.4156854152679443
1.3656854152679443
1.3156854152679442
1.2656854152679444
1.2156854152679444
1.1656854152679443
1.1449747383594513
1.1242640614509583
1.1035533845424652
1.1949747383594513
1.1449747383594513
1.1242640614509583
1.1035533845424652
1.0828427076339722
1.0621320307254791
1.041421353816986
1.020710676908493
1.0
1.0
1.0
1.0
1.0
1.0
1.0
1.0
1.020710676908493
1.041421353816986
1.0621320307254791
1.0828427076339722
1.1035533845424652
1.1242640614509583
1.1449747383594513
1.1949747383594513
1.2449747383594514
1.2949747383594512
1.3449747383594512
1.2949747383594512
1.2449747383594514
1.1949747383594513
1.1449747383594513
1.1242640614509583
1.1035533845424652
1.0828427076339722
1.0621320307254791
1.041421353816986
1.020710676908493
1.9330485180804604
1.880416939133092
1.8277853601857235
1.775153781238355
1.2052365666941594
1.1526049877467908
1.130804275211535
1.109003562676279
1.0872028501410234
1.0654021376057674
1.0436014250705117
1.0218007125352557
1.0
1.0
1.0
1.0
1.0
1.0
1.0
1.0218007125352557
1.0436014250705117
1.109003562676279
1.0872028501410234
1.0654021376057674
1.0436014250705117
1.0218007125352557
1.0
1.0
1.0
1.0
1.0
1.0
1.0218007125352557
1.0436014250705117
1.0654021376057674
1.0872028501410234
1.109003562676279
1.130804275211535
1.1526049877467908
1.1744057002820467
1.1962064128173024
1.2180071253525584
1.2398078378878141
1.2924394168351825
1.345070995782551
1.3977025747299194
1.4503341536772878
1.5029657326246564
1.5555973115720247
1.2180071253525584
1.1962064128173024
1.1744057002820467
1.1526049877467908
1.130804275211535
1.109003562676279
1.0872028501410234
1.0654021376057674
1.0436014250705117
1.0218007125352557
1.0
1.0
1.0
1.0
1.0
1.0
1.0218007125352557
1.0436014250705117
1.0
1.0
1.0
1.0
1.0
1.0218007125352557
1.0744322914826243
2.5157362912830554
2.5375370038183114
2.5901685827656795
2.642800161713048
2.6954317406604162
2.748063319607785
2.8006948985551534
2.8533264775025216
2.90595805644989
2.9585896353972587
2.0999734087994226
2.047341829852054
1.9947102509046857
1.942078671957317
1.8894470930099487
1.8368155140625804
1.7841839351152118
1.7315523561678434
1.678920777220475
1.6262891982731067
1.573657619325738
1.5210260403783697
1.4683944614310014
1.415762882483633
1.3631313035362644
1.310499724588896
1.2578681456415277
1.2052365666941594
1.1526049877467908
1.130804275211535
1.109003562676279
1.0872028501410234
1.130804275211535
1.109003562676279
1.0872028501410234
1.0654021376057674
1.0436014250705117
1.0218007125352557
1.0
1.0
1.0
1.0
1.0
1.0
1.0
1.0
1.0218007125352557
1.0436014250705117
1.0654021376057674
1.0872028501410234
1.109003562676279
1.130804275211535
1.1834358541589034
1.2360674331062718
1.2886990120536403
1.3413305910010087
1.393962169948377
1.3413305910010087
1.2886990120536403
1.2360674331062718
1.1834358541589034
1.130804275211535
1.109003562676279
1.0872028501410234
1.0654021376057674
1.0436014250705117
1.0218007125352557
1.1936267349455092
1.1380711793899536
1.1150593161582947
1.0920474529266357
1.0690355896949768
1.0460237264633179
1.023011863231659
1.0
1.0
1.0
1.0
1.0
1.0
1.0
1.023011863231659
1.0460237264633179
1.0690355896949768
1.1150593161582947
1.0920474529266357
1.0690355896949768
1.0460237264633179
1.023011863231659
1.0
1.0
1.0
1.0
1.0
1.0
1.023011863231659
1.0460237264633179
1.0690355896949768
1.0920474529266357
1.1150593161582947
1.1380711793899536
1.1610830426216125
1.1840949058532715
1.2071067690849304
1.2301186323165894
1.285674187872145
1.3412297434277005
1.396785298983256
1.4523408545388117
1.507896410094367
1.5634519656499226
1.6190075212054782
1.262662324640486
1.2071067690849304
1.1840949058532715
1.1610830426216125
1.1380711793899536
1.1150593161582947
1.0920474529266357
1.0690355896949768
1.0460237264633179
1.023011863231659
1.0
1.0
1.0
1.0
1.0
1.0
1.023011863231659
1.0460237264633179
1.0690355896949768
1.0
1.0
1.0
1.0
1.0
2.711054974132114
2.734066837363773
2.757078700595432
2.8126342561509876
2.868189811706543
2.9237453672620983
2.979300922817654
3.0348564783732095
3.0904120339287653
2.2491822905010648
2.193626734945509
2.1380711793899536
2.0825156238343983
2.0269600682788425
1.9714045127232869
1.9158489571677313
1.860293401612176
1.8047378460566204
1.7491822905010648
1.6936267349455092
1.6380711793899536
1.582515623834398
1.5269600682788425
1.4714045127232869
1.4158489571677313
1.360293401612176
1.3047378460566204
1.2491822905010648
1.1936267349455092
1.1380711793899536
1.1150593161582947
1.0920474529266357
1.1150593161582947
1.0920474529266357
1.0690355896949768
1.0460237264633179
1.023011863231659
1.0
1.0
1.0
1.0
1.0
1.0
1.0
1.0
1.023011863231659
1.0460237264633179
1.0690355896949768
1.0920474529266357
1.1150593161582947
1.1706148717138503
1.2261704272694058
1.2817259828249614
1.337281538380517
1.3928370939360724
1.448392649491628
1.3928370939360724
1.337281538380517
1.2817259828249614
1.2261704272694058
1.1706148717138503
1.1150593161582947
1.0920474529266357
1.0690355896949768
1.0460237264633179
1.023011863231659
1.1218275112264298
1.0974620089811438
1.0730965067358578
1.0487310044905718
1.024365502245286
1.0
1.0
1.0
1.0
1.0
1.0
1.0
1.024365502245286
1.0487310044905718
1.0730965067358578
1.1218275112264298
1.0974620089811438
1.0730965067358578
1.0487310044905718
1.024365502245286
1.0
1.0
1.0
1.0
1.0
1.0
1.024365502245286
1.0487310044905718
1.0730965067358578
1.0974620089811438
1.1218275112264298
1.1461930134717155
1.1705585157170015
1.1949240179622875
1.2192895202075733
1.278113049619338
1.3369365790311027
1.3957601084428675
1.4545836378546322
1.513407167266397
1.5722306966781616
1.6310542260899263
1.689877755501691
1.312571076785817
1.2537475473740523
1.1949240179622875
1.1705585157170015
1.1461930134717155
1.1218275112264298
1.0974620089811438
1.0730965067358578
1.0487310044905718
1.024365502245286
1.0
1.0
1.0
1.0
1.0
1.0
1.024365502245286
1.0487310044905718
1.0730965067358578
1.0
1.0
1.0
1.0
1.0
1.0
2.953717827796936
2.978083330042222
3.002448832287508
3.0612723616992725
3.1200958911110375
3.178919420522802
3.237742949934567
2.415945158285253
2.3571216288734886
2.2982980994617237
2.239474570049959
2.1806510406381943
2.1218275112264298
2.063003981814665
2.0041804524029003
1.9453569229911356
1.8865333935793709
1.8277098641676062
1.7688863347558414
1.7100628053440767
1.651239275932312
1.5924157465205473
1.5335922171087826
1.4747686876970179
1.4159451582852531
1.3571216288734884
1.2982980994617237
1.239474570049959
1.1806510406381943
1.1218275112264298
1.0974620089811438
1.0974620089811438
1.0730965067358578
1.0487310044905718
1.024365502245286
1.0
1.0
1.0
1.0
1.0
1.0
1.0
1.0
1.024365502245286
1.0487310044905718
1.0730965067358578
1.0974620089811438
1.1562855383929085
1.2151090678046732
1.273932597216438
1.3327561266282026
1.3915796560399674
1.4504031854517319
1.5092267148634966
1.4504031854517319
1.3915796560399674
1.3327561266282026
1.273932597216438
1.2151090678046732
1.1562855383929085
1.0974620089811438
1.0730965067358578
1.0487310044905718
1.024365502245286
1.1035533845424652
1.077665038406849
1.0517766922712326
1.0258883461356163
1.0
1.0
1.0
1.0
1.0
1.0
1.0
1.0258883461356163
1.0517766922712326
1.077665038406849
1.1294417306780815
1.1035533845424652
1.077665038406849
1.0517766922712326
1.0258883461356163
1.0
1.0
1.0
1.0
1.0
1.0
1.0258883461356163
1.0517766922712326
1.077665038406849
1.1035533845424652
1.1294417306780815
1.1553300768136978
1.1812184229493141
1.2071067690849304
1.2696067690849304
1.3321067690849304
1.3946067690849304
1.4571067690849304
1.5196067690849304
1.5821067690849304
1.6446067690849304
1.7071067690849304
1.3062184229493141
1.2437184229493141
1.1812184229493141
1.1553300768136978
1.1294417306780815
1.1035533845424652
1.077665038406849
1.0517766922712326
1.0258883461356163
1.0
1.0
1.0
1.0
1.0
1.0
1.0258883461356163
1.0517766922712326
1.077665038406849
1.0
1.0
1.0
1.0
1.0
1.0
3.252601884305477
3.2784902304410934
3.3409902304410934
3.4034902304410934
2.541053384542465
2.478553384542465
2.416053384542465
2.353553384542465
2.291053384542465
2.228553384542465
2.166053384542465
2.103553384542465
2.041053384542465
1.9785533845424652
1.9160533845424652
1.8535533845424652
1.7910533845424652
1.7285533845424652
1.6660533845424652
1.6035533845424652
1.5410533845424652
1.4785533845424652
1.4160533845424652
1.3535533845424652
1.2910533845424652
1.2285533845424652
1.1660533845424652
1.1035533845424652
1.077665038406849
1.077665038406849
1.0517766922712326
1.0258883461356163
1.0
1.0
1.0
1.0
1.0
1.0
1.0
1.0
1.0258883461356163
1.0517766922712326
1.077665038406849
1.140165038406849
1.202665038406849
1.3794417306780815
1.4419417306780815
1.5044417306780815
1.5669417306780815
1.577665038406849
1.515165038406849
1.452665038406849
1.390165038406849
1.327665038406849
1.265165038406849
1.202665038406849
1.140165038406849
1.077665038406849
1.0517766922712326
1.0258883461356163
1.0
1.0
1.110456943511963
1.0828427076339722
1.0552284717559814
1.0276142358779907
1.0
1.0
1.0
1.0
1.0
1.0
1.0
1.0276142358779907
1.0552284717559814
1.0828427076339722
1.0
1.0
1.0
1.0
1.0
1.1380711793899536
1.110456943511963
1.0828427076339722
1.0552284717559814
1.0276142358779907
1.0
1.0
1.0
1.0
1.0
1.0
1.0276142358779907
1.0552284717559814
1.0828427076339722
1.110456943511963
1.1380711793899536
1.1656854152679443
1.193299651145935
1.2599663178126017
1.3266329844792684
1.393299651145935
1.4599663178126017
1.5266329844792683
1.593299651145935
1.6599663178126016
1.2990187486012776
1.232352081934611
1.1656854152679443
1.1380711793899536
1.110456943511963
1.0828427076339722
1.0552284717559814
1.0276142358779907
1.0
1.0
1.0
1.0
1.0
1.0
1.0276142358779907
1.0552284717559814
1.0828427076339722
1.0
1.0
1.0
1.0
1.0
1.0
1.0
1.0
1.0
2.6828427076339723
2.6161760409673054
2.549509374300639
2.482842707633972
2.4161760409673056
2.3495093743006388
2.2828427076339723
2.2161760409673055
2.149509374300639
2.082842707633972
2.0161760409673053
1.9495093743006389
1.8828427076339722
1.8161760409673056
1.749509374300639
1.6828427076339723
1.6161760409673056
1.5495093743006387
1.482842707633972
1.4161760409673054
1.3495093743006388
1.2828427076339721
1.2161760409673055
1.1495093743006388
1.0828427076339722
1.121895138422648
1.0552284717559814
1.0276142358779907
1.0
1.0
1.0
1.0
1.0
1.0
1.0
1.0
1.0276142358779907
1.0552284717559814
1.5885618050893149
1.521895138422648
1.4552284717559814
1.3885618050893147
1.321895138422648
1.2552284717559814
1.1885618050893147
1.121895138422648
1.0552284717559814
1.0276142358779907
1.0
1.0
1.0887600438935416
1.0591733625956945
1.0295866812978471
1.0
1.0
1.0
1.0
1.0
1.0
1.0
1.0295866812978471
1.0591733625956945
1.0887600438935416
1.0
1.0
1.0
1.0
1.0
1.0
1.0
1.0
1.0
1.0
1.0
1.0
1.0
1.0
1.1183467251913888
1.0887600438935416
1.0591733625956945
1.0295866812978471
1.0
1.0
1.0
1.0
1.0
1.0
1.0295866812978471
1.0591733625956945
1.0887600438935416
1.1183467251913888
1.147933406489236
1.1775200877870833
1.2489486592156547
1.320377230644226
1.3918058020727975
1.4632343735013689
1.5346629449299403
1.6060915163585119
1.0
1.0
1.0
1.0
1.290790549346379
1.2193619779178075
1.147933406489236
1.1183467251913888
1.0887600438935416
1.0591733625956945
1.0295866812978471
1.0
1.0
1.0
1.0
1.0
1.0
1.0295866812978471
1.0591733625956945
1.0887600438935416
1.0
1.0
1.0
1.0
1.0
1.0
1.0
1.0
1.0
1.0
2.9040610109056746
2.832632439477103
2.761203868048532
2.68977529661996
2.618346725191389
2.5469181537628174
2.4754895823342458
2.4040610109056746
2.332632439477103
2.261203868048532
2.18977529661996
2.118346725191389
2.0469181537628174
1.975489582334246
1.9040610109056746
1.8326324394771032
1.7612038680485316
1.6897752966199602
1.6183467251913888
1.0591733625956945
1.0295866812978471
1.0
1.0
1.0
1.0
1.0
1.0
1.0
1.0
1.0
1.0
1.0295866812978471
1.0
1.0
1.0
1.0
1.0
1.0
1.0
1.0
1.0295866812978471
1.1010152527264185
1.0295866812978471
1.0
1.0
1.0
1.0
1.0
1.0
1.0
1.0
1.0
1.0
1.0
1.0
1.0
1.0
1.0
1.0
1.0
1.0
1.0
1.0
1.0
1.0
1.0
1.0
1.0
1.0
1.09558773957766
1.06372515971844
1.03186257985922
1.0
1.0
1.0
1.0
1.0
1.0
1.0
1.03186257985922
1.06372515971844
1.0
1.0
1.0
1.0
1.0
1.0
1.0
1.0
1.0
1.0
1.0
1.0
1.0
1.0
1.0
1.0
1.0
1.0
1.0
1.1274503194368803
1.09558773957766
1.06372515971844
1.03186257985922
1.0
1.0
1.0
1.0
1.0
1.0
1.03186257985922
1.06372515971844
1.09558773957766
1.1274503194368803
1.1593128992961004
1.2362359762191772
1.3131590531422541
1.390082130065331
1.0
1.0
1.0
1.0
1.0
1.0
1.0
1.0
1.0
1.0
1.0
1.0
1.0
1.2043733963599572
1.1274503194368803
1.09558773957766
1.06372515971844
1.03186257985922
1.0
1.0
1.0
1.0
1.0
1.0
1.03186257985922
1.06372515971844
1.09558773957766
1.0
1.0
1.0
1.0
1.0
1.0
1.0
1.0
1.0
1.0
1.0
1.0
1.0
1.0
1.0
1.0
3.0823898223730235
3.0054667454499464
2.9285436685268698
2.8516205916037927
2.7746975146807156
2.697774437757639
2.620851360834562
2.5439282839114847
2.467005206988408
2.390082130065331
2.3131590531422543
2.2362359762191772
2.1593128992961
1.06372515971844
1.03186257985922
1.0
1.0
1.0
1.0
1.0
1.0
1.0
1.0
1.0
1.0
1.0
1.03186257985922
1.0
1.0
1.0
1.0
1.0
1.0
1.0
1.0
1.03186257985922
1.0
1.0
1.0
1.0
1.0
1.0
1.0
1.0
1.0
1.0
1.0
1.0
1.0
1.0
1.0
1.0
1.0
1.0
1.0
1.0
1.0
1.0
1.0
1.0
1.0
1.0
1.0
1.0
1.0
1.0
1.0
1.0
1.0
1.0
1.0
1.0
1.0
1.0
1.0
1.0
1.0
1.15236892302831
1.0690355896949768
1.0345177948474884
1.0
1.0
1.0
1.0
1.0
1.0
1.0
1.0345177948474884
1.0690355896949768
1.0
1.0
1.0
1.0
1.0
1.0
1.0
1.0
1.0
1.0
1.0
1.0
1.0
1.0
1.0
1.0
1.0
1.0
1.0
1.1868867178757985
1.1035533845424652
1.0690355896949768
1.0345177948474884
1.0
1.0
1.0
1.0
1.0
1.0
1.0345177948474884
1.0690355896949768
1.1035533845424652
1.1380711793899536
1.2214045127232869
1.3047378460566204
1.3880711793899536
1.4714045127232869
1.0
1.0
1.0
1.0
1.0
1.0
1.0
1.0
1.0
1.0
1.0
1.0
1.0
1.270220051209132
1.1868867178757985
1.1035533845424652
1.0690355896949768
1.0345177948474884
1.0
1.0
1.0
1.0
1.0
1.0
1.0345177948474884
1.0690355896949768
1.1035533845424652
1.0
1.0
1.0
1.0
1.0
1.0
1.0
1.0
1.0
1.0
1.0
1.0
1.0
1.0
1.0
1.0
3.373773435751597
3.290440102418264
3.2071067690849304
3.123773435751597
3.040440102418264
2.9571067690849304
2.873773435751597
2.790440102418264
2.7071067690849304
2.623773435751597
2.540440102418264
2.4571067690849304
2.422588974237442
1.0690355896949768
1.0345177948474884
1.0
1.0
1.0
1.0
1.0
1.0
1.0
1.0
1.0
1.0
1.0
1.0345177948474884
1.0
1.0
1.0
1.0
1.0
1.0
1.0
1.0
1.0345177948474884
1.0
1.0
1.0
1.0
1.0
1.0
1.0
1.0
1.0
1.0
1.0
1.0
1.0
1.0
1.0
1.0
1.0
1.0
1.0
1.0
1.0
1.0
1.0
1.0
1.0
1.0
1.0
1.0
1.0
1.0
1.0
1.0
1.0
1.0
1.0
1.0
1.0
1.0
1.0
1.0
1.0
1.0
1.0
1.0
1.0
1.0
1.0
1.0
1.0
1.0
1.0
1.0
1.0
1.0
1.0
1.0
1.0
1.0
1.0
1.0
1.0
1.0
1.0
1.03765577619726
1.0
1.0
1.0
1.0
1.0
1.0
1.0
1.03765577619726
1.0753115523945203
1.0
1.0
1.0
1.0
1.0
1.0
1.0
1.0
1.0
1.0
1.0
1.0
1.0
1.0
1.0
1.0
1.0
1.0
1.0
1.0
1.0
1.0
1.0
1.166220643303611
1.0753115523945203
1.03765577619726
1.0
1.0
1.0
1.0
1.0
1.0
1.03765577619726
1.0753115523945203
1.1129673285917803
1.203876419500871
1.0
1.0
1.0
1.0
1.0
1.0
1.0
1.0
1.0
1.0
1.0
1.0
1.0
1.0
1.0
1.0
1.0
1.0
1.0
1.0
1.0
1.0
1.0
1.257129734212702
1.166220643303611
1.0753115523945203
1.03765577619726
1.0
1.0
1.0
1.0
1.0
1.0
1.03765577619726
1.0753115523945203
1.0
1.0
1.0
1.0
1.0
1.0
1.0
1.0
1.0
1.0
1.0
1.0
1.0
1.0
1.0
1.0
1.0
1.0
1.0
1.0
1.0
3.627226797017184
3.5363177061080933
3.4454086151990024
3.3544995242899116
3.2635904333808203
3.1726813424717295
3.0817722515626387
2.990863160653548
1.0753115523945203
1.03765577619726
1.0
1.0
1.0
1.0
1.0
1.0
1.0
1.0
1.0
1.0
1.0
1.0
1.03765577619726
1.0
1.0
1.0
1.0
1.0
1.0
1.0
1.0
1.0
1.0
1.0
1.0
1.0
1.0
1.0
1.0
1.0
1.0
1.0
1.0
1.0
1.0
1.0
1.0
1.0
1.0
1.0
1.0
1.0
1.0
1.0
1.0
1.0
1.0
1.0
1.0
1.0
1.0
1.0
1.0
1.0
1.0
1.0
1.0
1.0
1.0
1.0
1.0
1.0
1.0
1.0
1.0
1.0
1.0
1.0
1.0
1.0
1.0
1.0
1.0
1.0
1.0
1.0
1.0
1.0
1.0
1.0
1.0
1.0
1.0
1.0
1.0
1.0
1.0
1.0
1.0
1.0
1.0
1.0
1.0
1.0
1.0
1.0
1.0
1.0
1.0
1.0
1.0
1.0
1.041421353816986
1.0
1.0
1.0
1.0
1.0
1.0
1.0
1.041421353816986
1.1414213538169862
1.0
1.0
1.0
1.0
1.0
1.0
1.0
1.0
1.0
1.0
1.0
1.0
1.0
1.0
1.0
1.0
1.0
1.0
1.0
1.0
1.0
1.0
1.0
1.0
1.0
1.041421353816986
1.0
1.0
1.0
1.0
1.0
1.0
1.041421353816986
1.0828427076339722
1.1828427076339723
1.0
1.0
1.0
1.0
1.0
1.0
1.0
1.0
1.0
1.0
1.0
1.0
1.0
1.0
1.0
1.0
1.0
1.0
1.0
1.0
1.0
1.0
1.0
1.0
1.0
1.0
1.0
1.0
1.041421353816986
1.0
1.0
1.0
1.0
1.0
1.0
1.041421353816986
1.1414213538169862
1.0
1.0
1.0
1.0
1.0
1.0
1.0
1.0
1.0
1.0
1.0
1.0
1.0
1.0
1.0
1.0
1.0
1.0
1.0
1.0
1.0
1.0
1.0
1.0
1.0
1.1414213538169862
1.041421353816986
1.0
1.0
1.0
1.0
1.0
1.0
1.0
1.0
1.0
1.0
1.0
1.0
1.0
1.0
1.0
1.0
1.0
1.0
1.0
1.0
1.0
1.0
1.0
1.0
1.0
1.0
1.0
1.0
1.0
1.0
1.0
1.0
1.0
1.0
1.0
1.0
1.0
1.0
1.0
1.0
1.0
1.0
1.0
1.0
1.0
1.0
1.0
1.0
1.0
1.0
1.0
1.0
1.0
1.0
1.0
1.0
1.0
1.0
1.0
1.0
1.0
1.0
1.0
1.0
1.0
1.0
1.0
1.0
1.0
1.0
1.0
1.0
1.0
1.0
1.0
1.0
1.0
1.0
1.0
1.0
1.0
1.0
1.0
1.0
1.0
1.0
1.0
1.0
1.0
1.0
1.0
1.0
1.0
1.0
1.0
1.0
1.0
1.0
1.0
1.0
1.0
1.0
1.0
1.0
1.0
1.0
1.0
1.0
1.0
1.0
1.0
1.0
1.0
1.0
1.0
1.0
1.0
1.0
1.0
1.0
1.0
1.0
1.0
1.0
1.0
1.0
1.0
1.0
1.0
1.0
1.0
1.0
1.0
1.0
1.0
1.0
1.0
1.0
1.0
1.0
1.0
1.0
1.0
1.0
1.0
1.0
1.0
1.0
1.0
1.0
1.0
1.0
1.0
1.0
1.0
1.0
1.0
1.0
1.0
1.0
1.0
1.0
1.0460237264633179
1.0
1.0
1.0
1.0
1.0
1.0
1.0460237264633179
1.157134837574429
1.0
1.0
1.0
1.0
1.0
1.0
1.0
1.0
1.0
1.0
1.0
1.0
1.0
1.0
1.0
1.0
1.0
1.0
1.0
1.0
1.0
1.0
1.0
1.0
1.0
1.0
1.0
1.0
1.0
1.0
1.0
1.0
1.0
1.0
1.0
1.0
1.0
1.0
1.0
1.0
1.0
1.0
1.0
1.0
1.0
1.0
1.0
1.0
1.0
1.0
1.0
1.0
1.0
1.0
1.0
1.0
1.0
1.0
1.0
1.0
1.0
1.0
1.0
1.0
1.0
1.0
1.0
1.0
1.0
1.0
1.0
1.0
1.0
1.0
1.0
1.0
1.0
1.0
1.0
1.0
1.0
1.0
1.0
1.0
1.0
1.0
1.0
1.0
1.0
1.0
1.0
1.0
1.0
1.0
1.0
1.0
1.0
1.0
1.0
1.0
1.0
1.0
1.0
1.0
1.0
1.0
1.0
1.0
1.0
1.0
1.0
1.0
1.0
1.0
1.0
1.0
1.0
1.0
1.0
1.0
1.0
1.0
1.0
1.0
1.0
1.0
1.0
1.0
1.0
1.0
1.0
1.0
1.0
1.0
1.0
1.0
1.0
1.0
1.0
1.0
1.0
1.0
1.0
1.0
1.0
1.0
1.0
1.0
1.0
1.0
1.0
1.0
1.0
1.0
1.0
1.0
1.0
1.0
1.0
1.0
1.0
1.0
1.0
1.0
1.0
1.0
1.0
1.0
1.0
1.0
1.0
1.0
1.0
1.0
1.0
1.0
1.0
1.0
1.0
1.0
1.0
1.0
1.0
1.0
1.0
1.0
1.0
1.0
1.0
1.0
1.0
1.0
1.0
1.0
1.0
1.0
1.0
1.0
1.0
1.0
1.0
1.0
1.0
1.0
1.0
1.0
1.0
1.0
1.0
1.0
1.0
1.0
1.0
1.0
1.0
1.0
1.0
1.0
1.0
1.0
1.0
1.0
1.0
1.0
1.0
1.0
1.0
1.0
1.0
1.0
1.0
1.0
1.0
1.0
1.0
1.0
1.0
1.0
1.0
1.0
1.0
1.0
1.0
1.0
1.0
1.0
1.0
1.0
1.0
1.0
1.0
1.0
1.0
1.0
1.0
1.0
1.0
1.0
1.0
1.0
1.0
1.0
1.0
1.0
1.0
1.0
1.0
1.0
1.0
1.0
1.0
1.0
1.0
1.0
1.0
1.0
1.0
1.0
1.0
1.0
1.0
1.0
1.0
1.0
1.0
1.0
1.0
1.0
1.0
1.0
1.0
1.0
1.0
1.0
1.0
1.0
1.0
1.0
1.0
1.0
1.0
1.0
1.0
1.0
1.0
1.0
1.0
1.0
1.0
1.0
1.0
1.0
1.0
1.0
1.0
1.0
1.0
1.0
1.0
1.0
1.0
1.0
1.0
1.0
1.0
1.0
1.0
1.0
1.0
1.0
1.0
1.0
1.0
1.0
1.0
1.0
1.0
1.0
1.0
1.0
1.0
1.0
1.0
1.0
1.0
1.0
1.0
1.0
1.0
1.0
1.0
1.0
1.0
1.0
1.0
1.0
1.0
1.0
1.0
1.0
1.0
1.0
1.0
1.0
1.0
1.0
1.0
1.0
1.0
1.0
1.0
1.0
1.0
1.0
1.0
1.0
1.0
1.0
1.0
1.0
1.0
1.0
1.0
1.0
1.0
1.0
1.0
1.0
1.0
1.0
1.0
1.0
1.0
1.0
1.0
1.0
1.0
1.0
1.0
1.0
1.0
1.0
1.0
1.0
1.0
1.0
1.0
1.0
1.0
1.0
1.0
1.0
1.0
1.0
1.0
1.0
1.0
1.0
1.0
1.0
1.0
1.0
1.0
1.0
1.0
1.0
1.0
1.0
1.0
1.0
1.0
1.0
1.0
1.0
1.0
1.0
1.0
1.0
1.0
1.0
1.0
1.0
1.0
1.0
1.0
1.0
1.0
1.0
1.0
1.0
1.0
1.0
1.0
1.0
1.0
1.0
1.0
1.0
1.0
1.0
1.0
1.0
1.0
1.0
1.0
1.0
1.0
1.0
1.0
1.0
1.0
1.0
1.0
1.0
1.0
1.0
1.0
1.0
1.0
1.0
1.0
1.0
1.0
1.0
1.0
1.0
1.0
1.0
1.0
1.0
1.0
1.0
1.0
1.0
1.0
1.0
1.0
1.0
1.0
1.0
1.0
1.0
1.0
1.0
1.0
1.0
1.0
1.0
1.0
1.0
1.0
1.0
1.0
1.0
1.0
1.0
1.0
1.0
1.0
1.0
1.0
1.0
1.0
1.0
1.0
1.0
1.0
1.0
1.0
1.0
1.0
1.0
1.0
1.0
1.0
1.0
1.0
1.0
1.0
1.0
1.0
1.0
1.0
1.0
1.0
1.0
1.0
1.0
1.0
1.0
1.0
1.0
1.0
1.0
1.0
1.0
1.0
1.0
1.0
1.0
1.0
1.0
1.0
1.0
1.0
1.0
1.0
1.0
1.0
1.0
1.0
1.0
1.0
1.0
1.0
1.0
1.0
1.0
1.0
1.0
1.0
1.0
1.0
1.0
1.0
1.0
1.0
1.0
1.0
1.0
1.0
1.0
1.0
1.0
1.0
1.0
1.0
1.0
1.0
1.0
1.0
1.0
1.0
1.0
1.0
1.0
1.0
1.0
1.0
1.0
1.0
1.0
1.0
1.0
1.0
1.0
1.0
1.0
1.0
1.0
1.0
1.0
1.0
1.0
1.0
1.0
1.0
1.0
1.0
1.0
1.0
1.0
1.0
1.0
1.0
1.0
1.0
1.0
1.0
1.0
1.0
1.0
1.0
1.0
1.0
1.0
1.0
1.0
1.0
1.0
1.0
1.0
1.0
1.0
1.0
1.0
1.0
1.0
1.0
1.0
1.0
1.0
1.0
1.0
1.0
1.0
1.0
1.0
1.0
1.0
1.0
1.0
1.0
1.0
1.0
1.0
1.0
1.0
1.0
1.0
1.0
1.0
1.0
1.0
1.0
1.0
1.0
1.0
1.0
1.0
1.0
1.0
1.0
1.0
1.0
1.0
1.0
1.0
1.0
1.0
1.0
1.0
1.0
1.0
1.0
1.0
1.0
1.0
1.0
1.0
1.0
1.0
1.0
1.0
1.0
1.0
1.0
1.0
1.0
1.0
1.0
1.0
1.0
1.0
1.0
1.0
1.0
1.0
1.0
1.0
1.0
1.0
1.0
1.0
1.0
1.0
1.0
1.0
1.0
1.0
1.0
1.0
1.0
1.0
1.0
1.0
1.0
1.0
1.0
1.0
1.0
1.0
1.0
1.0
1.0
1.0
1.0
1.0
1.0
1.0
1.0
1.0
1.0
1.0
1.0
1.0
1.0
1.0
1.0
1.0
1.0
1.0
1.0
1.0
1.0
1.0
1.0
1.0
1.0
1.0
1.0
1.0
1.0
1.0
1.0
1.0
1.0
1.0
1.0
1.0
1.0
1.0
1.0
1.0
1.0
1.0
1.0
1.0
1.0
1.0
1.0
1.0
1.0
1.0
1.0
1.0
1.0
1.0
1.0
1.0
1.0
1.0
1.0
1.0
1.0
1.0
1.0
1.0
1.0
1.0
1.0
1.0
1.0
1.0
1.0
1.0
1.0
1.0
1.0
1.0
1.0
1.0
1.0
1.0
1.0
1.0
1.0
1.0
1.0
1.0
1.0
1.0
1.0
1.0
1.0
1.0
1.0
1.0
1.0
1.0
1.0
1.0
1.0
1.0
1.0
1.0
1.0
1.0
1.0
1.0
1.0
1.0
1.0
1.0
1.0
1.0
1.0
1.0
1.0
1.0
1.0
1.0
1.0
1.0
1.0
1.0
1.0
1.0
1.0
1.0
1.0
1.0
1.0
1.0
1.0
1.0
1.0
1.0
1.0
1.0
1.0
1.0
1.0
1.0
1.0
1.0
1.0
1.0
1.0
1.0
1.0
1.0
1.0
1.0
1.0
1.0
1.0
1.0
1.0
1.0
1.0
1.0
1.0
1.0
1.0
1.0
1.0
1.0
1.0
1.0
1.0
1.0
1.0
1.0
1.0
1.0
1.0
1.0
1.0
1.0
1.0
1.0
1.0
1.0
1.0
1.0
1.0
1.0
1.0
1.0
1.0
1.0
1.0
1.0
1.0
1.0
1.0
1.0
1.0
1.0
1.0
1.0
1.0
1.0
1.0
1.0
1.0
1.0
1.0
1.0
1.0
1.0
1.0
1.0
1.0
1.0
1.0
1.0
1.0
1.0
1.0
1.0
1.0
1.0
1.0
1.0
1.0
1.0
1.0
1.0
1.0
1.0
1.0
1.0
1.0
1.0
1.0
1.0
1.0
1.0
1.0
1.0
1.0
1.0
1.0
1.0
1.0
1.0
1.0
1.0
1.0
1.0
1.0
1.0
1.0
1.0
1.0
1.0
1.0
1.0
1.0
1.0
1.0
1.0
1.0
1.0
1.0
1.0
1.0
1.0
1.0
1.0
1.0
1.0
1.0
1.0
1.0
1.0
1.0
1.0
1.0
1.0
1.0
1.0
1.0
1.0
1.0
1.0
1.0
1.0
1.0
1.0
1.0
1.0
1.0
1.0
1.0
1.0
1.0
1.0
1.0
1.0
1.0
1.0
1.0
1.0
1.0
1.0
1.0
1.0
1.0
1.0
1.0
1.0
1.0
1.0
1.0
1.0
1.0
1.0
1.0
1.0
1.0
1.0
1.0
1.0
1.0
1.0
1.0
1.0
1.0
1.0
1.0
1.0
1.0
1.0
1.0
1.0
1.0
1.0
1.0
1.0
1.0
1.0
1.0
1.0
1.0
1.0
1.0
1.0
1.0
1.0
1.0
1.0
1.0
1.0
1.0
1.0
1.0
1.0
1.0
1.0
1.0
1.0
1.0
1.0
1.0
1.0
1.0
1.0
1.0
1.0
1.0
1.0
1.0
1.0
1.0
1.0
1.0
1.0
1.0
1.0
1.0
1.0
1.0
1.0
1.0
1.0
1.0
1.0
1.0
1.0
1.0
1.0
1.0
1.0
1.0
1.0
1.0
1.0
1.0
1.0
1.0
1.0
1.0
1.0
1.0
1.0
1.0
1.0
1.0
1.0
1.0
1.0
1.0
1.0
1.0
1.0
1.0
1.0
1.0
1.0
1.0
1.0
1.0
1.0
1.0
1.0
1.0
1.0
1.0
1.0
1.0
1.0
1.0
1.0
1.0
1.0
1.0
1.0
1.0
1.0
1.0
1.0
1.0
1.0
1.0
1.0
1.0
1.0
1.0
1.0
1.0
1.0
1.0
1.0
1.0
1.0
1.0
1.0
1.0
1.0
1.0
1.0
1.0
1.0
1.0
1.0
1.0
1.0
1.0
1.0
1.0
1.0
1.0
1.0
1.0
1.0
1.0
1.0
1.0
1.0
1.0
1.0
1.0
1.0
1.0
1.0
1.0
1.0
1.0
1.0
1.0
1.0
1.0
1.0
1.0
1.0
1.0
1.0
1.0
1.0
1.0
1.0
1.0
1.0
1.0
1.0
1.0
1.0
1.0
1.0
1.0
1.0
1.0
1.0
1.0
1.0
1.0
1.0
1.0
1.0
1.0
1.0
1.0
1.0
1.0
1.0
1.0
1.0
1.0
1.0
1.0
1.0
1.0
1.0
1.0
1.0
1.0
1.0
1.0
1.0
1.0
1.0
1.0
1.0
1.0
1.0
1.0
1.0
1.0
1.0
1.0
1.0
1.0
1.0
1.0
1.0
1.0
1.0
1.0
1.0
1.0
1.0
1.0
1.0
1.0
1.0
1.0
1.0
1.0
1.0
1.0
1.0
1.0
1.0
1.0
1.0
1.0
1.0
1.0
1.0
1.0
1.0
1.0
1.0
1.0
1.0
1.0
1.0
1.0
1.0
1.0
1.0
1.0
1.0
1.0
1.0
1.0
1.0
1.0
1.0
1.0
1.0
1.0
1.0
1.0
1.0
1.0
1.0
1.0
1.0
1.0
1.0
1.0
1.0
1.0
1.0
1.0
1.0
1.0
1.0
1.0
1.0
1.0
1.0
1.0
1.0
1.0
1.0
1.0
1.0
1.0
1.0
1.0
1.0
1.0
1.0
1.0
1.0
1.0
1.0
1.0
1.0
1.0
1.0
1.0
1.0
1.0
1.0
1.0
1.0
1.0
1.0
1.0
1.0
1.0
1.0
1.0
1.0
1.0
1.0
1.0
1.0
1.0
1.0
1.0
1.0
1.0
1.0
1.0
1.0
1.0
1.0
1.0
1.0
1.0
1.0
1.0
1.0
1.0
1.0
1.0
1.0
1.0
1.0
1.0
1.0
1.0
1.0
1.0
1.0
1.0
1.0
1.0
1.0
1.0
1.0
1.0
1.0
1.0
1.0
1.0
1.0
1.0
1.0
1.0
1.0
1.0
1.0
1.0
1.0
1.0
1.0
1.0
1.0
1.0
1.0
1.0
1.0
1.0
1.0
1.0
1.0
1.0
1.0
1.0
1.0
1.0
1.0
1.0
1.0
1.0
1.0
1.0
1.0
1.0
1.0
1.0
1.0
1.0
1.0
1.0
1.0
1.0
1.0
1.0
1.0
1.0
1.0
1.0
1.0
1.0
1.0
1.0
1.0
1.0
1.0
1.0
1.0
1.0
1.0
1.0
1.0
1.0
1.0
1.0
1.0
1.0
1.0
1.0
1.0
1.0
1.0
1.0
1.0
1.0
1.0
1.0
1.0
1.0
1.0
1.0
1.0
1.0
1.0
1.0
1.0
1.0
1.0
1.0
1.0
1.0
1.0
1.0
1.0
1.0
1.0
1.0
1.0
1.0
1.0
1.0
1.0
1.0
1.0
1.0
1.0
1.0
1.0
1.0
1.0
1.0
1.0
1.0
1.0
1.0
1.0
1.0
1.0
1.0
1.0
1.0
1.0
1.0
1.0
1.0
1.0
1.0
1.0
1.0
1.0
1.0
1.0
1.0
1.0
1.0
1.0
1.0
1.0
1.0
1.0
1.0
1.0
1.0
1.0
1.0
1.0
1.0
1.0
1.0
1.0
1.0
1.0
1.0
1.0
1.0
1.0
1.0
1.0
1.0
1.0
1.0
1.0
1.0
1.0
1.0
1.0
1.0
1.0
1.0
1.0
1.0
1.0
1.0
1.0
1.0
1.0
1.0
1.0
1.0
1.0
1.0
1.0
1.0
1.0
1.0
1.0
1.0
1.0
1.0
1.0
1.0
1.0
1.0
1.0
1.0
1.0
1.0
1.0
1.0
1.0
1.0
1.0
1.0
1.0
1.0
1.0
1.0
1.0
1.0
1.0
1.0
1.0
1.0
1.0
1.0
1.0
1.0
1.0
1.0
1.0
1.0
1.0
1.0
1.0
1.0
1.0
1.0
1.0
1.0
1.0
1.0
1.0
1.0
1.0
1.0
1.0
1.0
1.0
1.0
1.0
1.0
1.0
1.0
1.0
1.0
1.0
1.0
1.0
1.0
1.0
1.0
1.0
1.0
1.0
1.0
1.0
1.0
1.0
1.0
1.0
1.0
1.0
1.0
1.0
1.0
1.0
1.0
1.0
1.0
1.0
1.0
1.0
1.0
1.0
1.0
1.0
1.0
1.0
1.0
1.0
1.0
1.0
1.0
1.0
1.0
1.0
1.0
1.0
1.0
1.0
1.0
1.0
1.0
1.0
1.0
1.0
1.0
1.0
1.0
1.0
1.0
1.0
1.0
1.0
1.0
1.0
1.0
1.0
1.0
1.0
1.0
1.0
1.0
1.0
1.0
1.0
1.0
1.0
1.0
1.0
1.0
1.0
1.0
1.0
1.0
1.0
1.0
1.0
1.0
1.0
1.0
1.0
1.0
1.0
1.0
1.0
1.0
1.0
1.0
1.0
1.0
1.0
1.0
1.0
1.0
1.0
1.0
1.0
1.0
1.0
1.0
1.0
1.0
1.0
1.0
1.0
1.0
1.0
1.0
1.0
1.0
1.0
1.0
1.0
1.0
1.0
1.0
1.0
1.0
1.0
1.0
1.0
1.0
1.0
1.0
1.0
1.0
1.0
1.0
1.0
1.0
1.0
1.0
1.0
1.0
1.0
1.0
1.0
1.0
1.0
1.0
1.0
1.0
1.0
1.0
1.0
1.0
1.0
1.0
1.0
1.0
1.0
1.0
1.0
1.0
1.0
1.0
1.0
1.0
1.0
1.0
1.0
1.0
1.0
1.0
1.0
1.0
1.0
1.0
1.0
1.0
1.0
1.0
1.0
1.0
1.0
1.0
1.0
1.0
1.0
1.0
1.0
1.0
1.0
1.0
1.0
1.0
1.0
1.0
1.0
1.0
1.0
1.0
1.0
1.0
1.0
1.0
1.0
1.0
1.0
1.0
1.0
1.0
1.0
1.0
1.0
1.0
1.0
1.0
1.0
1.0
1.0
1.0
1.0
1.0
1.0
1.0
1.0
1.0
1.0
1.0
1.0
1.0
1.0
1.0
1.0
1.0
1.0
1.0
1.0
1.0
1.0
1.0
1.0
1.0
1.0
1.0
1.0
1.0
1.0
1.0
1.0
1.0
1.0
1.0
1.0
1.0
1.0
1.0
1.0
1.0
1.0
1.0
1.0
1.0
1.0
1.0
1.0
1.0
1.0
1.0
1.0
1.0
1.0
1.0
1.0
1.0
1.0
1.0
1.0
1.0
1.0
1.0
1.0
1.0
1.0
1.0
1.0
1.0
1.0
1.0
1.0
1.0
1.0
1.0
1.0
1.0
1.0
1.0
1.0
1.0
1.0
1.0
1.0
1.0
1.0
1.0
1.0
1.0
1.0
1.0
1.0
1.0
1.0
1.0
1.0
1.0
1.0
1.0
1.0
1.0
1.0
1.0
1.0
1.0
1.0
1.0
1.0
1.0
1.0
1.0
1.0
1.0
1.0
1.0
1.0
1.0
1.0
1.0
1.0
1.0
1.0
1.0
1.0
1.0
1.0
1.0
1.0
1.0
1.0
1.0
1.0
1.0
1.0
1.0
1.0
1.0
1.0
1.0
1.0
1.0
1.0
1.0
1.0
1.0
1.0
1.0
1.0
1.0
1.0
1.0
1.0
1.0
1.0
1.0
1.0
1.0
1.0
1.0
1.0
1.0
1.0
1.0
1.0
1.0
1.0
1.0
1.0
1.0
1.0
1.0
1.0
1.0
1.0
1.0
1.0
1.0
1.0
1.0
1.0
1.0
1.0
1.0
1.0
1.0
1.0
1.0
1.0
1.0
1.0
1.0
1.0
1.0
1.0
1.0
1.0
1.0
1.0
1.0
1.0
1.0
1.0
1.0
1.0
1.0
1.0
1.0
1.0
1.0
1.0
1.0
1.0
1.0
1.0
1.0
1.0
1.0
1.0
1.0
1.0
1.0
1.0
1.0
1.0
1.0
1.0
1.0
1.0
1.0
1.0
1.0
1.0
1.0
1.0
1.0
1.0
1.0
1.0
1.0
1.0
1.0
1.0
1.0
1.0
1.0
1.0
1.0
1.0
1.0
1.0
1.0
1.0
1.0
1.0
1.0
1.0
1.0
1.0
1.0
1.0
1.0
1.0
1.0
1.0
1.0
1.0
1.0
1.0
1.0
1.0
1.0
1.0
1.0
1.0
1.0
1.0
1.0
1.0
1.0
1.0
1.0
1.0
1.0
1.0
1.0
1.0
1.0
1.0
1.0
1.0
1.0
1.0
1.0
1.0
1.0
1.0
1.0
1.0
1.0
1.0
1.0
1.0
1.0
1.0
1.0
1.0
1.0
1.0
1.0
1.0
1.0
1.0
1.0
1.0
1.0
1.0
1.0
1.0
1.0
1.0
1.0
1.0
1.0
1.0
1.0
1.0
1.0
1.0
1.0
1.0
1.0
1.0
1.0
1.0
1.0
1.0
1.0
1.0
1.0
1.0
1.0
1.0
1.0
1.0
1.0
1.0
1.0
1.0
1.0
1.0
1.0
1.0
1.0
1.0
1.0
1.0
1.0
1.0
1.0
1.0
1.0
1.0
1.0
1.0
1.0
1.0
1.0
1.0
1.0
1.0
1.0
1.0
1.0
1.0
1.0
1.0
1.0
1.0
1.0
1.0
1.0
1.0
1.0
1.0
1.0
1.0
1.0
1.0
1.0
1.0
1.0
1.0
1.0
1.0
1.0
1.0
1.0
1.0
1.0
1.0
1.0
1.0
1.0
1.0
1.0
1.0
1.0
1.0
1.0
1.0
1.0
1.0
1.0
1.0
1.0
1.0
1.0
1.0
1.0
1.0
1.0
1.0
1.0
1.0
1.0
1.0
1.0
1.0
1.0
1.0
1.0
1.0
1.0
1.0
1.0
1.0
1.0
1.0
1.0
1.0
1.0
1.0
1.0
1.0
1.0
1.0
1.0
1.0
1.0
1.0
1.0
1.0
1.0
1.0
1.0
1.0
1.0
1.0
1.0
1.0
1.0
1.0
1.0
1.0
1.0
1.0
1.0
1.0
1.0
1.0
1.0
1.0
1.0
1.0
1.0
1.0
1.0
1.0
1.0
1.0
1.0
1.0
1.0
1.0
1.0
1.0
1.0
1.0
1.0
1.0
1.0
1.0
1.0
1.0
1.0
1.0
1.0
1.0
1.0
1.0
1.0
1.0
1.0
1.0
1.0
1.0
1.0
1.0
1.0
1.0
1.0
1.0
1.0
1.0
1.0
1.0
1.0
1.0
1.0
1.0
1.0
1.0
1.0
1.0
1.0
1.0
1.0
1.0
1.0
1.0
1.0
1.0
1.0
1.0
1.0
1.0
1.0
1.0
1.0
1.0
1.0
1.0
1.0
1.0
1.0
1.0
1.0
1.0
1.0
1.0
1.0
1.0
1.0
1.0
1.0
1.0
1.0
1.0
1.0
1.0
1.0
1.0
1.0
1.0
1.0
1.0
1.0
1.0
1.0
1.0
1.0
1.0
1.0
1.0
1.0
1.0
1.0
1.0
1.0
1.0
1.0
1.0
1.0
1.0
1.0
1.0
1.0
1.0
1.0
1.0
1.0
1.0
1.0
1.0
1.0
1.0
1.0
1.0
1.0
1.0
1.0
1.0
1.0
1.0
1.0
1.0
1.0
1.0
1.0
1.0
1.0
1.0
1.0
1.0
1.0
1.0
1.0
1.0
1.0
1.0
1.0
1.0
1.0
1.0
1.0
1.0
1.0
1.0
1.0
1.0
1.0
1.0
1.0
1.0
1.0
1.0
1.0
1.0
1.0
1.0
1.0
1.0
1.0
1.0
1.0
1.0
1.0
1.0
1.0
1.0
1.0
1.0
1.0
1.0
1.0
1.0
1.0
1.0
1.0
1.0
1.0
1.0
1.0
1.0
1.0
1.0
1.0
1.0
1.0
1.0
1.0
1.0
1.0
1.0
1.0
1.0
1.0
1.0
1.0
1.0
1.0
1.0
1.0
1.0
1.0
1.0
1.0
1.0
1.0
1.0
1.0
1.0
1.0
1.0
1.0
1.0
1.0
1.0
1.0
1.0
1.0
1.0
1.0
1.0
1.0
1.0
1.0
1.0
1.0
1.0
1.0
1.0
1.0
1.0
1.0
1.0
1.0
1.0
1.0
1.0
1.0
1.0
1.0
1.0
1.0
1.0
1.0
1.0
1.0
1.0
1.0
1.0
1.0
1.0
1.0
1.0
1.0
1.0
1.0
1.0
1.0
1.0
1.0
1.0
1.0
1.0
1.0
1.0
1.0
1.0
1.0
1.0
1.0
1.0
1.0
1.0
1.0
1.0
1.0
1.0
1.0
1.0
1.0
1.0
1.0
1.0
1.0
1.0
1.0
1.0
1.0
1.0
1.0
1.0
1.0
1.0
1.0
1.0
1.0
1.0
1.0
1.0
1.0
1.0
1.0
1.0
1.0
1.0
1.0
1.0
1.0
1.0
1.0
1.0
1.0
1.0
1.0
1.0
1.0
1.0
1.0
1.0
1.0
1.0
1.0
1.0
1.0
1.0
1.0
1.0
1.0
1.0
1.0
1.0
1.0
1.0
1.0
1.0
1.0
1.0
1.0
1.0
1.0
1.0
1.0
1.0
1.0
1.0
1.0
1.0
1.0
1.0
1.0
1.0
1.0
1.0
1.0
1.0
1.0
1.0
1.0
1.0
1.0
1.0
1.0
1.0
1.0
1.0
1.0
1.0
1.0
1.0
1.0
1.0
1.0
1.0
1.0
1.0
1.0
1.0
1.0
1.0
1.0
1.0
1.0
1.0
1.0
1.0
1.0
1.0
1.0
1.0
1.0
1.0
1.0
1.0
1.0
1.0
1.0
1.0
1.0
1.0
1.0
1.0
1.0
1.0
1.0
1.0
1.0
1.0
1.0
1.0
1.0
1.0
1.0
1.0
1.0
1.0
1.0
1.0
1.0
1.0
1.0
1.0
1.0
1.0
1.0
1.0
1.0
1.0
1.0
1.0
1.0
1.0
1.0
1.0
1.0
1.0
1.0
1.0
1.0
1.0
1.0
1.0
1.0
1.0
1.0
1.0
1.0
1.0
1.0
1.0
1.0
1.0
1.0
1.0
1.0
1.0
1.0
1.0
1.0
1.0
1.0
1.0
1.0
1.0
1.0
1.0
1.0
1.0
1.0
1.0
1.0
1.0
1.0
1.0
1.0
1.0
1.0
1.0
1.0
1.0
1.0
1.0
1.0
1.0
1.0
1.0
1.0
1.0
1.0
1.0
1.0
1.0
1.0
1.0
1.0
1.0
1.0
1.0
1.0
1.0
1.0
1.0
1.0
1.0
1.0
1.0
1.0
1.0
1.0
1.0
1.0
1.0
1.0
1.0
1.0
1.0
1.0
1.0
1.0
1.0
1.0
1.0
1.0
1.0
1.0
1.0
1.0
1.0
1.0
1.0
1.0
1.0
1.0
1.0
1.0
1.0
1.0
1.0
1.0
1.0
1.0
1.0
1.0
1.0
1.0
1.0
1.0
1.0
1.0
1.0
1.0
1.0
1.0
1.0
1.0
1.0
1.0
1.0
1.0
1.0
1.0
1.0
1.0
1.0
1.0
1.0
1.0
1.0
1.0
1.0
1.0
1.0
1.0
1.0
1.0
1.0
1.0
1.0
1.0
1.0
1.0
1.0
1.0
1.0
1.0
1.0
1.0
1.0
1.0
1.0
1.0
1.0
1.0
1.0
1.0
1.0
1.0
1.0
1.0
1.0
1.0
1.0
1.0
1.0
1.0
1.0
1.0
1.0
1.0
1.0
1.0
1.0
1.0
1.0
1.0
1.0
1.0
1.0
1.0
1.0
1.0
1.0
1.0
1.0
1.0
1.0
1.0
1.0
1.0
1.0
1.0
1.0
1.0
1.0
1.0
1.0
1.0
1.0
1.0
1.0
1.0
1.0
1.0
1.0
1.0
1.0
1.0
1.0
1.0
1.0
1.0
1.0
1.0
1.0
1.0
1.0
1.0
1.0
1.0
1.0
1.0
1.0
1.0
1.0
1.0
1.0
1.0
1.0
1.0
1.0
1.0
1.0
1.0
1.0
1.0
1.0
1.0
1.0
1.0
1.0
1.0
1.0
1.0
1.0
1.0
1.0
1.0
1.0
1.0
1.0
1.0
1.0
1.0
1.0
1.0
1.0
1.0
1.0
1.0
1.0
1.0
1.0
1.0
1.0
1.0
1.0
1.0
1.0
1.0
1.0
1.0
1.0
1.0
1.0
1.0
1.0
1.0
1.0
1.0
1.0
1.0
1.0
1.0
1.0
1.0
1.0
1.0
1.0
1.0
1.0
1.0
1.0
1.0
1.0
1.0
1.0
1.0
1.0
1.0
1.0
1.0
1.0
1.0
1.0
1.0
1.0
1.0
1.0
1.0
1.0
1.0
1.0
1.0
1.0
1.0
1.0
1.0
1.0
1.0
1.0
1.0
1.0
1.0
1.0
1.0
1.0
1.0
1.0
1.0
1.0
1.0
1.0
1.0
1.0
1.0
1.0
1.0
1.0
1.0
1.0
1.0
1.0
1.0
1.0
1.0
1.0
1.0
1.0
1.0
1.0
1.0
1.0
1.0
1.0
1.0
1.0
1.0
1.0
1.0
1.0
1.0
1.0
1.0
1.0
1.0
1.0
1.0
1.0
1.0
1.0
1.0
1.0
1.0
1.0
1.0
1.0
1.0
1.0
1.0
1.0
1.0
1.0
1.0
1.0
1.0
1.0
1.0
1.0
1.0
1.0
1.0
1.0
1.0
1.0
1.0
1.0
1.0
1.0
1.0
1.0
1.0
1.0
1.0
1.0
1.0
1.0
1.0
1.0
1.0
1.0
1.0
1.0
1.0
1.0
1.0
1.0
1.0
1.0
1.0
1.0
1.0
1.0
1.0
1.0
1.0
1.0
1.0
1.0
1.0
1.0
1.0
1.0
1.0
1.0
1.0
1.0
1.0
1.0
1.0
1.0
1.0
1.0
1.0
1.0
1.0
1.0
1.0
1.0
1.0
1.0
1.0
1.0
1.0
1.0
1.0
1.0
1.0
1.0
1.0
1.0
1.0
1.0
1.0
1.0
1.0
1.0
1.0
1.0
1.0
1.0
1.0
1.0
1.0
1.0
1.0
1.0
1.0
1.0
1.0
1.0
1.0
1.0
1.0
1.0
1.0
1.0
1.0
1.0
1.0
1.0
1.0
1.0
1.0
1.0
1.0
1.0
1.0
1.0
1.0
1.0
1.0
1.0
1.0
1.0
1.0
1.0
1.0
1.0
1.0
1.0
1.0
1.0
1.0
1.0
1.0
1.0
1.0
1.0
1.0
1.0
1.0
1.0
1.0
1.0
1.0
1.0
1.0
1.0
1.0
1.0
1.0
1.0
1.0
1.0
1.0
1.0
1.0
1.0
1.0
1.0
1.0
1.0
1.0
1.0
1.0
1.0
1.0
1.0
1.0
1.0
1.0
1.0
1.0
1.0
1.0
1.0
1.0
1.0
1.0
1.0
1.0
1.0
1.0
1.0
1.0
1.0
1.0
1.0
1.0
1.0
1.0
1.0
1.0
1.0
1.0
1.0
1.0
1.0
1.0
1.0
1.0
1.0
1.0
1.0
1.0
1.0
1.0
1.0
1.0
1.0
1.0
1.0
1.0
1.0
1.0
1.0
1.0
1.0
1.0
1.0
1.0
1.0
1.0
1.0
1.0
1.0
1.0
1.0
1.0
1.0
1.0
1.0
1.0
1.0
1.0
1.0
1.0
1.0
1.0
1.0
1.0
1.0
1.0
1.0
1.0
1.0
1.0
1.0
1.0
1.0
1.0
1.0
1.0
1.0
1.0
1.0
1.0
1.0
1.0
1.0
1.0
1.0
1.0
1.0
1.0
1.0
1.0
1.0
1.0
1.0
1.0
1.0
1.0
1.0
1.0
1.0
1.0
1.0
1.0
1.0
1.0
1.0
1.0
1.0
1.0
1.0
1.0
1.0
1.0
1.0
1.0
1.0
1.0
1.0
1.0
1.0
1.0
1.0
1.0
1.0
1.0
1.0
1.0
1.0
1.0
1.0
1.0
1.0
1.0
1.0
1.0
1.0
1.0
1.0
1.0
1.0
1.0
1.0
1.0
1.0
1.0
1.0
1.0
1.0
1.0
1.0
1.0
1.0
1.0
1.0
1.0
1.0
1.0
1.0
1.0
1.0
1.0
1.0
1.0
1.0
1.0
1.0
1.0
1.0
1.0
1.0
1.0
1.0
1.0
1.0
1.0
1.0
1.0
1.0
1.0
1.0
1.0
1.0
1.0
1.0
1.0
1.0
1.0
1.0
1.0
1.0
1.0
1.0
1.0
1.0
1.0
1.0
1.0
1.0
1.0
1.0
1.0
1.0
1.0
1.0
1.0
1.0
1.0
1.0
1.0
1.0
1.0
1.0
1.0
1.0
1.0
1.0
1.0
1.0
1.0
1.0
1.0
1.0
1.0
1.0
1.0
1.0
1.0
1.0
1.0
1.0
1.0
1.0
1.0
1.0
1.0
1.0
1.0
1.0
1.0
1.0
1.0
1.0
1.0
1.0
1.0
1.0
1.0
1.0
1.0
1.0
1.0
1.0
1.0
1.0
1.0
1.0
1.0
1.0
1.0
1.0
1.0
1.0
1.0
1.0
1.0
1.0
1.0
1.0
1.0
1.0
1.0
1.0
1.0
1.0
1.0
1.0
1.0
1.0
1.0
1.0
1.0
1.0
1.0
1.0
1.0
1.0
1.0
1.0
1.0
1.0
1.0
1.0
1.0
1.0
1.0
1.0
1.0
1.0
1.0
1.0
1.0
1.0
1.0
1.0
1.0
1.0
1.0
1.0
1.0
1.0
1.0
1.0
1.0
1.0
1.0
1.0
1.0
1.0
1.0
1.0
1.0
1.0
1.0
1.0
1.0
1.0
1.0
1.0
1.0
1.0
1.0
1.0
1.0
1.0
1.0
1.0
1.0
1.0
1.0
1.0
1.0
1.0
1.0
1.0
1.0
1.0
1.0
1.0
1.0
1.0
1.0
1.0
1.0
1.0
1.0
1.0
1.0
1.0
1.0
1.0
1.0
1.0
1.0
1.0
1.0
1.0
1.0
1.0
1.0
1.0
1.0
1.0
1.0
1.0
1.0
1.0
1.0
1.0
1.0
1.0
1.0
1.0
1.0
1.0
1.0
1.0
1.0
1.0
1.0
1.0
1.0
1.0
1.0
1.0
1.0
1.0
1.0
1.0
1.0
1.0
1.0
1.0
1.0
1.0
1.0
1.0
1.0
1.0
1.0
1.0
1.0
1.0
1.0
1.0
1.0
1.0
1.0
1.0
1.0
1.0
1.0
1.0
1.0
1.0
1.0
1.0
1.0
1.0
1.0
1.0
1.0
1.0
1.0
1.0
1.0
1.0
1.0
1.0
1.0
1.0
1.0
1.0
1.0
1.0
1.0
1.0
1.0
1.0
1.0
1.0
1.0
1.0
1.0
1.0
1.0
1.0
1.0
1.0
1.0
1.0
1.0
1.0
1.0
1.0
1.0
1.0
1.0
1.0
1.0
1.0
1.0
1.0
1.0
1.0
1.0
1.0
1.0
1.0
1.0
1.0
1.0
1.0
1.0
1.0
1.0
1.0
1.0
1.0
1.0
1.0
1.0
1.0
1.0
1.0
1.0
1.0
1.0
1.0
1.0
1.0
1.0
1.0
1.0
1.0
1.0
1.0
1.0
1.0
1.0
1.0
1.0
1.0
1.0
1.0
1.0
1.0
1.0
1.0
1.0
1.0
1.0
1.0
1.0
1.0
1.0
1.0
1.0
1.0
1.0
1.0
1.0
1.0
1.0
1.0
1.0
1.0
1.0
1.0
1.0
1.0
1.0
1.0
1.0
1.0
1.0
1.0
1.0
1.0
1.0
1.0
1.0
1.0
1.0
1.0
1.0
1.0
1.0
1.0
1.0
1.0
1.0
1.0
1.0
1.0
1.0
1.0
1.0
1.0
1.0
1.0
1.0
1.0
1.0
1.0
1.0
1.0
1.0
1.0
1.0
1.0
1.0
1.0
1.0
1.0
1.0
1.0
1.0
1.0
1.0
1.0
1.0
1.0
1.0
1.0
1.0
1.0
1.0
1.0
1.0
1.0
1.0
1.0
1.0
1.0
1.0
1.0
1.0
1.0
1.0
1.0
1.0
1.0
1.0
1.0
1.0
1.0
1.0
1.0
1.0
1.0
1.0
1.0
1.0
1.0
1.0
1.0
1.0
1.0
1.0
1.0
1.0
1.0
1.0
1.0
1.0
1.0
1.0
1.0
1.0
1.0
1.0
1.0
1.0
1.0
1.0
1.0
1.0
1.0
1.0
1.0
1.0
1.0
1.0
1.0
1.0
1.0
1.0
1.0
1.0
1.0
1.0
1.0
1.0
1.0
1.0
1.0
1.0
1.0
1.0
1.0
1.0
1.0
1.0
1.0
1.0
1.0
1.0
1.0
1.0
1.0
1.0
1.0
1.0
1.0
1.0
1.0
1.0
1.0
1.0
1.0
1.0
1.0
1.0
1.0
1.0
1.0
1.0
1.0
1.0
1.0
1.0
1.0
1.0
1.0
1.0
1.0
1.0
1.0
1.0
1.0
1.0
1.0
1.0
1.0
1.0
1.0
1.0
1.0
1.0
1.0
1.0
1.0
1.0
1.0
1.0
1.0
1.0
1.0
1.0
1.0
1.0
1.0
1.0
1.0
1.0
1.0
1.0
1.0
1.0
1.0
1.0
1.0
1.0
1.0
1.0
1.0
1.0
1.0
1.0
1.0
1.0
1.0
1.0
1.0
1.0
1.0
1.0
1.0
1.0
1.0
1.0
1.0
1.0
1.0
1.0
1.0
1.0
1.0
1.0
1.0
1.0
1.0
1.0
1.0
1.0
1.0
1.0
1.0
1.0
1.0
1.0
1.0
1.0
1.0
1.0
1.0
1.0
1.0
1.0
1.0
1.0
1.0
1.0
1.0
1.0
1.0
1.0
1.0
1.0
1.0
1.0
1.0
1.0
1.0
1.0
1.0
1.0
1.0
1.0
1.0
1.0
1.0
1.0
1.0
1.0
1.0
1.0
1.0
1.0
1.0
1.0
1.0
1.0
1.0
1.0
1.0
1.0
1.0
1.0
1.0
1.0
1.0
1.0
1.0
1.0
1.0
1.0
1.0
