70.84061968326569
70.42640614509583
70.01219260692596
69.5979790687561
69.18376553058624
70.66904675960541
70.25483322143555
69.84061968326569
69.42640614509583
69.01219260692596
68.5979790687561
68.18376553058624
67.76955199241638
67.35533845424652
70.08326029777527
69.66904675960541
69.25483322143555
68.84061968326569
68.42640614509583
68.01219260692596
67.5979790687561
67.18376553058624
66.76955199241638
66.35533845424652
66.76955199241638
69.08326029777527
68.66904675960541
68.25483322143555
67.84061968326569
67.42640614509583
67.01219260692596
66.5979790687561
66.18376553058624
65.76955199241638
65.35533845424652
65.76955199241638
68.08326029777527
67.66904675960541
67.25483322143555
66.84061968326569
66.42640614509583
66.01219260692596
65.5979790687561
65.18376553058624
64.76955199241638
64.35533845424652
64.76955199241638
67.91168737411499
67.49747383594513
67.08326029777527
66.66904675960541
66.25483322143555
65.84061968326569
65.42640614509583
65.01219260692596
64.5979790687561
64.18376553058624
63.76955199241638
63.35533845424652
63.76955199241638
66.91168737411499
66.49747383594513
66.08326029777527
65.66904675960541
65.25483322143555
64.84061968326569
64.42640614509583
64.01219260692596
63.5979790687561
63.18376553058624
62.76955199241638
62.35533845424652
62.76955199241638
63.18376553058624
65.91168737411499
65.49747383594513
65.08326029777527
64.66904675960541
64.25483322143555
63.840619683265686
63.426406145095825
63.012192606925964
62.5979790687561
62.18376553058624
61.76955199241638
61.35533845424652
61.76955199241638
62.18376553058624
65.49747383594513
64.49747383594513
64.08326029777527
63.66904675960541
63.25483322143555
62.840619683265686
62.426406145095825
62.012192606925964
61.5979790687561
61.18376553058624
60.76955199241638
60.35533845424652
60.76955199241638
61.18376553058624
63.08326029777527
62.66904675960541
62.25483322143555
61.840619683265686
61.426406145095825
61.012192606925964
60.5979790687561
60.18376553058624
59.76955199241638
59.35533845424652
59.76955199241638
60.18376553058624
62.66904675960541
61.66904675960541
61.25483322143555
60.840619683265686
60.426406145095825
60.012192606925964
59.5979790687561
59.18376553058624
58.76955199241638
58.35533845424652
58.76955199241638
59.18376553058624
61.25483322143555
60.25483322143555
59.840619683265686
59.426406145095825
59.012192606925964
58.5979790687561
58.18376553058624
57.76955199241638
57.35533845424652
57.76955199241638
60.840619683265686
59.840619683265686
58.840619683265686
58.426406145095825
58.012192606925964
57.5979790687561
57.18376553058624
56.76955199241638
56.35533845424652
56.76955199241638
59.426406145095825
58.426406145095825
57.426406145095825
57.012192606925964
56.5979790687561
56.18376553058624
55.76955199241638
55.35533845424652
55.76955199241638
56.012192606925964
55.5979790687561
55.18376553058624
54.76955199241638
54.35533845424652
54.76955199241638
54.5979790687561
54.18376553058624
53.76955199241638
53.35533845424652
53.18376553058624
52.76955199241638
52.35533845424652
51.94112491607666
51.76955199241638
51.35533845424652
50.94112491607666
50.5269113779068
82.5979790687561
81.5979790687561
80.5979790687561
79.5979790687561
78.5979790687561
77.5979790687561
76.5979790687561
75.5979790687561
74.5979790687561
73.5979790687561
51.18376553058624
50.76955199241638
50.35533845424652
49.94112491607666
49.5269113779068
49.11269783973694
48.69848430156708
83.18376553058624
82.18376553058624
81.18376553058624
80.18376553058624
79.18376553058624
78.18376553058624
77.18376553058624
76.18376553058624
75.18376553058624
74.18376553058624
73.18376553058624
72.18376553058624
71.18376553058624
70.18376553058624
69.18376553058624
50.76955199241638
49.76955199241638
49.35533845424652
48.94112491607666
48.5269113779068
48.11269783973694
47.69848430156708
47.28427076339722
46.870057225227356
82.76955199241638
81.76955199241638
80.76955199241638
79.76955199241638
78.76955199241638
77.76955199241638
76.76955199241638
75.76955199241638
74.76955199241638
73.76955199241638
72.76955199241638
71.76955199241638
70.76955199241638
69.76955199241638
68.76955199241638
67.76955199241638
66.76955199241638
65.76955199241638
65.35533845424652
50.35533845424652
49.35533845424652
48.35533845424652
47.94112491607666
47.5269113779068
47.11269783973694
46.69848430156708
46.28427076339722
45.870057225227356
45.455843687057495
82.35533845424652
81.35533845424652
80.35533845424652
79.35533845424652
78.35533845424652
77.35533845424652
76.35533845424652
75.35533845424652
74.35533845424652
73.35533845424652
72.35533845424652
71.35533845424652
70.35533845424652
69.35533845424652
68.35533845424652
67.35533845424652
66.35533845424652
65.35533845424652
64.35533845424652
49.94112491607666
48.94112491607666
47.94112491607666
46.94112491607666
46.5269113779068
46.11269783973694
45.69848430156708
45.28427076339722
44.870057225227356
44.455843687057495
82.94112491607666
81.94112491607666
80.94112491607666
79.94112491607666
78.94112491607666
77.94112491607666
76.94112491607666
75.94112491607666
74.94112491607666
73.94112491607666
72.94112491607666
71.94112491607666
70.94112491607666
69.94112491607666
68.94112491607666
67.94112491607666
66.94112491607666
65.94112491607666
64.94112491607666
63.94112491607666
62.94112491607666
61.94112491607666
60.94112491607666
49.5269113779068
48.5269113779068
47.5269113779068
46.5269113779068
45.5269113779068
45.11269783973694
44.69848430156708
44.28427076339722
43.870057225227356
43.455843687057495
43.041630148887634
42.62741661071777
82.5269113779068
81.5269113779068
80.5269113779068
79.5269113779068
78.5269113779068
77.5269113779068
76.5269113779068
75.5269113779068
74.5269113779068
73.5269113779068
72.5269113779068
71.5269113779068
70.5269113779068
69.5269113779068
68.5269113779068
67.5269113779068
66.5269113779068
65.5269113779068
64.5269113779068
63.5269113779068
62.5269113779068
61.5269113779068
60.5269113779068
59.5269113779068
58.5269113779068
50.11269783973694
49.11269783973694
48.11269783973694
47.11269783973694
46.11269783973694
45.11269783973694
44.11269783973694
43.69848430156708
43.28427076339722
42.870057225227356
42.455843687057495
42.041630148887634
41.62741661071777
41.21320307254791
81.11269783973694
80.11269783973694
79.11269783973694
78.11269783973694
77.11269783973694
76.11269783973694
75.11269783973694
74.11269783973694
73.11269783973694
72.11269783973694
71.11269783973694
70.11269783973694
69.11269783973694
68.11269783973694
67.11269783973694
66.11269783973694
65.11269783973694
64.11269783973694
63.11269783973694
62.11269783973694
61.11269783973694
60.11269783973694
59.11269783973694
58.11269783973694
57.11269783973694
49.69848430156708
48.69848430156708
47.69848430156708
46.69848430156708
45.69848430156708
44.69848430156708
43.69848430156708
42.69848430156708
42.28427076339722
41.870057225227356
41.455843687057495
41.041630148887634
40.62741661071777
40.21320307254791
39.79898953437805
80.69848430156708
79.69848430156708
78.69848430156708
77.69848430156708
76.69848430156708
75.69848430156708
74.69848430156708
73.69848430156708
72.69848430156708
71.69848430156708
70.69848430156708
69.69848430156708
68.69848430156708
67.69848430156708
66.69848430156708
65.69848430156708
64.69848430156708
63.69848430156708
62.69848430156708
61.69848430156708
60.69848430156708
59.69848430156708
58.69848430156708
57.69848430156708
56.69848430156708
55.69848430156708
54.69848430156708
33.0
33.41421353816986
33.82842707633972
34.24264061450958
34.65685415267944
35.071067690849304
35.485281229019165
35.899494767189026
48.28427076339722
47.28427076339722
46.28427076339722
45.28427076339722
44.28427076339722
43.28427076339722
42.28427076339722
41.28427076339722
40.870057225227356
40.455843687057495
40.041630148887634
39.62741661071777
39.21320307254791
38.79898953437805
38.38477599620819
79.28427076339722
78.28427076339722
77.28427076339722
76.28427076339722
75.28427076339722
74.28427076339722
73.28427076339722
72.28427076339722
71.28427076339722
70.28427076339722
69.28427076339722
68.28427076339722
67.28427076339722
66.28427076339722
65.28427076339722
64.28427076339722
63.28427076339722
62.28427076339722
61.28427076339722
60.28427076339722
59.28427076339722
58.28427076339722
57.28427076339722
56.28427076339722
55.28427076339722
54.28427076339722
53.28427076339722
32.0
32.0
32.0
32.0
32.0
32.41421353816986
32.82842707633972
33.24264061450958
33.65685415267944
34.071067690849304
34.485281229019165
34.899494767189026
35.31370830535889
35.72792184352875
36.14213538169861
36.55634891986847
46.79898953437805
47.79898953437805
48.79898953437805
47.870057225227356
46.870057225227356
45.870057225227356
44.870057225227356
43.870057225227356
42.870057225227356
41.870057225227356
40.870057225227356
39.870057225227356
39.455843687057495
39.041630148887634
38.62741661071777
38.21320307254791
37.79898953437805
37.38477599620819
36.97056245803833
36.55634891986847
36.14213538169861
77.87005722522736
76.87005722522736
75.87005722522736
74.87005722522736
73.87005722522736
72.87005722522736
71.87005722522736
70.87005722522736
69.87005722522736
68.87005722522736
67.87005722522736
66.87005722522736
65.87005722522736
64.87005722522736
63.870057225227356
62.870057225227356
61.870057225227356
60.870057225227356
59.870057225227356
58.870057225227356
57.870057225227356
56.870057225227356
55.870057225227356
54.870057225227356
53.870057225227356
52.870057225227356
51.870057225227356
50.870057225227356
45.870057225227356
44.870057225227356
43.870057225227356
42.870057225227356
41.870057225227356
40.870057225227356
39.870057225227356
38.870057225227356
38.455843687057495
38.041630148887634
31.82842707633972
31.41421353816986
31.0
31.0
31.0
31.0
31.0
31.41421353816986
31.82842707633972
32.24264061450958
32.65685415267944
33.071067690849304
33.485281229019165
33.899494767189026
34.31370830535889
34.72792184352875
35.14213538169861
35.55634891986847
35.97056245803833
36.38477599620819
37.38477599620819
38.38477599620819
41.38477599620819
42.38477599620819
43.38477599620819
44.38477599620819
45.38477599620819
46.38477599620819
47.38477599620819
48.38477599620819
49.38477599620819
50.38477599620819
51.38477599620819
52.38477599620819
47.455843687057495
46.455843687057495
45.455843687057495
44.455843687057495
43.455843687057495
42.455843687057495
41.455843687057495
40.455843687057495
39.455843687057495
38.455843687057495
38.041630148887634
37.62741661071777
37.21320307254791
36.79898953437805
36.38477599620819
35.97056245803833
35.55634891986847
35.14213538169861
34.72792184352875
73.4558436870575
72.4558436870575
71.4558436870575
70.4558436870575
69.4558436870575
68.4558436870575
67.4558436870575
66.4558436870575
65.4558436870575
64.4558436870575
63.455843687057495
62.455843687057495
61.455843687057495
60.455843687057495
59.455843687057495
58.455843687057495
57.455843687057495
56.455843687057495
55.455843687057495
54.455843687057495
53.455843687057495
52.455843687057495
51.455843687057495
50.455843687057495
49.455843687057495
48.455843687057495
47.455843687057495
46.455843687057495
45.455843687057495
44.455843687057495
43.455843687057495
42.455843687057495
41.455843687057495
40.455843687057495
39.455843687057495
38.455843687057495
37.455843687057495
37.041630148887634
36.62741661071777
36.21320307254791
35.79898953437805
30.82842707633972
30.41421353816986
30.0
30.0
30.0
30.0
30.0
30.41421353816986
30.82842707633972
31.242640614509583
31.656854152679443
32.071067690849304
32.485281229019165
32.899494767189026
33.31370830535889
33.72792184352875
34.14213538169861
34.55634891986847
34.97056245803833
35.97056245803833
36.97056245803833
37.97056245803833
38.97056245803833
39.97056245803833
40.97056245803833
41.97056245803833
42.97056245803833
43.97056245803833
44.97056245803833
45.97056245803833
46.97056245803833
47.97056245803833
48.97056245803833
49.97056245803833
50.97056245803833
51.97056245803833
52.97056245803833
46.041630148887634
45.041630148887634
44.041630148887634
43.041630148887634
42.041630148887634
41.041630148887634
40.041630148887634
39.041630148887634
38.041630148887634
37.041630148887634
36.62741661071777
36.21320307254791
35.79898953437805
35.38477599620819
34.97056245803833
34.55634891986847
34.14213538169861
33.72792184352875
33.31370830535889
32.899494767189026
73.04163014888763
72.04163014888763
71.04163014888763
70.04163014888763
69.04163014888763
68.04163014888763
67.04163014888763
66.04163014888763
65.04163014888763
64.04163014888763
63.041630148887634
62.041630148887634
61.041630148887634
60.041630148887634
59.041630148887634
58.041630148887634
57.041630148887634
56.041630148887634
55.041630148887634
54.041630148887634
53.041630148887634
52.041630148887634
51.041630148887634
50.041630148887634
49.041630148887634
48.041630148887634
47.041630148887634
46.041630148887634
45.041630148887634
44.041630148887634
43.041630148887634
42.041630148887634
41.041630148887634
40.041630148887634
39.041630148887634
38.041630148887634
37.041630148887634
36.041630148887634
35.62741661071777
35.21320307254791
34.79898953437805
29.82842707633972
29.41421353816986
29.0
29.0
29.0
29.0
29.0
29.41421353816986
29.82842707633972
30.242640614509583
30.656854152679443
31.071067690849304
31.485281229019165
31.899494767189026
32.31370830535889
32.72792184352875
33.14213538169861
33.55634891986847
34.55634891986847
35.55634891986847
36.55634891986847
37.55634891986847
38.55634891986847
39.55634891986847
40.55634891986847
41.55634891986847
42.55634891986847
43.55634891986847
44.55634891986847
45.55634891986847
46.55634891986847
47.55634891986847
48.55634891986847
49.55634891986847
50.55634891986847
51.55634891986847
52.55634891986847
45.62741661071777
44.62741661071777
43.62741661071777
42.62741661071777
41.62741661071777
40.62741661071777
39.62741661071777
38.62741661071777
37.62741661071777
36.62741661071777
35.62741661071777
35.21320307254791
34.79898953437805
34.38477599620819
33.97056245803833
33.55634891986847
33.14213538169861
32.72792184352875
32.31370830535889
31.899494767189026
69.62741661071777
68.62741661071777
67.62741661071777
66.62741661071777
65.62741661071777
64.62741661071777
63.62741661071777
62.62741661071777
61.62741661071777
60.62741661071777
59.62741661071777
58.62741661071777
57.62741661071777
56.62741661071777
55.62741661071777
54.62741661071777
53.62741661071777
52.62741661071777
51.62741661071777
50.62741661071777
49.62741661071777
48.62741661071777
47.62741661071777
46.62741661071777
45.62741661071777
44.62741661071777
43.62741661071777
42.62741661071777
41.62741661071777
40.62741661071777
39.62741661071777
38.62741661071777
37.62741661071777
36.62741661071777
35.62741661071777
34.62741661071777
34.21320307254791
33.79898953437805
33.38477599620819
32.97056245803833
32.55634891986847
28.82842707633972
28.41421353816986
28.0
28.0
28.0
28.0
28.0
28.41421353816986
28.82842707633972
29.242640614509583
29.656854152679443
30.071067690849304
30.485281229019165
30.899494767189026
31.313708305358887
31.727921843528748
32.14213538169861
33.14213538169861
34.14213538169861
35.14213538169861
36.14213538169861
37.14213538169861
38.14213538169861
39.14213538169861
40.14213538169861
41.14213538169861
42.14213538169861
43.14213538169861
44.14213538169861
45.14213538169861
46.14213538169861
47.14213538169861
48.14213538169861
49.14213538169861
50.14213538169861
51.14213538169861
52.14213538169861
43.21320307254791
42.21320307254791
41.21320307254791
40.21320307254791
39.21320307254791
38.21320307254791
37.21320307254791
36.21320307254791
35.21320307254791
34.21320307254791
33.79898953437805
33.38477599620819
32.97056245803833
32.55634891986847
32.14213538169861
31.727921843528748
31.313708305358887
30.899494767189026
30.485281229019165
30.071067690849304
65.21320307254791
64.21320307254791
63.21320307254791
62.21320307254791
61.21320307254791
60.21320307254791
59.21320307254791
58.21320307254791
57.21320307254791
56.21320307254791
55.21320307254791
54.21320307254791
53.21320307254791
52.21320307254791
51.21320307254791
50.21320307254791
49.21320307254791
48.21320307254791
47.21320307254791
46.21320307254791
45.21320307254791
44.21320307254791
43.21320307254791
42.21320307254791
41.21320307254791
40.21320307254791
39.21320307254791
38.21320307254791
37.21320307254791
36.21320307254791
35.21320307254791
34.21320307254791
33.21320307254791
32.79898953437805
32.38477599620819
31.97056245803833
31.55634891986847
31.14213538169861
27.82842707633972
27.41421353816986
27.0
27.0
27.0
27.0
27.0
27.41421353816986
27.82842707633972
28.242640614509583
28.656854152679443
29.071067690849304
29.485281229019165
29.899494767189026
30.313708305358887
30.727921843528748
31.727921843528748
32.72792184352875
33.72792184352875
34.72792184352875
35.72792184352875
36.72792184352875
37.72792184352875
38.72792184352875
39.72792184352875
40.72792184352875
41.72792184352875
42.72792184352875
43.72792184352875
44.72792184352875
45.72792184352875
46.72792184352875
47.72792184352875
48.72792184352875
49.72792184352875
50.72792184352875
51.72792184352875
52.72792184352875
41.79898953437805
40.79898953437805
39.79898953437805
38.79898953437805
37.79898953437805
36.79898953437805
35.79898953437805
34.79898953437805
33.79898953437805
32.79898953437805
32.38477599620819
31.97056245803833
31.55634891986847
31.14213538169861
30.727921843528748
30.313708305358887
29.899494767189026
29.485281229019165
29.071067690849304
28.656854152679443
59.62741661071777
58.62741661071777
57.62741661071777
48.79898953437805
47.79898953437805
46.79898953437805
45.79898953437805
44.79898953437805
43.79898953437805
42.79898953437805
41.79898953437805
40.79898953437805
39.79898953437805
38.79898953437805
37.79898953437805
36.79898953437805
35.79898953437805
34.79898953437805
33.79898953437805
32.79898953437805
31.79898953437805
31.38477599620819
30.97056245803833
30.55634891986847
30.14213538169861
29.727921843528748
26.82842707633972
26.41421353816986
26.0
26.0
26.0
26.0
26.0
26.41421353816986
26.82842707633972
27.242640614509583
27.656854152679443
28.071067690849304
28.485281229019165
28.899494767189026
29.313708305358887
30.313708305358887
31.313708305358887
32.31370830535889
33.31370830535889
34.31370830535889
35.31370830535889
36.31370830535889
37.31370830535889
38.31370830535889
39.31370830535889
40.31370830535889
41.31370830535889
42.31370830535889
43.31370830535889
44.31370830535889
45.31370830535889
46.31370830535889
47.31370830535889
48.31370830535889
49.31370830535889
50.31370830535889
51.31370830535889
52.31370830535889
40.38477599620819
39.38477599620819
38.38477599620819
37.38477599620819
36.38477599620819
35.38477599620819
34.38477599620819
33.38477599620819
32.38477599620819
31.38477599620819
30.97056245803833
30.55634891986847
30.14213538169861
29.727921843528748
29.313708305358887
28.899494767189026
28.485281229019165
28.071067690849304
27.656854152679443
27.242640614509583
26.82842707633972
26.41421353816986
47.38477599620819
46.38477599620819
45.38477599620819
44.38477599620819
43.38477599620819
42.38477599620819
41.38477599620819
40.38477599620819
39.38477599620819
38.38477599620819
37.38477599620819
36.38477599620819
35.38477599620819
34.38477599620819
33.38477599620819
32.38477599620819
31.38477599620819
30.38477599620819
29.97056245803833
29.55634891986847
29.14213538169861
28.727921843528748
28.313708305358887
27.899494767189026
27.485281229019165
27.071067690849304
25.82842707633972
25.41421353816986
25.0
25.0
25.0
25.0
25.0
25.41421353816986
25.82842707633972
26.242640614509583
26.656854152679443
27.071067690849304
27.485281229019165
27.899494767189026
28.899494767189026
29.899494767189026
30.899494767189026
31.899494767189026
38.72792184352875
39.72792184352875
40.72792184352875
41.72792184352875
42.72792184352875
43.72792184352875
44.72792184352875
45.72792184352875
46.72792184352875
47.72792184352875
48.72792184352875
49.72792184352875
50.72792184352875
51.72792184352875
52.72792184352875
53.72792184352875
35.97056245803833
34.97056245803833
33.97056245803833
32.97056245803833
31.97056245803833
30.97056245803833
29.97056245803833
29.55634891986847
29.14213538169861
28.727921843528748
28.313708305358887
27.899494767189026
27.485281229019165
27.071067690849304
26.656854152679443
26.242640614509583
25.82842707633972
25.41421353816986
25.0
29.14213538169861
29.55634891986847
29.14213538169861
28.727921843528748
28.313708305358887
27.899494767189026
27.485281229019165
44.97056245803833
43.97056245803833
42.97056245803833
41.97056245803833
40.97056245803833
39.97056245803833
38.97056245803833
37.97056245803833
36.97056245803833
35.97056245803833
34.97056245803833
33.97056245803833
32.97056245803833
31.97056245803833
30.97056245803833
29.97056245803833
28.97056245803833
28.55634891986847
28.14213538169861
27.727921843528748
27.313708305358887
26.899494767189026
26.485281229019165
26.071067690849304
25.656854152679443
25.242640614509583
24.82842707633972
24.41421353816986
24.0
24.0
24.0
24.0
24.41421353816986
24.0
24.0
24.0
24.0
24.0
24.41421353816986
24.82842707633972
25.242640614509583
25.656854152679443
26.071067690849304
26.485281229019165
27.485281229019165
28.485281229019165
40.14213538169861
41.14213538169861
42.14213538169861
43.14213538169861
44.14213538169861
45.14213538169861
46.14213538169861
47.14213538169861
48.14213538169861
49.14213538169861
50.14213538169861
51.14213538169861
52.14213538169861
53.14213538169861
54.14213538169861
32.97056245803833
31.97056245803833
30.97056245803833
29.97056245803833
28.97056245803833
28.55634891986847
28.14213538169861
27.727921843528748
32.55634891986847
31.55634891986847
30.55634891986847
29.55634891986847
28.55634891986847
28.14213538169861
27.727921843528748
27.313708305358887
26.899494767189026
26.485281229019165
26.071067690849304
25.656854152679443
25.242640614509583
24.82842707633972
24.41421353816986
24.0
24.0
24.0
27.313708305358887
27.727921843528748
28.14213538169861
28.55634891986847
28.14213538169861
27.727921843528748
27.313708305358887
26.899494767189026
26.485281229019165
26.071067690849304
25.656854152679443
25.242640614509583
43.55634891986847
42.55634891986847
41.55634891986847
40.55634891986847
39.55634891986847
38.55634891986847
37.55634891986847
36.55634891986847
35.55634891986847
34.55634891986847
33.55634891986847
32.55634891986847
31.55634891986847
30.55634891986847
29.55634891986847
28.55634891986847
27.55634891986847
27.14213538169861
26.727921843528748
26.313708305358887
25.899494767189026
25.485281229019165
25.071067690849304
24.656854152679443
24.242640614509583
23.82842707633972
23.41421353816986
23.0
23.0
23.0
23.0
23.0
23.0
23.41421353816986
23.0
23.0
23.0
23.0
23.0
23.0
23.41421353816986
23.82842707633972
25.899494767189026
25.485281229019165
25.071067690849304
24.656854152679443
24.242640614509583
23.82842707633972
23.41421353816986
23.0
23.0
23.41421353816986
23.0
23.0
23.0
23.0
23.0
23.41421353816986
23.82842707633972
24.242640614509583
24.656854152679443
25.071067690849304
26.071067690849304
41.55634891986847
42.55634891986847
43.55634891986847
44.55634891986847
45.55634891986847
46.55634891986847
47.55634891986847
48.55634891986847
49.55634891986847
50.55634891986847
51.55634891986847
52.55634891986847
53.55634891986847
54.55634891986847
34.55634891986847
33.55634891986847
32.55634891986847
31.55634891986847
30.55634891986847
29.55634891986847
28.55634891986847
27.55634891986847
27.14213538169861
26.727921843528748
26.313708305358887
25.899494767189026
25.485281229019165
30.14213538169861
29.14213538169861
28.14213538169861
27.14213538169861
26.727921843528748
26.313708305358887
25.899494767189026
25.485281229019165
25.071067690849304
24.656854152679443
24.242640614509583
23.82842707633972
23.41421353816986
23.0
23.0
23.0
23.0
25.485281229019165
25.899494767189026
26.313708305358887
26.727921843528748
27.14213538169861
28.14213538169861
27.14213538169861
26.727921843528748
26.313708305358887
25.899494767189026
25.485281229019165
25.071067690849304
24.656854152679443
24.242640614509583
23.82842707633972
42.14213538169861
41.14213538169861
40.14213538169861
39.14213538169861
38.14213538169861
37.14213538169861
36.14213538169861
35.14213538169861
34.14213538169861
33.14213538169861
32.14213538169861
31.14213538169861
30.14213538169861
29.14213538169861
28.14213538169861
27.14213538169861
26.14213538169861
25.727921843528748
25.313708305358887
24.899494767189026
24.485281229019165
24.071067690849304
23.656854152679443
23.242640614509583
22.82842707633972
22.41421353816986
22.0
22.0
22.0
22.0
22.0
22.0
22.0
23.656854152679443
23.242640614509583
22.82842707633972
22.41421353816986
22.0
22.0
22.0
22.0
22.0
22.0
22.41421353816986
22.82842707633972
23.242640614509583
23.656854152679443
24.071067690849304
24.485281229019165
24.899494767189026
25.313708305358887
25.727921843528748
26.14213538169861
26.55634891986847
26.97056245803833
27.38477599620819
26.14213538169861
25.727921843528748
25.313708305358887
24.899494767189026
24.485281229019165
24.071067690849304
23.656854152679443
23.242640614509583
22.82842707633972
22.41421353816986
22.0
22.0
22.0
22.0
22.0
22.41421353816986
22.0
22.0
22.0
22.0
22.0
22.41421353816986
22.82842707633972
23.242640614509583
23.656854152679443
43.97056245803833
44.97056245803833
45.97056245803833
46.97056245803833
47.97056245803833
48.97056245803833
49.97056245803833
50.97056245803833
51.97056245803833
52.97056245803833
53.97056245803833
54.97056245803833
37.14213538169861
36.14213538169861
35.14213538169861
34.14213538169861
33.14213538169861
32.14213538169861
31.14213538169861
30.14213538169861
29.14213538169861
28.14213538169861
27.14213538169861
26.14213538169861
25.727921843528748
25.313708305358887
24.899494767189026
24.485281229019165
24.071067690849304
26.727921843528748
25.727921843528748
25.313708305358887
24.899494767189026
24.485281229019165
24.071067690849304
23.656854152679443
23.242640614509583
22.82842707633972
22.41421353816986
22.0
22.0
22.0
22.0
22.0
22.0
23.656854152679443
24.071067690849304
24.485281229019165
24.899494767189026
25.313708305358887
25.727921843528748
26.727921843528748
27.727921843528748
26.727921843528748
25.727921843528748
25.313708305358887
24.899494767189026
24.485281229019165
24.071067690849304
23.656854152679443
23.242640614509583
22.82842707633972
38.72792184352875
37.72792184352875
36.72792184352875
35.72792184352875
34.72792184352875
33.72792184352875
32.72792184352875
31.727921843528748
30.727921843528748
29.727921843528748
28.727921843528748
27.727921843528748
26.727921843528748
25.727921843528748
24.727921843528748
24.313708305358887
23.899494767189026
23.485281229019165
23.071067690849304
22.656854152679443
22.242640614509583
21.82842707633972
21.41421353816986
21.0
21.0
21.0
21.0
21.0
21.0
21.0
21.41421353816986
21.82842707633972
23.071067690849304
22.656854152679443
22.242640614509583
21.82842707633972
21.41421353816986
21.0
21.0
21.0
21.0
21.0
21.0
21.41421353816986
21.82842707633972
22.242640614509583
22.656854152679443
23.071067690849304
23.485281229019165
23.899494767189026
24.313708305358887
24.727921843528748
25.14213538169861
25.55634891986847
25.97056245803833
26.38477599620819
27.38477599620819
28.38477599620819
29.38477599620819
25.14213538169861
24.727921843528748
24.313708305358887
23.899494767189026
23.485281229019165
23.071067690849304
22.656854152679443
22.242640614509583
21.82842707633972
21.41421353816986
21.0
21.0
21.0
21.0
21.0
21.0
21.0
21.0
21.0
21.0
21.0
21.41421353816986
21.82842707633972
22.242640614509583
45.38477599620819
46.38477599620819
47.38477599620819
48.38477599620819
49.38477599620819
50.38477599620819
51.38477599620819
52.38477599620819
53.38477599620819
54.38477599620819
55.38477599620819
38.72792184352875
37.72792184352875
36.72792184352875
35.72792184352875
34.72792184352875
33.72792184352875
32.72792184352875
31.727921843528748
30.727921843528748
29.727921843528748
28.727921843528748
27.727921843528748
26.727921843528748
25.727921843528748
24.727921843528748
24.313708305358887
23.899494767189026
23.485281229019165
23.071067690849304
24.313708305358887
23.899494767189026
23.485281229019165
23.071067690849304
22.656854152679443
22.242640614509583
21.82842707633972
21.41421353816986
21.0
21.0
21.0
21.0
21.0
21.0
21.0
21.0
21.41421353816986
21.82842707633972
22.242640614509583
22.656854152679443
23.071067690849304
23.485281229019165
23.899494767189026
24.313708305358887
25.313708305358887
26.313708305358887
27.313708305358887
26.313708305358887
25.313708305358887
24.313708305358887
23.899494767189026
23.485281229019165
23.071067690849304
22.656854152679443
22.242640614509583
21.82842707633972
21.41421353816986
38.31370830535889
37.31370830535889
36.31370830535889
35.31370830535889
34.31370830535889
33.31370830535889
32.31370830535889
31.313708305358887
30.313708305358887
29.313708305358887
28.313708305358887
27.313708305358887
26.313708305358887
25.313708305358887
24.313708305358887
23.313708305358887
22.899494767189026
22.485281229019165
22.071067690849304
21.656854152679443
21.242640614509583
20.82842707633972
20.41421353816986
20.0
20.0
20.0
20.0
20.0
20.0
20.0
20.41421353816986
20.82842707633972
22.071067690849304
21.656854152679443
21.242640614509583
20.82842707633972
20.41421353816986
20.0
20.0
20.0
20.0
20.0
20.0
20.41421353816986
20.82842707633972
21.242640614509583
21.656854152679443
22.071067690849304
22.485281229019165
22.899494767189026
23.313708305358887
23.727921843528748
24.14213538169861
24.55634891986847
24.97056245803833
25.97056245803833
26.97056245803833
27.97056245803833
28.97056245803833
24.14213538169861
23.727921843528748
23.313708305358887
22.899494767189026
22.485281229019165
22.071067690849304
21.656854152679443
21.242640614509583
20.82842707633972
20.41421353816986
20.0
20.0
20.0
20.0
20.0
20.0
20.0
20.0
20.0
20.0
20.0
20.41421353816986
20.82842707633972
21.82842707633972
46.38477599620819
46.79898953437805
47.79898953437805
48.79898953437805
49.79898953437805
50.79898953437805
51.79898953437805
52.79898953437805
53.79898953437805
54.79898953437805
55.79898953437805
38.31370830535889
37.31370830535889
36.31370830535889
35.31370830535889
34.31370830535889
33.31370830535889
32.31370830535889
31.313708305358887
30.313708305358887
29.313708305358887
28.313708305358887
27.313708305358887
26.313708305358887
25.313708305358887
24.313708305358887
23.313708305358887
22.899494767189026
22.485281229019165
22.071067690849304
23.899494767189026
22.899494767189026
22.485281229019165
22.071067690849304
21.656854152679443
21.242640614509583
20.82842707633972
20.41421353816986
20.0
20.0
20.0
20.0
20.0
20.0
20.0
20.0
20.41421353816986
20.82842707633972
21.242640614509583
21.656854152679443
22.071067690849304
22.485281229019165
22.899494767189026
23.899494767189026
24.899494767189026
25.899494767189026
26.899494767189026
25.899494767189026
24.899494767189026
23.899494767189026
22.899494767189026
22.485281229019165
22.071067690849304
21.656854152679443
21.242640614509583
20.82842707633972
20.41421353816986
36.72792184352875
35.72792184352875
34.72792184352875
33.72792184352875
22.899494767189026
21.899494767189026
21.485281229019165
21.071067690849304
20.656854152679443
20.242640614509583
19.82842707633972
19.41421353816986
19.0
19.0
19.0
19.0
19.0
19.0
19.0
19.41421353816986
19.82842707633972
21.071067690849304
20.656854152679443
20.242640614509583
19.82842707633972
19.41421353816986
19.0
19.0
19.0
19.0
19.0
19.0
19.41421353816986
19.82842707633972
20.242640614509583
20.656854152679443
21.071067690849304
21.485281229019165
21.899494767189026
22.313708305358887
22.727921843528748
23.14213538169861
23.55634891986847
24.55634891986847
25.55634891986847
26.55634891986847
27.55634891986847
28.55634891986847
29.55634891986847
23.14213538169861
22.727921843528748
22.313708305358887
21.899494767189026
21.485281229019165
21.071067690849304
20.656854152679443
20.242640614509583
19.82842707633972
19.41421353816986
19.0
19.0
19.0
19.0
19.0
19.0
19.41421353816986
19.82842707633972
19.0
19.0
19.0
19.0
19.0
19.41421353816986
20.41421353816986
47.79898953437805
48.21320307254791
49.21320307254791
50.21320307254791
51.21320307254791
52.21320307254791
53.21320307254791
54.21320307254791
55.21320307254791
56.21320307254791
39.899494767189026
38.899494767189026
37.899494767189026
36.899494767189026
35.899494767189026
34.899494767189026
33.899494767189026
32.899494767189026
31.899494767189026
30.899494767189026
29.899494767189026
28.899494767189026
27.899494767189026
26.899494767189026
25.899494767189026
24.899494767189026
23.899494767189026
22.899494767189026
21.899494767189026
21.485281229019165
21.071067690849304
20.656854152679443
21.485281229019165
21.071067690849304
20.656854152679443
20.242640614509583
19.82842707633972
19.41421353816986
19.0
19.0
19.0
19.0
19.0
19.0
19.0
19.0
19.41421353816986
19.82842707633972
20.242640614509583
20.656854152679443
21.071067690849304
21.485281229019165
22.485281229019165
23.485281229019165
24.485281229019165
25.485281229019165
26.485281229019165
25.485281229019165
24.485281229019165
23.485281229019165
22.485281229019165
21.485281229019165
21.071067690849304
20.656854152679443
20.242640614509583
19.82842707633972
19.41421353816986
21.485281229019165
20.485281229019165
20.071067690849304
19.656854152679443
19.242640614509583
18.82842707633972
18.41421353816986
18.0
18.0
18.0
18.0
18.0
18.0
18.0
18.41421353816986
18.82842707633972
19.242640614509583
20.071067690849304
19.656854152679443
19.242640614509583
18.82842707633972
18.41421353816986
18.0
18.0
18.0
18.0
18.0
18.0
18.41421353816986
18.82842707633972
19.242640614509583
19.656854152679443
20.071067690849304
20.485281229019165
20.899494767189026
21.313708305358887
21.727921843528748
22.14213538169861
23.14213538169861
24.14213538169861
25.14213538169861
26.14213538169861
27.14213538169861
28.14213538169861
29.14213538169861
22.727921843528748
21.727921843528748
21.313708305358887
20.899494767189026
20.485281229019165
20.071067690849304
19.656854152679443
19.242640614509583
18.82842707633972
18.41421353816986
18.0
18.0
18.0
18.0
18.0
18.0
18.41421353816986
18.82842707633972
19.242640614509583
18.0
18.0
18.0
18.0
18.0
48.79898953437805
49.21320307254791
49.62741661071777
50.62741661071777
51.62741661071777
52.62741661071777
53.62741661071777
54.62741661071777
55.62741661071777
40.485281229019165
39.485281229019165
38.485281229019165
37.485281229019165
36.485281229019165
35.485281229019165
34.485281229019165
33.485281229019165
32.485281229019165
31.485281229019165
30.485281229019165
29.485281229019165
28.485281229019165
27.485281229019165
26.485281229019165
25.485281229019165
24.485281229019165
23.485281229019165
22.485281229019165
21.485281229019165
20.485281229019165
20.071067690849304
19.656854152679443
20.071067690849304
19.656854152679443
19.242640614509583
18.82842707633972
18.41421353816986
18.0
18.0
18.0
18.0
18.0
18.0
18.0
18.0
18.41421353816986
18.82842707633972
19.242640614509583
19.656854152679443
20.071067690849304
21.071067690849304
22.071067690849304
23.071067690849304
24.071067690849304
25.071067690849304
26.071067690849304
25.071067690849304
24.071067690849304
23.071067690849304
22.071067690849304
21.071067690849304
20.071067690849304
19.656854152679443
19.242640614509583
18.82842707633972
18.41421353816986
19.071067690849304
18.656854152679443
18.242640614509583
17.82842707633972
17.41421353816986
17.0
17.0
17.0
17.0
17.0
17.0
17.0
17.41421353816986
17.82842707633972
18.242640614509583
19.071067690849304
18.656854152679443
18.242640614509583
17.82842707633972
17.41421353816986
17.0
17.0
17.0
17.0
17.0
17.0
17.41421353816986
17.82842707633972
18.242640614509583
18.656854152679443
19.071067690849304
19.485281229019165
19.899494767189026
20.313708305358887
20.727921843528748
21.727921843528748
22.727921843528748
23.727921843528748
24.727921843528748
25.727921843528748
26.727921843528748
27.727921843528748
28.727921843528748
22.313708305358887
21.313708305358887
20.313708305358887
19.899494767189026
19.485281229019165
19.071067690849304
18.656854152679443
18.242640614509583
17.82842707633972
17.41421353816986
17.0
17.0
17.0
17.0
17.0
17.0
17.41421353816986
17.82842707633972
18.242640614509583
17.0
17.0
17.0
17.0
17.0
17.0
50.21320307254791
50.62741661071777
51.041630148887634
52.041630148887634
53.041630148887634
54.041630148887634
55.041630148887634
41.071067690849304
40.071067690849304
39.071067690849304
38.071067690849304
37.071067690849304
36.071067690849304
35.071067690849304
34.071067690849304
33.071067690849304
32.071067690849304
31.071067690849304
30.071067690849304
29.071067690849304
28.071067690849304
27.071067690849304
26.071067690849304
25.071067690849304
24.071067690849304
23.071067690849304
22.071067690849304
21.071067690849304
20.071067690849304
19.071067690849304
18.656854152679443
18.656854152679443
18.242640614509583
17.82842707633972
17.41421353816986
17.0
17.0
17.0
17.0
17.0
17.0
17.0
17.0
17.41421353816986
17.82842707633972
18.242640614509583
18.656854152679443
19.656854152679443
20.656854152679443
21.656854152679443
22.656854152679443
23.656854152679443
24.656854152679443
25.656854152679443
24.656854152679443
23.656854152679443
22.656854152679443
21.656854152679443
20.656854152679443
19.656854152679443
18.656854152679443
18.242640614509583
17.82842707633972
17.41421353816986
17.656854152679443
17.242640614509583
16.82842707633972
16.41421353816986
16.0
16.0
16.0
16.0
16.0
16.0
16.0
16.41421353816986
16.82842707633972
17.242640614509583
18.071067690849304
17.656854152679443
17.242640614509583
16.82842707633972
16.41421353816986
16.0
16.0
16.0
16.0
16.0
16.0
16.41421353816986
16.82842707633972
17.242640614509583
17.656854152679443
18.071067690849304
18.485281229019165
18.899494767189026
19.313708305358887
20.313708305358887
21.313708305358887
22.313708305358887
23.313708305358887
24.313708305358887
25.313708305358887
26.313708305358887
27.313708305358887
20.899494767189026
19.899494767189026
18.899494767189026
18.485281229019165
18.071067690849304
17.656854152679443
17.242640614509583
16.82842707633972
16.41421353816986
16.0
16.0
16.0
16.0
16.0
16.0
16.41421353816986
16.82842707633972
17.242640614509583
16.0
16.0
16.0
16.0
16.0
16.0
52.041630148887634
52.455843687057495
53.455843687057495
54.455843687057495
40.65685415267944
39.65685415267944
38.65685415267944
37.65685415267944
36.65685415267944
35.65685415267944
34.65685415267944
33.65685415267944
32.65685415267944
31.656854152679443
30.656854152679443
29.656854152679443
28.656854152679443
27.656854152679443
26.656854152679443
25.656854152679443
24.656854152679443
23.656854152679443
22.656854152679443
21.656854152679443
20.656854152679443
19.656854152679443
18.656854152679443
17.656854152679443
17.242640614509583
17.242640614509583
16.82842707633972
16.41421353816986
16.0
16.0
16.0
16.0
16.0
16.0
16.0
16.0
16.41421353816986
16.82842707633972
17.242640614509583
18.242640614509583
19.242640614509583
22.071067690849304
23.071067690849304
24.071067690849304
25.071067690849304
25.242640614509583
24.242640614509583
23.242640614509583
22.242640614509583
21.242640614509583
20.242640614509583
19.242640614509583
18.242640614509583
17.242640614509583
16.82842707633972
16.41421353816986
16.0
16.0
16.656854152679443
16.242640614509583
15.828427076339722
15.41421353816986
15.0
15.0
15.0
15.0
15.0
15.0
15.0
15.41421353816986
15.828427076339722
16.242640614509583
15.0
15.0
15.0
15.0
15.0
17.071067690849304
16.656854152679443
16.242640614509583
15.828427076339722
15.41421353816986
15.0
15.0
15.0
15.0
15.0
15.0
15.41421353816986
15.828427076339722
16.242640614509583
16.656854152679443
17.071067690849304
17.485281229019165
17.899494767189026
18.899494767189026
19.899494767189026
20.899494767189026
21.899494767189026
22.899494767189026
23.899494767189026
24.899494767189026
19.485281229019165
18.485281229019165
17.485281229019165
17.071067690849304
16.656854152679443
16.242640614509583
15.828427076339722
15.41421353816986
15.0
15.0
15.0
15.0
15.0
15.0
15.41421353816986
15.828427076339722
16.242640614509583
15.0
15.0
15.0
15.0
15.0
15.0
15.0
15.0
15.0
40.24264061450958
39.24264061450958
38.24264061450958
37.24264061450958
36.24264061450958
35.24264061450958
34.24264061450958
33.24264061450958
32.24264061450958
31.242640614509583
30.242640614509583
29.242640614509583
28.242640614509583
27.242640614509583
26.242640614509583
25.242640614509583
24.242640614509583
23.242640614509583
22.242640614509583
21.242640614509583
20.242640614509583
19.242640614509583
18.242640614509583
17.242640614509583
16.242640614509583
16.82842707633972
15.828427076339722
15.41421353816986
15.0
15.0
15.0
15.0
15.0
15.0
15.0
15.0
15.41421353816986
15.828427076339722
23.82842707633972
22.82842707633972
21.82842707633972
20.82842707633972
19.82842707633972
18.82842707633972
17.82842707633972
16.82842707633972
15.828427076339722
15.41421353816986
15.0
15.0
15.242640614509583
14.828427076339722
14.41421353816986
14.0
14.0
14.0
14.0
14.0
14.0
14.0
14.41421353816986
14.828427076339722
15.242640614509583
14.0
14.0
14.0
14.0
14.0
14.0
14.0
14.0
14.0
14.0
14.0
14.0
14.0
14.0
15.656854152679443
15.242640614509583
14.828427076339722
14.41421353816986
14.0
14.0
14.0
14.0
14.0
14.0
14.41421353816986
14.828427076339722
15.242640614509583
15.656854152679443
16.071067690849304
16.485281229019165
17.485281229019165
18.485281229019165
19.485281229019165
20.485281229019165
21.485281229019165
22.485281229019165
14.0
14.0
14.0
14.0
18.071067690849304
17.071067690849304
16.071067690849304
15.656854152679443
15.242640614509583
14.828427076339722
14.41421353816986
14.0
14.0
14.0
14.0
14.0
14.0
14.41421353816986
14.828427076339722
15.242640614509583
14.0
14.0
14.0
14.0
14.0
14.0
14.0
14.0
14.0
14.0
40.65685415267944
39.65685415267944
38.65685415267944
37.65685415267944
36.65685415267944
35.65685415267944
34.65685415267944
33.65685415267944
32.65685415267944
31.656854152679443
30.656854152679443
29.656854152679443
28.656854152679443
27.656854152679443
26.656854152679443
25.656854152679443
24.656854152679443
23.656854152679443
22.656854152679443
14.828427076339722
14.41421353816986
14.0
14.0
14.0
14.0
14.0
14.0
14.0
14.0
14.0
14.0
14.41421353816986
14.0
14.0
14.0
14.0
14.0
14.0
14.0
14.0
14.41421353816986
15.41421353816986
14.41421353816986
14.0
14.0
14.0
14.0
14.0
14.0
14.0
13.0
13.0
13.0
13.0
13.0
13.0
13.0
13.0
13.0
13.0
13.0
13.0
13.0
13.0
13.0
13.0
13.0
13.0
13.0
14.242640614509583
13.828427076339722
13.41421353816986
13.0
13.0
13.0
13.0
13.0
13.0
13.0
13.41421353816986
13.828427076339722
13.0
13.0
13.0
13.0
13.0
13.0
13.0
13.0
13.0
13.0
13.0
13.0
13.0
13.0
13.0
13.0
13.0
13.0
13.0
14.656854152679443
14.242640614509583
13.828427076339722
13.41421353816986
13.0
13.0
13.0
13.0
13.0
13.0
13.41421353816986
13.828427076339722
14.242640614509583
14.656854152679443
15.071067690849304
16.071067690849304
17.071067690849304
18.071067690849304
13.0
13.0
13.0
13.0
13.0
13.0
13.0
13.0
13.0
13.0
13.0
13.0
13.0
15.656854152679443
14.656854152679443
14.242640614509583
13.828427076339722
13.41421353816986
13.0
13.0
13.0
13.0
13.0
13.0
13.41421353816986
13.828427076339722
14.242640614509583
13.0
13.0
13.0
13.0
13.0
13.0
13.0
13.0
13.0
13.0
13.0
13.0
13.0
13.0
13.0
13.0
40.071067690849304
39.071067690849304
38.071067690849304
37.071067690849304
36.071067690849304
35.071067690849304
34.071067690849304
33.071067690849304
32.071067690849304
31.071067690849304
30.071067690849304
29.071067690849304
28.071067690849304
13.828427076339722
13.41421353816986
13.0
13.0
13.0
13.0
13.0
13.0
13.0
13.0
13.0
13.0
13.0
13.41421353816986
13.0
13.0
13.0
13.0
13.0
13.0
13.0
13.0
13.41421353816986
13.0
13.0
13.0
13.0
13.0
13.0
13.0
13.0
13.0
13.0
13.0
13.0
13.0
13.0
13.0
13.0
13.0
13.0
13.0
13.0
13.0
13.0
12.0
12.0
12.0
12.0
12.0
12.0
12.0
12.0
12.0
12.0
12.0
12.0
12.0
12.0
12.0
12.0
12.0
12.0
12.0
13.828427076339722
12.828427076339722
12.41421353816986
12.0
12.0
12.0
12.0
12.0
12.0
12.0
12.41421353816986
12.828427076339722
12.0
12.0
12.0
12.0
12.0
12.0
12.0
12.0
12.0
12.0
12.0
12.0
12.0
12.0
12.0
12.0
12.0
12.0
12.0
14.242640614509583
13.242640614509583
12.828427076339722
12.41421353816986
12.0
12.0
12.0
12.0
12.0
12.0
12.41421353816986
12.828427076339722
13.242640614509583
13.656854152679443
14.656854152679443
15.656854152679443
16.656854152679443
17.656854152679443
12.0
12.0
12.0
12.0
12.0
12.0
12.0
12.0
12.0
12.0
12.0
12.0
12.0
15.242640614509583
14.242640614509583
13.242640614509583
12.828427076339722
12.41421353816986
12.0
12.0
12.0
12.0
12.0
12.0
12.41421353816986
12.828427076339722
13.242640614509583
12.0
12.0
12.0
12.0
12.0
12.0
12.0
12.0
12.0
12.0
12.0
12.0
12.0
12.0
12.0
12.0
40.485281229019165
39.485281229019165
38.485281229019165
37.485281229019165
36.485281229019165
35.485281229019165
34.485281229019165
33.485281229019165
32.485281229019165
31.485281229019165
30.485281229019165
29.485281229019165
29.071067690849304
12.828427076339722
12.41421353816986
12.0
12.0
12.0
12.0
12.0
12.0
12.0
12.0
12.0
12.0
12.0
12.41421353816986
12.0
12.0
12.0
12.0
12.0
12.0
12.0
12.0
12.41421353816986
12.0
12.0
12.0
12.0
12.0
12.0
12.0
12.0
12.0
12.0
12.0
12.0
12.0
12.0
12.0
12.0
12.0
12.0
12.0
12.0
12.0
12.0
11.0
11.0
11.0
11.0
11.0
11.0
11.0
11.0
11.0
11.0
11.0
11.0
11.0
11.0
11.0
11.0
11.0
11.0
11.0
11.0
11.0
11.0
11.0
11.0
11.0
11.0
11.0
11.0
11.0
11.0
11.0
11.0
11.0
11.0
11.0
11.0
11.0
11.0
11.0
11.0
11.0
11.41421353816986
11.0
11.0
11.0
11.0
11.0
11.0
11.0
11.41421353816986
11.828427076339722
11.0
11.0
11.0
11.0
11.0
11.0
11.0
11.0
11.0
11.0
11.0
11.0
11.0
11.0
11.0
11.0
11.0
11.0
11.0
11.0
11.0
11.0
11.0
12.828427076339722
11.828427076339722
11.41421353816986
11.0
11.0
11.0
11.0
11.0
11.0
11.41421353816986
11.828427076339722
12.242640614509583
13.242640614509583
11.0
11.0
11.0
11.0
11.0
11.0
11.0
11.0
11.0
11.0
11.0
11.0
11.0
11.0
11.0
11.0
11.0
11.0
11.0
11.0
11.0
11.0
11.0
13.828427076339722
12.828427076339722
11.828427076339722
11.41421353816986
11.0
11.0
11.0
11.0
11.0
11.0
11.41421353816986
11.828427076339722
11.0
11.0
11.0
11.0
11.0
11.0
11.0
11.0
11.0
11.0
11.0
11.0
11.0
11.0
11.0
11.0
11.0
11.0
11.0
11.0
11.0
39.899494767189026
38.899494767189026
37.899494767189026
36.899494767189026
35.899494767189026
34.899494767189026
33.899494767189026
32.899494767189026
11.828427076339722
11.41421353816986
11.0
11.0
11.0
11.0
11.0
11.0
11.0
11.0
11.0
11.0
11.0
11.0
11.41421353816986
11.0
11.0
11.0
11.0
11.0
11.0
11.0
11.0
11.0
11.0
11.0
11.0
11.0
11.0
11.0
11.0
11.0
11.0
11.0
11.0
11.0
11.0
11.0
11.0
11.0
11.0
11.0
11.0
11.0
11.0
11.0
11.0
11.0
11.0
11.0
11.0
10.0
10.0
10.0
10.0
10.0
10.0
10.0
10.0
10.0
10.0
10.0
10.0
10.0
10.0
10.0
10.0
10.0
10.0
10.0
10.0
10.0
10.0
10.0
10.0
10.0
10.0
10.0
10.0
10.0
10.0
10.0
10.0
10.0
10.0
10.0
10.0
10.0
10.0
10.0
10.0
10.0
10.0
10.0
10.0
10.0
10.0
10.0
10.0
10.0
10.0
10.0
10.0
10.0
10.41421353816986
10.0
10.0
10.0
10.0
10.0
10.0
10.0
10.41421353816986
11.41421353816986
10.0
10.0
10.0
10.0
10.0
10.0
10.0
10.0
10.0
10.0
10.0
10.0
10.0
10.0
10.0
10.0
10.0
10.0
10.0
10.0
10.0
10.0
10.0
10.0
10.0
10.41421353816986
10.0
10.0
10.0
10.0
10.0
10.0
10.41421353816986
10.828427076339722
11.828427076339722
10.0
10.0
10.0
10.0
10.0
10.0
10.0
10.0
10.0
10.0
10.0
10.0
10.0
10.0
10.0
10.0
10.0
10.0
10.0
10.0
10.0
10.0
10.0
10.0
10.0
10.0
10.0
10.0
10.41421353816986
10.0
10.0
10.0
10.0
10.0
10.0
10.41421353816986
11.41421353816986
10.0
10.0
10.0
10.0
10.0
10.0
10.0
10.0
10.0
10.0
10.0
10.0
10.0
10.0
10.0
10.0
10.0
10.0
10.0
10.0
10.0
10.0
10.0
10.0
10.0
11.41421353816986
10.41421353816986
10.0
10.0
10.0
10.0
10.0
10.0
10.0
10.0
10.0
10.0
10.0
10.0
10.0
10.0
10.0
10.0
10.0
10.0
10.0
10.0
10.0
10.0
10.0
10.0
10.0
10.0
10.0
10.0
10.0
10.0
10.0
10.0
10.0
10.0
10.0
10.0
10.0
10.0
10.0
10.0
10.0
10.0
10.0
10.0
10.0
10.0
10.0
10.0
10.0
10.0
10.0
10.0
10.0
10.0
10.0
10.0
10.0
10.0
10.0
10.0
10.0
10.0
10.0
10.0
10.0
10.0
10.0
10.0
10.0
10.0
10.0
10.0
10.0
10.0
9.0
9.0
9.0
9.0
9.0
9.0
9.0
9.0
9.0
9.0
9.0
9.0
9.0
9.0
9.0
9.0
9.0
9.0
9.0
9.0
9.0
9.0
9.0
9.0
9.0
9.0
9.0
9.0
9.0
9.0
9.0
9.0
9.0
9.0
9.0
9.0
9.0
9.0
9.0
9.0
9.0
9.0
9.0
9.0
9.0
9.0
9.0
9.0
9.0
9.0
9.0
9.0
9.0
9.0
9.0
9.0
9.0
9.0
9.0
9.0
9.0
9.0
9.0
9.0
9.0
9.0
9.0
9.0
9.0
9.0
9.0
9.0
9.0
9.0
9.0
9.0
9.0
9.0
9.0
9.0
9.0
9.0
9.0
9.0
9.0
9.0
9.0
9.0
9.41421353816986
9.0
9.0
9.0
9.0
9.0
9.0
9.41421353816986
10.41421353816986
9.0
9.0
9.0
9.0
9.0
9.0
9.0
9.0
9.0
9.0
9.0
9.0
9.0
9.0
9.0
9.0
9.0
9.0
9.0
9.0
9.0
9.0
9.0
9.0
9.0
9.0
9.0
9.0
9.0
9.0
9.0
9.0
9.0
9.0
9.0
9.0
9.0
9.0
9.0
9.0
9.0
9.0
9.0
9.0
9.0
9.0
9.0
9.0
9.0
9.0
9.0
9.0
9.0
9.0
9.0
9.0
9.0
9.0
9.0
9.0
9.0
9.0
9.0
9.0
9.0
9.0
9.0
9.0
9.0
9.0
9.0
9.0
9.0
9.0
9.0
9.0
9.0
9.0
9.0
9.0
9.0
9.0
9.0
9.0
9.0
9.0
9.0
9.0
9.0
9.0
9.0
9.0
9.0
9.0
9.0
9.0
9.0
9.0
9.0
9.0
9.0
9.0
9.0
9.0
9.0
9.0
9.0
9.0
9.0
9.0
9.0
9.0
9.0
9.0
9.0
9.0
9.0
9.0
9.0
9.0
9.0
9.0
9.0
9.0
9.0
9.0
9.0
9.0
9.0
9.0
9.0
9.0
9.0
9.0
9.0
9.0
9.0
9.0
9.0
9.0
9.0
9.0
9.0
9.0
9.0
9.0
8.0
8.0
8.0
8.0
8.0
8.0
8.0
8.0
8.0
8.0
8.0
8.0
8.0
8.0
8.0
8.0
8.0
8.0
8.0
8.0
8.0
8.0
8.0
8.0
8.0
8.0
8.0
8.0
8.0
8.0
8.0
8.0
8.0
8.0
8.0
8.0
8.0
8.0
8.0
8.0
8.0
8.0
8.0
8.0
8.0
8.0
8.0
8.0
8.0
8.0
8.0
8.0
8.0
8.0
8.0
8.0
8.0
8.0
8.0
8.0
8.0
8.0
8.0
8.0
8.0
8.0
8.0
8.0
8.0
8.0
8.0
8.0
8.0
8.0
8.0
8.0
8.0
8.0
8.0
8.0
8.0
8.0
8.0
8.0
8.0
8.0
8.0
8.0
8.0
8.0
8.0
8.0
8.0
8.0
8.0
8.0
8.0
8.0
8.0
8.0
8.0
8.0
8.0
8.0
8.0
8.0
8.0
8.0
8.0
8.0
8.0
8.0
8.0
8.0
8.0
8.0
8.0
8.0
8.0
8.0
8.0
8.0
8.0
8.0
8.0
8.0
8.0
8.0
8.0
8.0
8.0
8.0
8.0
8.0
8.0
8.0
8.0
8.0
8.0
8.0
8.0
8.0
8.0
8.0
8.0
8.0
8.0
8.0
8.0
8.0
8.0
8.0
8.0
8.0
8.0
8.0
8.0
8.0
8.0
8.0
8.0
8.0
8.0
8.0
8.0
8.0
8.0
8.0
8.0
8.0
8.0
8.0
8.0
8.0
8.0
8.0
8.0
8.0
8.0
8.0
8.0
8.0
8.0
8.0
8.0
8.0
8.0
8.0
8.0
8.0
8.0
8.0
8.0
8.0
8.0
8.0
8.0
8.0
8.0
8.0
8.0
8.0
8.0
8.0
8.0
8.0
8.0
8.0
8.0
8.0
8.0
8.0
8.0
8.0
8.0
8.0
8.0
8.0
8.0
8.0
8.0
8.0
8.0
8.0
8.0
8.0
8.0
8.0
8.0
8.0
8.0
8.0
8.0
8.0
8.0
8.0
8.0
8.0
8.0
8.0
8.0
8.0
8.0
8.0
8.0
7.0
7.0
7.0
7.0
7.0
7.0
7.0
7.0
7.0
7.0
7.0
7.0
7.0
7.0
7.0
7.0
7.0
7.0
7.0
7.0
7.0
7.0
7.0
7.0
7.0
7.0
7.0
7.0
7.0
7.0
7.0
7.0
7.0
7.0
7.0
7.0
7.0
7.0
7.0
7.0
7.0
7.0
7.0
7.0
7.0
7.0
7.0
7.0
7.0
7.0
7.0
7.0
7.0
7.0
7.0
7.0
7.0
7.0
7.0
7.0
7.0
7.0
7.0
7.0
7.0
7.0
7.0
7.0
7.0
7.0
7.0
7.0
7.0
7.0
7.0
7.0
7.0
7.0
7.0
7.0
7.0
7.0
7.0
7.0
7.0
7.0
7.0
7.0
7.0
7.0
7.0
7.0
7.0
7.0
7.0
7.0
7.0
7.0
7.0
7.0
7.0
7.0
7.0
7.0
7.0
7.0
7.0
7.0
7.0
7.0
7.0
7.0
7.0
7.0
7.0
7.0
7.0
7.0
7.0
7.0
7.0
7.0
7.0
7.0
7.0
7.0
7.0
7.0
7.0
7.0
7.0
7.0
7.0
7.0
7.0
7.0
7.0
7.0
7.0
7.0
7.0
7.0
7.0
7.0
7.0
7.0
7.0
7.0
7.0
7.0
7.0
7.0
7.0
7.0
7.0
7.0
7.0
7.0
7.0
7.0
7.0
7.0
7.0
7.0
7.0
7.0
7.0
7.0
7.0
7.0
7.0
7.0
7.0
7.0
7.0
7.0
7.0
7.0
7.0
7.0
7.0
7.0
7.0
7.0
7.0
7.0
7.0
7.0
7.0
7.0
7.0
7.0
7.0
7.0
7.0
7.0
7.0
7.0
7.0
7.0
7.0
7.0
7.0
7.0
7.0
7.0
7.0
7.0
7.0
7.0
7.0
7.0
7.0
7.0
7.0
7.0
7.0
7.0
7.0
7.0
7.0
7.0
7.0
7.0
7.0
7.0
7.0
7.0
7.0
7.0
7.0
7.0
7.0
7.0
7.0
7.0
7.0
7.0
7.0
7.0
7.0
7.0
7.0
7.0
7.0
7.0
7.0
7.0
7.0
7.0
7.0
7.0
7.0
6.0
6.0
6.0
6.0
6.0
6.0
6.0
6.0
6.0
6.0
6.0
6.0
6.0
6.0
6.0
6.0
6.0
6.0
6.0
6.0
6.0
6.0
6.0
6.0
6.0
6.0
6.0
6.0
6.0
6.0
6.0
6.0
6.0
6.0
6.0
6.0
6.0
6.0
6.0
6.0
6.0
6.0
6.0
6.0
6.0
6.0
6.0
6.0
6.0
6.0
6.0
6.0
6.0
6.0
6.0
6.0
6.0
6.0
6.0
6.0
6.0
6.0
6.0
6.0
6.0
6.0
6.0
6.0
6.0
6.0
6.0
6.0
6.0
6.0
6.0
6.0
6.0
6.0
6.0
6.0
6.0
6.0
6.0
6.0
6.0
6.0
6.0
6.0
6.0
6.0
6.0
6.0
6.0
6.0
6.0
6.0
6.0
6.0
6.0
6.0
6.0
6.0
6.0
6.0
6.0
6.0
6.0
6.0
6.0
6.0
6.0
6.0
6.0
6.0
6.0
6.0
6.0
6.0
6.0
6.0
6.0
6.0
6.0
6.0
6.0
6.0
6.0
6.0
6.0
6.0
6.0
6.0
6.0
6.0
6.0
6.0
6.0
6.0
6.0
6.0
6.0
6.0
6.0
6.0
6.0
6.0
6.0
6.0
6.0
6.0
6.0
6.0
6.0
6.0
6.0
6.0
6.0
6.0
6.0
6.0
6.0
6.0
6.0
6.0
6.0
6.0
6.0
6.0
6.0
6.0
6.0
6.0
6.0
6.0
6.0
6.0
6.0
6.0
6.0
6.0
6.0
6.0
6.0
6.0
6.0
6.0
6.0
6.0
6.0
6.0
6.0
6.0
6.0
6.0
6.0
6.0
6.0
6.0
6.0
6.0
6.0
6.0
6.0
6.0
6.0
6.0
6.0
6.0
6.0
6.0
6.0
6.0
6.0
6.0
6.0
6.0
6.0
6.0
6.0
6.0
6.0
6.0
6.0
6.0
6.0
6.0
6.0
6.0
6.0
6.0
6.0
6.0
6.0
6.0
6.0
6.0
6.0
6.0
6.0
6.0
6.0
6.0
6.0
6.0
6.0
6.0
6.0
6.0
6.0
6.0
6.0
6.0
6.0
6.0
6.0
6.0
6.0
6.0
6.0
6.0
6.0
6.0
6.0
6.0
6.0
6.0
6.0
6.0
6.0
6.0
6.0
6.0
6.0
6.0
6.0
6.0
6.0
6.0
6.0
6.0
6.0
6.0
6.0
6.0
6.0
6.0
6.0
6.0
6.0
6.0
6.0
6.0
6.0
6.0
6.0
6.0
6.0
6.0
6.0
6.0
6.0
6.0
6.0
6.0
6.0
6.0
6.0
6.0
6.0
6.0
6.0
6.0
6.0
6.0
6.0
6.0
6.0
6.0
6.0
6.0
6.0
6.0
6.0
6.0
6.0
6.0
6.0
6.0
6.0
6.0
6.0
6.0
6.0
6.0
6.0
6.0
6.0
6.0
6.0
6.0
6.0
6.0
6.0
6.0
6.0
6.0
6.0
6.0
6.0
6.0
6.0
6.0
6.0
6.0
6.0
6.0
6.0
6.0
6.0
6.0
6.0
6.0
6.0
6.0
6.0
6.0
6.0
6.0
6.0
6.0
6.0
6.0
6.0
6.0
6.0
6.0
6.0
6.0
6.0
6.0
6.0
6.0
6.0
6.0
6.0
6.0
6.0
6.0
6.0
6.0
6.0
6.0
6.0
6.0
6.0
6.0
6.0
6.0
6.0
6.0
6.0
6.0
6.0
6.0
6.0
6.0
6.0
6.0
6.0
6.0
6.0
6.0
6.0
6.0
6.0
6.0
6.0
6.0
6.0
6.0
6.0
6.0
6.0
6.0
6.0
6.0
6.0
6.0
6.0
6.0
6.0
6.0
6.0
6.0
6.0
6.0
6.0
6.0
6.0
6.0
6.0
6.0
6.0
6.0
6.0
6.0
6.0
6.0
6.0
6.0
6.0
6.0
6.0
6.0
6.0
6.0
6.0
6.0
6.0
6.0
6.0
6.0
6.0
6.0
6.0
6.0
6.0
6.0
6.0
6.0
6.0
6.0
6.0
6.0
6.0
6.0
6.0
6.0
6.0
6.0
6.0
6.0
6.0
6.0
6.0
6.0
6.0
6.0
6.0
6.0
6.0
6.0
6.0
6.0
6.0
6.0
6.0
6.0
6.0
6.0
6.0
6.0
6.0
6.0
6.0
6.0
6.0
6.0
6.0
6.0
6.0
6.0
5.0
5.0
5.0
5.0
5.0
5.0
5.0
5.0
5.0
5.0
5.0
5.0
5.0
5.0
5.0
5.0
5.0
5.0
5.0
5.0
5.0
5.0
5.0
5.0
5.0
5.0
5.0
5.0
5.0
5.0
5.0
5.0
5.0
5.0
5.0
5.0
5.0
5.0
5.0
5.0
5.0
5.0
5.0
5.0
5.0
5.0
5.0
5.0
5.0
5.0
5.0
5.0
5.0
5.0
5.0
5.0
5.0
5.0
5.0
5.0
5.0
5.0
5.0
5.0
5.0
5.0
5.0
5.0
5.0
5.0
5.0
5.0
5.0
5.0
5.0
5.0
5.0
5.0
5.0
5.0
5.0
5.0
5.0
5.0
5.0
5.0
5.0
5.0
5.0
5.0
5.0
5.0
5.0
5.0
5.0
5.0
5.0
5.0
5.0
5.0
5.0
5.0
5.0
5.0
5.0
5.0
5.0
5.0
5.0
5.0
5.0
5.0
5.0
5.0
5.0
5.0
5.0
5.0
5.0
5.0
5.0
5.0
5.0
5.0
5.0
5.0
5.0
5.0
5.0
5.0
5.0
5.0
5.0
5.0
5.0
5.0
5.0
5.0
5.0
5.0
5.0
5.0
5.0
5.0
5.0
5.0
5.0
5.0
5.0
5.0
5.0
5.0
5.0
5.0
5.0
5.0
5.0
5.0
5.0
5.0
5.0
5.0
5.0
5.0
5.0
5.0
5.0
5.0
5.0
5.0
5.0
5.0
5.0
5.0
5.0
5.0
5.0
5.0
5.0
5.0
5.0
5.0
5.0
5.0
5.0
5.0
5.0
5.0
5.0
5.0
5.0
5.0
5.0
5.0
5.0
5.0
5.0
5.0
5.0
5.0
5.0
5.0
5.0
5.0
5.0
5.0
5.0
5.0
5.0
5.0
5.0
5.0
5.0
5.0
5.0
5.0
5.0
5.0
5.0
5.0
5.0
5.0
5.0
5.0
5.0
5.0
5.0
5.0
5.0
5.0
5.0
5.0
5.0
5.0
5.0
5.0
5.0
5.0
5.0
5.0
5.0
5.0
5.0
5.0
5.0
5.0
5.0
5.0
5.0
5.0
5.0
5.0
5.0
5.0
5.0
5.0
5.0
5.0
5.0
5.0
5.0
5.0
5.0
5.0
5.0
5.0
5.0
5.0
5.0
5.0
5.0
5.0
5.0
5.0
5.0
5.0
5.0
5.0
5.0
5.0
5.0
5.0
5.0
5.0
5.0
5.0
5.0
5.0
5.0
5.0
5.0
5.0
5.0
5.0
5.0
5.0
5.0
5.0
5.0
5.0
5.0
5.0
5.0
5.0
5.0
5.0
5.0
5.0
5.0
5.0
5.0
5.0
5.0
5.0
5.0
5.0
5.0
5.0
5.0
5.0
5.0
5.0
5.0
5.0
5.0
5.0
5.0
5.0
5.0
5.0
5.0
5.0
5.0
5.0
5.0
5.0
5.0
5.0
5.0
5.0
5.0
5.0
5.0
5.0
5.0
5.0
5.0
5.0
5.0
5.0
5.0
5.0
5.0
5.0
5.0
5.0
5.0
5.0
5.0
5.0
5.0
5.0
5.0
5.0
5.0
5.0
5.0
5.0
5.0
5.0
5.0
5.0
5.0
5.0
5.0
5.0
5.0
5.0
5.0
5.0
5.0
5.0
5.0
5.0
5.0
5.0
5.0
5.0
5.0
5.0
5.0
5.0
5.0
5.0
5.0
5.0
5.0
5.0
5.0
5.0
5.0
5.0
5.0
5.0
5.0
5.0
5.0
5.0
5.0
5.0
5.0
5.0
5.0
5.0
5.0
5.0
5.0
5.0
5.0
5.0
5.0
5.0
5.0
5.0
5.0
5.0
5.0
5.0
5.0
5.0
5.0
5.0
5.0
5.0
5.0
5.0
5.0
5.0
5.0
5.0
5.0
5.0
5.0
5.0
5.0
5.0
5.0
5.0
5.0
5.0
5.0
5.0
5.0
5.0
5.0
5.0
5.0
5.0
5.0
5.0
5.0
5.0
5.0
5.0
5.0
5.0
5.0
5.0
5.0
5.0
5.0
5.0
5.0
5.0
5.0
5.0
5.0
5.0
5.0
5.0
5.0
5.0
5.0
5.0
5.0
5.0
5.0
5.0
5.0
5.0
5.0
5.0
5.0
5.0
5.0
5.0
5.0
5.0
5.0
5.0
5.0
5.0
5.0
5.0
5.0
5.0
5.0
5.0
5.0
5.0
5.0
5.0
4.0
4.0
4.0
4.0
4.0
4.0
4.0
4.0
4.0
4.0
4.0
4.0
4.0
4.0
4.0
4.0
4.0
4.0
4.0
4.0
4.0
4.0
4.0
4.0
4.0
4.0
4.0
4.0
4.0
4.0
4.0
4.0
4.0
4.0
4.0
4.0
4.0
4.0
4.0
4.0
4.0
4.0
4.0
4.0
4.0
4.0
4.0
4.0
4.0
4.0
4.0
4.0
4.0
4.0
4.0
4.0
4.0
4.0
4.0
4.0
4.0
4.0
4.0
4.0
4.0
4.0
4.0
4.0
4.0
4.0
4.0
4.0
4.0
4.0
4.0
4.0
4.0
4.0
4.0
4.0
4.0
4.0
4.0
4.0
4.0
4.0
4.0
4.0
4.0
4.0
4.0
4.0
4.0
4.0
4.0
4.0
4.0
4.0
4.0
4.0
4.0
4.0
4.0
4.0
4.0
4.0
4.0
4.0
4.0
4.0
4.0
4.0
4.0
4.0
4.0
4.0
4.0
4.0
4.0
4.0
4.0
4.0
4.0
4.0
4.0
4.0
4.0
4.0
4.0
4.0
4.0
4.0
4.0
4.0
4.0
4.0
4.0
4.0
4.0
4.0
4.0
4.0
4.0
4.0
4.0
4.0
4.0
4.0
4.0
4.0
4.0
4.0
4.0
4.0
4.0
4.0
4.0
4.0
4.0
4.0
4.0
4.0
4.0
4.0
4.0
4.0
4.0
4.0
4.0
4.0
4.0
4.0
4.0
4.0
4.0
4.0
4.0
4.0
4.0
4.0
4.0
4.0
4.0
4.0
4.0
4.0
4.0
4.0
4.0
4.0
4.0
4.0
4.0
4.0
4.0
4.0
4.0
4.0
4.0
4.0
4.0
4.0
4.0
4.0
4.0
4.0
4.0
4.0
4.0
4.0
4.0
4.0
4.0
4.0
4.0
4.0
4.0
4.0
4.0
4.0
4.0
4.0
4.0
4.0
4.0
4.0
4.0
4.0
4.0
4.0
4.0
4.0
4.0
4.0
4.0
4.0
4.0
4.0
4.0
4.0
4.0
4.0
4.0
4.0
4.0
4.0
4.0
4.0
4.0
4.0
4.0
4.0
4.0
4.0
4.0
4.0
4.0
4.0
4.0
4.0
4.0
4.0
4.0
4.0
4.0
4.0
4.0
4.0
4.0
4.0
4.0
4.0
4.0
4.0
4.0
4.0
4.0
4.0
4.0
4.0
4.0
4.0
4.0
4.0
4.0
4.0
4.0
4.0
4.0
4.0
4.0
4.0
4.0
4.0
4.0
4.0
4.0
4.0
4.0
4.0
4.0
4.0
4.0
4.0
4.0
4.0
4.0
4.0
4.0
4.0
4.0
4.0
4.0
4.0
4.0
4.0
4.0
4.0
4.0
4.0
4.0
4.0
4.0
4.0
4.0
4.0
4.0
4.0
4.0
4.0
4.0
4.0
4.0
4.0
4.0
4.0
4.0
4.0
4.0
4.0
4.0
4.0
4.0
4.0
4.0
4.0
4.0
4.0
4.0
4.0
4.0
4.0
4.0
4.0
4.0
4.0
4.0
4.0
4.0
4.0
4.0
4.0
4.0
4.0
4.0
4.0
4.0
4.0
4.0
4.0
4.0
4.0
4.0
4.0
4.0
4.0
4.0
4.0
4.0
4.0
4.0
4.0
4.0
4.0
4.0
4.0
4.0
4.0
4.0
4.0
4.0
4.0
4.0
4.0
4.0
4.0
4.0
4.0
4.0
4.0
4.0
4.0
4.0
4.0
4.0
4.0
4.0
4.0
4.0
4.0
4.0
4.0
4.0
4.0
4.0
4.0
4.0
4.0
4.0
4.0
4.0
4.0
4.0
4.0
4.0
4.0
4.0
4.0
4.0
4.0
4.0
4.0
4.0
4.0
4.0
4.0
4.0
4.0
4.0
4.0
4.0
4.0
4.0
4.0
4.0
4.0
4.0
4.0
4.0
4.0
4.0
4.0
4.0
4.0
4.0
4.0
4.0
4.0
4.0
4.0
4.0
4.0
4.0
4.0
4.0
4.0
4.0
4.0
4.0
4.0
4.0
4.0
4.0
4.0
4.0
4.0
4.0
4.0
4.0
4.0
4.0
4.0
4.0
4.0
4.0
4.0
4.0
4.0
4.0
4.0
4.0
4.0
4.0
4.0
4.0
4.0
4.0
4.0
4.0
4.0
4.0
4.0
4.0
4.0
4.0
4.0
4.0
4.0
4.0
4.0
4.0
4.0
3.0
3.0
3.0
3.0
3.0
3.0
3.0
3.0
3.0
3.0
3.0
3.0
3.0
3.0
3.0
3.0
3.0
3.0
3.0
3.0
3.0
3.0
3.0
3.0
3.0
3.0
3.0
3.0
3.0
3.0
3.0
3.0
3.0
3.0
3.0
3.0
3.0
3.0
3.0
3.0
3.0
3.0
3.0
3.0
3.0
3.0
3.0
3.0
3.0
3.0
3.0
3.0
3.0
3.0
3.0
3.0
3.0
3.0
3.0
3.0
3.0
3.0
3.0
3.0
3.0
3.0
3.0
3.0
3.0
3.0
3.0
3.0
3.0
3.0
3.0
3.0
3.0
3.0
3.0
3.0
3.0
3.0
3.0
3.0
3.0
3.0
3.0
3.0
3.0
3.0
3.0
3.0
3.0
3.0
3.0
3.0
3.0
3.0
3.0
3.0
3.0
3.0
3.0
3.0
3.0
3.0
3.0
3.0
3.0
3.0
3.0
3.0
3.0
3.0
3.0
3.0
3.0
3.0
3.0
3.0
3.0
3.0
3.0
3.0
3.0
3.0
3.0
3.0
3.0
3.0
3.0
3.0
3.0
3.0
3.0
3.0
3.0
3.0
3.0
3.0
3.0
3.0
3.0
3.0
3.0
3.0
3.0
3.0
3.0
3.0
3.0
3.0
3.0
3.0
3.0
3.0
3.0
3.0
3.0
3.0
3.0
3.0
3.0
3.0
3.0
3.0
3.0
3.0
3.0
3.0
3.0
3.0
3.0
3.0
3.0
3.0
3.0
3.0
3.0
3.0
3.0
3.0
3.0
3.0
3.0
3.0
3.0
3.0
3.0
3.0
3.0
3.0
3.0
3.0
3.0
3.0
3.0
3.0
3.0
3.0
3.0
3.0
3.0
3.0
3.0
3.0
3.0
3.0
3.0
3.0
3.0
3.0
3.0
3.0
3.0
3.0
3.0
3.0
3.0
3.0
3.0
3.0
3.0
3.0
3.0
3.0
3.0
3.0
3.0
3.0
3.0
3.0
3.0
3.0
3.0
3.0
3.0
3.0
3.0
3.0
3.0
3.0
3.0
3.0
3.0
3.0
3.0
3.0
3.0
3.0
3.0
3.0
3.0
3.0
3.0
3.0
3.0
3.0
3.0
3.0
3.0
3.0
3.0
3.0
3.0
3.0
3.0
3.0
3.0
3.0
3.0
3.0
3.0
3.0
3.0
3.0
3.0
3.0
3.0
3.0
3.0
3.0
3.0
3.0
3.0
3.0
3.0
3.0
3.0
3.0
3.0
3.0
3.0
3.0
3.0
3.0
3.0
3.0
3.0
3.0
3.0
3.0
3.0
3.0
3.0
3.0
3.0
3.0
3.0
3.0
3.0
3.0
3.0
3.0
3.0
3.0
3.0
3.0
3.0
3.0
3.0
3.0
3.0
3.0
3.0
3.0
3.0
3.0
3.0
3.0
3.0
3.0
3.0
3.0
3.0
3.0
3.0
3.0
3.0
3.0
3.0
3.0
3.0
3.0
3.0
3.0
3.0
3.0
3.0
3.0
3.0
3.0
3.0
3.0
3.0
3.0
3.0
3.0
3.0
3.0
3.0
3.0
3.0
3.0
3.0
3.0
3.0
3.0
3.0
3.0
3.0
3.0
3.0
3.0
3.0
3.0
3.0
3.0
3.0
3.0
3.0
3.0
3.0
3.0
3.0
3.0
3.0
3.0
3.0
3.0
3.0
3.0
3.0
3.0
3.0
3.0
3.0
3.0
3.0
3.0
3.0
3.0
3.0
3.0
3.0
3.0
3.0
3.0
3.0
3.0
3.0
3.0
3.0
3.0
3.0
3.0
3.0
3.0
3.0
3.0
3.0
3.0
3.0
3.0
3.0
3.0
3.0
3.0
3.0
3.0
3.0
3.0
3.0
3.0
3.0
3.0
3.0
3.0
3.0
3.0
3.0
3.0
3.0
3.0
3.0
3.0
3.0
3.0
3.0
3.0
3.0
3.0
3.0
3.0
3.0
3.0
3.0
3.0
3.0
3.0
3.0
3.0
3.0
3.0
3.0
3.0
3.0
3.0
3.0
3.0
3.0
3.0
3.0
3.0
3.0
3.0
3.0
3.0
3.0
3.0
3.0
3.0
3.0
3.0
3.0
3.0
3.0
3.0
3.0
3.0
3.0
3.0
3.0
3.0
3.0
3.0
3.0
3.0
3.0
3.0
3.0
3.0
3.0
3.0
3.0
3.0
3.0
3.0
3.0
3.0
3.0
3.0
2.0
2.0
2.0
2.0
2.0
2.0
2.0
2.0
2.0
2.0
2.0
2.0
2.0
2.0
2.0
2.0
2.0
2.0
2.0
2.0
2.0
2.0
2.0
2.0
2.0
2.0
2.0
2.0
2.0
2.0
2.0
2.0
2.0
2.0
2.0
2.0
2.0
2.0
2.0
2.0
2.0
2.0
2.0
2.0
2.0
2.0
2.0
2.0
2.0
2.0
2.0
2.0
2.0
2.0
2.0
2.0
2.0
2.0
2.0
2.0
2.0
2.0
2.0
2.0
2.0
2.0
2.0
2.0
2.0
2.0
2.0
2.0
2.0
2.0
2.0
2.0
2.0
2.0
2.0
2.0
2.0
2.0
2.0
2.0
2.0
2.0
2.0
2.0
2.0
2.0
2.0
2.0
2.0
2.0
2.0
2.0
2.0
2.0
2.0
2.0
2.0
2.0
2.0
2.0
2.0
2.0
2.0
2.0
2.0
2.0
2.0
2.0
2.0
2.0
2.0
2.0
2.0
2.0
2.0
2.0
2.0
2.0
2.0
2.0
2.0
2.0
2.0
2.0
2.0
2.0
2.0
2.0
2.0
2.0
2.0
2.0
2.0
2.0
2.0
2.0
2.0
2.0
2.0
2.0
2.0
2.0
2.0
2.0
2.0
2.0
2.0
2.0
2.0
2.0
2.0
2.0
2.0
2.0
2.0
2.0
2.0
2.0
2.0
2.0
2.0
2.0
2.0
2.0
2.0
2.0
2.0
2.0
2.0
2.0
2.0
2.0
2.0
2.0
2.0
2.0
2.0
2.0
2.0
2.0
2.0
2.0
2.0
2.0
2.0
2.0
2.0
2.0
2.0
2.0
2.0
2.0
2.0
2.0
2.0
2.0
2.0
2.0
2.0
2.0
2.0
2.0
2.0
2.0
2.0
2.0
2.0
2.0
2.0
2.0
2.0
2.0
2.0
2.0
2.0
2.0
2.0
2.0
2.0
2.0
2.0
2.0
2.0
2.0
2.0
2.0
2.0
2.0
2.0
2.0
2.0
2.0
2.0
2.0
2.0
2.0
2.0
2.0
2.0
2.0
2.0
2.0
2.0
2.0
2.0
2.0
2.0
2.0
2.0
2.0
2.0
2.0
2.0
2.0
2.0
2.0
2.0
2.0
2.0
2.0
2.0
2.0
2.0
2.0
2.0
2.0
2.0
2.0
2.0
2.0
2.0
2.0
2.0
2.0
2.0
2.0
2.0
2.0
2.0
2.0
2.0
2.0
2.0
2.0
2.0
2.0
2.0
2.0
2.0
2.0
2.0
2.0
2.0
2.0
2.0
2.0
2.0
2.0
2.0
2.0
2.0
2.0
2.0
2.0
2.0
2.0
2.0
2.0
2.0
2.0
2.0
2.0
2.0
2.0
2.0
2.0
2.0
2.0
2.0
2.0
2.0
2.0
2.0
2.0
2.0
2.0
2.0
2.0
2.0
2.0
2.0
2.0
2.0
2.0
2.0
2.0
2.0
2.0
2.0
2.0
2.0
2.0
2.0
2.0
2.0
2.0
2.0
2.0
2.0
2.0
2.0
2.0
2.0
2.0
2.0
2.0
2.0
2.0
2.0
2.0
2.0
2.0
2.0
2.0
2.0
2.0
2.0
2.0
2.0
2.0
2.0
2.0
2.0
2.0
2.0
2.0
2.0
2.0
2.0
2.0
2.0
2.0
2.0
2.0
2.0
2.0
2.0
2.0
2.0
2.0
2.0
2.0
2.0
2.0
2.0
2.0
2.0
2.0
2.0
2.0
2.0
2.0
2.0
2.0
2.0
2.0
2.0
2.0
2.0
2.0
2.0
2.0
2.0
2.0
2.0
2.0
2.0
2.0
2.0
2.0
2.0
2.0
2.0
2.0
2.0
2.0
2.0
2.0
2.0
2.0
2.0
2.0
2.0
2.0
2.0
2.0
2.0
2.0
2.0
2.0
2.0
2.0
2.0
2.0
2.0
2.0
2.0
2.0
2.0
2.0
2.0
2.0
2.0
2.0
2.0
2.0
2.0
2.0
2.0
2.0
2.0
2.0
2.0
2.0
2.0
2.0
2.0
2.0
2.0
2.0
2.0
2.0
2.0
2.0
2.0
2.0
2.0
2.0
2.0
2.0
2.0
2.0
2.0
2.0
2.0
2.0
2.0
2.0
2.0
2.0
2.0
2.0
2.0
2.0
2.0
2.0
2.0
2.0
2.0
2.0
2.0
2.0
2.0
2.0
2.0
2.0
2.0
2.0
1.0
1.0
1.0
1.0
1.0
1.0
1.0
1.0
1.0
1.0
1.0
1.0
1.0
1.0
1.0
1.0
1.0
1.0
1.0
1.0
1.0
1.0
1.0
1.0
1.0
1.0
1.0
1.0
1.0
1.0
1.0
1.0
1.0
1.0
1.0
1.0
1.0
1.0
1.0
1.0
1.0
1.0
1.0
1.0
1.0
1.0
1.0
1.0
1.0
1.0
1.0
1.0
1.0
1.0
1.0
1.0
1.0
1.0
1.0
1.0
1.0
1.0
1.0
1.0
1.0
1.0
1.0
1.0
1.0
1.0
1.0
1.0
1.0
1.0
1.0
1.0
1.0
1.0
1.0
1.0
1.0
1.0
1.0
1.0
1.0
1.0
1.0
1.0
1.0
1.0
1.0
1.0
1.0
1.0
1.0
1.0
1.0
1.0
1.0
1.0
1.0
1.0
1.0
1.0
1.0
1.0
1.0
1.0
1.0
1.0
1.0
1.0
1.0
1.0
1.0
1.0
1.0
1.0
1.0
1.0
1.0
1.0
1.0
1.0
1.0
1.0
1.0
1.0
1.0
1.0
1.0
1.0
1.0
1.0
1.0
1.0
1.0
1.0
1.0
1.0
1.0
1.0
1.0
1.0
1.0
1.0
1.0
1.0
1.0
1.0
1.0
1.0
1.0
1.0
1.0
1.0
1.0
1.0
1.0
1.0
1.0
1.0
1.0
1.0
1.0
1.0
1.0
1.0
1.0
1.0
1.0
1.0
1.0
1.0
1.0
1.0
1.0
1.0
1.0
1.0
1.0
1.0
1.0
1.0
1.0
1.0
1.0
1.0
1.0
1.0
1.0
1.0
1.0
1.0
1.0
1.0
1.0
1.0
1.0
1.0
1.0
1.0
1.0
1.0
1.0
1.0
1.0
1.0
1.0
1.0
1.0
1.0
1.0
1.0
1.0
1.0
1.0
1.0
1.0
1.0
1.0
1.0
1.0
1.0
1.0
1.0
1.0
1.0
1.0
1.0
1.0
1.0
1.0
1.0
1.0
1.0
1.0
1.0
1.0
1.0
1.0
1.0
1.0
1.0
1.0
1.0
1.0
1.0
1.0
1.0
1.0
1.0
1.0
1.0
1.0
1.0
1.0
1.0
1.0
1.0
1.0
1.0
1.0
1.0
1.0
1.0
1.0
1.0
1.0
1.0
1.0
1.0
1.0
1.0
1.0
1.0
1.0
1.0
1.0
1.0
1.0
1.0
1.0
1.0
1.0
1.0
1.0
1.0
1.0
1.0
1.0
1.0
1.0
1.0
1.0
1.0
1.0
1.0
1.0
1.0
1.0
1.0
1.0
1.0
1.0
1.0
1.0
1.0
1.0
1.0
1.0
1.0
1.0
1.0
1.0
1.0
1.0
1.0
1.0
1.0
1.0
1.0
1.0
1.0
1.0
1.0
1.0
1.0
1.0
1.0
1.0
1.0
1.0
1.0
1.0
1.0
1.0
1.0
1.0
1.0
1.0
1.0
1.0
1.0
1.0
1.0
1.0
1.0
1.0
1.0
1.0
1.0
1.0
1.0
1.0
1.0
1.0
1.0
1.0
1.0
1.0
1.0
1.0
1.0
1.0
1.0
1.0
1.0
1.0
1.0
1.0
1.0
1.0
1.0
1.0
1.0
1.0
1.0
1.0
1.0
1.0
1.0
1.0
1.0
1.0
1.0
1.0
1.0
1.0
1.0
1.0
1.0
1.0
1.0
1.0
1.0
1.0
1.0
1.0
1.0
1.0
1.0
1.0
1.0
1.0
1.0
1.0
1.0
1.0
1.0
1.0
1.0
1.0
1.0
1.0
1.0
1.0
1.0
1.0
1.0
1.0
1.0
1.0
1.0
1.0
1.0
1.0
1.0
1.0
1.0
1.0
1.0
1.0
1.0
1.0
1.0
1.0
1.0
1.0
1.0
1.0
1.0
1.0
1.0
1.0
1.0
1.0
1.0
1.0
1.0
1.0
1.0
1.0
1.0
1.0
1.0
1.0
1.0
1.0
1.0
1.0
1.0
1.0
1.0
1.0
1.0
1.0
1.0
1.0
1.0
1.0
1.0
1.0
1.0
1.0
1.0
1.0
1.0
1.0
1.0
1.0
1.0
1.0
1.0
1.0
1.0
1.0
1.0
1.0
1.0
1.0
1.0
1.0
1.0
1.0
1.0
1.0
1.0
1.0
1.0
1.0
1.0
1.0
1.0
1.0
1.0
1.0
1.0
1.0
1.0
1.0
1.0
0.0
0.0
0.0
0.0
0.0
0.0
0.0
0.0
0.0
0.0
0.0
0.0
0.0
0.0
0.0
0.0
0.0
0.0
0.0
0.0
0.0
0.0
0.0
0.0
0.0
0.0
0.0
0.0
0.0
0.0
0.0
0.0
0.0
0.0
0.0
0.0
0.0
0.0
0.0
0.0
0.0
0.0
0.0
0.0
0.0
0.0
0.0
0.0
0.0
0.0
0.0
0.0
0.0
0.0
0.0
0.0
0.0
0.0
0.0
0.0
0.0
0.0
0.0
0.0
0.0
0.0
0.0
0.0
0.0
0.0
0.0
0.0
0.0
0.0
0.0
0.0
0.0
0.0
0.0
0.0
0.0
0.0
0.0
0.0
0.0
0.0
0.0
0.0
0.0
0.0
0.0
0.0
0.0
0.0
0.0
0.0
0.0
0.0
0.0
0.0
0.0
0.0
0.0
0.0
0.0
0.0
0.0
0.0
0.0
0.0
0.0
0.0
0.0
0.0
0.0
0.0
0.0
0.0
0.0
0.0
0.0
0.0
0.0
0.0
0.0
0.0
0.0
0.0
0.0
0.0
0.0
0.0
0.0
0.0
0.0
0.0
0.0
0.0
0.0
0.0
0.0
0.0
0.0
0.0
0.0
0.0
0.0
0.0
0.0
0.0
0.0
0.0
0.0
0.0
0.0
0.0
0.0
0.0
0.0
0.0
0.0
0.0
0.0
0.0
0.0
0.0
0.0
0.0
0.0
0.0
0.0
0.0
0.0
0.0
0.0
0.0
0.0
0.0
0.0
0.0
0.0
0.0
0.0
0.0
0.0
0.0
0.0
0.0
0.0
0.0
0.0
0.0
0.0
0.0
0.0
0.0
0.0
0.0
0.0
0.0
0.0
0.0
0.0
0.0
0.0
0.0
0.0
0.0
0.0
0.0
0.0
0.0
0.0
0.0
0.0
0.0
0.0
0.0
0.0
0.0
0.0
0.0
0.0
0.0
0.0
0.0
0.0
0.0
0.0
0.0
0.0
0.0
0.0
0.0
0.0
0.0
0.0
0.0
0.0
0.0
0.0
0.0
0.0
0.0
0.0
0.0
0.0
0.0
0.0
0.0
0.0
0.0
0.0
0.0
0.0
0.0
0.0
0.0
0.0
0.0
0.0
0.0
0.0
0.0
0.0
0.0
0.0
0.0
0.0
0.0
0.0
0.0
0.0
0.0
0.0
0.0
0.0
0.0
0.0
0.0
0.0
0.0
0.0
0.0
0.0
0.0
0.0
0.0
0.0
0.0
0.0
0.0
0.0
0.0
0.0
0.0
0.0
0.0
0.0
0.0
0.0
0.0
0.0
0.0
0.0
0.0
0.0
0.0
0.0
0.0
0.0
0.0
0.0
0.0
0.0
0.0
0.0
0.0
0.0
0.0
0.0
0.0
0.0
0.0
0.0
0.0
0.0
0.0
0.0
0.0
0.0
0.0
0.0
0.0
0.0
0.0
0.0
0.0
0.0
0.0
0.0
0.0
0.0
0.0
0.0
0.0
0.0
0.0
0.0
0.0
0.0
0.0
0.0
0.0
0.0
0.0
0.0
0.0
0.0
0.0
0.0
0.0
0.0
0.0
0.0
0.0
0.0
0.0
0.0
0.0
0.0
0.0
0.0
0.0
0.0
0.0
0.0
0.0
0.0
0.0
0.0
0.0
0.0
0.0
0.0
0.0
0.0
0.0
0.0
0.0
0.0
0.0
0.0
0.0
0.0
0.0
0.0
0.0
0.0
0.0
0.0
0.0
0.0
0.0
0.0
0.0
0.0
0.0
0.0
0.0
0.0
0.0
0.0
0.0
0.0
0.0
0.0
0.0
0.0
0.0
0.0
0.0
0.0
0.0
0.0
0.0
0.0
0.0
0.0
0.0
0.0
0.0
0.0
0.0
0.0
0.0
0.0
0.0
0.0
0.0
0.0
0.0
0.0
0.0
0.0
0.0
0.0
0.0
0.0
0.0
0.0
0.0
0.0
0.0
0.0
0.0
0.0
0.0
0.0
0.0
0.0
0.0
0.0
0.0
0.0
0.0
0.0
0.0
0.0
0.0
0.0
0.0
0.0
0.0
0.0
0.0
0.0
0.0
0.0
0.0
0.0
0.0
0.0
0.0
0.0
0.0
0.0
0.0
0.0
0.0
0.0
0.0
0.0
0.0
0.0
0.0
0.0
0.0
0.0
0.0
0.0
0.0
0.0
0.0
0.0
0.0
0.0
0.0
0.0
0.0
0.0
0.0
