126.06208070809708
126.47629424626695
126.8905077844368
127.30472132260667
127.71893486077653
128.1331483989464
128.54736193711625
128.9615754752861
125.06208070809708
125.47629424626695
125.8905077844368
126.30472132260667
126.71893486077653
127.13314839894639
127.54736193711625
127.96157547528611
128.37578901345597
128.79000255162583
129.2042160897957
124.06208070809708
124.47629424626695
124.8905077844368
125.30472132260667
125.71893486077653
126.13314839894639
126.54736193711625
126.96157547528611
127.37578901345597
127.79000255162583
128.2042160897957
128.61842962796555
129.03264316613541
129.44685670430528
123.06208070809708
123.47629424626695
123.8905077844368
124.30472132260667
124.71893486077653
125.13314839894639
125.54736193711625
125.96157547528611
126.37578901345597
126.79000255162583
127.2042160897957
127.61842962796555
128.03264316613541
128.44685670430528
128.86107024247514
122.06208070809708
122.47629424626695
122.8905077844368
123.30472132260667
123.71893486077653
124.13314839894639
124.54736193711625
124.96157547528611
125.37578901345597
125.79000255162583
126.2042160897957
126.61842962796555
127.03264316613541
127.44685670430528
127.86107024247514
128.275283780645
128.68949731881486
121.06208070809708
121.47629424626695
121.8905077844368
122.30472132260667
122.71893486077653
123.13314839894639
123.54736193711625
123.96157547528611
124.37578901345597
124.79000255162583
125.2042160897957
125.61842962796555
126.03264316613541
126.44685670430528
126.86107024247514
127.275283780645
127.68949731881486
128.10371085698472
120.06208070809708
120.47629424626695
120.8905077844368
121.30472132260667
121.71893486077653
122.13314839894639
122.54736193711625
122.96157547528611
123.37578901345597
123.79000255162583
124.2042160897957
124.61842962796555
125.03264316613541
125.44685670430528
125.86107024247514
126.275283780645
126.68949731881486
127.10371085698472
127.51792439515458
119.06208070809708
119.47629424626695
119.8905077844368
120.30472132260667
120.71893486077653
121.13314839894639
121.54736193711625
121.96157547528611
122.37578901345597
122.79000255162583
123.2042160897957
123.61842962796555
124.03264316613541
124.44685670430528
124.86107024247514
125.275283780645
125.68949731881486
126.10371085698472
126.51792439515458
118.06208070809708
118.47629424626695
118.8905077844368
119.30472132260667
119.71893486077653
120.13314839894639
120.54736193711625
120.96157547528611
121.37578901345597
121.79000255162583
122.2042160897957
122.61842962796555
123.03264316613541
123.44685670430528
123.86107024247514
124.275283780645
124.68949731881486
125.10371085698472
125.51792439515458
125.93213793332444
117.06208070809708
117.47629424626695
117.8905077844368
118.30472132260667
118.71893486077653
119.13314839894639
119.54736193711625
119.96157547528611
120.37578901345597
120.79000255162583
121.2042160897957
121.61842962796555
122.03264316613541
122.44685670430528
122.86107024247514
123.275283780645
123.68949731881486
124.10371085698472
124.51792439515458
124.93213793332444
116.06208070809708
116.47629424626695
116.8905077844368
117.30472132260667
117.71893486077653
118.13314839894639
118.54736193711625
118.96157547528611
119.37578901345597
119.79000255162583
120.2042160897957
120.61842962796555
121.03264316613541
121.44685670430528
121.86107024247514
122.275283780645
122.68949731881486
123.10371085698472
123.51792439515458
123.93213793332444
115.06208070809708
115.47629424626695
115.8905077844368
116.30472132260667
116.71893486077653
117.13314839894639
117.54736193711625
117.96157547528611
118.37578901345597
118.79000255162583
119.2042160897957
119.61842962796555
120.03264316613541
120.44685670430528
120.86107024247514
121.275283780645
121.68949731881486
122.10371085698472
122.51792439515458
122.93213793332444
123.3463514714943
124.3463514714943
114.06208070809708
114.47629424626695
114.8905077844368
115.30472132260667
115.71893486077653
116.13314839894639
116.54736193711625
116.96157547528611
117.37578901345597
117.79000255162583
118.2042160897957
118.61842962796555
119.03264316613541
119.44685670430528
119.86107024247514
120.275283780645
120.68949731881486
121.10371085698472
121.51792439515458
121.93213793332444
122.93213793332444
123.93213793332444
113.06208070809708
113.47629424626695
113.8905077844368
114.30472132260667
114.71893486077653
115.13314839894639
115.54736193711625
115.96157547528611
116.37578901345597
116.79000255162583
117.2042160897957
117.61842962796555
118.03264316613541
118.44685670430528
118.86107024247514
119.275283780645
119.68949731881486
120.10371085698472
120.51792439515458
121.51792439515458
122.51792439515458
123.51792439515458
112.06208070809708
112.47629424626695
112.8905077844368
113.30472132260667
113.71893486077653
114.13314839894639
114.54736193711625
114.96157547528611
115.37578901345597
115.79000255162583
116.2042160897957
116.61842962796555
117.03264316613541
117.44685670430528
117.86107024247514
118.275283780645
118.68949731881486
119.10371085698472
120.10371085698472
121.10371085698472
122.10371085698472
123.10371085698472
111.06208070809708
111.47629424626695
111.8905077844368
112.30472132260667
112.71893486077653
113.13314839894639
113.54736193711625
113.96157547528611
114.37578901345597
114.79000255162583
115.2042160897957
115.61842962796555
116.03264316613541
116.44685670430528
116.86107024247514
117.275283780645
117.68949731881486
118.68949731881486
119.68949731881486
120.68949731881486
121.68949731881486
122.68949731881486
110.06208070809708
110.47629424626695
110.8905077844368
111.30472132260667
111.71893486077653
112.13314839894639
112.54736193711625
112.96157547528611
113.37578901345597
113.79000255162583
114.2042160897957
114.61842962796555
115.03264316613541
115.44685670430528
115.86107024247514
116.275283780645
117.275283780645
118.275283780645
119.275283780645
120.275283780645
121.275283780645
122.275283780645
109.06208070809708
109.47629424626695
109.8905077844368
110.30472132260667
110.71893486077653
111.13314839894639
111.54736193711625
111.96157547528611
112.37578901345597
112.79000255162583
113.2042160897957
113.61842962796555
114.03264316613541
114.44685670430528
114.86107024247514
115.86107024247514
116.86107024247514
117.86107024247514
118.86107024247514
119.86107024247514
120.86107024247514
121.86107024247514
108.06208070809708
108.47629424626695
108.8905077844368
109.30472132260667
109.71893486077653
110.13314839894639
110.54736193711625
110.96157547528611
111.37578901345597
111.79000255162583
112.2042160897957
112.61842962796555
113.03264316613541
113.44685670430528
114.44685670430528
115.44685670430528
116.44685670430528
117.44685670430528
118.44685670430528
119.44685670430528
120.44685670430528
121.44685670430528
107.06208070809708
107.47629424626695
107.8905077844368
108.30472132260667
108.71893486077653
109.13314839894639
109.54736193711625
109.96157547528611
110.37578901345597
110.79000255162583
111.2042160897957
111.61842962796555
112.03264316613541
113.03264316613541
114.03264316613541
115.03264316613541
116.03264316613541
117.03264316613541
118.03264316613541
119.03264316613541
107.98688405320765
107.57267051503779
107.15845697686792
106.74424343869806
106.3300299005282
106.06208070809708
106.47629424626695
106.8905077844368
107.30472132260667
107.71893486077653
108.13314839894639
108.54736193711625
108.96157547528611
109.37578901345597
109.79000255162583
110.2042160897957
110.61842962796555
111.61842962796555
112.61842962796555
113.61842962796555
114.61842962796555
115.61842962796555
116.61842962796555
117.61842962796555
118.61842962796555
108.64373820588709
108.22952466771723
107.81531112954737
107.4010975913775
106.98688405320765
106.57267051503779
106.15845697686792
105.74424343869806
105.3300299005282
105.06208070809708
105.47629424626695
105.8905077844368
106.30472132260667
106.71893486077653
107.13314839894639
107.54736193711625
107.96157547528611
108.37578901345597
108.79000255162583
109.2042160897957
110.2042160897957
111.2042160897957
112.2042160897957
113.2042160897957
114.2042160897957
115.2042160897957
116.2042160897957
117.2042160897957
108.05795174405695
107.64373820588709
107.22952466771723
106.81531112954737
106.4010975913775
105.98688405320765
105.57267051503779
105.15845697686792
104.74424343869806
104.3300299005282
104.06208070809708
104.47629424626695
104.8905077844368
105.30472132260667
105.71893486077653
106.13314839894639
106.54736193711625
106.96157547528611
107.37578901345597
107.79000255162583
108.79000255162583
109.79000255162583
110.79000255162583
111.79000255162583
112.79000255162583
113.79000255162583
114.79000255162583
115.79000255162583
116.79000255162583
107.47216528222681
107.05795174405695
106.64373820588709
106.22952466771723
105.81531112954737
105.4010975913775
104.98688405320765
104.57267051503779
104.15845697686792
103.74424343869806
103.3300299005282
103.06208070809708
103.47629424626695
103.8905077844368
104.30472132260667
104.71893486077653
105.13314839894639
105.54736193711625
105.96157547528611
106.37578901345597
107.37578901345597
108.37578901345597
109.37578901345597
110.37578901345597
111.37578901345597
112.37578901345597
113.37578901345597
114.37578901345597
115.37578901345597
107.30059235856653
106.88637882039667
106.47216528222681
106.05795174405695
105.64373820588709
105.22952466771723
104.81531112954737
104.4010975913775
103.98688405320765
103.57267051503779
103.15845697686792
102.74424343869806
102.3300299005282
102.06208070809708
102.47629424626695
102.8905077844368
103.30472132260667
103.71893486077653
104.13314839894639
104.54736193711625
104.96157547528611
105.96157547528611
106.96157547528611
107.96157547528611
108.96157547528611
109.96157547528611
110.96157547528611
111.96157547528611
112.96157547528611
113.96157547528611
114.96157547528611
106.30059235856653
105.88637882039667
105.47216528222681
105.05795174405695
104.64373820588709
104.22952466771723
103.81531112954737
103.4010975913775
102.98688405320765
102.57267051503779
102.15845697686792
101.74424343869806
101.3300299005282
101.06208070809708
101.47629424626695
101.8905077844368
102.30472132260667
102.71893486077653
103.13314839894639
103.54736193711625
104.54736193711625
105.54736193711625
106.54736193711625
107.54736193711625
108.54736193711625
109.54736193711625
110.54736193711625
111.54736193711625
112.54736193711625
113.54736193711625
114.54736193711625
105.7148058967364
105.30059235856653
104.88637882039667
104.47216528222681
104.05795174405695
103.64373820588709
103.22952466771723
102.81531112954737
102.4010975913775
101.98688405320765
101.57267051503779
101.15845697686792
100.74424343869806
100.3300299005282
100.06208070809708
100.47629424626695
100.8905077844368
101.30472132260667
101.71893486077653
102.13314839894639
103.13314839894639
104.13314839894639
105.13314839894639
106.13314839894639
107.13314839894639
108.13314839894639
109.13314839894639
110.13314839894639
111.13314839894639
112.13314839894639
113.13314839894639
105.12901943490625
104.7148058967364
104.30059235856653
103.88637882039667
103.47216528222681
103.05795174405695
102.64373820588709
102.22952466771723
101.81531112954737
101.4010975913775
100.98688405320765
100.57267051503779
100.15845697686792
99.74424343869806
99.3300299005282
99.06208070809708
99.47629424626695
99.8905077844368
100.30472132260667
100.71893486077653
101.71893486077653
102.71893486077653
103.71893486077653
104.71893486077653
105.71893486077653
106.71893486077653
107.71893486077653
108.71893486077653
109.71893486077653
110.71893486077653
104.12901943490625
103.7148058967364
103.30059235856653
102.88637882039667
102.47216528222681
102.05795174405695
101.64373820588709
101.22952466771723
100.81531112954737
100.4010975913775
99.98688405320765
99.57267051503779
99.15845697686792
98.74424343869806
98.3300299005282
98.06208070809708
98.47629424626695
98.8905077844368
99.30472132260667
100.30472132260667
101.30472132260667
102.30472132260667
103.30472132260667
104.30472132260667
105.30472132260667
106.30472132260667
107.30472132260667
108.30472132260667
109.30472132260667
103.12901943490625
102.7148058967364
102.30059235856653
101.88637882039667
101.47216528222681
101.05795174405695
100.64373820588709
100.22952466771723
99.81531112954737
99.4010975913775
98.98688405320765
98.57267051503779
98.15845697686792
97.74424343869806
97.3300299005282
97.06208070809708
97.47629424626695
97.8905077844368
98.8905077844368
99.8905077844368
100.8905077844368
101.8905077844368
102.8905077844368
103.8905077844368
104.8905077844368
105.8905077844368
102.95744651124598
102.54323297307612
102.12901943490625
101.7148058967364
101.30059235856653
100.88637882039667
100.47216528222681
100.05795174405695
99.64373820588709
99.22952466771723
98.81531112954737
98.4010975913775
97.98688405320765
97.57267051503779
97.15845697686792
96.74424343869806
96.3300299005282
96.06208070809708
96.47629424626695
97.47629424626695
98.47629424626695
99.47629424626695
100.47629424626695
101.47629424626695
102.47629424626695
103.47629424626695
104.47629424626695
102.54323297307612
101.54323297307612
101.12901943490625
100.7148058967364
100.30059235856653
99.88637882039667
99.47216528222681
99.05795174405695
98.64373820588709
98.22952466771723
97.81531112954737
97.4010975913775
96.98688405320765
96.57267051503779
96.15845697686792
95.74424343869806
95.3300299005282
95.06208070809708
96.06208070809708
97.06208070809708
98.06208070809708
99.06208070809708
100.06208070809708
101.06208070809708
102.06208070809708
102.12901943490625
101.12901943490625
100.12901943490625
99.7148058967364
99.30059235856653
98.88637882039667
98.47216528222681
98.05795174405695
97.64373820588709
97.22952466771723
96.81531112954737
96.4010975913775
95.98688405320765
95.57267051503779
95.15845697686792
94.74424343869806
94.3300299005282
101.7148058967364
100.7148058967364
99.7148058967364
98.7148058967364
98.30059235856653
97.88637882039667
97.47216528222681
97.05795174405695
96.64373820588709
96.22952466771723
95.81531112954737
95.4010975913775
94.98688405320765
94.57267051503779
94.15845697686792
93.74424343869806
93.3300299005282
101.30059235856653
100.30059235856653
99.30059235856653
98.30059235856653
97.30059235856653
96.88637882039667
96.47216528222681
96.05795174405695
95.64373820588709
95.22952466771723
94.81531112954737
94.4010975913775
93.98688405320765
93.57267051503779
93.15845697686792
92.74424343869806
92.3300299005282
100.88637882039667
99.88637882039667
98.88637882039667
97.88637882039667
96.88637882039667
95.88637882039667
95.47216528222681
95.05795174405695
94.64373820588709
94.22952466771723
93.81531112954737
93.4010975913775
92.98688405320765
92.57267051503779
92.15845697686792
91.74424343869806
91.3300299005282
100.47216528222681
99.47216528222681
98.47216528222681
97.47216528222681
96.47216528222681
95.47216528222681
94.47216528222681
94.05795174405695
93.64373820588709
93.22952466771723
92.81531112954737
92.4010975913775
91.98688405320765
91.57267051503779
91.15845697686792
90.74424343869806
90.3300299005282
98.05795174405695
97.05795174405695
96.05795174405695
95.05795174405695
94.05795174405695
93.05795174405695
92.64373820588709
92.22952466771723
91.81531112954737
91.4010975913775
90.98688405320765
90.57267051503779
90.15845697686792
89.74424343869806
89.3300299005282
97.64373820588709
96.64373820588709
95.64373820588709
94.64373820588709
93.64373820588709
92.64373820588709
91.64373820588709
91.22952466771723
90.81531112954737
90.4010975913775
89.98688405320765
89.57267051503779
89.15845697686792
88.74424343869806
88.3300299005282
97.22952466771723
96.22952466771723
95.22952466771723
94.22952466771723
93.22952466771723
92.22952466771723
91.22952466771723
90.22952466771723
89.81531112954737
89.4010975913775
88.98688405320765
88.57267051503779
88.15845697686792
87.74424343869806
87.3300299005282
95.81531112954737
94.81531112954737
93.81531112954737
92.81531112954737
91.81531112954737
90.81531112954737
89.81531112954737
88.81531112954737
88.4010975913775
87.98688405320765
87.57267051503779
87.15845697686792
86.74424343869806
86.3300299005282
94.4010975913775
93.4010975913775
92.4010975913775
91.4010975913775
90.4010975913775
89.4010975913775
88.4010975913775
87.4010975913775
86.98688405320765
86.57267051503779
86.15845697686792
85.74424343869806
85.3300299005282
93.98688405320765
92.98688405320765
91.98688405320765
90.98688405320765
89.98688405320765
88.98688405320765
87.98688405320765
86.98688405320765
85.98688405320765
85.57267051503779
85.15845697686792
84.74424343869806
84.3300299005282
91.57267051503779
90.57267051503779
89.57267051503779
88.57267051503779
87.57267051503779
86.57267051503779
85.57267051503779
84.57267051503779
84.15845697686792
83.74424343869806
83.3300299005282
90.15845697686792
89.15845697686792
88.15845697686792
87.15845697686792
86.15845697686792
85.15845697686792
84.15845697686792
83.15845697686792
82.74424343869806
82.3300299005282
87.74424343869806
86.74424343869806
85.74424343869806
84.74424343869806
83.74424343869806
82.74424343869806
81.74424343869806
81.3300299005282
79.91581633815511
80.33002987632497
80.74424341449483
81.1584569526647
81.57267049083455
81.98688402900441
83.3300299005282
82.3300299005282
81.3300299005282
80.3300299005282
78.91581633815511
79.33002987632497
79.74424341449483
80.1584569526647
80.57267049083455
80.98688402900441
81.40109756717428
81.81531110534414
82.229524643514
82.64373818168386
77.91581633815511
78.33002987632497
78.74424341449483
79.1584569526647
79.57267049083455
79.98688402900441
80.40109756717428
80.81531110534414
81.229524643514
81.64373818168386
82.05795171985372
76.91581633815511
77.33002987632497
77.74424341449483
78.1584569526647
78.57267049083455
78.98688402900441
79.40109756717428
79.81531110534414
80.229524643514
80.64373818168386
81.05795171985372
81.47216525802358
81.88637879619344
82.3005923343633
75.91581633815511
76.33002987632497
76.74424341449483
77.1584569526647
77.57267049083455
77.98688402900441
78.40109756717428
78.81531110534414
79.229524643514
79.64373818168386
80.05795171985372
80.47216525802358
80.88637879619344
81.3005923343633
81.71480587253316
74.91581633815511
75.33002987632497
75.74424341449483
76.1584569526647
76.57267049083455
76.98688402900441
77.40109756717428
77.81531110534414
78.229524643514
78.64373818168386
79.05795171985372
79.47216525802358
79.88637879619344
80.3005923343633
80.71480587253316
73.91581633815511
74.33002987632497
74.74424341449483
75.1584569526647
75.57267049083455
75.98688402900441
76.40109756717428
76.81531110534414
77.229524643514
77.64373818168386
78.05795171985372
78.47216525802358
78.88637879619344
79.3005923343633
79.71480587253316
80.12901941070302
80.54323294887288
72.91581633815511
73.33002987632497
73.74424341449483
74.1584569526647
74.57267049083455
74.98688402900441
75.40109756717428
75.81531110534414
76.229524643514
76.64373818168386
77.05795171985372
77.47216525802358
77.88637879619344
78.3005923343633
78.71480587253316
79.12901941070302
79.54323294887288
71.91581633815511
72.33002987632497
72.74424341449483
73.1584569526647
73.57267049083455
73.98688402900441
74.40109756717428
74.81531110534414
75.229524643514
75.64373818168386
76.05795171985372
76.47216525802358
76.88637879619344
77.3005923343633
77.71480587253316
78.12901941070302
78.54323294887288
78.95744648704274
70.91581633815511
71.33002987632497
71.74424341449483
72.1584569526647
72.57267049083455
72.98688402900441
73.40109756717428
73.81531110534414
74.229524643514
74.64373818168386
75.05795171985372
75.47216525802358
75.88637879619344
76.3005923343633
76.71480587253316
77.12901941070302
77.54323294887288
77.95744648704274
78.63960921764374
69.91581633815511
70.33002987632497
70.74424341449483
71.1584569526647
71.57267049083455
71.98688402900441
72.40109756717428
72.81531110534414
73.229524643514
73.64373818168386
74.05795171985372
74.47216525802358
74.88637879619344
75.3005923343633
75.71480587253316
76.12901941070302
76.54323294887288
77.22539567947388
78.22539567947388
68.91581633815511
69.33002987632497
69.74424341449483
70.1584569526647
70.57267049083455
70.98688402900441
71.40109756717428
71.81531110534414
72.229524643514
72.64373818168386
73.05795171985372
73.47216525802358
73.88637879619344
74.3005923343633
74.71480587253316
75.12901941070302
75.81118214130402
76.81118214130402
77.81118214130402
67.91581633815511
68.33002987632497
68.74424341449483
69.1584569526647
69.57267049083455
69.98688402900441
70.40109756717428
70.81531110534414
71.229524643514
71.64373818168386
72.05795171985372
72.47216525802358
72.88637879619344
73.3005923343633
73.71480587253316
74.39696860313416
75.39696860313416
76.39696860313416
77.39696860313416
78.39696860313416
66.91581633815511
67.33002987632497
67.74424341449483
68.1584569526647
68.57267049083455
68.98688402900441
69.40109756717428
69.81531110534414
70.229524643514
70.64373818168386
71.05795171985372
71.47216525802358
71.88637879619344
72.3005923343633
72.9827550649643
73.9827550649643
74.9827550649643
75.9827550649643
76.9827550649643
77.9827550649643
65.91581633815511
66.33002987632497
66.74424341449483
67.1584569526647
67.57267049083455
67.98688402900441
68.40109756717428
68.81531110534414
69.229524643514
69.64373818168386
70.05795171985372
70.47216525802358
70.88637879619344
71.56854152679443
72.56854152679443
73.56854152679443
74.56854152679443
75.56854152679443
76.56854152679443
77.56854152679443
64.91581633815511
65.33002987632497
65.74424341449483
66.1584569526647
66.57267049083455
66.98688402900441
67.40109756717428
67.81531110534414
68.229524643514
68.64373818168386
69.05795171985372
69.47216525802358
70.15432798862457
71.15432798862457
72.15432798862457
73.15432798862457
74.15432798862457
75.15432798862457
76.15432798862457
77.15432798862457
63.91581633815512
64.33002987632497
64.74424341449483
65.1584569526647
65.57267049083455
65.98688402900441
66.40109756717428
66.81531110534414
67.229524643514
67.64373818168386
68.05795171985372
68.74011445045471
69.74011445045471
70.74011445045471
71.74011445045471
72.74011445045471
73.74011445045471
74.74011445045471
75.74011445045471
76.74011445045471
62.91581633815512
63.33002987632498
63.74424341449484
64.1584569526647
64.57267049083455
64.98688402900441
65.40109756717428
65.81531110534414
66.229524643514
66.64373818168386
67.32590091228485
68.32590091228485
69.32590091228485
70.32590091228485
71.32590091228485
72.32590091228485
73.32590091228485
74.32590091228485
75.32590091228485
76.32590091228485
61.91581633815512
62.33002987632498
62.74424341449484
63.1584569526647
63.57267049083456
63.98688402900442
64.40109756717428
64.81531110534414
65.229524643514
65.91168737411499
66.91168737411499
67.91168737411499
68.91168737411499
69.91168737411499
70.91168737411499
71.91168737411499
72.91168737411499
73.91168737411499
74.91168737411499
75.91168737411499
60.91581633815512
61.33002987632498
61.74424341449484
62.1584569526647
62.57267049083456
62.98688402900442
63.40109756717428
63.81531110534414
64.49747383594513
65.49747383594513
66.49747383594513
67.49747383594513
68.49747383594513
69.49747383594513
70.49747383594513
71.49747383594513
72.49747383594513
73.49747383594513
74.49747383594513
75.49747383594513
49.0
49.0
49.0
54.38477599620819
54.79898953437805
55.21320307254791
55.62741661071777
56.041630148887634
56.455843687057495
56.870057225227356
57.28427076339722
57.69848430156708
58.11269783973694
58.5269113779068
58.94112491607666
59.35533845424652
59.76955199241638
60.18376553058624
59.91581633815512
60.33002987632498
60.74424341449484
61.1584569526647
61.57267049083456
61.98688402900442
62.40109756717428
63.08326029777527
64.08326029777527
65.08326029777527
66.08326029777527
67.08326029777527
68.08326029777527
69.08326029777527
70.08326029777527
71.08326029777527
72.08326029777527
73.08326029777527
74.08326029777527
48.41421353816986
48.0
48.0
48.0
48.0
48.0
48.0
48.0
48.0
48.0
48.0
48.0
48.0
51.31370830535889
51.72792184352875
52.14213538169861
52.55634891986847
52.97056245803833
53.38477599620819
53.79898953437805
54.21320307254791
54.62741661071777
55.041630148887634
55.455843687057495
55.870057225227356
56.28427076339722
56.69848430156708
57.11269783973694
57.5269113779068
57.94112491607666
58.35533845424652
58.76955199241638
59.18376553058624
58.91581633815512
59.33002987632498
59.74424341449484
60.1584569526647
60.57267049083456
60.98688402900442
61.66904675960541
62.66904675960541
63.66904675960541
64.66904675960541
65.66904675960541
66.66904675960541
67.66904675960541
68.66904675960541
69.66904675960541
70.66904675960541
71.66904675960541
72.66904675960541
73.66904675960541
48.24264061450958
47.82842707633972
47.41421353816986
47.0
47.0
47.0
47.0
47.0
47.0
47.0
47.0
47.0
47.0
47.0
47.0
47.0
47.0
47.0
47.0
47.0
47.0
47.0
47.0
47.0
47.0
47.0
48.65685415267944
49.071067690849304
49.485281229019165
49.899494767189026
50.31370830535889
50.72792184352875
51.14213538169861
51.55634891986847
51.97056245803833
52.38477599620819
52.79898953437805
53.21320307254791
53.62741661071777
54.041630148887634
54.455843687057495
54.870057225227356
55.28427076339722
55.69848430156708
56.11269783973694
56.5269113779068
56.94112491607666
57.35533845424652
57.76955199241638
58.18376553058624
57.91581633815512
58.33002987632498
58.74424341449484
59.1584569526647
59.57267049083456
60.25483322143555
61.25483322143555
62.25483322143555
63.25483322143555
64.25483322143555
65.25483322143555
66.25483322143555
67.25483322143555
68.25483322143555
69.25483322143555
70.25483322143555
71.25483322143555
72.25483322143555
73.25483322143555
47.24264061450958
46.82842707633972
46.41421353816986
46.0
46.0
46.0
46.0
46.0
46.0
46.0
46.0
46.0
46.0
46.0
46.0
46.0
46.0
46.0
46.0
46.0
46.0
46.0
46.0
46.0
46.0
46.0
47.65685415267944
48.071067690849304
48.485281229019165
48.899494767189026
49.31370830535889
49.72792184352875
50.14213538169861
50.55634891986847
50.97056245803833
51.38477599620819
51.79898953437805
52.21320307254791
52.62741661071777
53.041630148887634
53.455843687057495
53.870057225227356
54.28427076339722
54.69848430156708
55.11269783973694
55.5269113779068
55.94112491607666
56.35533845424652
56.76955199241638
57.18376553058624
56.91581633815512
57.33002987632498
57.74424341449484
58.1584569526647
58.840619683265686
59.840619683265686
60.840619683265686
61.840619683265686
62.840619683265686
63.840619683265686
64.84061968326569
65.84061968326569
66.84061968326569
67.84061968326569
68.84061968326569
69.84061968326569
70.84061968326569
71.84061968326569
72.84061968326569
47.071067690849304
46.65685415267944
46.24264061450958
45.82842707633972
45.41421353816986
45.0
45.0
45.0
45.0
45.0
45.0
45.0
45.0
45.0
45.0
45.0
45.0
45.0
45.0
45.0
45.0
45.0
45.0
45.0
45.0
45.0
45.0
45.0
45.0
45.0
45.0
45.0
45.0
45.0
45.0
45.0
45.41421353816986
45.82842707633972
46.24264061450958
46.65685415267944
47.071067690849304
47.485281229019165
47.899494767189026
48.31370830535889
48.72792184352875
49.14213538169861
49.55634891986847
49.97056245803833
50.38477599620819
50.79898953437805
51.21320307254791
51.62741661071777
52.041630148887634
52.455843687057495
52.870057225227356
53.28427076339722
53.69848430156708
54.11269783973694
54.5269113779068
54.94112491607666
55.35533845424652
55.76955199241638
56.18376553058624
55.91581633815512
56.33002987632498
56.74424341449484
57.426406145095825
58.426406145095825
59.426406145095825
60.426406145095825
61.426406145095825
62.426406145095825
63.426406145095825
64.42640614509583
65.42640614509583
66.42640614509583
67.42640614509583
68.42640614509583
69.42640614509583
70.42640614509583
71.42640614509583
46.485281229019165
46.071067690849304
45.65685415267944
45.24264061450958
44.82842707633972
44.41421353816986
44.0
44.0
44.0
44.0
44.0
44.0
44.0
44.0
44.0
44.0
44.0
44.0
44.0
44.0
44.0
44.0
44.0
44.0
44.0
44.0
44.0
44.0
44.0
44.0
44.0
44.0
44.0
44.0
44.0
44.0
44.0
44.0
44.0
44.0
44.0
44.0
44.0
44.0
44.41421353816986
44.82842707633972
45.24264061450958
45.65685415267944
46.071067690849304
46.485281229019165
46.899494767189026
47.31370830535889
47.72792184352875
48.14213538169861
48.55634891986847
48.97056245803833
49.38477599620819
49.79898953437805
50.21320307254791
50.62741661071777
51.041630148887634
51.455843687057495
51.870057225227356
52.28427076339722
52.69848430156708
53.11269783973694
53.5269113779068
53.94112491607666
54.35533845424652
54.76955199241638
55.18376553058624
54.91581633815512
55.33002987632498
56.012192606925964
57.012192606925964
58.012192606925964
59.012192606925964
60.012192606925964
61.012192606925964
62.012192606925964
63.012192606925964
64.01219260692596
65.01219260692596
66.01219260692596
67.01219260692596
68.01219260692596
69.01219260692596
70.01219260692596
45.485281229019165
45.071067690849304
44.65685415267944
44.24264061450958
43.82842707633972
43.41421353816986
43.0
43.0
43.0
43.0
43.0
43.0
43.0
43.0
43.0
43.0
43.0
43.0
43.0
43.0
43.0
43.0
43.0
43.0
43.0
43.0
43.0
43.0
43.0
43.0
43.0
43.0
43.0
43.0
43.0
43.0
43.0
43.0
43.0
43.0
43.0
43.0
43.0
43.0
43.0
43.0
43.0
43.0
43.0
43.0
43.0
43.41421353816986
43.82842707633972
44.24264061450958
44.65685415267944
45.071067690849304
45.485281229019165
45.899494767189026
46.31370830535889
46.72792184352875
47.14213538169861
47.55634891986847
47.97056245803833
48.38477599620819
48.79898953437805
49.21320307254791
49.62741661071777
50.041630148887634
50.455843687057495
50.870057225227356
51.28427076339722
51.69848430156708
52.11269783973694
52.5269113779068
52.94112491607666
53.35533845424652
53.76955199241638
54.18376553058624
53.91581633815512
54.5979790687561
55.5979790687561
56.5979790687561
57.5979790687561
58.5979790687561
59.5979790687561
60.5979790687561
61.5979790687561
62.5979790687561
63.5979790687561
64.5979790687561
65.5979790687561
66.5979790687561
67.5979790687561
68.5979790687561
69.5979790687561
44.899494767189026
44.485281229019165
44.071067690849304
43.65685415267944
43.24264061450958
42.82842707633972
42.41421353816986
42.0
42.0
42.0
42.0
42.0
42.0
42.0
42.0
42.0
42.0
42.0
42.0
42.0
42.0
42.0
42.0
42.0
42.0
42.0
42.0
42.0
42.82842707633972
42.41421353816986
42.0
42.0
42.0
42.0
42.0
42.0
42.0
42.0
42.0
42.0
42.0
42.0
42.0
42.0
42.0
42.0
42.0
42.0
42.0
42.0
42.0
42.0
42.0
42.0
42.0
42.0
42.0
42.41421353816986
42.82842707633972
43.24264061450958
43.65685415267944
44.071067690849304
44.485281229019165
44.899494767189026
45.31370830535889
45.72792184352875
46.14213538169861
46.55634891986847
46.97056245803833
47.38477599620819
47.79898953437805
48.21320307254791
48.62741661071777
49.041630148887634
49.455843687057495
49.870057225227356
50.28427076339722
50.69848430156708
51.11269783973694
51.5269113779068
51.94112491607666
52.35533845424652
52.76955199241638
53.18376553058624
53.18376553058624
54.18376553058624
55.18376553058624
56.18376553058624
57.18376553058624
58.18376553058624
59.18376553058624
60.18376553058624
61.18376553058624
62.18376553058624
63.18376553058624
64.18376553058624
65.18376553058624
66.18376553058624
43.899494767189026
43.485281229019165
43.071067690849304
42.65685415267944
42.24264061450958
41.82842707633972
41.41421353816986
41.0
41.0
41.0
41.0
41.0
41.0
41.0
41.0
41.0
41.0
41.0
41.0
41.0
41.0
41.0
41.0
41.0
41.0
41.0
41.0
41.0
42.24264061450958
41.82842707633972
41.41421353816986
41.0
41.0
41.0
41.0
41.0
41.0
41.0
41.0
41.0
41.0
41.0
41.0
41.0
41.0
41.0
41.0
41.0
41.0
41.0
41.0
41.0
41.0
41.0
41.0
41.0
41.0
41.0
41.0
41.0
41.41421353816986
41.82842707633972
42.24264061450958
42.65685415267944
43.071067690849304
43.485281229019165
43.899494767189026
44.31370830535889
44.72792184352875
45.14213538169861
45.55634891986847
45.97056245803833
46.38477599620819
46.79898953437805
47.21320307254791
47.62741661071777
48.041630148887634
48.455843687057495
48.870057225227356
49.28427076339722
49.69848430156708
50.11269783973694
50.5269113779068
50.94112491607666
51.35533845424652
51.76955199241638
52.18376553058624
52.76955199241638
53.76955199241638
54.76955199241638
55.76955199241638
56.76955199241638
57.76955199241638
58.76955199241638
59.76955199241638
60.76955199241638
61.76955199241638
62.76955199241638
63.76955199241638
64.76955199241638
43.31370830535889
42.899494767189026
42.485281229019165
42.071067690849304
41.65685415267944
41.24264061450958
40.82842707633972
40.41421353816986
40.0
40.0
40.0
40.0
40.0
40.0
40.0
40.0
40.0
40.0
40.0
40.0
40.0
40.0
40.0
40.0
40.0
40.0
40.0
40.0
40.0
40.0
41.24264061450958
40.82842707633972
40.41421353816986
40.0
40.0
40.0
40.0
40.0
40.0
40.0
40.0
40.0
40.0
40.0
40.0
40.0
40.0
40.0
40.0
40.0
40.0
40.0
40.0
40.0
40.0
40.0
40.0
40.0
40.0
40.0
40.0
40.0
40.0
40.0
40.0
40.0
40.41421353816986
40.82842707633972
41.24264061450958
41.65685415267944
42.071067690849304
42.485281229019165
42.899494767189026
43.31370830535889
43.72792184352875
44.14213538169861
44.55634891986847
44.97056245803833
45.38477599620819
45.79898953437805
46.21320307254791
46.62741661071777
47.041630148887634
47.455843687057495
47.870057225227356
48.28427076339722
48.69848430156708
49.11269783973694
49.5269113779068
49.94112491607666
50.35533845424652
50.76955199241638
51.76955199241638
52.35533845424652
53.35533845424652
54.35533845424652
55.35533845424652
56.35533845424652
57.35533845424652
58.35533845424652
59.35533845424652
60.35533845424652
61.35533845424652
42.31370830535889
41.899494767189026
41.485281229019165
41.071067690849304
40.65685415267944
40.24264061450958
39.82842707633972
39.41421353816986
39.0
39.0
39.0
39.0
39.0
39.0
39.0
39.0
39.0
39.0
39.0
39.0
39.0
39.0
39.0
39.0
39.0
39.0
39.0
39.0
39.0
39.0
39.0
40.65685415267944
40.24264061450958
39.82842707633972
39.41421353816986
39.0
39.0
39.0
39.0
39.0
39.0
39.0
39.0
39.0
39.0
39.0
39.0
39.0
39.0
39.0
39.0
39.0
39.0
39.0
39.0
39.0
39.0
39.0
39.0
39.0
39.0
39.0
39.0
39.0
39.0
39.0
39.0
39.0
39.0
39.41421353816986
39.82842707633972
40.24264061450958
40.65685415267944
41.071067690849304
41.485281229019165
41.899494767189026
42.31370830535889
42.72792184352875
43.14213538169861
43.55634891986847
43.97056245803833
44.38477599620819
44.79898953437805
45.21320307254791
45.62741661071777
46.041630148887634
46.455843687057495
46.870057225227356
47.28427076339722
47.69848430156708
48.11269783973694
48.5269113779068
48.94112491607666
49.35533845424652
50.35533845424652
51.35533845424652
51.94112491607666
52.94112491607666
53.94112491607666
54.94112491607666
55.94112491607666
41.31370830535889
40.899494767189026
40.485281229019165
40.071067690849304
39.65685415267944
39.24264061450958
38.82842707633972
38.41421353816986
38.0
38.0
38.0
38.0
38.0
38.0
38.0
38.0
38.0
38.0
38.0
38.0
38.0
38.0
38.0
38.0
38.0
38.0
38.0
38.0
38.0
38.0
38.0
39.65685415267944
39.24264061450958
38.82842707633972
38.41421353816986
38.0
38.0
38.0
38.0
38.0
38.0
38.0
38.0
38.0
38.0
38.0
38.0
38.0
38.0
38.0
38.0
38.0
38.0
38.0
38.0
38.0
38.0
38.0
38.0
38.41421353816986
38.0
38.0
38.0
38.0
38.0
38.0
38.0
38.0
38.0
38.0
38.0
38.41421353816986
38.82842707633972
39.24264061450958
39.65685415267944
40.071067690849304
40.485281229019165
40.899494767189026
41.31370830535889
41.72792184352875
42.14213538169861
42.55634891986847
42.97056245803833
43.38477599620819
43.79898953437805
44.21320307254791
44.62741661071777
45.041630148887634
45.455843687057495
45.870057225227356
46.28427076339722
46.69848430156708
47.11269783973694
47.5269113779068
47.94112491607666
48.94112491607666
49.94112491607666
50.94112491607666
51.5269113779068
52.5269113779068
53.5269113779068
54.5269113779068
55.5269113779068
40.31370830535889
39.899494767189026
39.485281229019165
39.071067690849304
38.65685415267944
38.24264061450958
37.82842707633972
37.41421353816986
37.0
37.0
37.0
37.0
37.0
37.0
37.0
37.0
37.0
37.0
37.0
37.0
37.0
37.0
37.0
37.0
37.0
37.0
37.0
37.0
37.0
37.0
37.0
38.65685415267944
38.24264061450958
37.82842707633972
37.41421353816986
37.0
37.0
37.0
37.0
37.0
37.0
37.0
37.0
37.0
37.0
37.0
37.0
37.0
37.0
37.0
37.0
37.0
37.0
37.0
37.0
37.0
37.0
37.0
37.0
37.41421353816986
37.0
37.0
37.0
37.0
37.0
37.0
37.0
37.0
37.0
37.0
37.0
37.41421353816986
37.82842707633972
38.24264061450958
38.65685415267944
39.071067690849304
39.485281229019165
39.899494767189026
40.31370830535889
40.72792184352875
41.14213538169861
41.55634891986847
41.97056245803833
42.38477599620819
42.79898953437805
43.21320307254791
43.62741661071777
44.041630148887634
44.455843687057495
44.870057225227356
45.28427076339722
45.69848430156708
46.11269783973694
46.5269113779068
47.5269113779068
48.5269113779068
49.5269113779068
50.5269113779068
39.31370830535889
38.899494767189026
38.485281229019165
38.071067690849304
37.65685415267944
37.24264061450958
36.82842707633972
36.41421353816986
36.0
36.0
36.0
36.0
36.0
36.0
36.0
36.0
36.0
36.0
36.0
36.0
36.0
36.0
36.0
36.0
36.0
36.0
36.0
36.0
36.0
36.0
36.0
36.0
36.0
36.82842707633972
36.41421353816986
36.0
37.65685415267944
37.24264061450958
36.82842707633972
36.41421353816986
36.0
36.0
36.0
36.0
36.0
36.0
36.0
36.0
36.0
36.0
36.0
36.0
36.0
36.0
36.0
36.0
36.0
36.0
36.0
36.0
36.0
36.0
36.0
36.0
36.41421353816986
36.0
36.0
36.0
36.0
36.0
36.0
36.0
36.0
36.0
36.0
36.0
36.41421353816986
36.82842707633972
37.24264061450958
37.65685415267944
38.071067690849304
38.485281229019165
38.899494767189026
39.31370830535889
39.72792184352875
40.14213538169861
40.55634891986847
40.97056245803833
41.38477599620819
41.79898953437805
42.21320307254791
42.62741661071777
43.041630148887634
43.455843687057495
43.870057225227356
44.28427076339722
44.69848430156708
45.11269783973694
46.11269783973694
47.11269783973694
48.11269783973694
49.11269783973694
50.11269783973694
35.0
35.0
35.0
35.0
35.0
35.0
35.0
35.0
35.0
38.31370830535889
37.899494767189026
37.485281229019165
37.071067690849304
36.65685415267944
36.24264061450958
35.82842707633972
35.41421353816986
35.0
35.0
35.0
35.0
35.0
35.0
35.0
35.0
35.0
35.0
35.0
35.0
35.0
35.0
35.0
35.0
35.0
35.0
35.0
35.0
35.0
35.0
35.0
35.0
35.0
37.071067690849304
36.65685415267944
36.24264061450958
35.82842707633972
35.41421353816986
35.0
35.0
35.0
35.0
35.0
37.485281229019165
37.071067690849304
36.65685415267944
36.24264061450958
35.82842707633972
35.41421353816986
35.0
35.0
35.0
35.0
35.0
35.0
35.0
35.0
35.0
35.0
35.0
35.0
35.0
35.0
35.0
35.0
35.0
35.0
35.0
35.0
35.0
35.0
35.0
35.0
35.41421353816986
35.0
35.0
35.0
35.0
35.0
35.0
35.0
35.0
35.0
35.0
35.0
35.0
35.0
35.41421353816986
35.82842707633972
36.24264061450958
36.65685415267944
37.071067690849304
37.485281229019165
37.899494767189026
38.31370830535889
38.72792184352875
39.14213538169861
39.55634891986847
39.97056245803833
40.38477599620819
40.79898953437805
41.21320307254791
41.62741661071777
42.041630148887634
42.455843687057495
42.870057225227356
43.28427076339722
43.69848430156708
44.69848430156708
45.69848430156708
46.69848430156708
47.69848430156708
48.69848430156708
49.69848430156708
34.0
34.0
34.0
34.0
34.0
34.0
34.0
34.0
34.0
34.0
34.0
34.0
34.0
34.0
34.0
34.0
34.0
34.0
34.0
34.0
34.0
37.31370830535889
36.899494767189026
36.485281229019165
36.071067690849304
35.65685415267944
35.24264061450958
34.82842707633972
34.41421353816986
34.0
34.0
34.0
34.0
34.0
34.0
34.0
34.0
34.0
34.0
34.0
34.0
34.0
34.0
34.0
34.0
34.0
34.0
34.0
34.0
34.0
34.0
34.0
34.0
34.0
34.0
36.899494767189026
36.485281229019165
36.071067690849304
35.65685415267944
35.24264061450958
34.82842707633972
34.41421353816986
34.0
34.0
34.0
34.0
34.0
34.0
36.485281229019165
36.071067690849304
35.65685415267944
35.24264061450958
34.82842707633972
34.41421353816986
34.0
34.0
34.0
34.0
34.0
34.0
34.0
34.0
34.0
34.0
34.0
34.0
34.0
34.0
34.0
34.0
34.0
34.0
34.0
34.0
34.0
34.0
34.0
34.0
34.41421353816986
34.0
34.0
34.0
34.0
34.0
34.0
34.0
34.0
34.0
34.0
34.0
34.0
34.0
34.0
34.41421353816986
34.82842707633972
35.24264061450958
35.65685415267944
36.071067690849304
36.485281229019165
36.899494767189026
37.31370830535889
37.72792184352875
38.14213538169861
38.55634891986847
38.97056245803833
39.38477599620819
39.79898953437805
40.21320307254791
40.62741661071777
41.041630148887634
41.455843687057495
41.870057225227356
42.28427076339722
43.28427076339722
44.28427076339722
45.28427076339722
46.28427076339722
47.28427076339722
48.28427076339722
49.28427076339722
33.0
33.0
33.0
33.0
33.0
33.0
33.0
33.0
33.0
33.0
33.0
33.0
33.0
33.0
33.0
33.0
33.0
33.0
33.0
33.0
33.0
33.0
33.0
33.0
33.0
33.0
33.0
33.0
33.0
33.0
33.0
36.31370830535889
35.899494767189026
35.485281229019165
35.071067690849304
34.65685415267944
34.24264061450958
33.82842707633972
33.41421353816986
33.0
33.0
33.0
33.0
33.0
33.0
33.0
33.0
33.0
33.0
33.0
33.0
33.0
33.0
33.0
33.0
33.0
33.0
33.0
33.0
33.0
33.0
33.0
33.0
33.0
33.0
36.31370830535889
35.899494767189026
35.485281229019165
35.071067690849304
34.65685415267944
34.24264061450958
33.82842707633972
33.41421353816986
33.0
33.0
33.0
33.0
33.0
33.0
33.0
33.0
33.0
35.485281229019165
35.071067690849304
34.65685415267944
34.24264061450958
33.82842707633972
33.41421353816986
33.0
33.0
33.0
33.0
33.0
33.0
33.0
33.0
33.0
33.0
33.0
33.0
33.0
33.0
33.0
33.0
33.0
33.0
33.0
33.0
33.0
33.0
33.0
33.0
33.41421353816986
33.82842707633972
33.0
33.0
33.0
33.0
33.0
33.0
33.0
33.0
33.0
33.0
33.0
33.0
33.0
33.0
33.41421353816986
33.82842707633972
34.24264061450958
34.65685415267944
35.071067690849304
35.485281229019165
35.899494767189026
36.31370830535889
36.72792184352875
37.14213538169861
37.55634891986847
37.97056245803833
38.38477599620819
38.79898953437805
39.21320307254791
39.62741661071777
40.041630148887634
40.455843687057495
40.870057225227356
41.870057225227356
42.870057225227356
43.870057225227356
44.870057225227356
45.870057225227356
46.870057225227356
47.870057225227356
48.870057225227356
32.0
32.0
32.0
32.0
32.0
32.0
32.0
32.0
32.0
32.0
32.0
32.0
32.0
32.0
32.0
32.0
32.0
32.0
32.0
32.0
32.0
32.0
32.0
32.0
32.0
32.0
32.0
32.0
32.0
32.0
32.0
32.0
32.0
32.0
32.0
32.0
32.0
35.31370830535889
34.899494767189026
34.485281229019165
34.071067690849304
33.65685415267944
33.24264061450958
32.82842707633972
32.41421353816986
32.0
32.0
32.0
32.0
32.0
32.0
32.0
32.0
32.0
32.0
32.0
32.0
32.0
32.0
32.0
32.0
32.0
32.0
32.0
32.0
32.0
32.0
32.0
32.0
32.0
32.0
32.0
35.72792184352875
35.31370830535889
34.899494767189026
34.485281229019165
34.071067690849304
33.65685415267944
33.24264061450958
32.82842707633972
32.41421353816986
32.0
32.0
32.0
32.0
32.0
32.0
32.0
32.0
32.0
32.0
34.485281229019165
34.071067690849304
33.65685415267944
33.24264061450958
32.82842707633972
32.41421353816986
32.0
32.0
32.0
32.0
32.0
32.0
32.0
32.0
32.0
32.0
32.0
32.0
32.0
32.0
32.0
32.0
32.0
32.0
32.0
32.0
32.0
32.0
32.0
32.0
32.41421353816986
32.82842707633972
32.0
32.0
32.0
32.0
32.0
32.0
32.0
32.0
32.0
32.0
32.0
32.0
32.0
32.0
32.0
32.41421353816986
32.82842707633972
33.24264061450958
33.65685415267944
34.071067690849304
34.485281229019165
34.899494767189026
35.31370830535889
35.72792184352875
36.14213538169861
36.55634891986847
36.97056245803833
37.38477599620819
37.79898953437805
38.21320307254791
38.62741661071777
39.041630148887634
39.455843687057495
40.455843687057495
41.455843687057495
42.455843687057495
43.455843687057495
44.455843687057495
45.455843687057495
46.455843687057495
47.455843687057495
48.455843687057495
31.0
31.0
31.0
31.0
31.0
31.0
31.0
31.0
31.0
31.0
31.0
31.0
31.0
31.0
31.0
31.0
31.0
31.0
31.0
31.0
31.0
31.0
31.0
31.0
31.0
31.0
31.0
31.0
31.0
31.0
31.0
31.0
31.0
31.0
31.0
31.0
31.0
31.0
31.0
31.0
34.31370830535889
33.899494767189026
33.485281229019165
33.071067690849304
32.65685415267944
32.24264061450958
31.82842707633972
31.41421353816986
31.0
31.0
31.0
31.0
31.0
31.0
31.0
31.0
31.0
31.0
31.0
31.0
31.0
31.0
31.0
31.0
31.0
31.0
31.0
31.0
31.0
31.0
31.0
31.0
31.0
31.0
31.0
34.72792184352875
34.31370830535889
33.899494767189026
33.485281229019165
33.071067690849304
32.65685415267944
32.24264061450958
31.82842707633972
31.41421353816986
31.0
31.0
31.0
31.0
31.0
31.0
31.0
31.0
31.0
31.0
31.0
33.485281229019165
33.071067690849304
32.65685415267944
32.24264061450958
31.82842707633972
31.41421353816986
31.0
31.0
31.0
31.0
31.0
31.0
31.0
31.0
31.0
31.0
31.0
31.0
31.0
31.0
31.0
31.0
31.0
31.0
31.0
31.0
31.0
31.0
31.0
31.0
31.41421353816986
31.82842707633972
31.0
31.0
31.0
31.0
31.0
31.0
31.0
31.0
31.0
31.0
31.0
31.0
31.0
31.0
31.0
31.41421353816986
31.82842707633972
32.24264061450958
32.65685415267944
33.071067690849304
33.485281229019165
33.899494767189026
34.31370830535889
34.72792184352875
35.14213538169861
35.55634891986847
35.97056245803833
36.38477599620819
36.79898953437805
37.21320307254791
37.62741661071777
38.041630148887634
39.041630148887634
40.041630148887634
41.041630148887634
42.041630148887634
43.041630148887634
44.041630148887634
45.041630148887634
46.041630148887634
47.041630148887634
48.041630148887634
30.0
30.0
30.0
30.0
30.0
30.0
30.0
30.0
30.0
30.0
30.0
30.0
30.0
30.0
30.0
30.0
30.0
30.0
30.0
30.0
30.0
30.0
30.0
30.0
30.0
30.0
30.0
30.0
30.0
30.0
30.0
30.0
30.0
30.0
30.0
30.0
30.0
30.0
30.0
30.0
30.0
30.0
30.0
30.0
32.899494767189026
32.485281229019165
32.071067690849304
31.656854152679443
31.242640614509583
30.82842707633972
30.41421353816986
30.0
30.0
30.0
30.0
30.0
30.0
30.0
30.0
30.0
30.0
30.0
30.0
30.0
30.0
30.0
30.0
30.0
30.0
30.0
30.0
30.0
30.0
30.0
30.0
30.0
30.0
30.0
33.72792184352875
33.31370830535889
32.899494767189026
32.485281229019165
32.071067690849304
31.656854152679443
31.242640614509583
30.82842707633972
30.41421353816986
30.0
30.0
30.0
30.0
30.0
30.0
30.0
30.0
30.0
30.0
30.0
32.485281229019165
32.071067690849304
31.656854152679443
31.242640614509583
30.82842707633972
30.41421353816986
30.0
30.0
30.0
30.0
30.0
30.0
30.0
30.0
30.0
30.0
30.0
30.0
30.0
30.0
30.0
30.0
30.0
30.0
30.0
30.0
30.0
30.0
30.0
30.0
30.41421353816986
30.82842707633972
30.0
30.0
30.0
30.0
30.0
30.0
30.0
30.0
30.0
30.0
30.0
30.0
30.0
30.0
30.0
30.41421353816986
30.82842707633972
31.242640614509583
31.656854152679443
32.071067690849304
32.485281229019165
32.899494767189026
33.31370830535889
33.72792184352875
34.14213538169861
34.55634891986847
34.97056245803833
35.38477599620819
35.79898953437805
36.21320307254791
36.62741661071777
37.62741661071777
38.62741661071777
39.62741661071777
40.62741661071777
41.62741661071777
42.62741661071777
43.62741661071777
44.62741661071777
45.62741661071777
46.62741661071777
47.62741661071777
29.0
29.0
29.0
29.0
29.0
29.0
29.0
29.0
29.0
29.0
29.0
29.0
29.0
29.0
29.0
29.0
29.0
29.0
29.0
29.0
29.0
29.0
29.0
29.0
29.0
29.0
29.0
29.0
29.0
29.0
29.0
29.0
29.0
29.0
29.0
29.0
29.0
29.0
29.0
29.0
29.0
29.0
29.0
29.0
31.899494767189026
31.485281229019165
31.071067690849304
30.656854152679443
30.242640614509583
29.82842707633972
29.41421353816986
29.0
29.0
29.0
29.0
29.0
29.0
29.0
29.0
29.0
29.0
29.0
29.0
29.0
29.0
29.0
29.0
29.0
29.0
29.0
29.0
29.0
29.0
29.0
29.0
29.0
29.0
29.0
32.72792184352875
32.31370830535889
31.899494767189026
31.485281229019165
31.071067690849304
30.656854152679443
30.242640614509583
29.82842707633972
29.41421353816986
29.0
29.0
29.0
29.0
29.0
29.0
29.0
29.0
29.0
29.0
29.0
31.485281229019165
31.071067690849304
30.656854152679443
30.242640614509583
29.82842707633972
29.41421353816986
29.0
29.0
29.0
29.0
29.0
29.0
29.0
29.0
29.0
29.0
29.0
29.0
29.0
29.0
29.0
29.0
29.0
29.0
29.0
29.0
29.0
29.0
29.0
29.0
29.41421353816986
29.82842707633972
29.0
29.0
29.0
29.0
29.0
29.0
29.0
29.0
29.0
29.0
29.0
29.0
29.0
29.0
29.0
29.41421353816986
29.82842707633972
30.242640614509583
30.656854152679443
31.071067690849304
31.485281229019165
31.899494767189026
32.31370830535889
32.72792184352875
33.14213538169861
33.55634891986847
33.97056245803833
34.38477599620819
34.79898953437805
35.21320307254791
36.21320307254791
37.21320307254791
38.21320307254791
39.21320307254791
40.21320307254791
41.21320307254791
42.21320307254791
43.21320307254791
44.21320307254791
45.21320307254791
46.21320307254791
47.21320307254791
28.0
28.0
28.0
28.0
28.0
28.0
28.0
28.0
28.0
28.0
28.0
28.0
28.0
28.0
28.0
28.0
28.0
28.0
28.0
28.0
28.0
28.0
28.0
28.0
28.0
28.0
28.0
28.0
28.0
28.0
28.0
28.0
28.0
28.0
28.0
28.0
28.0
28.0
28.0
28.0
28.0
28.0
28.0
28.0
28.0
28.0
28.0
28.0
28.0
30.899494767189026
30.485281229019165
30.071067690849304
29.656854152679443
29.242640614509583
28.82842707633972
28.41421353816986
28.0
28.0
28.0
28.0
28.0
28.0
28.0
28.0
28.0
28.0
28.0
28.0
28.0
28.0
28.0
28.0
28.0
28.0
28.0
28.0
28.0
28.0
28.0
28.0
28.0
28.0
28.0
31.727921843528748
31.313708305358887
30.899494767189026
30.485281229019165
30.071067690849304
29.656854152679443
29.242640614509583
28.82842707633972
28.41421353816986
28.0
28.0
28.0
28.0
28.0
28.0
28.0
28.0
28.0
28.0
28.0
28.0
28.0
31.071067690849304
30.071067690849304
29.656854152679443
29.242640614509583
28.82842707633972
28.41421353816986
28.0
28.0
28.0
28.0
28.0
28.0
28.0
28.0
28.0
28.0
28.0
28.0
28.0
28.0
28.0
28.0
28.0
28.0
28.0
28.0
28.0
28.0
28.0
28.0
28.41421353816986
28.82842707633972
28.0
28.0
28.0
28.0
28.0
28.0
28.0
28.0
28.0
28.0
28.0
28.0
28.0
28.0
28.0
28.0
28.41421353816986
28.82842707633972
29.242640614509583
29.656854152679443
30.071067690849304
30.485281229019165
30.899494767189026
31.313708305358887
31.727921843528748
32.14213538169861
32.55634891986847
32.97056245803833
33.38477599620819
33.79898953437805
34.79898953437805
35.79898953437805
36.79898953437805
37.79898953437805
38.79898953437805
39.79898953437805
40.79898953437805
41.79898953437805
42.79898953437805
43.79898953437805
44.79898953437805
45.79898953437805
46.79898953437805
27.0
27.0
27.0
27.0
27.0
27.0
27.0
27.0
27.0
27.0
27.0
27.0
27.0
27.0
27.0
27.0
27.0
27.0
27.0
27.0
27.0
27.0
27.0
27.0
27.0
27.0
27.0
27.0
27.0
27.0
27.0
27.0
27.0
27.0
27.0
27.0
27.0
27.0
27.0
27.0
27.0
27.0
27.0
27.0
27.0
27.0
27.0
27.0
27.0
27.0
27.0
29.899494767189026
29.485281229019165
29.071067690849304
28.656854152679443
28.242640614509583
27.82842707633972
27.41421353816986
27.0
27.0
27.0
27.0
27.0
27.0
27.0
27.0
27.0
27.0
27.0
27.0
27.0
27.0
27.0
27.0
27.0
27.0
27.0
27.0
27.0
27.0
27.0
27.0
27.0
27.0
27.0
27.0
27.0
30.727921843528748
30.313708305358887
29.899494767189026
29.485281229019165
29.071067690849304
28.656854152679443
28.242640614509583
27.82842707633972
27.41421353816986
27.0
27.0
27.0
27.0
27.0
27.0
27.0
27.0
27.0
27.0
27.0
27.0
27.0
27.0
28.656854152679443
28.242640614509583
27.82842707633972
27.41421353816986
27.0
27.0
27.0
27.0
27.0
27.0
27.0
27.0
27.0
27.0
27.0
27.0
27.0
27.0
27.0
27.0
27.0
27.0
27.0
27.0
27.0
27.0
27.0
27.0
27.41421353816986
27.82842707633972
27.0
27.0
27.0
27.0
27.0
27.0
27.0
27.0
27.0
27.0
27.0
27.0
27.0
27.0
27.0
27.0
27.41421353816986
27.82842707633972
28.242640614509583
28.656854152679443
29.071067690849304
29.485281229019165
29.899494767189026
30.313708305358887
30.727921843528748
31.14213538169861
31.55634891986847
31.97056245803833
32.38477599620819
33.38477599620819
34.38477599620819
35.38477599620819
36.38477599620819
37.38477599620819
38.38477599620819
39.38477599620819
40.38477599620819
26.0
26.0
26.0
26.0
26.0
26.0
26.0
26.0
26.0
26.0
26.0
26.0
26.0
26.0
26.0
26.0
26.0
26.0
26.0
26.0
26.0
26.0
26.0
26.0
26.0
26.0
26.0
26.0
26.0
26.0
26.0
26.0
26.0
26.0
26.0
26.0
26.0
26.0
26.0
26.0
26.0
26.0
26.0
26.0
26.0
26.0
26.0
26.0
26.0
26.0
26.0
26.0
26.41421353816986
26.82842707633972
28.485281229019165
28.071067690849304
27.656854152679443
27.242640614509583
26.82842707633972
26.41421353816986
26.0
26.0
26.0
26.0
26.0
26.0
26.0
26.0
26.0
26.0
26.0
26.0
26.0
26.0
26.0
26.0
26.0
26.0
26.0
26.0
26.0
26.0
26.0
26.0
26.0
26.0
26.0
26.0
26.0
29.727921843528748
29.313708305358887
28.899494767189026
28.485281229019165
28.071067690849304
27.656854152679443
27.242640614509583
26.82842707633972
26.41421353816986
26.0
26.0
26.0
26.0
26.0
26.0
26.0
26.0
26.0
26.0
26.0
26.0
26.0
26.0
26.0
27.656854152679443
27.242640614509583
26.82842707633972
26.41421353816986
26.0
26.0
26.0
26.0
26.0
26.0
26.0
26.0
26.0
26.0
26.0
26.0
26.0
26.0
26.0
26.0
26.0
26.0
26.0
26.0
26.0
26.0
26.0
26.0
26.41421353816986
26.82842707633972
26.0
26.0
26.0
26.0
26.0
26.0
26.0
26.0
26.0
26.0
26.0
26.0
26.0
26.0
26.0
26.0
26.41421353816986
26.82842707633972
27.242640614509583
27.656854152679443
28.071067690849304
28.485281229019165
28.899494767189026
29.313708305358887
29.727921843528748
30.14213538169861
30.55634891986847
30.97056245803833
31.97056245803833
32.97056245803833
33.97056245803833
34.97056245803833
35.97056245803833
25.0
25.0
25.0
25.0
25.0
25.0
25.0
25.0
25.0
25.0
25.0
25.0
25.0
25.0
25.0
25.0
25.0
25.0
25.0
25.0
25.0
25.0
25.0
25.0
25.0
25.0
25.0
25.0
25.0
25.0
25.0
25.0
25.0
25.0
25.0
25.0
25.0
25.0
25.0
25.0
25.0
25.0
25.0
25.0
25.0
25.0
25.0
25.0
25.0
25.0
25.0
25.0
25.0
25.0
25.0
25.0
25.41421353816986
25.82842707633972
27.485281229019165
27.071067690849304
26.656854152679443
26.242640614509583
25.82842707633972
25.41421353816986
25.0
25.0
25.0
25.0
25.0
25.0
25.0
25.0
25.0
25.0
25.0
25.0
25.0
25.0
25.0
25.0
25.0
25.0
25.0
25.0
25.0
25.0
25.0
25.0
25.0
25.0
25.0
25.0
25.0
28.727921843528748
28.313708305358887
27.899494767189026
27.485281229019165
27.071067690849304
26.656854152679443
26.242640614509583
25.82842707633972
25.41421353816986
25.0
25.0
25.0
25.0
25.0
25.0
25.0
25.0
25.0
25.0
25.0
25.0
25.0
25.0
25.0
26.656854152679443
26.242640614509583
25.82842707633972
25.41421353816986
25.0
25.0
25.0
25.0
25.0
25.0
25.0
25.0
25.0
25.0
25.0
25.0
25.0
25.0
25.0
25.0
25.0
25.0
25.0
25.0
25.0
25.0
25.0
25.0
25.41421353816986
25.82842707633972
25.0
25.0
25.0
25.0
25.0
25.0
25.0
25.0
25.0
25.0
25.0
25.0
25.0
25.0
25.0
25.0
25.41421353816986
25.82842707633972
26.242640614509583
26.656854152679443
27.071067690849304
27.485281229019165
27.899494767189026
28.313708305358887
28.727921843528748
29.14213538169861
29.55634891986847
30.55634891986847
31.55634891986847
32.55634891986847
24.0
24.0
24.0
24.0
24.0
24.0
24.0
24.0
24.0
24.0
24.0
24.0
24.0
24.0
24.0
24.0
24.0
24.0
24.0
24.0
24.0
24.0
24.0
24.0
24.0
24.0
24.0
24.0
24.0
24.0
24.0
24.0
24.0
24.0
24.0
24.0
24.0
24.0
24.0
24.0
24.0
24.0
24.0
24.0
24.0
24.0
24.0
24.0
24.0
24.0
24.0
24.0
24.0
24.0
24.0
24.0
24.41421353816986
24.82842707633972
26.071067690849304
25.656854152679443
25.242640614509583
24.82842707633972
24.41421353816986
24.0
24.0
24.0
24.0
24.0
24.0
24.0
24.0
24.0
24.0
24.0
24.0
24.0
24.0
24.0
24.0
24.0
24.0
24.0
24.0
24.0
24.0
24.0
24.0
24.0
24.0
24.0
24.0
24.0
27.313708305358887
26.899494767189026
26.485281229019165
26.071067690849304
25.656854152679443
25.242640614509583
24.82842707633972
24.41421353816986
24.0
24.0
24.0
24.0
24.0
24.0
24.0
24.0
24.0
24.0
24.0
24.0
24.0
24.0
24.0
24.0
25.656854152679443
25.242640614509583
24.82842707633972
24.41421353816986
24.0
24.0
24.0
24.0
24.0
24.0
24.0
24.0
24.0
24.0
24.0
24.0
24.0
24.0
24.0
24.0
24.0
24.0
24.0
24.0
24.0
24.0
24.0
24.0
24.41421353816986
24.0
24.0
24.0
24.0
24.0
24.0
24.0
24.0
24.0
24.0
24.0
24.0
24.0
24.0
24.0
24.0
24.41421353816986
24.82842707633972
25.242640614509583
25.656854152679443
26.071067690849304
26.485281229019165
26.899494767189026
27.313708305358887
27.727921843528748
28.14213538169861
29.14213538169861
30.14213538169861
23.0
23.0
23.0
23.0
23.0
23.0
23.0
23.0
23.0
23.0
23.0
23.0
23.0
23.0
23.0
23.0
23.0
23.0
23.0
23.0
23.0
23.0
23.0
23.0
23.0
23.0
23.0
23.0
23.0
23.0
23.0
23.0
23.0
23.0
23.0
23.0
23.0
23.0
23.0
23.0
23.0
23.0
23.0
23.0
23.0
23.0
23.0
23.0
23.0
23.0
23.0
23.0
23.0
23.0
23.0
23.0
23.0
23.0
23.0
23.0
23.41421353816986
23.82842707633972
25.071067690849304
24.656854152679443
24.242640614509583
23.82842707633972
23.41421353816986
23.0
23.0
23.0
23.0
23.0
23.0
23.0
23.0
23.0
23.0
23.0
23.0
23.0
23.0
23.0
23.0
23.0
23.0
23.0
23.0
23.0
23.0
23.0
23.0
23.0
23.0
23.0
23.0
23.0
26.313708305358887
25.899494767189026
25.485281229019165
25.071067690849304
24.656854152679443
24.242640614509583
23.82842707633972
23.41421353816986
23.0
23.0
23.0
23.0
23.0
23.0
23.0
23.0
23.0
23.0
23.0
23.0
23.0
23.0
23.0
23.0
23.0
23.0
24.242640614509583
23.82842707633972
23.41421353816986
23.0
23.0
23.0
23.0
23.0
23.0
23.0
23.0
23.0
23.0
23.0
23.0
23.0
23.0
23.0
23.0
23.0
23.0
23.0
23.0
23.0
23.0
23.0
23.0
23.41421353816986
23.0
23.0
23.0
23.0
23.0
23.0
23.0
23.0
23.0
23.0
23.0
23.0
23.0
23.0
23.0
23.0
23.0
23.0
23.41421353816986
23.82842707633972
24.242640614509583
24.656854152679443
25.071067690849304
25.485281229019165
25.899494767189026
26.313708305358887
26.727921843528748
27.727921843528748
22.0
22.0
22.0
22.0
22.0
22.0
22.0
22.0
22.0
22.0
22.0
22.0
22.0
22.0
22.0
22.0
22.0
22.0
22.0
22.0
22.0
22.0
22.0
22.0
22.0
22.0
22.0
22.0
22.0
22.0
22.0
22.0
22.0
22.0
22.0
22.0
22.0
22.0
22.0
22.0
22.0
22.0
22.0
22.0
22.0
22.0
22.0
22.0
22.0
22.0
22.0
22.0
22.0
22.0
22.0
22.0
22.0
22.0
22.0
22.0
22.41421353816986
22.82842707633972
24.656854152679443
23.656854152679443
23.242640614509583
22.82842707633972
22.41421353816986
22.0
22.0
22.0
22.0
22.0
22.0
22.0
22.0
22.0
22.0
22.0
22.0
22.0
22.0
22.0
22.0
22.0
22.0
22.0
22.0
22.0
22.0
22.0
22.0
22.0
22.0
22.0
22.0
22.0
24.899494767189026
24.485281229019165
24.071067690849304
23.656854152679443
23.242640614509583
22.82842707633972
22.41421353816986
22.0
22.0
22.0
22.0
22.0
22.0
22.0
22.0
22.0
22.0
22.0
22.0
22.0
22.0
22.0
22.0
22.0
22.0
23.242640614509583
22.82842707633972
22.41421353816986
22.0
22.0
22.0
22.0
22.0
22.0
22.0
22.0
22.0
22.0
22.0
22.0
22.0
22.0
22.0
22.0
22.0
22.0
22.0
22.0
22.0
22.0
22.0
22.0
22.41421353816986
22.0
22.0
22.0
22.0
22.0
22.0
22.0
22.0
22.0
22.0
22.0
22.0
22.0
22.0
22.0
22.0
22.0
22.0
22.41421353816986
22.82842707633972
23.242640614509583
23.656854152679443
24.071067690849304
24.485281229019165
24.899494767189026
25.313708305358887
21.0
21.0
21.0
21.0
21.0
21.0
21.0
21.0
21.0
21.0
21.0
21.0
21.0
21.0
21.0
21.0
21.0
21.0
21.0
21.0
21.0
21.0
21.0
21.0
21.0
21.0
21.0
21.0
21.0
21.0
21.0
21.0
21.0
21.0
21.0
21.0
21.0
21.0
21.0
21.0
21.0
21.0
21.0
21.0
21.0
21.0
21.0
21.0
21.0
21.0
21.0
21.0
21.0
21.0
21.0
21.0
21.0
21.0
21.0
21.0
21.0
21.41421353816986
21.82842707633972
22.242640614509583
21.82842707633972
21.41421353816986
21.0
21.0
21.0
21.0
21.0
21.0
21.0
21.0
21.0
21.0
21.0
21.0
21.0
21.0
21.0
21.0
21.0
21.0
21.0
21.0
21.0
21.0
21.0
21.0
21.0
21.0
21.0
21.0
21.0
23.899494767189026
23.485281229019165
23.071067690849304
22.656854152679443
22.242640614509583
21.82842707633972
21.41421353816986
21.0
21.0
21.0
21.0
21.0
21.0
21.0
21.0
21.0
21.0
21.0
21.0
21.0
21.0
21.0
21.0
21.0
21.0
21.0
22.242640614509583
21.82842707633972
21.41421353816986
21.0
21.0
21.0
21.0
21.0
21.0
21.0
21.0
21.0
21.0
21.0
21.0
21.0
21.0
21.0
21.0
21.0
21.0
21.0
21.0
21.0
21.0
21.0
21.0
21.41421353816986
21.0
21.0
21.0
21.0
21.0
21.0
21.0
21.0
21.0
21.0
21.0
21.0
21.0
21.0
21.0
21.0
21.0
21.0
21.41421353816986
21.82842707633972
22.242640614509583
22.656854152679443
23.071067690849304
23.485281229019165
23.899494767189026
20.0
20.0
20.0
20.0
20.0
20.0
20.0
20.0
20.0
20.0
20.0
20.0
20.0
20.0
20.0
20.0
20.0
20.0
20.0
20.0
20.0
20.0
20.0
20.0
20.0
20.0
20.0
20.0
20.0
20.0
20.0
20.0
20.0
20.0
20.0
20.0
20.0
20.0
20.0
20.0
20.0
20.0
20.0
20.0
20.0
20.0
20.0
20.0
20.0
20.0
20.0
20.0
20.0
20.0
20.0
20.0
20.0
20.0
20.0
20.0
20.0
20.41421353816986
20.82842707633972
21.242640614509583
20.82842707633972
20.41421353816986
20.0
20.0
20.0
20.0
20.0
20.0
20.0
20.0
20.0
20.0
20.0
20.0
20.0
20.0
20.0
20.0
20.0
20.0
20.0
20.0
20.0
20.0
20.0
20.0
20.0
20.0
20.0
20.0
20.0
23.485281229019165
22.485281229019165
22.071067690849304
21.656854152679443
21.242640614509583
20.82842707633972
20.41421353816986
20.0
20.0
20.0
20.0
20.0
20.0
20.0
20.0
20.0
20.0
20.0
20.0
20.0
20.0
20.0
20.0
20.0
20.0
20.0
21.242640614509583
20.82842707633972
20.41421353816986
20.0
20.0
20.0
20.0
20.0
20.0
20.0
20.0
20.0
20.0
20.0
20.0
20.0
20.0
20.0
20.0
20.0
20.0
20.0
20.0
20.0
20.0
20.0
20.0
20.41421353816986
20.0
20.0
20.0
20.0
20.0
20.0
20.0
20.0
20.0
20.0
20.0
20.0
20.0
20.0
20.0
20.0
20.0
20.0
20.41421353816986
20.82842707633972
21.242640614509583
21.656854152679443
22.071067690849304
22.485281229019165
23.485281229019165
19.0
19.0
19.0
19.0
19.0
19.0
19.0
19.0
19.0
19.0
19.0
19.0
19.0
19.0
19.0
19.0
19.0
19.0
19.0
19.0
19.0
19.0
19.0
19.0
19.0
19.0
19.0
19.0
19.0
19.0
19.0
19.0
19.0
19.0
19.0
19.0
19.0
19.0
19.0
19.0
19.0
19.0
19.0
19.0
19.0
19.0
19.0
19.0
19.0
19.0
19.0
19.0
19.0
19.0
19.0
19.0
19.0
19.0
19.0
19.0
19.0
19.0
19.0
19.0
19.0
19.0
19.0
19.0
19.0
19.0
19.0
19.0
19.0
19.0
19.0
19.0
19.0
19.0
19.0
19.41421353816986
19.82842707633972
20.242640614509583
19.82842707633972
19.41421353816986
19.0
19.0
19.0
19.0
19.0
19.0
19.0
19.0
19.0
19.0
19.0
19.0
19.0
19.0
19.0
19.0
19.0
19.0
19.0
19.0
19.0
19.0
19.0
19.0
19.0
19.0
19.0
19.0
19.0
21.071067690849304
20.656854152679443
20.242640614509583
19.82842707633972
19.41421353816986
19.0
19.0
19.0
19.0
19.0
19.0
19.0
19.0
19.0
19.0
19.0
19.0
19.0
19.0
19.0
19.0
19.0
19.0
19.0
20.242640614509583
19.82842707633972
19.41421353816986
19.0
19.0
19.0
19.0
19.0
19.0
19.0
19.0
19.0
19.0
19.0
19.0
19.0
19.0
19.0
19.0
19.0
19.0
19.0
19.0
19.0
19.0
19.0
19.0
19.41421353816986
19.0
19.0
19.0
19.0
19.0
19.0
19.0
19.0
19.0
19.0
19.0
19.0
19.0
19.0
19.0
19.0
19.0
19.0
19.41421353816986
19.82842707633972
20.242640614509583
20.656854152679443
21.071067690849304
18.0
18.0
18.0
18.0
18.0
18.0
18.0
18.0
18.0
18.0
18.0
18.0
18.0
18.0
18.0
18.0
18.0
18.0
18.0
18.0
18.0
18.0
18.0
18.0
18.0
18.0
18.0
18.0
18.0
18.0
18.0
18.0
18.0
18.0
18.0
18.0
18.0
18.0
18.0
18.0
18.0
18.0
18.0
18.0
18.0
18.0
18.0
18.0
18.0
18.0
18.0
18.0
18.0
18.0
18.0
18.0
18.0
18.0
18.0
18.0
18.0
18.0
18.0
18.0
18.0
18.0
18.0
18.0
18.0
18.0
18.0
18.0
18.0
18.0
18.0
18.0
18.0
18.0
18.0
18.0
18.0
18.0
18.0
18.0
18.0
18.0
18.0
18.0
18.41421353816986
18.82842707633972
18.82842707633972
18.41421353816986
18.0
18.0
18.0
18.0
18.0
18.0
18.0
18.0
18.0
18.0
18.0
18.0
18.0
18.0
18.0
18.0
18.0
18.0
18.0
18.0
18.0
18.0
18.0
18.0
18.0
18.0
18.0
18.0
18.0
20.071067690849304
19.656854152679443
19.242640614509583
18.82842707633972
18.41421353816986
18.0
18.0
18.0
18.0
18.0
18.0
18.0
18.0
18.0
18.0
18.0
18.0
18.0
18.0
18.0
18.0
18.0
18.0
18.0
18.0
18.82842707633972
18.41421353816986
18.0
18.0
18.0
18.0
18.0
18.0
18.0
18.0
18.0
18.0
18.0
18.0
18.0
18.0
18.0
18.0
18.0
18.0
18.0
18.0
18.0
18.0
18.0
18.0
18.41421353816986
18.0
18.0
18.0
18.0
18.0
18.0
18.0
18.0
18.0
18.0
18.0
18.0
18.0
18.0
18.0
18.0
18.0
18.0
18.41421353816986
18.82842707633972
19.242640614509583
19.656854152679443
20.071067690849304
17.0
17.0
17.0
17.0
17.0
17.0
17.0
17.0
17.0
17.0
17.0
17.0
17.0
17.0
17.0
17.0
17.0
17.0
17.0
17.0
17.0
17.0
17.0
17.0
17.0
17.0
17.0
17.0
17.0
17.0
17.0
17.0
17.0
17.0
17.0
17.0
17.0
17.0
17.0
17.0
17.0
17.0
17.0
17.0
17.0
17.0
17.0
17.0
17.0
17.0
17.0
17.0
17.0
17.0
17.0
17.0
17.0
17.0
17.0
17.0
17.0
17.0
17.0
17.0
17.0
17.0
17.0
17.0
17.0
17.0
17.0
17.0
17.0
17.0
17.0
17.0
17.0
17.0
17.0
17.0
17.0
17.0
17.0
17.0
17.0
17.0
17.0
17.0
17.0
17.0
17.0
17.0
17.0
17.0
17.0
17.0
17.0
17.41421353816986
17.82842707633972
17.82842707633972
17.41421353816986
17.0
17.0
17.0
17.0
17.0
17.0
17.0
17.0
17.0
17.0
17.0
17.0
17.0
17.0
17.0
17.0
17.0
17.0
17.0
17.0
17.0
17.0
17.0
17.0
17.0
17.0
17.0
17.0
17.0
18.656854152679443
18.242640614509583
17.82842707633972
17.41421353816986
17.0
17.0
17.0
17.0
17.0
17.0
17.0
17.0
17.0
17.0
17.0
17.0
17.0
17.0
17.0
17.0
17.0
17.0
17.0
17.0
17.0
17.82842707633972
17.41421353816986
17.0
17.0
17.0
17.0
17.0
17.0
17.0
17.0
17.0
17.0
17.0
17.0
17.0
17.0
17.0
17.0
17.0
17.0
17.0
17.0
17.0
17.0
17.0
17.0
17.41421353816986
17.0
17.0
17.0
17.0
17.0
17.0
17.0
17.0
17.0
17.0
17.0
17.0
17.0
17.0
17.0
17.0
17.0
17.0
17.41421353816986
17.82842707633972
18.242640614509583
18.656854152679443
16.0
16.0
16.0
16.0
16.0
16.0
16.0
16.0
16.0
16.0
16.0
16.0
16.0
16.0
16.0
16.0
16.0
16.0
16.0
16.0
16.0
16.0
16.0
16.0
16.0
16.0
16.0
16.0
16.0
16.0
16.0
16.0
16.0
16.0
16.0
16.0
16.0
16.0
16.0
16.0
16.0
16.0
16.0
16.0
16.0
16.0
16.0
16.0
16.0
16.0
16.0
16.0
16.0
16.0
16.0
16.0
16.0
16.0
16.0
16.0
16.0
16.0
16.0
16.0
16.0
16.0
16.0
16.0
16.0
16.0
16.0
16.0
16.0
16.0
16.0
16.0
16.0
16.0
16.0
16.0
16.0
16.0
16.0
16.0
16.0
16.0
16.0
16.0
16.0
16.0
16.0
16.0
16.0
16.0
16.0
16.0
16.0
16.0
16.0
16.0
16.0
16.0
16.0
16.0
16.0
16.0
16.0
16.41421353816986
16.82842707633972
16.82842707633972
16.41421353816986
16.0
16.0
16.0
16.0
16.0
16.0
16.0
16.0
16.0
16.0
16.0
16.0
16.0
16.0
16.0
16.0
16.0
16.0
16.0
16.0
16.0
16.0
16.0
16.0
16.0
16.0
16.0
16.0
16.0
17.656854152679443
17.242640614509583
16.82842707633972
16.41421353816986
16.0
16.0
16.0
16.0
16.0
16.0
16.0
16.0
16.0
16.0
16.0
16.0
16.0
16.0
16.0
16.0
16.0
16.0
16.0
16.0
16.0
16.82842707633972
16.41421353816986
16.0
16.0
16.0
16.0
16.0
16.0
16.0
16.0
16.0
16.0
16.0
16.0
16.0
16.0
16.0
16.0
16.0
16.0
16.0
16.0
16.0
16.0
16.0
16.0
16.41421353816986
16.0
16.0
16.0
16.0
16.0
16.0
16.0
16.0
16.0
16.0
16.0
16.0
16.0
16.0
16.0
16.0
16.0
16.0
16.41421353816986
16.82842707633972
17.242640614509583
17.656854152679443
15.0
15.0
15.0
15.0
15.0
15.0
15.0
15.0
15.0
15.0
15.0
15.0
15.0
15.0
15.0
15.0
15.0
15.0
15.0
15.0
15.0
15.0
15.0
15.0
15.0
15.0
15.0
15.0
15.0
15.0
15.0
15.0
15.0
15.0
15.0
15.0
15.0
15.0
15.0
15.0
15.0
15.0
15.0
15.0
15.0
15.0
15.0
15.0
15.0
15.0
15.0
15.0
15.0
15.0
15.0
15.0
15.0
15.0
15.0
15.0
15.0
15.0
15.0
15.0
15.0
15.0
15.0
15.0
15.0
15.0
15.0
15.0
15.0
15.0
15.0
15.0
15.0
15.0
15.0
15.0
15.0
15.0
15.0
15.0
15.0
15.0
15.0
15.0
15.0
15.0
15.0
15.0
15.0
15.0
15.0
15.0
15.0
15.0
15.0
15.0
15.0
15.0
15.0
15.0
15.0
15.0
15.0
15.0
15.0
15.0
15.0
15.0
15.0
15.0
15.0
15.41421353816986
15.828427076339722
15.41421353816986
15.0
15.0
15.0
15.0
15.0
15.0
15.0
15.0
15.0
15.0
15.0
15.0
15.0
15.0
15.0
15.0
15.0
15.0
15.0
15.0
15.0
15.0
15.0
15.0
15.0
15.0
15.0
15.0
15.0
16.242640614509583
15.828427076339722
15.41421353816986
15.0
15.0
15.0
15.0
15.0
15.0
15.0
15.0
15.0
15.0
15.0
15.0
15.0
15.0
15.0
15.0
15.0
15.0
15.0
15.0
15.0
16.41421353816986
15.41421353816986
15.0
15.0
15.0
15.0
15.0
15.0
15.0
15.0
15.0
15.0
15.0
15.0
15.0
15.0
15.0
15.0
15.0
15.0
15.0
15.0
15.0
15.0
15.0
15.0
15.41421353816986
15.0
15.0
15.0
15.0
15.0
15.0
15.0
15.0
15.0
15.0
15.0
15.0
15.0
15.0
15.0
15.0
15.0
15.0
15.41421353816986
15.828427076339722
16.242640614509583
14.0
14.0
14.0
14.0
14.0
14.0
14.0
14.0
14.0
14.0
14.0
14.0
14.0
14.0
14.0
14.0
14.0
14.0
14.0
14.0
14.0
14.0
14.0
14.0
14.0
14.0
14.0
14.0
14.0
14.0
14.0
14.0
14.0
14.0
14.0
14.0
14.0
14.0
14.0
14.0
14.0
14.0
14.0
14.0
14.0
14.0
14.0
14.0
14.0
14.0
14.0
14.0
14.0
14.0
14.0
14.0
14.0
14.0
14.0
14.0
14.0
14.0
14.0
14.0
14.0
14.0
14.0
14.0
14.0
14.0
14.0
14.0
14.0
14.0
14.0
14.0
14.0
14.0
14.0
14.0
14.0
14.0
14.0
14.0
14.0
14.0
14.0
14.0
14.0
14.0
14.0
14.0
14.0
14.0
14.0
14.0
14.0
14.0
14.0
14.0
14.0
14.0
14.0
14.0
14.0
14.0
14.0
14.0
14.0
14.0
14.0
14.0
14.0
14.0
14.0
14.0
14.41421353816986
15.41421353816986
14.41421353816986
14.0
14.0
14.0
14.0
14.0
14.0
14.0
14.0
14.0
14.0
14.0
14.0
14.0
14.0
14.0
14.0
14.0
14.0
14.0
14.0
14.0
14.0
14.0
14.0
14.0
14.0
14.0
14.0
14.0
15.242640614509583
14.828427076339722
14.41421353816986
14.0
14.0
14.0
14.0
14.0
14.0
14.0
14.0
14.0
14.0
14.0
14.0
14.0
14.0
14.0
14.0
14.0
14.0
14.0
14.0
14.0
14.0
14.0
14.0
14.0
14.0
14.0
14.0
14.0
14.0
14.0
14.0
14.0
14.0
14.0
14.0
14.0
14.0
14.0
14.0
14.0
14.0
14.0
14.0
14.0
14.0
14.0
14.0
14.0
14.0
14.0
14.0
14.0
14.0
14.0
14.0
14.0
14.0
14.0
14.0
14.0
14.0
14.0
14.0
14.0
14.41421353816986
14.828427076339722
15.828427076339722
13.0
13.0
13.0
13.0
13.0
13.0
13.0
13.0
13.0
13.0
13.0
13.0
13.0
13.0
13.0
13.0
13.0
13.0
13.0
13.0
13.0
13.0
13.0
13.0
13.0
13.0
13.0
13.0
13.0
13.0
13.0
13.0
13.0
13.0
13.0
13.0
13.0
13.0
13.0
13.0
13.0
13.0
13.0
13.0
13.0
13.0
13.0
13.0
13.0
13.0
13.0
13.0
13.0
13.0
13.0
13.0
13.0
13.0
13.0
13.0
13.0
13.0
13.0
13.0
13.0
13.0
13.0
13.0
13.0
13.0
13.0
13.0
13.0
13.0
13.0
13.0
13.0
13.0
13.0
13.0
13.0
13.0
13.0
13.0
13.0
13.0
13.0
13.0
13.0
13.0
13.0
13.0
13.0
13.0
13.0
13.0
13.0
13.0
13.0
13.0
13.0
13.0
13.0
13.0
13.0
13.0
13.0
13.0
13.0
13.0
13.0
13.0
13.0
13.0
13.0
13.0
13.0
13.0
13.41421353816986
13.0
13.0
13.0
13.0
13.0
13.0
13.0
13.0
13.0
13.0
13.0
13.0
13.0
13.0
13.0
13.0
13.0
13.0
13.0
13.0
13.0
13.0
13.0
13.0
13.0
13.0
13.0
13.0
13.0
13.828427076339722
13.41421353816986
13.0
13.0
13.0
13.0
13.0
13.0
13.0
13.0
13.0
13.0
13.0
13.0
13.0
13.0
13.0
13.0
13.0
13.0
13.0
13.0
13.0
13.0
13.0
13.0
13.0
13.0
13.0
13.0
13.0
13.0
13.0
13.0
13.0
13.0
13.0
13.0
13.0
13.0
13.0
13.0
13.0
13.0
13.0
13.0
13.0
13.0
13.0
13.0
13.0
13.0
13.0
13.0
13.0
13.0
13.0
13.0
13.0
13.0
13.0
13.0
13.0
13.0
13.0
13.0
13.0
13.41421353816986
12.0
12.0
12.0
12.0
12.0
12.0
12.0
12.0
12.0
12.0
12.0
12.0
12.0
12.0
12.0
12.0
12.0
12.0
12.0
12.0
12.0
12.0
12.0
12.0
12.0
12.0
12.0
12.0
12.0
12.0
12.0
12.0
12.0
12.0
12.0
12.0
12.0
12.0
12.0
12.0
12.0
12.0
12.0
12.0
12.0
12.0
12.0
12.0
12.0
12.0
12.0
12.0
12.0
12.0
12.0
12.0
12.0
12.0
12.0
12.0
12.0
12.0
12.0
12.0
12.0
12.0
12.0
12.0
12.0
12.0
12.0
12.0
12.0
12.0
12.0
12.0
12.0
12.0
12.0
12.0
12.0
12.0
12.0
12.0
12.0
12.0
12.0
12.0
12.0
12.0
12.0
12.0
12.0
12.0
12.0
12.0
12.0
12.0
12.0
12.0
12.0
12.0
12.0
12.0
12.0
12.0
12.0
12.0
12.0
12.0
12.0
12.0
12.0
12.0
12.0
12.0
12.0
12.0
12.41421353816986
12.0
12.0
12.0
12.0
12.0
12.0
12.0
12.0
12.0
12.0
12.0
12.0
12.0
12.0
12.0
12.0
12.0
12.0
12.0
12.0
12.0
12.0
12.0
12.0
12.0
12.0
12.0
12.0
12.0
12.828427076339722
12.41421353816986
12.0
12.0
12.0
12.0
12.0
12.0
12.0
12.0
12.0
12.0
12.0
12.0
12.0
12.0
12.0
12.0
12.0
12.0
12.0
12.0
12.0
12.0
12.0
12.0
12.0
12.0
12.0
12.0
12.0
12.0
12.0
12.0
12.0
12.0
12.0
12.0
12.0
12.0
12.0
12.0
12.0
12.0
12.0
12.0
12.0
12.0
12.0
12.0
12.0
12.0
12.0
12.0
12.0
12.0
12.0
12.0
12.0
12.0
12.0
12.0
12.0
12.0
12.0
12.0
12.0
12.41421353816986
11.0
11.0
11.0
11.0
11.0
11.0
11.0
11.0
11.0
11.0
11.0
11.0
11.0
11.0
11.0
11.0
11.0
11.0
11.0
11.0
11.0
11.0
11.0
11.0
11.0
11.0
11.0
11.0
11.0
11.0
11.0
11.0
11.0
11.0
11.0
11.0
11.0
11.0
11.0
11.0
11.0
11.0
11.0
11.0
11.0
11.0
11.0
11.0
11.0
11.0
11.0
11.0
11.0
11.0
11.0
11.0
11.0
11.0
11.0
11.0
11.0
11.0
11.0
11.0
11.0
11.0
11.0
11.0
11.0
11.0
11.0
11.0
11.0
11.0
11.0
11.0
11.0
11.0
11.0
11.0
11.0
11.0
11.0
11.0
11.0
11.0
11.0
11.0
11.0
11.0
11.0
11.0
11.0
11.0
11.0
11.0
11.0
11.0
11.0
11.0
11.0
11.0
11.0
11.0
11.0
11.0
11.0
11.0
11.0
11.0
11.0
11.0
11.0
11.0
11.0
11.0
11.0
11.0
11.41421353816986
11.0
11.0
11.0
11.0
11.0
11.0
11.0
11.0
11.0
11.0
11.0
11.0
11.0
11.0
11.0
11.0
11.0
11.0
11.0
11.0
11.0
11.0
11.0
11.0
11.0
11.0
11.0
11.0
11.0
11.828427076339722
11.41421353816986
11.0
11.0
11.0
11.0
11.0
11.0
11.0
11.0
11.0
11.0
11.0
11.0
11.0
11.0
11.0
11.0
11.0
11.0
11.0
11.0
11.0
11.0
11.0
11.0
11.0
11.0
11.0
11.0
11.0
11.0
11.0
11.0
11.0
11.0
11.0
11.0
11.0
11.0
11.0
11.0
11.0
11.0
11.0
11.0
11.0
11.0
11.0
11.0
11.0
11.0
11.0
11.0
11.0
11.0
11.0
11.0
11.0
11.0
11.0
11.0
11.0
11.0
11.0
11.0
11.0
11.41421353816986
10.0
10.0
10.0
10.0
10.0
10.0
10.0
10.0
10.0
10.0
10.0
10.0
10.0
10.0
10.0
10.0
10.0
10.0
10.0
10.0
10.0
10.0
10.0
10.0
10.0
10.0
10.0
10.0
10.0
10.0
10.0
10.0
10.0
10.0
10.0
10.0
10.0
10.0
10.0
10.0
10.0
10.0
10.0
10.0
10.0
10.0
10.0
10.0
10.0
10.0
10.0
10.0
10.0
10.0
10.0
10.0
10.0
10.0
10.0
10.0
10.0
10.0
10.0
10.0
10.0
10.0
10.0
10.0
10.0
10.0
10.0
10.0
10.0
10.0
10.0
10.0
10.0
10.0
10.0
10.0
10.0
10.0
10.0
10.0
10.0
10.0
10.0
10.0
10.0
10.0
10.0
10.0
10.0
10.0
10.0
10.0
10.0
10.0
10.0
10.0
10.0
10.0
10.0
10.0
10.0
10.0
10.0
10.0
10.0
10.0
10.0
10.0
10.0
10.0
10.0
10.0
10.0
10.0
10.0
10.0
10.0
10.0
10.0
10.0
10.0
10.0
10.0
10.0
10.0
10.0
10.0
10.0
10.0
10.0
10.0
10.0
10.0
10.0
10.0
10.0
10.0
10.0
10.0
10.0
10.0
10.0
10.0
10.0
10.0
10.0
10.828427076339722
10.41421353816986
10.0
10.0
10.0
10.0
10.0
10.0
10.0
10.0
10.0
10.0
10.0
10.0
10.0
10.0
10.0
10.0
10.0
10.0
10.0
10.0
10.0
10.0
10.0
10.0
10.0
10.0
10.0
10.0
10.0
10.0
10.0
10.0
10.0
10.0
10.0
10.0
10.0
10.0
10.0
10.0
10.0
10.0
10.0
10.0
10.0
10.0
10.0
10.0
10.0
10.0
10.0
10.0
10.0
10.0
10.0
10.0
10.0
10.0
10.0
10.0
10.0
10.0
10.0
10.0
10.0
10.41421353816986
9.0
9.0
9.0
9.0
9.0
9.0
9.0
9.0
9.0
9.0
9.0
9.0
9.0
9.0
9.0
9.0
9.0
9.0
9.0
9.0
9.0
9.0
9.0
9.0
9.0
9.0
9.0
9.0
9.0
9.0
9.0
9.0
9.0
9.0
9.0
9.0
9.0
9.0
9.0
9.0
9.0
9.0
9.0
9.0
9.0
9.0
9.0
9.0
9.0
9.0
9.0
9.0
9.0
9.0
9.0
9.0
9.0
9.0
9.0
9.0
9.0
9.0
9.0
9.0
9.0
9.0
9.0
9.0
9.0
9.0
9.0
9.0
9.0
9.0
9.0
9.0
9.0
9.0
9.0
9.0
9.0
9.0
9.0
9.0
9.0
9.0
9.0
9.0
9.0
9.0
9.0
9.0
9.0
9.0
9.0
9.0
9.0
9.0
9.0
9.0
9.0
9.0
9.0
9.0
9.0
9.0
9.0
9.0
9.0
9.0
9.0
9.0
9.0
9.0
9.0
9.0
9.0
9.0
9.0
9.0
9.0
9.0
9.0
9.0
9.0
9.0
9.0
9.0
9.0
9.0
9.0
9.0
9.0
9.0
9.0
9.0
9.0
9.0
9.0
9.0
9.0
9.0
9.0
9.0
9.0
9.0
9.0
9.0
9.0
9.0
9.828427076339722
9.41421353816986
9.0
9.0
9.0
9.0
9.0
9.0
9.0
9.0
9.0
9.0
9.0
9.0
9.0
9.0
9.0
9.0
9.0
9.0
9.0
9.0
9.0
9.0
9.0
9.0
9.0
9.0
9.0
9.0
9.0
9.0
9.0
9.0
9.0
9.0
9.0
9.0
9.0
9.0
9.0
9.0
9.0
9.0
9.0
9.0
9.0
9.0
9.0
9.0
9.0
9.0
9.0
9.0
9.0
9.0
9.0
9.0
9.0
9.0
9.0
9.0
9.0
9.0
9.0
9.0
9.0
9.0
9.41421353816986
8.0
8.0
8.0
8.0
8.0
8.0
8.0
8.0
8.0
8.0
8.0
8.0
8.0
8.0
8.0
8.0
8.0
8.0
8.0
8.0
8.0
8.0
8.0
8.0
8.0
8.0
8.0
8.0
8.0
8.0
8.0
8.0
8.0
8.0
8.0
8.0
8.0
8.0
8.0
8.0
8.0
8.0
8.0
8.0
8.0
8.0
8.0
8.0
8.0
8.0
8.0
8.0
8.0
8.0
8.0
8.0
8.0
8.0
8.0
8.0
8.0
8.0
8.0
8.0
8.0
8.0
8.0
8.0
8.0
8.0
8.0
8.0
8.0
8.0
8.0
8.0
8.0
8.0
8.0
8.0
8.0
8.0
8.0
8.0
8.0
8.0
8.0
8.0
8.0
8.0
8.0
8.0
8.0
8.0
8.0
8.0
8.0
8.0
8.0
8.0
8.0
8.0
8.0
8.0
8.0
8.0
8.0
8.0
8.0
8.0
8.0
8.0
8.0
8.0
8.0
8.0
8.0
8.0
8.0
8.0
8.0
8.0
8.0
8.0
8.0
8.0
8.0
8.0
8.0
8.0
8.0
8.0
8.0
8.0
8.0
8.0
8.0
8.0
8.0
8.0
8.0
8.0
8.0
8.0
8.0
8.0
8.0
8.0
8.0
8.0
9.41421353816986
8.41421353816986
8.0
8.0
8.0
8.0
8.0
8.0
8.0
8.0
8.0
8.0
8.0
8.0
8.0
8.0
8.0
8.0
8.0
8.0
8.0
8.0
8.0
8.0
8.0
8.0
8.0
8.0
8.0
8.0
8.0
8.0
8.0
8.0
8.0
8.0
8.0
8.0
8.0
8.0
8.0
8.0
8.0
8.0
8.0
8.0
8.0
8.0
8.0
8.0
8.0
8.0
8.0
8.0
8.0
8.0
8.0
8.0
8.0
8.0
8.0
8.0
8.0
8.0
8.0
8.0
8.0
8.0
8.41421353816986
7.0
7.0
7.0
7.0
7.0
7.0
7.0
7.0
7.0
7.0
7.0
7.0
7.0
7.0
7.0
7.0
7.0
7.0
7.0
7.0
7.0
7.0
7.0
7.0
7.0
7.0
7.0
7.0
7.0
7.0
7.0
7.0
7.0
7.0
7.0
7.0
7.0
7.0
7.0
7.0
7.0
7.0
7.0
7.0
7.0
7.0
7.0
7.0
7.0
7.0
7.0
7.0
7.0
7.0
7.0
7.0
7.0
7.0
7.0
7.0
7.0
7.0
7.0
7.0
7.0
7.0
7.0
7.0
7.0
7.0
7.0
7.0
7.0
7.0
7.0
7.0
7.0
7.0
7.0
7.0
7.0
7.0
7.0
7.0
7.0
7.0
7.0
7.0
7.0
7.0
7.0
7.0
7.0
7.0
7.0
7.0
7.0
7.0
7.0
7.0
7.0
7.0
7.0
7.0
7.0
7.0
7.0
7.0
7.0
7.0
7.0
7.0
7.0
7.0
7.0
7.0
7.0
7.0
7.0
7.0
7.0
7.0
7.0
7.0
7.0
7.0
7.0
7.0
7.0
7.0
7.0
7.0
7.0
7.0
7.0
7.0
7.0
7.0
7.0
7.0
7.0
7.0
7.0
7.0
7.0
7.0
7.0
7.0
7.0
7.0
7.0
7.0
7.0
7.0
7.0
7.0
7.0
7.0
7.0
7.0
7.0
7.0
7.0
7.0
7.0
7.0
7.0
7.0
7.0
7.0
7.0
7.0
7.0
7.0
7.0
7.0
7.0
7.0
7.0
7.0
7.0
7.0
7.0
7.0
7.0
7.0
7.0
7.0
7.0
7.0
7.0
7.0
7.0
7.0
7.0
7.0
7.0
7.0
7.0
7.0
7.0
7.0
7.0
7.0
7.0
7.0
7.0
7.0
7.0
7.0
7.0
7.0
7.0
7.0
7.0
7.0
6.0
6.0
6.0
6.0
6.0
6.0
6.0
6.0
6.0
6.0
6.0
6.0
6.0
6.0
6.0
6.0
6.0
6.0
6.0
6.0
6.0
6.0
6.0
6.0
6.0
6.0
6.0
6.0
6.0
6.0
6.0
6.0
6.0
6.0
6.0
6.0
6.0
6.0
6.0
6.0
6.0
6.0
6.0
6.0
6.0
6.0
6.0
6.0
6.0
6.0
6.0
6.0
6.0
6.0
6.0
6.0
6.0
6.0
6.0
6.0
6.0
6.0
6.0
6.0
6.0
6.0
6.0
6.0
6.0
6.0
6.0
6.0
6.0
6.0
6.0
6.0
6.0
6.0
6.0
6.0
6.0
6.0
6.0
6.0
6.0
6.0
6.0
6.0
6.0
6.0
6.0
6.0
6.0
6.0
6.0
6.0
6.0
6.0
6.0
6.0
6.0
6.0
6.0
6.0
6.0
6.0
6.0
6.0
6.0
6.0
6.0
6.0
6.0
6.0
6.0
6.0
6.0
6.0
6.0
6.0
6.0
6.0
6.0
6.0
6.0
6.0
6.0
6.0
6.0
6.0
6.0
6.0
6.0
6.0
6.0
6.0
6.0
6.0
6.0
6.0
6.0
6.0
6.0
6.0
6.0
6.0
6.0
6.0
6.0
6.0
6.0
6.0
6.0
6.0
6.0
6.0
6.0
6.0
6.0
6.0
6.0
6.0
6.0
6.0
6.0
6.0
6.0
6.0
6.0
6.0
6.0
6.0
6.0
6.0
6.0
6.0
6.0
6.0
6.0
6.0
6.0
6.0
6.0
6.0
6.0
6.0
6.0
6.0
6.0
6.0
6.0
6.0
6.0
6.0
6.0
6.0
6.0
6.0
6.0
6.0
6.0
6.0
6.0
6.0
6.0
6.0
6.0
6.0
6.0
6.0
6.0
6.0
6.0
6.0
6.0
6.0
6.0
6.0
6.0
6.0
6.0
6.0
6.0
6.0
6.0
6.0
6.0
6.0
6.0
6.0
6.0
6.0
6.0
6.0
6.0
6.0
6.0
6.0
6.0
6.0
6.0
6.0
6.0
6.0
6.0
6.0
6.0
6.0
6.0
6.0
6.0
6.0
6.0
6.0
6.0
6.0
6.0
6.0
6.0
6.0
6.0
6.0
6.0
6.0
6.0
6.0
6.0
6.0
6.0
6.0
6.0
6.0
6.0
6.0
6.0
6.0
6.0
6.0
6.0
6.0
6.0
6.0
6.0
6.0
6.0
6.0
6.0
6.0
6.0
6.0
6.0
6.0
6.0
6.0
6.0
6.0
6.0
6.0
6.0
6.0
6.0
6.0
6.0
6.0
6.0
6.0
6.0
6.0
6.0
6.0
6.0
6.0
6.0
6.0
6.0
6.0
6.0
6.0
6.0
6.0
6.0
6.0
6.0
6.0
6.0
6.0
6.0
6.0
6.0
6.0
6.0
6.0
6.0
6.0
6.0
6.0
6.0
6.0
6.0
6.0
6.0
6.0
6.0
6.0
6.0
6.0
6.0
6.0
6.0
6.0
6.0
6.0
6.0
6.0
6.0
6.0
6.0
6.0
6.0
6.0
6.0
6.0
6.0
6.0
6.0
6.0
6.0
6.0
6.0
6.0
6.0
6.0
6.0
6.0
6.0
6.0
6.0
6.0
6.0
6.0
6.0
6.0
6.0
6.0
6.0
6.0
6.0
6.0
6.0
6.0
6.0
6.0
6.0
6.0
6.0
6.0
6.0
6.0
6.0
6.0
6.0
6.0
6.0
6.0
6.0
6.0
6.0
6.0
6.0
6.0
6.0
6.0
6.0
6.0
6.0
6.0
6.0
6.0
6.0
6.0
6.0
6.0
6.0
6.0
6.0
6.0
6.0
6.0
6.0
6.0
6.0
6.0
6.0
6.0
6.0
6.0
6.0
6.0
6.0
6.0
6.0
6.0
6.0
6.0
6.0
6.0
6.0
6.0
6.0
6.0
6.0
6.0
6.0
6.0
6.0
6.0
6.0
6.0
6.0
6.0
6.0
6.0
6.0
6.0
6.0
6.0
6.0
6.0
6.0
6.0
6.0
6.0
6.0
6.0
6.0
6.0
6.0
6.0
6.0
6.0
6.0
6.0
6.0
6.0
6.0
6.0
6.0
6.0
6.0
6.0
6.0
6.0
6.0
6.0
6.0
6.0
6.0
6.0
6.0
6.0
6.0
6.0
6.0
6.0
6.0
6.0
6.0
6.0
6.0
6.0
6.0
6.0
5.0
5.0
5.0
5.0
5.0
5.0
5.0
5.0
5.0
5.0
5.0
5.0
5.0
5.0
5.0
5.0
5.0
5.0
5.0
5.0
5.0
5.0
5.0
5.0
5.0
5.0
5.0
5.0
5.0
5.0
5.0
5.0
5.0
5.0
5.0
5.0
5.0
5.0
5.0
5.0
5.0
5.0
5.0
5.0
5.0
5.0
5.0
5.0
5.0
5.0
5.0
5.0
5.0
5.0
5.0
5.0
5.0
5.0
5.0
5.0
5.0
5.0
5.0
5.0
5.0
5.0
5.0
5.0
5.0
5.0
5.0
5.0
5.0
5.0
5.0
5.0
5.0
5.0
5.0
5.0
5.0
5.0
5.0
5.0
5.0
5.0
5.0
5.0
5.0
5.0
5.0
5.0
5.0
5.0
5.0
5.0
5.0
5.0
5.0
5.0
5.0
5.0
5.0
5.0
5.0
5.0
5.0
5.0
5.0
5.0
5.0
5.0
5.0
5.0
5.0
5.0
5.0
5.0
5.0
5.0
5.0
5.0
5.0
5.0
5.0
5.0
5.0
5.0
5.0
5.0
5.0
5.0
5.0
5.0
5.0
5.0
5.0
5.0
5.0
5.0
5.0
5.0
5.0
5.0
5.0
5.0
5.0
5.0
5.0
5.0
5.0
5.0
5.0
5.0
5.0
5.0
5.0
5.0
5.0
5.0
5.0
5.0
5.0
5.0
5.0
5.0
5.0
5.0
5.0
5.0
5.0
5.0
5.0
5.0
5.0
5.0
5.0
5.0
5.0
5.0
5.0
5.0
5.0
5.0
5.0
5.0
5.0
5.0
5.0
5.0
5.0
5.0
5.0
5.0
5.0
5.0
5.0
5.0
5.0
5.0
5.0
5.0
5.0
5.0
5.0
5.0
5.0
5.0
5.0
5.0
5.0
5.0
5.0
5.0
5.0
5.0
5.0
5.0
5.0
5.0
5.0
5.0
5.0
5.0
5.0
5.0
5.0
5.0
5.0
5.0
5.0
5.0
5.0
5.0
5.0
5.0
5.0
5.0
5.0
5.0
5.0
5.0
5.0
5.0
5.0
5.0
5.0
5.0
5.0
5.0
5.0
5.0
5.0
5.0
5.0
5.0
5.0
5.0
5.0
5.0
5.0
5.0
5.0
5.0
5.0
5.0
5.0
5.0
5.0
5.0
5.0
5.0
5.0
5.0
5.0
5.0
5.0
5.0
5.0
5.0
5.0
5.0
5.0
5.0
5.0
5.0
5.0
5.0
5.0
5.0
5.0
5.0
5.0
5.0
5.0
5.0
5.0
5.0
5.0
5.0
5.0
5.0
5.0
5.0
5.0
5.0
5.0
5.0
5.0
5.0
5.0
5.0
5.0
5.0
5.0
5.0
5.0
5.0
5.0
5.0
5.0
5.0
5.0
5.0
5.0
5.0
5.0
5.0
5.0
5.0
5.0
5.0
5.0
5.0
5.0
5.0
5.0
5.0
5.0
5.0
5.0
5.0
5.0
5.0
5.0
5.0
5.0
5.0
5.0
5.0
5.0
5.0
5.0
5.0
5.0
5.0
5.0
5.0
5.0
5.0
5.0
5.0
5.0
5.0
5.0
5.0
5.0
5.0
5.0
5.0
5.0
5.0
5.0
5.0
5.0
5.0
5.0
5.0
5.0
5.0
5.0
5.0
5.0
5.0
5.0
5.0
5.0
5.0
5.0
5.0
5.0
5.0
5.0
5.0
5.0
5.0
5.0
5.0
5.0
5.0
5.0
5.0
5.0
5.0
5.0
5.0
5.0
5.0
5.0
5.0
5.0
5.0
5.0
5.0
5.0
5.0
5.0
5.0
5.0
5.0
5.0
5.0
5.0
5.0
5.0
5.0
5.0
5.0
5.0
5.0
5.0
5.0
5.0
5.0
5.0
5.0
5.0
5.0
5.0
5.0
5.0
5.0
5.0
5.0
5.0
5.0
5.0
5.0
5.0
5.0
5.0
5.0
5.0
5.0
5.0
5.0
5.0
5.0
5.0
5.0
5.0
5.0
5.0
5.0
5.0
5.0
5.0
5.0
5.0
5.0
5.0
5.0
5.0
5.0
5.0
5.0
5.0
5.0
5.0
5.0
5.0
5.0
5.0
5.0
5.0
5.0
5.0
5.0
5.0
5.0
5.0
5.0
5.0
5.0
5.0
5.0
5.0
5.0
5.0
5.0
5.0
5.0
5.0
5.0
5.0
5.0
5.0
5.0
5.0
5.0
5.0
5.0
4.0
4.0
4.0
4.0
4.0
4.0
4.0
4.0
4.0
4.0
4.0
4.0
4.0
4.0
4.0
4.0
4.0
4.0
4.0
4.0
4.0
4.0
4.0
4.0
4.0
4.0
4.0
4.0
4.0
4.0
4.0
4.0
4.0
4.0
4.0
4.0
4.0
4.0
4.0
4.0
4.0
4.0
4.0
4.0
4.0
4.0
4.0
4.0
4.0
4.0
4.0
4.0
4.0
4.0
4.0
4.0
4.0
4.0
4.0
4.0
4.0
4.0
4.0
4.0
4.0
4.0
4.0
4.0
4.0
4.0
4.0
4.0
4.0
4.0
4.0
4.0
4.0
4.0
4.0
4.0
4.0
4.0
4.0
4.0
4.0
4.0
4.0
4.0
4.0
4.0
4.0
4.0
4.0
4.0
4.0
4.0
4.0
4.0
4.0
4.0
4.0
4.0
4.0
4.0
4.0
4.0
4.0
4.0
4.0
4.0
4.0
4.0
4.0
4.0
4.0
4.0
4.0
4.0
4.0
4.0
4.0
4.0
4.0
4.0
4.0
4.0
4.0
4.0
4.0
4.0
4.0
4.0
4.0
4.0
4.0
4.0
4.0
4.0
4.0
4.0
4.0
4.0
4.0
4.0
4.0
4.0
4.0
4.0
4.0
4.0
4.0
4.0
4.0
4.0
4.0
4.0
4.0
4.0
4.0
4.0
4.0
4.0
4.0
4.0
4.0
4.0
4.0
4.0
4.0
4.0
4.0
4.0
4.0
4.0
4.0
4.0
4.0
4.0
4.0
4.0
4.0
4.0
4.0
4.0
4.0
4.0
4.0
4.0
4.0
4.0
4.0
4.0
4.0
4.0
4.0
4.0
4.0
4.0
4.0
4.0
4.0
4.0
4.0
4.0
4.0
4.0
4.0
4.0
4.0
4.0
4.0
4.0
4.0
4.0
4.0
4.0
4.0
4.0
4.0
4.0
4.0
4.0
4.0
4.0
4.0
4.0
4.0
4.0
4.0
4.0
4.0
4.0
4.0
4.0
4.0
4.0
4.0
4.0
4.0
4.0
4.0
4.0
4.0
4.0
4.0
4.0
4.0
4.0
4.0
4.0
4.0
4.0
4.0
4.0
4.0
4.0
4.0
4.0
4.0
4.0
4.0
4.0
4.0
4.0
4.0
4.0
4.0
4.0
4.0
4.0
4.0
4.0
4.0
4.0
4.0
4.0
4.0
4.0
4.0
4.0
4.0
4.0
4.0
4.0
4.0
4.0
4.0
4.0
4.0
4.0
4.0
4.0
4.0
4.0
4.0
4.0
4.0
4.0
4.0
4.0
4.0
4.0
4.0
4.0
4.0
4.0
4.0
4.0
4.0
4.0
4.0
4.0
4.0
4.0
4.0
4.0
4.0
4.0
4.0
4.0
4.0
4.0
4.0
4.0
4.0
4.0
4.0
4.0
4.0
4.0
4.0
4.0
4.0
4.0
4.0
4.0
4.0
4.0
4.0
4.0
4.0
4.0
4.0
4.0
4.0
4.0
4.0
4.0
4.0
4.0
4.0
4.0
4.0
4.0
4.0
4.0
4.0
4.0
4.0
4.0
4.0
4.0
4.0
4.0
4.0
4.0
4.0
4.0
4.0
4.0
4.0
4.0
4.0
4.0
4.0
4.0
4.0
4.0
4.0
4.0
4.0
4.0
4.0
4.0
4.0
4.0
4.0
4.0
4.0
4.0
4.0
4.0
4.0
4.0
4.0
4.0
4.0
4.0
4.0
4.0
4.0
4.0
4.0
4.0
4.0
4.0
4.0
4.0
4.0
4.0
4.0
4.0
4.0
4.0
4.0
4.0
4.0
4.0
4.0
4.0
4.0
4.0
4.0
4.0
4.0
4.0
4.0
4.0
4.0
4.0
4.0
4.0
4.0
4.0
4.0
4.0
4.0
4.0
4.0
4.0
4.0
4.0
4.0
4.0
4.0
4.0
4.0
4.0
4.0
4.0
4.0
4.0
4.0
4.0
4.0
4.0
4.0
4.0
4.0
4.0
4.0
4.0
4.0
4.0
4.0
4.0
4.0
4.0
4.0
4.0
4.0
4.0
4.0
4.0
4.0
4.0
4.0
4.0
4.0
4.0
4.0
4.0
4.0
4.0
4.0
4.0
4.0
4.0
4.0
4.0
4.0
4.0
4.0
4.0
4.0
4.0
4.0
4.0
4.0
4.0
4.0
4.0
4.0
4.0
4.0
4.0
4.0
4.0
4.0
4.0
4.0
4.0
3.0
3.0
3.0
3.0
3.0
3.0
3.0
3.0
3.0
3.0
3.0
3.0
3.0
3.0
3.0
3.0
3.0
3.0
3.0
3.0
3.0
3.0
3.0
3.0
3.0
3.0
3.0
3.0
3.0
3.0
3.0
3.0
3.0
3.0
3.0
3.0
3.0
3.0
3.0
3.0
3.0
3.0
3.0
3.0
3.0
3.0
3.0
3.0
3.0
3.0
3.0
3.0
3.0
3.0
3.0
3.0
3.0
3.0
3.0
3.0
3.0
3.0
3.0
3.0
3.0
3.0
3.0
3.0
3.0
3.0
3.0
3.0
3.0
3.0
3.0
3.0
3.0
3.0
3.0
3.0
3.0
3.0
3.0
3.0
3.0
3.0
3.0
3.0
3.0
3.0
3.0
3.0
3.0
3.0
3.0
3.0
3.0
3.0
3.0
3.0
3.0
3.0
3.0
3.0
3.0
3.0
3.0
3.0
3.0
3.0
3.0
3.0
3.0
3.0
3.0
3.0
3.0
3.0
3.0
3.0
3.0
3.0
3.0
3.0
3.0
3.0
3.0
3.0
3.0
3.0
3.0
3.0
3.0
3.0
3.0
3.0
3.0
3.0
3.0
3.0
3.0
3.0
3.0
3.0
3.0
3.0
3.0
3.0
3.0
3.0
3.0
3.0
3.0
3.0
3.0
3.0
3.0
3.0
3.0
3.0
3.0
3.0
3.0
3.0
3.0
3.0
3.0
3.0
3.0
3.0
3.0
3.0
3.0
3.0
3.0
3.0
3.0
3.0
3.0
3.0
3.0
3.0
3.0
3.0
3.0
3.0
3.0
3.0
3.0
3.0
3.0
3.0
3.0
3.0
3.0
3.0
3.0
3.0
3.0
3.0
3.0
3.0
3.0
3.0
3.0
3.0
3.0
3.0
3.0
3.0
3.0
3.0
3.0
3.0
3.0
3.0
3.0
3.0
3.0
3.0
3.0
3.0
3.0
3.0
3.0
3.0
3.0
3.0
3.0
3.0
3.0
3.0
3.0
3.0
3.0
3.0
3.0
3.0
3.0
3.0
3.0
3.0
3.0
3.0
3.0
3.0
3.0
3.0
3.0
3.0
3.0
3.0
3.0
3.0
3.0
3.0
3.0
3.0
3.0
3.0
3.0
3.0
3.0
3.0
3.0
3.0
3.0
3.0
3.0
3.0
3.0
3.0
3.0
3.0
3.0
3.0
3.0
3.0
3.0
3.0
3.0
3.0
3.0
3.0
3.0
3.0
3.0
3.0
3.0
3.0
3.0
3.0
3.0
3.0
3.0
3.0
3.0
3.0
3.0
3.0
3.0
3.0
3.0
3.0
3.0
3.0
3.0
3.0
3.0
3.0
3.0
3.0
3.0
3.0
3.0
3.0
3.0
3.0
3.0
3.0
3.0
3.0
3.0
3.0
3.0
3.0
3.0
3.0
3.0
3.0
3.0
3.0
3.0
3.0
3.0
3.0
3.0
3.0
3.0
3.0
3.0
3.0
3.0
3.0
3.0
3.0
3.0
3.0
3.0
3.0
3.0
3.0
3.0
3.0
3.0
3.0
3.0
3.0
3.0
3.0
3.0
3.0
3.0
3.0
3.0
3.0
3.0
3.0
3.0
3.0
3.0
3.0
3.0
3.0
3.0
3.0
3.0
3.0
3.0
3.0
3.0
3.0
3.0
3.0
3.0
3.0
3.0
3.0
3.0
3.0
3.0
3.0
3.0
3.0
3.0
3.0
3.0
3.0
3.0
3.0
3.0
3.0
3.0
3.0
3.0
3.0
3.0
3.0
3.0
3.0
3.0
3.0
3.0
3.0
3.0
3.0
3.0
3.0
3.0
3.0
3.0
3.0
3.0
3.0
3.0
3.0
3.0
3.0
3.0
3.0
3.0
3.0
3.0
3.0
3.0
3.0
3.0
3.0
3.0
3.0
3.0
3.0
3.0
3.0
3.0
3.0
3.0
3.0
3.0
3.0
3.0
3.0
3.0
3.0
3.0
3.0
3.0
3.0
3.0
3.0
3.0
3.0
3.0
3.0
3.0
3.0
3.0
3.0
3.0
3.0
3.0
3.0
3.0
3.0
3.0
3.0
3.0
3.0
3.0
3.0
3.0
3.0
3.0
3.0
3.0
3.0
3.0
3.0
3.0
3.0
3.0
3.0
3.0
3.0
3.0
3.0
3.0
3.0
3.0
3.0
3.0
3.0
3.0
3.0
3.0
3.0
3.0
3.0
3.0
3.0
3.0
3.0
2.0
2.0
2.0
2.0
2.0
2.0
2.0
2.0
2.0
2.0
2.0
2.0
2.0
2.0
2.0
2.0
2.0
2.0
2.0
2.0
2.0
2.0
2.0
2.0
2.0
2.0
2.0
2.0
2.0
2.0
2.0
2.0
2.0
2.0
2.0
2.0
2.0
2.0
2.0
2.0
2.0
2.0
2.0
2.0
2.0
2.0
2.0
2.0
2.0
2.0
2.0
2.0
2.0
2.0
2.0
2.0
2.0
2.0
2.0
2.0
2.0
2.0
2.0
2.0
2.0
2.0
2.0
2.0
2.0
2.0
2.0
2.0
2.0
2.0
2.0
2.0
2.0
2.0
2.0
2.0
2.0
2.0
2.0
2.0
2.0
2.0
2.0
2.0
2.0
2.0
2.0
2.0
2.0
2.0
2.0
2.0
2.0
2.0
2.0
2.0
2.0
2.0
2.0
2.0
2.0
2.0
2.0
2.0
2.0
2.0
2.0
2.0
2.0
2.0
2.0
2.0
2.0
2.0
2.0
2.0
2.0
2.0
2.0
2.0
2.0
2.0
2.0
2.0
2.0
2.0
2.0
2.0
2.0
2.0
2.0
2.0
2.0
2.0
2.0
2.0
2.0
2.0
2.0
2.0
2.0
2.0
2.0
2.0
2.0
2.0
2.0
2.0
2.0
2.0
2.0
2.0
2.0
2.0
2.0
2.0
2.0
2.0
2.0
2.0
2.0
2.0
2.0
2.0
2.0
2.0
2.0
2.0
2.0
2.0
2.0
2.0
2.0
2.0
2.0
2.0
2.0
2.0
2.0
2.0
2.0
2.0
2.0
2.0
2.0
2.0
2.0
2.0
2.0
2.0
2.0
2.0
2.0
2.0
2.0
2.0
2.0
2.0
2.0
2.0
2.0
2.0
2.0
2.0
2.0
2.0
2.0
2.0
2.0
2.0
2.0
2.0
2.0
2.0
2.0
2.0
2.0
2.0
2.0
2.0
2.0
2.0
2.0
2.0
2.0
2.0
2.0
2.0
2.0
2.0
2.0
2.0
2.0
2.0
2.0
2.0
2.0
2.0
2.0
2.0
2.0
2.0
2.0
2.0
2.0
2.0
2.0
2.0
2.0
2.0
2.0
2.0
2.0
2.0
2.0
2.0
2.0
2.0
2.0
2.0
2.0
2.0
2.0
2.0
2.0
2.0
2.0
2.0
2.0
2.0
2.0
2.0
2.0
2.0
2.0
2.0
2.0
2.0
2.0
2.0
2.0
2.0
2.0
2.0
2.0
2.0
2.0
2.0
2.0
2.0
2.0
2.0
2.0
2.0
2.0
2.0
2.0
2.0
2.0
2.0
2.0
2.0
2.0
2.0
2.0
2.0
2.0
2.0
2.0
2.0
2.0
2.0
2.0
2.0
2.0
2.0
2.0
2.0
2.0
2.0
2.0
2.0
2.0
2.0
2.0
2.0
2.0
2.0
2.0
2.0
2.0
2.0
2.0
2.0
2.0
2.0
2.0
2.0
2.0
2.0
2.0
2.0
2.0
2.0
2.0
2.0
2.0
2.0
2.0
2.0
2.0
2.0
2.0
2.0
2.0
2.0
2.0
2.0
2.0
2.0
2.0
2.0
2.0
2.0
2.0
2.0
2.0
2.0
2.0
2.0
2.0
2.0
2.0
2.0
2.0
2.0
2.0
2.0
2.0
2.0
2.0
2.0
2.0
2.0
2.0
2.0
2.0
2.0
2.0
2.0
2.0
2.0
2.0
2.0
2.0
2.0
2.0
2.0
2.0
2.0
2.0
2.0
2.0
2.0
2.0
2.0
2.0
2.0
2.0
2.0
2.0
2.0
2.0
2.0
2.0
2.0
2.0
2.0
2.0
2.0
2.0
2.0
2.0
2.0
2.0
2.0
2.0
2.0
2.0
2.0
2.0
2.0
2.0
2.0
2.0
2.0
2.0
2.0
2.0
2.0
2.0
2.0
2.0
2.0
2.0
2.0
2.0
2.0
2.0
2.0
2.0
2.0
2.0
2.0
2.0
2.0
2.0
2.0
2.0
2.0
2.0
2.0
2.0
2.0
2.0
2.0
2.0
2.0
2.0
2.0
2.0
2.0
2.0
2.0
2.0
2.0
2.0
2.0
2.0
2.0
2.0
2.0
2.0
2.0
2.0
2.0
2.0
2.0
2.0
2.0
2.0
2.0
2.0
2.0
2.0
2.0
2.0
2.0
2.0
2.0
2.0
2.0
2.0
2.0
2.0
2.0
2.0
2.0
1.0
1.0
1.0
1.0
1.0
1.0
1.0
1.0
1.0
1.0
1.0
1.0
1.0
1.0
1.0
1.0
1.0
1.0
1.0
1.0
1.0
1.0
1.0
1.0
1.0
1.0
1.0
1.0
1.0
1.0
1.0
1.0
1.0
1.0
1.0
1.0
1.0
1.0
1.0
1.0
1.0
1.0
1.0
1.0
1.0
1.0
1.0
1.0
1.0
1.0
1.0
1.0
1.0
1.0
1.0
1.0
1.0
1.0
1.0
1.0
1.0
1.0
1.0
1.0
1.0
1.0
1.0
1.0
1.0
1.0
1.0
1.0
1.0
1.0
1.0
1.0
1.0
1.0
1.0
1.0
1.0
1.0
1.0
1.0
1.0
1.0
1.0
1.0
1.0
1.0
1.0
1.0
1.0
1.0
1.0
1.0
1.0
1.0
1.0
1.0
1.0
1.0
1.0
1.0
1.0
1.0
1.0
1.0
1.0
1.0
1.0
1.0
1.0
1.0
1.0
1.0
1.0
1.0
1.0
1.0
1.0
1.0
1.0
1.0
1.0
1.0
1.0
1.0
1.0
1.0
1.0
1.0
1.0
1.0
1.0
1.0
1.0
1.0
1.0
1.0
1.0
1.0
1.0
1.0
1.0
1.0
1.0
1.0
1.0
1.0
1.0
1.0
1.0
1.0
1.0
1.0
1.0
1.0
1.0
1.0
1.0
1.0
1.0
1.0
1.0
1.0
1.0
1.0
1.0
1.0
1.0
1.0
1.0
1.0
1.0
1.0
1.0
1.0
1.0
1.0
1.0
1.0
1.0
1.0
1.0
1.0
1.0
1.0
1.0
1.0
1.0
1.0
1.0
1.0
1.0
1.0
1.0
1.0
1.0
1.0
1.0
1.0
1.0
1.0
1.0
1.0
1.0
1.0
1.0
1.0
1.0
1.0
1.0
1.0
1.0
1.0
1.0
1.0
1.0
1.0
1.0
1.0
1.0
1.0
1.0
1.0
1.0
1.0
1.0
1.0
1.0
1.0
1.0
1.0
1.0
1.0
1.0
1.0
1.0
1.0
1.0
1.0
1.0
1.0
1.0
1.0
1.0
1.0
1.0
1.0
1.0
1.0
1.0
1.0
1.0
1.0
1.0
1.0
1.0
1.0
1.0
1.0
1.0
1.0
1.0
1.0
1.0
1.0
1.0
1.0
1.0
1.0
1.0
1.0
1.0
1.0
1.0
1.0
1.0
1.0
1.0
1.0
1.0
1.0
1.0
1.0
1.0
1.0
1.0
1.0
1.0
1.0
1.0
1.0
1.0
1.0
1.0
1.0
1.0
1.0
1.0
1.0
1.0
1.0
1.0
1.0
1.0
1.0
1.0
1.0
1.0
1.0
1.0
1.0
1.0
1.0
1.0
1.0
1.0
1.0
1.0
1.0
1.0
1.0
1.0
1.0
1.0
1.0
1.0
1.0
1.0
1.0
1.0
1.0
1.0
1.0
1.0
1.0
1.0
1.0
1.0
1.0
1.0
1.0
1.0
1.0
1.0
1.0
1.0
1.0
1.0
1.0
1.0
1.0
1.0
1.0
1.0
1.0
1.0
1.0
1.0
1.0
1.0
1.0
1.0
1.0
1.0
1.0
1.0
1.0
1.0
1.0
1.0
1.0
1.0
1.0
1.0
1.0
1.0
1.0
1.0
1.0
1.0
1.0
1.0
1.0
1.0
1.0
1.0
1.0
1.0
1.0
1.0
1.0
1.0
1.0
1.0
1.0
1.0
1.0
1.0
1.0
1.0
1.0
1.0
1.0
1.0
1.0
1.0
1.0
1.0
1.0
1.0
1.0
1.0
1.0
1.0
1.0
1.0
1.0
1.0
1.0
1.0
1.0
1.0
1.0
1.0
1.0
1.0
1.0
1.0
1.0
1.0
1.0
1.0
1.0
1.0
1.0
1.0
1.0
1.0
1.0
1.0
1.0
1.0
1.0
1.0
1.0
1.0
1.0
1.0
1.0
1.0
1.0
1.0
1.0
1.0
1.0
1.0
1.0
1.0
1.0
1.0
1.0
1.0
1.0
1.0
1.0
1.0
1.0
1.0
1.0
1.0
1.0
1.0
1.0
1.0
1.0
1.0
1.0
1.0
1.0
1.0
1.0
1.0
1.0
1.0
1.0
1.0
1.0
1.0
1.0
1.0
1.0
1.0
1.0
1.0
1.0
1.0
1.0
1.0
1.0
1.0
1.0
1.0
1.0
1.0
1.0
1.0
1.0
1.0
1.0
0.0
0.0
0.0
0.0
0.0
0.0
0.0
0.0
0.0
0.0
0.0
0.0
0.0
0.0
0.0
0.0
0.0
0.0
0.0
0.0
0.0
0.0
0.0
0.0
0.0
0.0
0.0
0.0
0.0
0.0
0.0
0.0
0.0
0.0
0.0
0.0
0.0
0.0
0.0
0.0
0.0
0.0
0.0
0.0
0.0
0.0
0.0
0.0
0.0
0.0
0.0
0.0
0.0
0.0
0.0
0.0
0.0
0.0
0.0
0.0
0.0
0.0
0.0
0.0
0.0
0.0
0.0
0.0
0.0
0.0
0.0
0.0
0.0
0.0
0.0
0.0
0.0
0.0
0.0
0.0
0.0
0.0
0.0
0.0
0.0
0.0
0.0
0.0
0.0
0.0
0.0
0.0
0.0
0.0
0.0
0.0
0.0
0.0
0.0
0.0
0.0
0.0
0.0
0.0
0.0
0.0
0.0
0.0
0.0
0.0
0.0
0.0
0.0
0.0
0.0
0.0
0.0
0.0
0.0
0.0
0.0
0.0
0.0
0.0
0.0
0.0
0.0
0.0
0.0
0.0
0.0
0.0
0.0
0.0
0.0
0.0
0.0
0.0
0.0
0.0
0.0
0.0
0.0
0.0
0.0
0.0
0.0
0.0
0.0
0.0
0.0
0.0
0.0
0.0
0.0
0.0
0.0
0.0
0.0
0.0
0.0
0.0
0.0
0.0
0.0
0.0
0.0
0.0
0.0
0.0
0.0
0.0
0.0
0.0
0.0
0.0
0.0
0.0
0.0
0.0
0.0
0.0
0.0
0.0
0.0
0.0
0.0
0.0
0.0
0.0
0.0
0.0
0.0
0.0
0.0
0.0
0.0
0.0
0.0
0.0
0.0
0.0
0.0
0.0
0.0
0.0
0.0
0.0
0.0
0.0
0.0
0.0
0.0
0.0
0.0
0.0
0.0
0.0
0.0
0.0
0.0
0.0
0.0
0.0
0.0
0.0
0.0
0.0
0.0
0.0
0.0
0.0
0.0
0.0
0.0
0.0
0.0
0.0
0.0
0.0
0.0
0.0
0.0
0.0
0.0
0.0
0.0
0.0
0.0
0.0
0.0
0.0
0.0
0.0
0.0
0.0
0.0
0.0
0.0
0.0
0.0
0.0
0.0
0.0
0.0
0.0
0.0
0.0
0.0
0.0
0.0
0.0
0.0
0.0
0.0
0.0
0.0
0.0
0.0
0.0
0.0
0.0
0.0
0.0
0.0
0.0
0.0
0.0
0.0
0.0
0.0
0.0
0.0
0.0
0.0
0.0
0.0
0.0
0.0
0.0
0.0
0.0
0.0
0.0
0.0
0.0
0.0
0.0
0.0
0.0
0.0
0.0
0.0
0.0
0.0
0.0
0.0
0.0
0.0
0.0
0.0
0.0
0.0
0.0
0.0
0.0
0.0
0.0
0.0
0.0
0.0
0.0
0.0
0.0
0.0
0.0
0.0
0.0
0.0
0.0
0.0
0.0
0.0
0.0
0.0
0.0
0.0
0.0
0.0
0.0
0.0
0.0
0.0
0.0
0.0
0.0
0.0
0.0
0.0
0.0
0.0
0.0
0.0
0.0
0.0
0.0
0.0
0.0
0.0
0.0
0.0
0.0
0.0
0.0
0.0
0.0
0.0
0.0
0.0
0.0
0.0
0.0
0.0
0.0
0.0
0.0
0.0
0.0
0.0
0.0
0.0
0.0
0.0
0.0
0.0
0.0
0.0
0.0
0.0
0.0
0.0
0.0
0.0
0.0
0.0
0.0
0.0
0.0
0.0
0.0
0.0
0.0
0.0
0.0
0.0
0.0
0.0
0.0
0.0
0.0
0.0
0.0
0.0
0.0
0.0
0.0
0.0
0.0
0.0
0.0
0.0
0.0
0.0
0.0
0.0
0.0
0.0
0.0
0.0
0.0
0.0
0.0
0.0
0.0
0.0
0.0
0.0
0.0
0.0
0.0
0.0
0.0
0.0
0.0
0.0
0.0
0.0
0.0
0.0
0.0
0.0
0.0
0.0
0.0
0.0
0.0
0.0
0.0
0.0
0.0
0.0
0.0
0.0
0.0
0.0
0.0
0.0
0.0
0.0
0.0
0.0
0.0
0.0
0.0
0.0
0.0
0.0
0.0
0.0
0.0
0.0
0.0
0.0
0.0
0.0
0.0
0.0
0.0
0.0
0.0
0.0
0.0
0.0
0.0
0.0
0.0
0.0
0.0
0.0
0.0
0.0
0.0
