1.11559363458493
1.1192592411174065
1.1229248476498832
1.12659045418236
1.1302560607148366
1.1339216672473131
1.1375872737797899
1.1412528803122666
1.1166257206080097
1.1203240557702405
1.1240223909324716
1.1277207260947024
1.1314190612569333
1.135117396419164
1.1388157315813952
1.142514066743626
1.1462124019058568
1.1499107370680879
1.1536090722303187
1.1176764027756494
1.1214080562726751
1.125139709769701
1.1288713632667267
1.1326030167637524
1.1363346702607784
1.1400663237578041
1.14379797725483
1.1475296307518557
1.1512612842488814
1.1549929377459072
1.158724591242933
1.1624562447399587
1.1661878982369844
1.1187461882554282
1.122511765875154
1.12627734349488
1.1300429211146061
1.133808498734332
1.137574076354058
1.1413396539737841
1.1451052315935102
1.148870809213236
1.152636386832962
1.1564019644526882
1.1601675420724142
1.16393311969214
1.1676986973118662
1.1714642749315922
1.1198356028265788
1.123635727029972
1.127435851233365
1.1312359754367585
1.1350360996401516
1.1388362238435448
1.1426363480469381
1.1464364722503313
1.1502365964537244
1.1540367206571178
1.157836844860511
1.1616369690639041
1.1654370932672973
1.1692372174706906
1.1730373416740838
1.176837465877477
1.1806375900808703
1.1209451917416398
1.1247805022802495
1.1286158128188593
1.1324511233574692
1.136286433896079
1.1401217444346887
1.1439570549732987
1.1477923655119084
1.1516276760505182
1.1554629865891282
1.159298297127738
1.1631336076663477
1.1669689182049576
1.1708042287435674
1.1746395392821771
1.178474849820787
1.1823101603593968
1.1861454708980066
1.1220755206364215
1.1259466751987566
1.1298178297610917
1.1336889843234268
1.137560138885762
1.141431293448097
1.1453024480104324
1.1491736025727675
1.1530447571351026
1.1569159116974377
1.1607870662597728
1.164658220822108
1.1685293753844432
1.1724005299467783
1.1762716845091135
1.1801428390714486
1.1840139936337837
1.1878851481961188
1.1917563027584541
1.1232271764914818
1.127134851379877
1.1310425262682717
1.1349502011566668
1.1388578760450616
1.1427655509334564
1.1466732258218515
1.1505809007102463
1.1544885755986412
1.1583962504870362
1.162303925375431
1.166211600263826
1.170119275152221
1.1740269500406157
1.1779346249290108
1.1818422998174056
1.1857499747058005
1.1896576495941955
1.1935653244825903
1.1244007686485438
1.1283456594882566
1.1322905503279697
1.1362354411676825
1.1401803320073955
1.1441252228471084
1.1480701136868214
1.1520150045265345
1.1559598953662473
1.1599047862059604
1.1638496770456732
1.1677945678853863
1.171739458725099
1.1756843495648122
1.1796292404045252
1.183574131244238
1.187519022083951
1.191463912923664
1.195408803763377
1.1993536946030898
1.1255969298855488
1.1295797523679514
1.133562574850354
1.1375453973327565
1.1415282198151588
1.1455110422975614
1.149493864779964
1.1534766872623665
1.1574595097447689
1.1614423322271714
1.165425154709574
1.1694079771919765
1.173390799674379
1.1773736221567814
1.181356444639184
1.1853392671215865
1.189322089603989
1.1933049120863914
1.197287734568794
1.2012705570511966
1.1268163175543406
1.1308378082161838
1.1348592988780273
1.1388807895398705
1.142902280201714
1.1469237708635571
1.1509452615254006
1.1549667521872438
1.1589882428490872
1.1630097335109304
1.1670312241727738
1.171052714834617
1.1750742054964602
1.1790956961583037
1.1831171868201469
1.1871386774819903
1.1911601681438335
1.195181658805677
1.1992031494675202
1.2032246401293636
1.1280596147852655
1.1321205318261465
1.1361814488670274
1.1402423659079084
1.1443032829487896
1.1483641999896705
1.1524251170305515
1.1564860340714325
1.1605469511123134
1.1646078681531944
1.1686687851940754
1.1727297022349563
1.1767906192758375
1.1808515363167185
1.1849124533575994
1.1889733703984804
1.1930342874393614
1.1970952044802423
1.2011561215211233
1.2052170385620042
1.2092779556028852
1.2190818771715128
1.1293275317633376
1.133428655903633
1.1375297800439288
1.1416309041842245
1.14573202832452
1.1498331524648158
1.1539342766051113
1.158035400745407
1.1621365248857027
1.1662376490259982
1.170338773166294
1.1744398973065897
1.1785410214468852
1.182642145587181
1.1867432697274767
1.1908443938677722
1.194945518008068
1.1990466421483637
1.2031477662886592
1.207248890428955
1.2171498805279648
1.2270508706269747
1.130620807080971
1.1347629424626695
1.1389050778443681
1.1430472132260667
1.1471893486077653
1.151331483989464
1.1554736193711626
1.1596157547528612
1.1637578901345598
1.1679000255162584
1.172042160897957
1.1761842962796556
1.1803264316613542
1.1844685670430528
1.1886107024247514
1.19275283780645
1.1968949731881486
1.2010371085698472
1.2051792439515459
1.2151792439515459
1.2251792439515459
1.2351792439515459
1.1319402091726978
1.1361241843057268
1.1403081594387556
1.1444921345717844
1.1486761097048135
1.1528600848378423
1.1570440599708711
1.1612280351039002
1.165412010236929
1.169595985369958
1.1737799605029868
1.1779639356360156
1.1821479107690447
1.1863318859020735
1.1905158610351023
1.1946998361681314
1.1988838113011602
1.203067786434189
1.2131687965351992
1.2232698066362093
1.2333708167372195
1.2434718268382294
1.1332865378377253
1.1375132065945606
1.141739875351396
1.1459665441082314
1.1501932128650667
1.154419881621902
1.1586465503787373
1.1628732191355726
1.167099887892408
1.1713265566492432
1.1755532254060785
1.1797798941629138
1.1840065629197492
1.1882332316765845
1.1924599004334198
1.196686569190255
1.2009132379470904
1.2111173195797436
1.2213214012123965
1.2315254828450495
1.2417295644777027
1.2519336461103556
1.134660625856671
1.138930868518216
1.1432011111797609
1.147471353841306
1.1517415965028508
1.1560118391643959
1.1602820818259407
1.1645523244874856
1.1688225671490307
1.1730928098105755
1.1773630524721206
1.1816332951336654
1.1859035377952105
1.1901737804567554
1.1944440231183004
1.1987142657798453
1.2090235441303607
1.2193328224808762
1.2296421008313918
1.2399513791819072
1.2502606575324227
1.260569935882938
1.1360633407093446
1.1403780650652806
1.1446927894212167
1.1490075137771527
1.1533222381330888
1.1576369624890248
1.1619516868449609
1.166266411200897
1.170581135556833
1.174895859912769
1.179210584268705
1.1835253086246411
1.1878400329805772
1.1921547573365132
1.1964694816924493
1.206886148359116
1.2173028150257827
1.2277194816924493
1.238136148359116
1.2485528150257827
1.2589694816924493
1.269386148359116
1.1374955864010219
1.141855728908073
1.1462158714151243
1.1505760139221755
1.1549361564292266
1.1592962989362778
1.163656441443329
1.1680165839503802
1.1723767264574312
1.1767368689644824
1.1810970114715336
1.1854571539785848
1.189817296485636
1.1941774389926871
1.2047037547821609
1.2152300705716346
1.225756386361108
1.2362827021505818
1.2468090179400555
1.2573353337295292
1.267861649519003
1.2783879653084766
1.138958305405288
1.143364832407095
1.1477713594089023
1.1521778864107093
1.1565844134125163
1.1609909404143233
1.1653974674161303
1.1698039944179373
1.1742105214197445
1.1786170484215515
1.1830235754233585
1.1874301024251654
1.1918366294269724
1.202474927299313
1.2131132251716534
1.2237515230439937
1.2343898209163342
1.2450281187886747
1.255666416661015
1.2663047145333555
1.148796638863911
1.144390111862104
1.139983584860297
1.13557705785849
1.131170530856683
1.1404524807322267
1.144906389744806
1.149360298757385
1.1538142077699642
1.1582681167825433
1.1627220257951225
1.1671759348077015
1.1716298438202808
1.1760837528328598
1.180537661845439
1.1849915708580183
1.1894454798705973
1.2001981680426403
1.2109508562146833
1.2217035443867263
1.2324562325587693
1.2432089207308124
1.2539616089028554
1.2647142970748984
1.2754669852469414
1.1682122387729794
1.1637583297604004
1.1593044207478211
1.1548505117352421
1.1503966027226629
1.1459426937100836
1.1414887846975046
1.1370348756849253
1.1325809666723463
1.14197913813149
1.1464814591985537
1.1509837802656175
1.1554861013326811
1.159988422399745
1.1644907434668086
1.1689930645338722
1.173495385600936
1.1779977066679996
1.1825000277350635
1.187002348802127
1.1978719140195184
1.2087414792369098
1.219611044454301
1.2304806096716923
1.2413501748890836
1.252219740106475
1.2630893053238663
1.2739588705412574
1.1745429537397494
1.1700406326726858
1.1655383116056222
1.1610359905385583
1.1565336694714947
1.1520313484044309
1.1475290273373673
1.1430267062703034
1.1385243852032398
1.134022064136176
1.1435393484406273
1.148091145563373
1.1526429426861187
1.1571947398088644
1.1617465369316102
1.166298334054356
1.1708501311771016
1.1754019282998474
1.1799537254225931
1.184505522545339
1.1954945335343499
1.2064835445233608
1.2174725555123718
1.2284615665013827
1.2394505774903937
1.2504395884794048
1.2614285994684158
1.2724176104574267
1.2834066214464377
1.1810128052991957
1.17646100817645
1.1719092110537044
1.1673574139309586
1.1628056168082128
1.158253819685467
1.1537020225627215
1.1491502254399757
1.14459842831723
1.1400466311944841
1.1354948340717386
1.1451342300899676
1.1497366027362994
1.1543389753826312
1.158941348028963
1.1635437206752948
1.1681460933216266
1.1727484659679583
1.1773508386142901
1.181953211260622
1.193064322371733
1.204175433482844
1.2152865445939551
1.2263976557050664
1.2375087668161775
1.2486198779272886
1.2597309890383996
1.2708421001495107
1.281953211260622
1.1922288039840725
1.1876264313377407
1.183024058691409
1.1784216860450771
1.1738193133987453
1.1692169407524136
1.1646145681060818
1.16001219545975
1.1554098228134182
1.1508074501670864
1.1462050775207546
1.1416027048744228
1.137000332228091
1.1467649517763718
1.1514190364749095
1.1560731211734472
1.160727205871985
1.1653812905705228
1.1700353752690607
1.1746894599675983
1.179343544666136
1.1905794997223158
1.2018154547784956
1.2130514098346754
1.2242873648908552
1.235523319947035
1.2467592750032148
1.2579952300593944
1.2692311851155742
1.280467140171754
1.2917030952279338
1.1943886781861408
1.1897345934876031
1.1850805087890652
1.1804264240905276
1.1757723393919897
1.171118254693452
1.1664641699949143
1.1618100852963764
1.1571560005978387
1.152501915899301
1.1478478312007632
1.1431937465022255
1.1385396618036876
1.1484327353192851
1.1531397073439427
1.1578466793686
1.1625536513932575
1.167260623417915
1.1719675954425726
1.17667456746723
1.1880382038308666
1.1994018401945028
1.2107654765581393
1.2221291129217755
1.233492749285412
1.2448563856490482
1.2562200220126847
1.267583658376321
1.2789472947399574
1.2903109311035939
1.30167456746723
1.2013046124629136
1.1965976404382561
1.1918906684135986
1.187183696388941
1.1824767243642835
1.177769752339626
1.1730627803149685
1.168355808290311
1.1636488362656534
1.1589418642409959
1.1542348922163386
1.149527920191681
1.1448209481670235
1.140113976142366
1.1501388587137595
1.1548999338651373
1.159661009016515
1.1644220841678927
1.1691831593192705
1.173944234470648
1.1854384873442114
1.1969327402177745
1.2084269930913378
1.219921245964901
1.2314154988384642
1.2429097517120276
1.2544040045855906
1.265898257459154
1.277392510332717
1.2888867632062804
1.3003810160798435
1.2083795337345546
1.2036184585831768
1.1988573834317993
1.1940963082804215
1.1893352331290439
1.184574157977666
1.1798130828262885
1.1750520076749107
1.170290932523533
1.1655298573721553
1.1607687822207775
1.1560077070694
1.1512466319180221
1.1464855567666443
1.1417244816152667
1.1518846593964778
1.156701095886825
1.1615175323771723
1.1663339688675194
1.1711504053578665
1.1827783123346107
1.194406219311355
1.2060341262880991
1.2176620332648433
1.2292899402415876
1.2409178472183318
1.252545754195076
1.2641736611718202
1.2758015681485644
1.2874294751253084
1.2108025515686773
1.2059861150783302
1.2011696785879828
1.1963532420976357
1.1915368056072886
1.1867203691169412
1.181903932626594
1.1770874961362467
1.1722710596458996
1.1674546231555525
1.1626381866652051
1.157821750174858
1.1530053136845106
1.1481888771941635
1.1433724407038164
1.1536715377423186
1.1585446381913758
1.163417738640433
1.1682908390894902
1.180055544971843
1.1918202508541962
1.203584956736549
1.215349662618902
1.2271143685012549
1.2388790743836078
1.250643780265961
1.2624084861483138
1.2741731920306667
1.2859378979130196
1.2132825815871324
1.2084094811380752
1.203536380689018
1.1986632802399608
1.1937901797909036
1.1889170793418464
1.1840439788927892
1.179170878443732
1.1742977779946748
1.1694246775456176
1.1645515770965607
1.1596784766475035
1.1548053761984463
1.149932275749389
1.1450591753003319
1.1555009608106797
1.1604320743603207
1.165363187909962
1.1772679498147238
1.1891727117194857
1.2010774736242478
1.2129822355290096
1.2248869974337715
1.2367917593385334
1.2486965212432952
1.2606012831480573
1.2256838870386426
1.2207527734890014
1.21582165993936
1.210890546389719
1.2059594328400778
1.2010283192904365
1.1960972057407955
1.1911660921911542
1.186234978641513
1.1813038650918717
1.1763727515422306
1.1714416379925894
1.1665105244429481
1.161579410893307
1.1566482973436658
1.1517171837940245
1.1467860702443833
1.1573744663626155
1.162364990918879
1.1744131836899632
1.1864613764610474
1.198509569232132
1.2105577620032162
1.2226059547743005
1.234654147545385
1.2467023403164692
1.2587505330875535
1.2354606382298328
1.2234124454587483
1.218421920902485
1.2134313963462215
1.2084408717899582
1.2034503472336948
1.1984598226774315
1.193469298121168
1.1884787735649047
1.1834882490086414
1.178497724452378
1.1735071998961146
1.1685166753398513
1.1635261507835877
1.1585356262273243
1.153545101671061
1.1485545771147976
1.1592936671719156
1.1714887891231351
1.1836839110743547
1.1958790330255742
1.2080741549767937
1.2202692769280132
1.2324643988792328
1.2446595208304523
1.2454758467671494
1.2332807248159299
1.2210856028647104
1.216034218252883
1.2109828336410553
1.2059314490292277
1.2008800644174
1.1958286798055726
1.190777295193745
1.1857259105819173
1.18067452597009
1.1756231413582623
1.1705717567464347
1.1655203721346072
1.1604689875227796
1.155417602910952
1.1503662182991243
1.255738344404153
1.2433926653918073
1.2310469863794617
1.218701307367116
1.213587559982303
1.2084738125974899
1.2033600652126766
1.1982463178278635
1.1931325704430504
1.1880188230582374
1.1829050756734243
1.1777913282886112
1.1726775809037981
1.167563833518985
1.162450086134172
1.1573363387493587
1.1522225913645456
1.2662574044820816
1.2537574044820816
1.2412574044820817
1.2287574044820817
1.2162574044820817
1.2110797352549585
1.2059020660278352
1.200724396800712
1.1955467275735887
1.1903690583464654
1.1851913891193422
1.180013719892219
1.1748360506650957
1.1696583814379724
1.1644807122108491
1.1593030429837259
1.1541253737566026
1.2770427698784388
1.2643845420303377
1.2517263141822363
1.239068086334135
1.226409858486034
1.2137516306379326
1.2085084212940103
1.203265211950088
1.1980220026061656
1.1927787932622433
1.187535583918321
1.1822923745743987
1.1770491652304764
1.1718059558865543
1.166562746542632
1.1613195371987097
1.1560763278547874
1.2881046831054719
1.275284170284959
1.2624636574644463
1.2496431446439336
1.2368226318234206
1.2240021190029078
1.211181606182395
1.2058711762058583
1.2005607462293217
1.195250316252785
1.1899398862762482
1.1846294562997117
1.179319026323175
1.1740085963466382
1.1686981663701015
1.163387736393565
1.1580773064170282
1.2734798927799604
1.2604928797929473
1.2475058668059344
1.2345188538189213
1.2215318408319085
1.2085448278448954
1.2031654312452869
1.1977860346456783
1.1924066380460696
1.187027241446461
1.1816478448468526
1.1762684482472439
1.1708890516476353
1.1655096550480268
1.1601302584484183
1.28478602902483
1.271628134287988
1.258470239551146
1.2453123448143038
1.2321544500774617
1.2189965553406197
1.2058386606037774
1.2003884824699635
1.1949383043361497
1.1894881262023356
1.1840379480685217
1.1785877699347076
1.1731375918008937
1.1676874136670798
1.1622372355332657
1.2963936622362298
1.2830603289028963
1.2697269955695631
1.2563936622362297
1.2430603289028963
1.229726995569563
1.2163936622362297
1.2030603289028965
1.1975374817272983
1.1920146345517002
1.186491787376102
1.180968940200504
1.1754460930249058
1.1699232458493076
1.1644003986737095
1.29480150175064
1.2812879882371266
1.267774474723613
1.2542609612100997
1.240747447696586
1.2272339341830725
1.213720420669559
1.2002069071560455
1.1946094269105068
1.1890119466649682
1.1834144664194295
1.177816986173891
1.1722195059283522
1.1666220256828135
1.2931657204298288
1.2794670902928427
1.2657684601558563
1.25206983001887
1.2383711998818836
1.2246725697448975
1.210973939607911
1.1972753094709248
1.1916011514138034
1.185926993356682
1.1802528352995607
1.1745786772424391
1.1689045191853178
1.305373389627884
1.291484500738995
1.2775956118501062
1.2637067229612173
1.2498178340723285
1.2359289451834394
1.2220400562945506
1.2081511674056618
1.194262278516773
1.1885093127088582
1.1827563469009434
1.1770033810930287
1.171250415285114
1.289755922747011
1.2756714157047575
1.261586908662504
1.2475024016202505
1.233417894577997
1.2193333875357435
1.20524888049349
1.1911643734512365
1.1853303799558863
1.1794963864605361
1.173662392965186
1.287977956812399
1.2736922425266846
1.2594065282409703
1.245120813955256
1.2308350996695419
1.2165493853838274
1.2022636710981132
1.187977956812399
1.1820606205528295
1.17614328429326
1.271655702010117
1.2571629483869284
1.24267019476374
1.2281774411405517
1.2136846875173632
1.1991919338941748
1.1846991802709865
1.1786960855149016
1.1752325932081633
1.181323968769485
1.1874153443308064
1.1935067198921279
1.1995980954534493
1.2056894710147708
1.2254416161842383
1.2107357338312972
1.1960298514783558
1.1813239691254147
1.1778480050470912
1.1840302966615668
1.1902125882760424
1.1963948798905177
1.2025771715049933
1.208759463119469
1.2149417547339445
1.2211240463484199
1.2273063379628955
1.233488629577371
1.180542671790229
1.1868186344897722
1.1930945971893157
1.1993705598888589
1.2056465225884023
1.2119224852879458
1.218198447987489
1.2244744106870324
1.2307503733865757
1.2370263360861191
1.2433022987856623
1.1833202513562324
1.1896927673280764
1.1960652832999206
1.2024377992717645
1.2088103152436085
1.2151828312154525
1.2215553471872966
1.2279278631591406
1.2343003791309846
1.2406728951028285
1.2470454110746727
1.2534179270465167
1.2597904430183606
1.2661629589902046
1.1861846302836736
1.1926567168175777
1.1991288033514818
1.2056008898853858
1.21207297641929
1.218545062953194
1.225017149487098
1.2314892360210021
1.2379613225549062
1.2444334090888103
1.2509054956227144
1.2573775821566184
1.2638496686905225
1.2703217552244266
1.2767938417583307
1.189139941875478
1.1957147599416662
1.2022895780078544
1.2088643960740428
1.215439214140231
1.2220140322064192
1.2285888502726074
1.2351636683387959
1.241738486404984
1.2483133044711723
1.2548881225373607
1.261462940603549
1.2680377586697371
1.2746125767359253
1.2811873948021137
1.192190586099276
1.1988714496181447
1.2055523131370134
1.212233176655882
1.218914040174751
1.2255949036936196
1.2322757672124882
1.238956630731357
1.2456374942502257
1.2523183577690944
1.2589992212879633
1.265680084806832
1.2723609483257006
1.2790418118445694
1.285722675363438
1.2924035388823067
1.2990844024011756
1.1953412514451658
1.2021316373168027
1.2089220231884399
1.2157124090600768
1.222502794931714
1.2292931808033511
1.236083566674988
1.2428739525466252
1.2496643384182622
1.2564547242898993
1.2632451101615363
1.2700354960331734
1.2768258819048106
1.2836162677764476
1.2904066536480847
1.2971970395197217
1.3039874253913588
1.198596938969252
1.2055004979387496
1.2124040569082473
1.219307615877745
1.2262111748472426
1.2331147338167403
1.240018292786238
1.2469218517557357
1.2538254107252333
1.260728969694731
1.2676325286642287
1.2745360876337264
1.281439646603224
1.2883432055727218
1.2952467645422194
1.3021503235117171
1.3090538824812148
1.3159574414507125
1.20196298878229
1.208983557225847
1.2160041256694039
1.223024694112961
1.230045262556518
1.2370658310000748
1.2440863994436318
1.2511069678871887
1.2581275363307458
1.2651481047743027
1.2721686732178596
1.2791892416614166
1.2862098101049735
1.2932303785485306
1.3002509469920875
1.3072715154356445
1.3142920838792014
1.3213126523227583
1.3328747325024362
1.2054451092785363
1.212586722005603
1.2197283347326695
1.226869947459736
1.2340115601868027
1.2411531729138692
1.2482947856409359
1.2554363983680024
1.2625780110950688
1.2697196238221355
1.276861236549202
1.2840028492762685
1.2911444620033352
1.2982860747304017
1.3054276874574684
1.3125693001845349
1.3197109129116014
1.3314723393012737
1.3487137186116185
1.2090494094413178
1.2163163136197364
1.223583217798155
1.2308501219765735
1.238117026154992
1.2453839303334109
1.2526508345118295
1.259917738690248
1.2671846428686666
1.2744515470470852
1.2817184512255038
1.2889853554039226
1.2962522595823411
1.3035191637607597
1.3107860679391783
1.3180529721175969
1.3300207393211232
1.3475645989702458
1.3651084586193687
1.2127824346099128
1.2201791049343744
1.2275757752588363
1.234972445583298
1.24236911590776
1.2497657862322218
1.2571624565566835
1.2645591268811454
1.271955797205607
1.279352467530069
1.2867491378545306
1.2941458081789925
1.3015424785034544
1.308939148827916
1.316335819152378
1.3285172964845384
1.3463744393416814
1.3642315821988242
1.382088725055967
1.3999458679131098
1.2166512061482748
1.2241823613877267
1.2317135166271789
1.2392446718666308
1.2467758271060827
1.2543069823455348
1.2618381375849868
1.2693692928244389
1.2769004480638908
1.284431603303343
1.2919627585427949
1.299493913782247
1.307025069021699
1.314556224261151
1.3269591829993508
1.345141001181169
1.3633228193629872
1.3815046375448055
1.3996864557266235
1.4178682739084416
1.220663265521391
1.2283338865986106
1.2360045076758301
1.2436751287530499
1.2513457498302696
1.259016370907489
1.2666869919847088
1.2743576130619285
1.282028234139148
1.2896988552163677
1.2973694762935875
1.305040097370807
1.3127107184480267
1.3253433616073043
1.3438618801258229
1.3623803986443415
1.3808989171628598
1.3994174356813784
1.4179359541998968
1.4364544727184154
1.2248267233614172
1.232642073138207
1.240457422914997
1.2482727726917866
1.2560881224685765
1.2639034722453664
1.2717188220221562
1.279534171798946
1.2873495215757358
1.2951648713525257
1.3029802211293156
1.3107955709061052
1.323666565823105
1.342534490351407
1.3614024148797088
1.380270339408011
1.3991382639363128
1.4180061884646147
1.4368741129929166
1.4557420375212184
1.2291503141952906
1.2371159591600955
1.2450816041249007
1.2530472490897056
1.2610128940545107
1.2689785390193156
1.2769441839841207
1.2849098289489258
1.2928754739137307
1.3008411188785358
1.3088067638433407
1.32192527789336
1.341156047124129
1.3603868163548982
1.3796175855856676
1.3988483548164368
1.418079124047206
1.4373098932779753
1.4565406625087445
1.4757714317395136
1.2336434576108846
1.2417652916926467
1.2498871257744086
1.2580089598561706
1.2661307939379325
1.2742526280196944
1.2823744621014563
1.2904962961832183
1.2986181302649804
1.3067399643467423
1.320115704162448
1.3397235472997029
1.359331390436958
1.3789392335742128
1.3985470767114676
1.4181549198487227
1.4377627629859775
1.4573706061232323
1.4769784492604874
1.4965862923977422
1.2383163267631023
1.2466005975264995
1.2548848682898968
1.263169139053294
1.2714534098166912
1.2797376805800884
1.2880219513434854
1.2963062221068826
1.3045904928702798
1.3182337474822998
1.3382337474822998
1.3582337474822999
1.3782337474822999
1.3982337474823
1.4182337474823
1.4382337474822997
1.4582337474822997
1.4782337474822997
1.4982337474822998
1.5182337474822998
1.2431799252684719
1.2516332627821425
1.260086600295813
1.2685399378094837
1.2769932753231543
1.285446612836825
1.2938999503504955
1.3023532878641662
1.3162749762437782
1.3366831395090844
1.3570913027743905
1.3774994660396964
1.3979076293050026
1.4183157925703087
1.4387239558356149
1.459132119100921
1.4795402823662271
1.4999484456315333
1.5203566088968394
1.5407647721621456
1.0
1.0
1.0
1.1098933876777182
1.1183467251913888
1.1268000627050594
1.13525340021873
1.1437067377324006
1.1521600752460712
1.160613412759742
1.1690667502734127
1.1775200877870833
1.185973425300754
1.1944267628144245
1.2028801003280951
1.2113334378417657
1.2197867753554363
1.228240112869107
1.2482461737115649
1.256875622423437
1.265505071135309
1.2741345198471812
1.2827639685590533
1.2913934172709254
1.3000228659827975
1.3142345895369847
1.3350679228703182
1.3559012562036514
1.3767345895369847
1.3975679228703182
1.4184012562036514
1.4392345895369847
1.4600679228703182
1.4809012562036514
1.5017345895369847
1.5225679228703182
1.5434012562036514
1.008629448711872
1.0
1.0
1.0
1.0
1.0
1.0
1.0
1.0
1.0
1.0
1.0
1.0
1.0690355896949768
1.077665038406849
1.086294487118721
1.094923935830593
1.1035533845424652
1.1121828332543373
1.1208122819662094
1.1294417306780815
1.1380711793899536
1.1467006281018257
1.1553300768136978
1.16395952552557
1.172588974237442
1.1812184229493141
1.1898478716611862
1.1984773203730583
1.2071067690849304
1.2157362177968025
1.2243656665086746
1.2329951152205467
1.2535280071947896
1.2623410611984038
1.2711541152020178
1.279967169205632
1.288780223209246
1.29759327721286
1.312107377863945
1.3333839736086257
1.3546605693533065
1.3759371650979875
1.3972137608426682
1.418490356587349
1.43976695233203
1.4610435480767108
1.4823201438213915
1.5035967395660725
1.5248733353107533
1.5461499310554343
1.567426526800115
1.0264391620108422
1.0176261080072282
1.008813054003614
1.0
1.0
1.0
1.0
1.0
1.0
1.0
1.0
1.0
1.0
1.0
1.0
1.0
1.0
1.0
1.0
1.0
1.0
1.0
1.0
1.0
1.0
1.0
1.0352522160144562
1.0440652700180704
1.0528783240216844
1.0616913780252983
1.0705044320289125
1.0793174860325265
1.0881305400361405
1.0969435940397547
1.1057566480433687
1.1145697020469827
1.123382756050597
1.1321958100542109
1.1410088640578249
1.149821918061439
1.158634972065053
1.167448026068667
1.1762610800722813
1.1850741340758952
1.1938871880795092
1.2027002420831234
1.2115132960867374
1.2203263500903516
1.2291394040939656
1.2379524580975796
1.2590394856120677
1.2680441277461951
1.2770487698803226
1.28605341201445
1.2950580541485774
1.3098876787268596
1.3316268091616423
1.353365939596425
1.3751050700312075
1.3968442004659902
1.4185833309007727
1.4403224613355554
1.462061591770338
1.4838007222051206
1.505539852639903
1.5272789830746858
1.5490181135094685
1.570757243944251
1.5924963743790337
1.0270139264023823
1.0180092842682549
1.0090046421341274
1.0
1.0
1.0
1.0
1.0
1.0
1.0
1.0
1.0
1.0
1.0
1.0
1.0
1.0
1.0
1.0
1.0
1.0
1.0
1.0
1.0
1.0
1.0
1.0360185685365095
1.045023210670637
1.0540278528047644
1.0630324949388918
1.0720371370730193
1.0810417792071467
1.0900464213412742
1.0990510634754016
1.1080557056095288
1.1170603477436563
1.1260649898777837
1.1350696320119111
1.1440742741460386
1.153078916280166
1.1620835584142934
1.1710882005484209
1.180092842682548
1.1890974848166755
1.198102126950803
1.2071067690849304
1.2161114112190579
1.2251160533531853
1.2341206954873127
1.24312533762144
1.2647959186256692
1.2740006639183328
1.2832054092109964
1.29241015450366
1.307569326294793
1.3297915485170153
1.3520137707392375
1.3742359929614596
1.396458215183682
1.418680437405904
1.4409026596281262
1.4631248818503486
1.4853471040725708
1.5075693262947931
1.5297915485170153
1.5520137707392374
1.5742359929614598
1.596458215183682
1.618680437405904
1.0460237264633179
1.0368189811706543
1.0276142358779907
1.0184094905853271
1.0092047452926636
1.0
1.0
1.0
1.0
1.0
1.0
1.0
1.0
1.0
1.0
1.0
1.0
1.0
1.0
1.0
1.0
1.0
1.0
1.0
1.0
1.0
1.0
1.0
1.0
1.0
1.0
1.0
1.0
1.0
1.0
1.0
1.0092047452926636
1.0184094905853271
1.0276142358779907
1.0368189811706543
1.0460237264633179
1.0552284717559814
1.064433217048645
1.0736379623413086
1.0828427076339722
1.0920474529266357
1.1012521982192993
1.110456943511963
1.1196616888046265
1.12886643409729
1.1380711793899536
1.1472759246826172
1.1564806699752808
1.1656854152679443
1.174890160560608
1.1840949058532715
1.193299651145935
1.2025043964385986
1.2117091417312622
1.2209138870239258
1.2301186323165894
1.239323377609253
1.2485281229019165
1.2708140076853436
1.2802279517346586
1.2896418957839737
1.3051455942067234
1.327872866933996
1.3506001396612688
1.3733274123885415
1.3960546851158142
1.418781957843087
1.4415092305703596
1.4642365032976323
1.486963776024905
1.5096910487521777
1.5324183214794507
1.5551455942067234
1.577872866933996
1.6006001396612688
1.6233274123885415
1.0564836642958901
1.047069720246575
1.03765577619726
1.028241832147945
1.0188278880986301
1.009413944049315
1.0
1.0
1.0
1.0
1.0
1.0
1.0
1.0
1.0
1.0
1.0
1.0
1.0
1.0
1.0
1.0
1.0
1.0
1.0
1.0
1.0
1.0
1.0
1.0
1.0
1.0
1.0
1.0
1.0
1.0
1.0
1.0
1.0
1.0
1.0
1.0
1.0
1.0
1.009413944049315
1.0188278880986301
1.028241832147945
1.03765577619726
1.047069720246575
1.0564836642958901
1.0658976083452052
1.0753115523945203
1.084725496443835
1.0941394404931502
1.1035533845424652
1.1129673285917803
1.1223812726410953
1.1317952166904102
1.1412091607397252
1.1506231047890403
1.1600370488383553
1.1694509928876704
1.1788649369369855
1.1882788809863003
1.1976928250356154
1.2071067690849304
1.2165207131342455
1.2259346571835605
1.2353486012328754
1.2447625452821904
1.2541764893315055
1.2771120078640725
1.286744880844767
1.3026091303936271
1.3258649443471155
1.3491207583006037
1.3723765722540922
1.3956323862075806
1.418888200161069
1.4421440141145574
1.4653998280680456
1.488655642021534
1.5119114559750224
1.5351672699285108
1.5584230838819992
1.5816788978354877
1.6049347117889758
1.6281905257424643
1.0577972378841667
1.0481643649034722
1.0385314919227777
1.0288986189420832
1.019265745961389
1.0096328729806945
1.0
1.0
1.0
1.0
1.0
1.0
1.0
1.0
1.0
1.0
1.0
1.0
1.0
1.0
1.0
1.0
1.0
1.0
1.0
1.0
1.0
1.0
1.0
1.0
1.0
1.0
1.0
1.0
1.0
1.0
1.0
1.0
1.0
1.0
1.0
1.0
1.0
1.0
1.0
1.0
1.0
1.0
1.0
1.0
1.0
1.0096328729806945
1.019265745961389
1.0288986189420832
1.0385314919227777
1.0481643649034722
1.0577972378841667
1.0674301108648612
1.0770629838455554
1.08669585682625
1.0963287298069444
1.1059616027876389
1.1155944757683331
1.1252273487490276
1.1348602217297221
1.1444930947104166
1.154125967691111
1.1637588406718054
1.1733917136524998
1.1830245866331943
1.1926574596138888
1.2022903325945833
1.2119232055752776
1.221556078555972
1.2311889515366665
1.240821824517361
1.2504546974980555
1.2600875704787498
1.283709912813217
1.299951882589431
1.323761406398955
1.3475709302084786
1.3713804540180026
1.3951899778275263
1.41899950163705
1.442809025446574
1.4666185492560977
1.4904280730656214
1.5142375968751454
1.538047120684669
1.561856644494193
1.5856661683037168
1.6094756921132405
1.6332852159227644
1.6570947397322882
1.0690355896949768
1.0591733625956945
1.049311135496412
1.0394489083971297
1.0295866812978471
1.0197244541985648
1.0098622270992823
1.0
1.0
1.0
1.0
1.0
1.0
1.0
1.0
1.0
1.0
1.0
1.0
1.0
1.0
1.0
1.0
1.0
1.0
1.0
1.0
1.0
1.0197244541985648
1.0098622270992823
1.0
1.0
1.0
1.0
1.0
1.0
1.0
1.0
1.0
1.0
1.0
1.0
1.0
1.0
1.0
1.0
1.0
1.0
1.0
1.0
1.0
1.0
1.0
1.0
1.0
1.0
1.0
1.0098622270992823
1.0197244541985648
1.0295866812978471
1.0394489083971297
1.049311135496412
1.0591733625956945
1.0690355896949768
1.0788978167942591
1.0887600438935416
1.098622270992824
1.1084844980921065
1.1183467251913888
1.1282089522906713
1.1380711793899536
1.147933406489236
1.1577956335885184
1.1676578606878008
1.1775200877870833
1.1873823148863656
1.1972445419856481
1.2071067690849304
1.2169689961842127
1.2268312232834953
1.2366934503827776
1.24655567748206
1.2564179045813424
1.266280131680625
1.2971650129411278
1.321555256843567
1.345945500746006
1.370335744648445
1.394725988550884
1.419116232453323
1.4435064763557621
1.467896720258201
1.49228696416064
1.516677208063079
1.541067451965518
1.5654576958679571
1.5898479397703962
1.6142381836728352
1.070719384565586
1.0606166153419307
1.0505138461182757
1.0404110768946206
1.0303083076709654
1.0202055384473103
1.010102769223655
1.0
1.0
1.0
1.0
1.0
1.0
1.0
1.0
1.0
1.0
1.0
1.0
1.0
1.0
1.0
1.0
1.0
1.0
1.0
1.0
1.0
1.0303083076709654
1.0202055384473103
1.010102769223655
1.0
1.0
1.0
1.0
1.0
1.0
1.0
1.0
1.0
1.0
1.0
1.0
1.0
1.0
1.0
1.0
1.0
1.0
1.0
1.0
1.0
1.0
1.0
1.0
1.0
1.0
1.0
1.0
1.0
1.010102769223655
1.0202055384473103
1.0303083076709654
1.0404110768946206
1.0505138461182757
1.0606166153419307
1.070719384565586
1.080822153789241
1.0909249230128963
1.1010276922365514
1.1111304614602067
1.1212332306838617
1.1313359999075168
1.141438769131172
1.151541538354827
1.1616443075784824
1.1717470768021374
1.1818498460257925
1.1919526152494477
1.2020553844731028
1.212158153696758
1.222260922920413
1.2323636921440684
1.2424664613677234
1.2525692305913785
1.2626719998150338
1.2727747690386888
1.3192387998104096
1.3442387998104095
1.3692387998104096
1.3942387998104095
1.4192387998104095
1.4442387998104096
1.4692387998104095
1.4942387998104096
1.5192387998104095
1.5442387998104095
1.5692387998104096
1.5942387998104095
1.6192387998104096
1.0828427076339722
1.0724873691797256
1.0621320307254791
1.0517766922712326
1.041421353816986
1.0310660153627396
1.020710676908493
1.0103553384542465
1.0
1.0
1.0
1.0
1.0
1.0
1.0
1.0
1.0
1.0
1.0
1.0
1.0
1.0
1.0
1.0
1.0
1.0
1.0
1.0
1.0
1.0
1.0310660153627396
1.020710676908493
1.0103553384542465
1.0
1.0
1.0
1.0
1.0
1.0
1.0
1.0
1.0
1.0
1.0
1.0
1.0
1.0
1.0
1.0
1.0
1.0
1.0
1.0
1.0
1.0
1.0
1.0
1.0
1.0
1.0
1.0
1.0
1.0
1.0
1.0
1.0
1.0103553384542465
1.020710676908493
1.0310660153627396
1.041421353816986
1.0517766922712326
1.0621320307254791
1.0724873691797256
1.0828427076339722
1.0931980460882187
1.1035533845424652
1.1139087229967117
1.1242640614509583
1.1346193999052048
1.1449747383594513
1.1553300768136978
1.1656854152679443
1.1760407537221909
1.1863960921764374
1.196751430630684
1.2071067690849304
1.217462107539177
1.2278174459934235
1.23817278444767
1.2485281229019165
1.258883461356163
1.2692387998104095
1.2942387998104095
1.3424445757499108
1.3680856013909364
1.3937266270319622
1.4193676526729877
1.4450086783140133
1.470649703955039
1.4962907295960646
1.5219317552370903
1.547572780878116
1.5732138065191417
1.0849668796245868
1.0743460196715136
1.06372515971844
1.0531042997653668
1.0424834398122935
1.03186257985922
1.0212417199061468
1.0106208599530733
1.0
1.0
1.0
1.0
1.0
1.0
1.0
1.0
1.0
1.0
1.0
1.0
1.0
1.0
1.0
1.0
1.0
1.0
1.0
1.0
1.0
1.0
1.0
1.0424834398122935
1.03186257985922
1.0212417199061468
1.0106208599530733
1.0
1.0
1.0
1.0
1.0
1.0
1.0
1.0
1.0
1.0
1.0
1.0
1.0
1.0
1.0
1.0
1.0
1.0
1.0
1.0
1.0
1.0
1.0
1.0
1.0
1.0
1.0
1.0
1.0
1.0
1.0
1.0
1.0
1.0
1.0106208599530733
1.0212417199061468
1.03186257985922
1.0424834398122935
1.0531042997653668
1.06372515971844
1.0743460196715136
1.0849668796245868
1.09558773957766
1.1062085995307336
1.1168294594838069
1.1274503194368803
1.1380711793899536
1.1486920393430269
1.1593128992961004
1.1699337592491736
1.1805546192022471
1.1911754791553204
1.2017963391083937
1.2124171990614672
1.2230380590145404
1.2336589189676137
1.2442797789206872
1.2549006388737605
1.265521498826834
1.2911625244678595
1.316803550108885
1.3668717083178068
1.393187497791491
1.4195032872651752
1.4458190767388595
1.4721348662125437
1.0872028501410234
1.0763024938733954
1.0654021376057674
1.0545017813381397
1.0436014250705117
1.0327010688028837
1.0218007125352557
1.010900356267628
1.0
1.0
1.0
1.0
1.0
1.0
1.0
1.0
1.0
1.0
1.0
1.0
1.0
1.0
1.0
1.0
1.0
1.0
1.0
1.0
1.0
1.0
1.0
1.0436014250705117
1.0327010688028837
1.0218007125352557
1.010900356267628
1.0
1.0
1.0
1.0
1.0
1.0
1.0
1.0
1.0
1.0
1.0
1.0
1.0
1.0
1.0
1.0
1.0
1.0
1.0
1.0
1.0
1.0
1.0
1.0
1.010900356267628
1.0
1.0
1.0
1.0
1.0
1.0
1.0
1.0
1.0
1.0
1.0
1.010900356267628
1.0218007125352557
1.0327010688028837
1.0436014250705117
1.0545017813381397
1.0654021376057674
1.0763024938733954
1.0872028501410234
1.0981032064086513
1.109003562676279
1.119903918943907
1.130804275211535
1.141704631479163
1.1526049877467908
1.1635053440144187
1.1744057002820467
1.1853060565496747
1.1962064128173024
1.2071067690849304
1.2180071253525584
1.2289074816201861
1.2398078378878141
1.250708194155442
1.26160855042307
1.2879243398967541
1.3142401293704384
1.3405559188441227
1.3926192264299135
1.4196462534569405
1.4466732804839675
1.4737003075109947
1.5007273345380217
1.0895596839286186
1.0783647234375413
1.0671697629464638
1.0559748024553866
1.0447798419643093
1.033584881473232
1.0223899209821545
1.0111949604910773
1.0
1.0
1.0
1.0
1.0
1.0
1.0
1.0
1.0
1.0
1.0
1.0
1.0
1.0
1.0
1.0
1.0
1.0
1.0
1.0
1.0
1.0
1.0
1.0447798419643093
1.033584881473232
1.0223899209821545
1.0111949604910773
1.0
1.0
1.0
1.0
1.0
1.0
1.0
1.0
1.0
1.0
1.0
1.0
1.0
1.0
1.0
1.0
1.0
1.0
1.0
1.0
1.0
1.0
1.0
1.0
1.0111949604910773
1.0
1.0
1.0
1.0
1.0
1.0
1.0
1.0
1.0
1.0
1.0
1.0111949604910773
1.0223899209821545
1.033584881473232
1.0447798419643093
1.0559748024553866
1.0671697629464638
1.0783647234375413
1.0895596839286186
1.1007546444196958
1.111949604910773
1.1231445654018506
1.1343395258929279
1.1455344863840051
1.1567294468750824
1.1679244073661599
1.1791193678572371
1.1903143283483144
1.2015092888393917
1.2127042493304692
1.2238992098215464
1.2350941703126237
1.246289130803701
1.2574840912947784
1.2845111183218054
1.3115381453488324
1.3385651723758594
1.3655921994028866
1.0920474529266357
1.0805415213108063
1.0690355896949768
1.0575296580791473
1.0460237264633179
1.0345177948474884
1.023011863231659
1.0115059316158295
1.0
1.0
1.0
1.0
1.0
1.0
1.0
1.0
1.0
1.0
1.0
1.0
1.0
1.0
1.0
1.0
1.0
1.0
1.0
1.0
1.0
1.0
1.0
1.0
1.0
1.023011863231659
1.0115059316158295
1.0
1.0460237264633179
1.0345177948474884
1.023011863231659
1.0115059316158295
1.0
1.0
1.0
1.0
1.0
1.0
1.0
1.0
1.0
1.0
1.0
1.0
1.0
1.0
1.0
1.0
1.0
1.0
1.0
1.0
1.0
1.0
1.0
1.0
1.0115059316158295
1.0
1.0
1.0
1.0
1.0
1.0
1.0
1.0
1.0
1.0
1.0
1.0115059316158295
1.023011863231659
1.0345177948474884
1.0460237264633179
1.0575296580791473
1.0690355896949768
1.0805415213108063
1.0920474529266357
1.1035533845424652
1.1150593161582947
1.1265652477741241
1.1380711793899536
1.149577111005783
1.1610830426216125
1.172588974237442
1.1840949058532715
1.195600837469101
1.2071067690849304
1.2186127007007599
1.2301186323165894
1.2416245639324188
1.2531304955482483
1.280908273326026
1.3086860511038039
1.3364638288815816
1.3642416066593595
1.3920193844371371
1.0
1.0
1.0
1.0
1.0
1.0
1.0
1.0
1.0
1.0946773801531111
1.0828427076339722
1.0710080351148332
1.0591733625956945
1.0473386900765556
1.0355040175574166
1.0236693450382777
1.011834672519139
1.0
1.0
1.0
1.0
1.0
1.0
1.0
1.0
1.0
1.0
1.0
1.0
1.0
1.0
1.0
1.0
1.0
1.0
1.0
1.0
1.0
1.0
1.0
1.0
1.0
1.0591733625956945
1.0473386900765556
1.0355040175574166
1.0236693450382777
1.011834672519139
1.0
1.0
1.0
1.0
1.0
1.0710080351148332
1.0591733625956945
1.0473386900765556
1.0355040175574166
1.0236693450382777
1.011834672519139
1.0
1.0
1.0
1.0
1.0
1.0
1.0
1.0
1.0
1.0
1.0
1.0
1.0
1.0
1.0
1.0
1.0
1.0
1.0
1.0
1.0
1.0
1.0
1.0
1.011834672519139
1.0
1.0
1.0
1.0
1.0
1.0
1.0
1.0
1.0
1.0
1.0
1.0
1.0
1.011834672519139
1.0236693450382777
1.0355040175574166
1.0473386900765556
1.0591733625956945
1.0710080351148332
1.0828427076339722
1.0946773801531111
1.1065120526722498
1.1183467251913888
1.1301813977105277
1.1420160702296667
1.1538507427488054
1.1656854152679443
1.1775200877870833
1.189354760306222
1.201189432825361
1.2130241053445
1.2248587778636388
1.2366934503827776
1.2485281229019165
1.277099551473345
1.3056709800447737
1.3342424086162021
1.3628138371876308
1.3913852657590593
1.419956694330488
1.0
1.0
1.0
1.0
1.0
1.0
1.0
1.0
1.0
1.0
1.0
1.0
1.0
1.0
1.0
1.0
1.0
1.0
1.0
1.0
1.0
1.0974620089811438
1.0852792578585007
1.0730965067358578
1.0609137556132149
1.0487310044905718
1.0365482533679289
1.024365502245286
1.0121827511226429
1.0
1.0
1.0
1.0
1.0
1.0
1.0
1.0
1.0
1.0
1.0
1.0
1.0
1.0
1.0
1.0
1.0
1.0
1.0
1.0
1.0
1.0
1.0
1.0
1.0
1.0
1.0852792578585007
1.0730965067358578
1.0609137556132149
1.0487310044905718
1.0365482533679289
1.024365502245286
1.0121827511226429
1.0
1.0
1.0
1.0
1.0
1.0
1.0730965067358578
1.0609137556132149
1.0487310044905718
1.0365482533679289
1.024365502245286
1.0121827511226429
1.0
1.0
1.0
1.0
1.0
1.0
1.0
1.0
1.0
1.0
1.0
1.0
1.0
1.0
1.0
1.0
1.0
1.0
1.0
1.0
1.0
1.0
1.0
1.0
1.0121827511226429
1.0
1.0
1.0
1.0
1.0
1.0
1.0
1.0
1.0
1.0
1.0
1.0
1.0
1.0
1.0121827511226429
1.024365502245286
1.0365482533679289
1.0487310044905718
1.0609137556132149
1.0730965067358578
1.0852792578585007
1.0974620089811438
1.1096447601037867
1.1218275112264298
1.1340102623490727
1.1461930134717155
1.1583757645943586
1.1705585157170015
1.1827412668396444
1.1949240179622875
1.2071067690849304
1.2192895202075733
1.2314722713302164
1.2436550224528593
1.2730667871587418
1.302478551864624
1.3318903165705063
1.3613020812763887
1.390713845982271
1.4201256106881535
1.4495373753940357
1.0
1.0
1.0
1.0
1.0
1.0
1.0
1.0
1.0
1.0
1.0
1.0
1.0
1.0
1.0
1.0
1.0
1.0
1.0
1.0
1.0
1.0
1.0
1.0
1.0
1.0
1.0
1.0
1.0
1.0
1.0
1.1004154031926936
1.087863477793607
1.0753115523945203
1.0627596269954334
1.0502077015963467
1.03765577619726
1.0251038507981733
1.0125519253990867
1.0
1.0
1.0
1.0
1.0
1.0
1.0
1.0
1.0
1.0
1.0
1.0
1.0
1.0
1.0
1.0
1.0
1.0
1.0
1.0
1.0
1.0
1.0
1.0
1.0
1.0
1.1004154031926936
1.087863477793607
1.0753115523945203
1.0627596269954334
1.0502077015963467
1.03765577619726
1.0251038507981733
1.0125519253990867
1.0
1.0
1.0
1.0
1.0
1.0
1.0
1.0
1.0
1.0753115523945203
1.0627596269954334
1.0502077015963467
1.03765577619726
1.0251038507981733
1.0125519253990867
1.0
1.0
1.0
1.0
1.0
1.0
1.0
1.0
1.0
1.0
1.0
1.0
1.0
1.0
1.0
1.0
1.0
1.0
1.0
1.0
1.0
1.0
1.0
1.0
1.0125519253990867
1.0251038507981733
1.0
1.0
1.0
1.0
1.0
1.0
1.0
1.0
1.0
1.0
1.0
1.0
1.0
1.0
1.0125519253990867
1.0251038507981733
1.03765577619726
1.0502077015963467
1.0627596269954334
1.0753115523945203
1.087863477793607
1.1004154031926936
1.1129673285917803
1.125519253990867
1.1380711793899536
1.1506231047890403
1.163175030188127
1.1757269555872136
1.1882788809863003
1.200830806385387
1.2133827317844739
1.2259346571835605
1.2384865825826472
1.2687896128856775
1.2990926431887078
1.329395673491738
1.3596987037947683
1.3900017340977986
1.4203047644008289
1.4506077947038594
1.4809108250068896
1.0
1.0
1.0
1.0
1.0
1.0
1.0
1.0
1.0
1.0
1.0
1.0
1.0
1.0
1.0
1.0
1.0
1.0
1.0
1.0
1.0
1.0
1.0
1.0
1.0
1.0
1.0
1.0
1.0
1.0
1.0
1.0
1.0
1.0
1.0
1.0
1.0
1.1035533845424652
1.090609211474657
1.077665038406849
1.0647208653390408
1.0517766922712326
1.0388325192034245
1.0258883461356163
1.0129441730678082
1.0
1.0
1.0
1.0
1.0
1.0
1.0
1.0
1.0
1.0
1.0
1.0
1.0
1.0
1.0
1.0
1.0
1.0
1.0
1.0
1.0
1.0
1.0
1.0
1.0
1.0
1.0
1.1164975576102734
1.1035533845424652
1.090609211474657
1.077665038406849
1.0647208653390408
1.0517766922712326
1.0388325192034245
1.0258883461356163
1.0129441730678082
1.0
1.0
1.0
1.0
1.0
1.0
1.0
1.0
1.0
1.0
1.077665038406849
1.0647208653390408
1.0517766922712326
1.0388325192034245
1.0258883461356163
1.0129441730678082
1.0
1.0
1.0
1.0
1.0
1.0
1.0
1.0
1.0
1.0
1.0
1.0
1.0
1.0
1.0
1.0
1.0
1.0
1.0
1.0
1.0
1.0
1.0
1.0
1.0129441730678082
1.0258883461356163
1.0
1.0
1.0
1.0
1.0
1.0
1.0
1.0
1.0
1.0
1.0
1.0
1.0
1.0
1.0
1.0129441730678082
1.0258883461356163
1.0388325192034245
1.0517766922712326
1.0647208653390408
1.077665038406849
1.090609211474657
1.1035533845424652
1.1164975576102734
1.1294417306780815
1.1423859037458897
1.1553300768136978
1.168274249881506
1.1812184229493141
1.1941625960171223
1.2071067690849304
1.2200509421527386
1.2329951152205467
1.2642451152205467
1.2954951152205467
1.3267451152205467
1.3579951152205467
1.3892451152205467
1.4204951152205467
1.4517451152205467
1.4829951152205467
1.5142451152205467
1.0
1.0
1.0
1.0
1.0
1.0
1.0
1.0
1.0
1.0
1.0
1.0
1.0
1.0
1.0
1.0
1.0
1.0
1.0
1.0
1.0
1.0
1.0
1.0
1.0
1.0
1.0
1.0
1.0
1.0
1.0
1.0
1.0
1.0
1.0
1.0
1.0
1.0
1.0
1.0
1.1068938163018995
1.0935320892641622
1.0801703622264247
1.0668086351886872
1.0534469081509499
1.0400851811132124
1.0267234540754748
1.0133617270377375
1.0
1.0
1.0
1.0
1.0
1.0
1.0
1.0
1.0
1.0
1.0
1.0
1.0
1.0
1.0
1.0
1.0
1.0
1.0
1.0
1.0
1.0
1.0
1.0
1.0
1.0
1.0
1.120255543339637
1.1068938163018995
1.0935320892641622
1.0801703622264247
1.0668086351886872
1.0534469081509499
1.0400851811132124
1.0267234540754748
1.0133617270377375
1.0
1.0
1.0
1.0
1.0
1.0
1.0
1.0
1.0
1.0
1.0
1.0801703622264247
1.0668086351886872
1.0534469081509499
1.0400851811132124
1.0267234540754748
1.0133617270377375
1.0
1.0
1.0
1.0
1.0
1.0
1.0
1.0
1.0
1.0
1.0
1.0
1.0
1.0
1.0
1.0
1.0
1.0
1.0
1.0
1.0
1.0
1.0
1.0
1.0133617270377375
1.0267234540754748
1.0
1.0
1.0
1.0
1.0
1.0
1.0
1.0
1.0
1.0
1.0
1.0
1.0
1.0
1.0
1.0133617270377375
1.0267234540754748
1.0400851811132124
1.0534469081509499
1.0668086351886872
1.0801703622264247
1.0935320892641622
1.1068938163018995
1.120255543339637
1.1336172703773744
1.146978997415112
1.1603407244528494
1.1737024514905867
1.1870641785283242
1.2004259055660618
1.213787632603799
1.2271493596415366
1.2594074241576656
1.2916654886737946
1.3239235531899236
1.3561816177060526
1.3884396822221818
1.4206977467383108
1.4529558112544398
1.4852138757705688
1.5174719402866979
1.5497300048028269
1.0
1.0
1.0
1.0
1.0
1.0
1.0
1.0
1.0
1.0
1.0
1.0
1.0
1.0
1.0
1.0
1.0
1.0
1.0
1.0
1.0
1.0
1.0
1.0
1.0
1.0
1.0
1.0
1.0
1.0
1.0
1.0
1.0
1.0
1.0
1.0
1.0
1.0
1.0
1.0
1.0
1.0
1.0
1.0
1.0966498255729675
1.0828427076339722
1.0690355896949768
1.0552284717559814
1.041421353816986
1.0276142358779907
1.0138071179389954
1.0
1.0
1.0
1.0
1.0
1.0
1.0
1.0
1.0
1.0
1.0
1.0
1.0
1.0
1.0
1.0
1.0
1.0
1.0
1.0
1.0
1.0
1.0
1.0
1.0
1.0
1.0
1.1242640614509583
1.110456943511963
1.0966498255729675
1.0828427076339722
1.0690355896949768
1.0552284717559814
1.041421353816986
1.0276142358779907
1.0138071179389954
1.0
1.0
1.0
1.0
1.0
1.0
1.0
1.0
1.0
1.0
1.0
1.0828427076339722
1.0690355896949768
1.0552284717559814
1.041421353816986
1.0276142358779907
1.0138071179389954
1.0
1.0
1.0
1.0
1.0
1.0
1.0
1.0
1.0
1.0
1.0
1.0
1.0
1.0
1.0
1.0
1.0
1.0
1.0
1.0
1.0
1.0
1.0
1.0
1.0138071179389954
1.0276142358779907
1.0
1.0
1.0
1.0
1.0
1.0
1.0
1.0
1.0
1.0
1.0
1.0
1.0
1.0
1.0
1.0138071179389954
1.0276142358779907
1.041421353816986
1.0552284717559814
1.0690355896949768
1.0828427076339722
1.0966498255729675
1.110456943511963
1.1242640614509583
1.1380711793899536
1.151878297328949
1.1656854152679443
1.1794925332069397
1.193299651145935
1.2071067690849304
1.2209138870239258
1.2542472203572592
1.2875805536905924
1.3209138870239259
1.354247220357259
1.3875805536905925
1.4209138870239257
1.4542472203572592
1.4875805536905924
1.5209138870239258
1.554247220357259
1.5875805536905925
1.0
1.0
1.0
1.0
1.0
1.0
1.0
1.0
1.0
1.0
1.0
1.0
1.0
1.0
1.0
1.0
1.0
1.0
1.0
1.0
1.0
1.0
1.0
1.0
1.0
1.0
1.0
1.0
1.0
1.0
1.0
1.0
1.0
1.0
1.0
1.0
1.0
1.0
1.0
1.0
1.0
1.0
1.0
1.0
1.0999825781789319
1.085699352724799
1.0714161272706657
1.0571329018165325
1.0428496763623993
1.0285664509082664
1.0142832254541332
1.0
1.0
1.0
1.0
1.0
1.0
1.0
1.0
1.0
1.0
1.0
1.0
1.0
1.0
1.0
1.0
1.0
1.0
1.0
1.0
1.0
1.0
1.0
1.0
1.0
1.0
1.0
1.1285490290871982
1.114265803633065
1.0999825781789319
1.085699352724799
1.0714161272706657
1.0571329018165325
1.0428496763623993
1.0285664509082664
1.0142832254541332
1.0
1.0
1.0
1.0
1.0
1.0
1.0
1.0
1.0
1.0
1.0
1.085699352724799
1.0714161272706657
1.0571329018165325
1.0428496763623993
1.0285664509082664
1.0142832254541332
1.0
1.0
1.0
1.0
1.0
1.0
1.0
1.0
1.0
1.0
1.0
1.0
1.0
1.0
1.0
1.0
1.0
1.0
1.0
1.0
1.0
1.0
1.0
1.0
1.0142832254541332
1.0285664509082664
1.0
1.0
1.0
1.0
1.0
1.0
1.0
1.0
1.0
1.0
1.0
1.0
1.0
1.0
1.0
1.0142832254541332
1.0285664509082664
1.0428496763623993
1.0571329018165325
1.0714161272706657
1.085699352724799
1.0999825781789319
1.114265803633065
1.1285490290871982
1.1428322545413314
1.1571154799954644
1.1713987054495976
1.1856819309037308
1.199965156357864
1.214248381811997
1.2487311404326866
1.2832138990533764
1.3176966576740659
1.3521794162947556
1.3866621749154453
1.421144933536135
1.4556276921568245
1.4901104507775143
1.524593209398204
1.5590759680188935
1.5935587266395832
1.628041485260273
1.0
1.0
1.0
1.0
1.0
1.0
1.0
1.0
1.0
1.0
1.0
1.0
1.0
1.0
1.0
1.0
1.0
1.0
1.0
1.0
1.0
1.0
1.0
1.0
1.0
1.0
1.0
1.0
1.0
1.0
1.0
1.0
1.0
1.0
1.0
1.0
1.0
1.0
1.0
1.0
1.0
1.0
1.0
1.0
1.0
1.0
1.0
1.0
1.0
1.1035533845424652
1.0887600438935416
1.073966703244618
1.0591733625956945
1.0443800219467707
1.0295866812978471
1.0147933406489236
1.0
1.0
1.0
1.0
1.0
1.0
1.0
1.0
1.0
1.0
1.0
1.0
1.0
1.0
1.0
1.0
1.0
1.0
1.0
1.0
1.0
1.0
1.0
1.0
1.0
1.0
1.0
1.1331400658403123
1.1183467251913888
1.1035533845424652
1.0887600438935416
1.073966703244618
1.0591733625956945
1.0443800219467707
1.0295866812978471
1.0147933406489236
1.0
1.0
1.0
1.0
1.0
1.0
1.0
1.0
1.0
1.0
1.0
1.0
1.0
1.1096809889589037
1.073966703244618
1.0591733625956945
1.0443800219467707
1.0295866812978471
1.0147933406489236
1.0
1.0
1.0
1.0
1.0
1.0
1.0
1.0
1.0
1.0
1.0
1.0
1.0
1.0
1.0
1.0
1.0
1.0
1.0
1.0
1.0
1.0
1.0
1.0
1.0147933406489236
1.0295866812978471
1.0
1.0
1.0
1.0
1.0
1.0
1.0
1.0
1.0
1.0
1.0
1.0
1.0
1.0
1.0
1.0
1.0147933406489236
1.0295866812978471
1.0443800219467707
1.0591733625956945
1.073966703244618
1.0887600438935416
1.1035533845424652
1.1183467251913888
1.1331400658403123
1.147933406489236
1.1627267471381597
1.1775200877870833
1.1923134284360069
1.2071067690849304
1.2428210547992162
1.2785353405135018
1.3142496262277876
1.3499639119420732
1.385678197656359
1.4213924833706446
1.4571067690849304
1.4928210547992162
1.5285353405135018
1.5642496262277876
1.5999639119420732
1.635678197656359
1.6713924833706446
1.0
1.0
1.0
1.0
1.0
1.0
1.0
1.0
1.0
1.0
1.0
1.0
1.0
1.0
1.0
1.0
1.0
1.0
1.0
1.0
1.0
1.0
1.0
1.0
1.0
1.0
1.0
1.0
1.0
1.0
1.0
1.0
1.0
1.0
1.0
1.0
1.0
1.0
1.0
1.0
1.0
1.0
1.0
1.0
1.0
1.0
1.0
1.0
1.0
1.0
1.0
1.107388695081075
1.0920474529266357
1.0767062107721965
1.061364968617757
1.0460237264633179
1.0306824843088787
1.0153412421544392
1.0
1.0
1.0
1.0
1.0
1.0
1.0
1.0
1.0
1.0
1.0
1.0
1.0
1.0
1.0
1.0
1.0
1.0
1.0
1.0
1.0
1.0
1.0
1.0
1.0
1.0
1.0
1.0
1.0
1.1380711793899536
1.1227299372355144
1.107388695081075
1.0920474529266357
1.0767062107721965
1.061364968617757
1.0460237264633179
1.0306824843088787
1.0153412421544392
1.0
1.0
1.0
1.0
1.0
1.0
1.0
1.0
1.0
1.0
1.0
1.0
1.0
1.0
1.061364968617757
1.0460237264633179
1.0306824843088787
1.0153412421544392
1.0
1.0
1.0
1.0
1.0
1.0
1.0
1.0
1.0
1.0
1.0
1.0
1.0
1.0
1.0
1.0
1.0
1.0
1.0
1.0
1.0
1.0
1.0
1.0
1.0153412421544392
1.0306824843088787
1.0
1.0
1.0
1.0
1.0
1.0
1.0
1.0
1.0
1.0
1.0
1.0
1.0
1.0
1.0
1.0
1.0153412421544392
1.0306824843088787
1.0460237264633179
1.061364968617757
1.0767062107721965
1.0920474529266357
1.107388695081075
1.1227299372355144
1.1380711793899536
1.1534124215443928
1.1687536636988323
1.1840949058532715
1.1994361480077107
1.236473185044748
1.2735102220817849
1.3105472591188219
1.3475842961558588
1.384621333192896
1.421658370229933
1.45869540726697
1.495732444304007
1.0
1.0
1.0
1.0
1.0
1.0
1.0
1.0
1.0
1.0
1.0
1.0
1.0
1.0
1.0
1.0
1.0
1.0
1.0
1.0
1.0
1.0
1.0
1.0
1.0
1.0
1.0
1.0
1.0
1.0
1.0
1.0
1.0
1.0
1.0
1.0
1.0
1.0
1.0
1.0
1.0
1.0
1.0
1.0
1.0
1.0
1.0
1.0
1.0
1.0
1.0
1.0
1.01593128992961
1.03186257985922
1.09558773957766
1.07965644964805
1.06372515971844
1.04779386978883
1.03186257985922
1.01593128992961
1.0
1.0
1.0
1.0
1.0
1.0
1.0
1.0
1.0
1.0
1.0
1.0
1.0
1.0
1.0
1.0
1.0
1.0
1.0
1.0
1.0
1.0
1.0
1.0
1.0
1.0
1.0
1.0
1.0
1.1433816093664904
1.1274503194368803
1.1115190295072703
1.09558773957766
1.07965644964805
1.06372515971844
1.04779386978883
1.03186257985922
1.01593128992961
1.0
1.0
1.0
1.0
1.0
1.0
1.0
1.0
1.0
1.0
1.0
1.0
1.0
1.0
1.0
1.06372515971844
1.04779386978883
1.03186257985922
1.01593128992961
1.0
1.0
1.0
1.0
1.0
1.0
1.0
1.0
1.0
1.0
1.0
1.0
1.0
1.0
1.0
1.0
1.0
1.0
1.0
1.0
1.0
1.0
1.0
1.0
1.01593128992961
1.03186257985922
1.0
1.0
1.0
1.0
1.0
1.0
1.0
1.0
1.0
1.0
1.0
1.0
1.0
1.0
1.0
1.0
1.01593128992961
1.03186257985922
1.04779386978883
1.06372515971844
1.07965644964805
1.09558773957766
1.1115190295072703
1.1274503194368803
1.1433816093664904
1.1593128992961004
1.1752441892257104
1.1911754791553204
1.229637017616859
1.2680985560783973
1.3065600945399358
1.3450216330014741
1.3834831714630127
1.0
1.0
1.0
1.0
1.0
1.0
1.0
1.0
1.0
1.0
1.0
1.0
1.0
1.0
1.0
1.0
1.0
1.0
1.0
1.0
1.0
1.0
1.0
1.0
1.0
1.0
1.0
1.0
1.0
1.0
1.0
1.0
1.0
1.0
1.0
1.0
1.0
1.0
1.0
1.0
1.0
1.0
1.0
1.0
1.0
1.0
1.0
1.0
1.0
1.0
1.0
1.0
1.0
1.0
1.0
1.0
1.0165685415267944
1.0331370830535889
1.0994112491607666
1.0828427076339722
1.0662741661071777
1.0497056245803833
1.0331370830535889
1.0165685415267944
1.0
1.0
1.0
1.0
1.0
1.0
1.0
1.0
1.0
1.0
1.0
1.0
1.0
1.0
1.0
1.0
1.0
1.0
1.0
1.0
1.0
1.0
1.0
1.0
1.0
1.0
1.0
1.0
1.0
1.14911687374115
1.1325483322143555
1.115979790687561
1.0994112491607666
1.0828427076339722
1.0662741661071777
1.0497056245803833
1.0331370830535889
1.0165685415267944
1.0
1.0
1.0
1.0
1.0
1.0
1.0
1.0
1.0
1.0
1.0
1.0
1.0
1.0
1.0
1.0662741661071777
1.0497056245803833
1.0331370830535889
1.0165685415267944
1.0
1.0
1.0
1.0
1.0
1.0
1.0
1.0
1.0
1.0
1.0
1.0
1.0
1.0
1.0
1.0
1.0
1.0
1.0
1.0
1.0
1.0
1.0
1.0
1.0165685415267944
1.0331370830535889
1.0
1.0
1.0
1.0
1.0
1.0
1.0
1.0
1.0
1.0
1.0
1.0
1.0
1.0
1.0
1.0
1.0165685415267944
1.0331370830535889
1.0497056245803833
1.0662741661071777
1.0828427076339722
1.0994112491607666
1.115979790687561
1.1325483322143555
1.14911687374115
1.1656854152679443
1.1822539567947388
1.2222539567947388
1.2622539567947388
1.3022539567947389
1.0
1.0
1.0
1.0
1.0
1.0
1.0
1.0
1.0
1.0
1.0
1.0
1.0
1.0
1.0
1.0
1.0
1.0
1.0
1.0
1.0
1.0
1.0
1.0
1.0
1.0
1.0
1.0
1.0
1.0
1.0
1.0
1.0
1.0
1.0
1.0
1.0
1.0
1.0
1.0
1.0
1.0
1.0
1.0
1.0
1.0
1.0
1.0
1.0
1.0
1.0
1.0
1.0
1.0
1.0
1.0
1.0172588974237442
1.0345177948474884
1.086294487118721
1.0690355896949768
1.0517766922712326
1.0345177948474884
1.0172588974237442
1.0
1.0
1.0
1.0
1.0
1.0
1.0
1.0
1.0
1.0
1.0
1.0
1.0
1.0
1.0
1.0
1.0
1.0
1.0
1.0
1.0
1.0
1.0
1.0
1.0
1.0
1.0
1.0
1.0
1.1380711793899536
1.1208122819662094
1.1035533845424652
1.086294487118721
1.0690355896949768
1.0517766922712326
1.0345177948474884
1.0172588974237442
1.0
1.0
1.0
1.0
1.0
1.0
1.0
1.0
1.0
1.0
1.0
1.0
1.0
1.0
1.0
1.0
1.0690355896949768
1.0517766922712326
1.0345177948474884
1.0172588974237442
1.0
1.0
1.0
1.0
1.0
1.0
1.0
1.0
1.0
1.0
1.0
1.0
1.0
1.0
1.0
1.0
1.0
1.0
1.0
1.0
1.0
1.0
1.0
1.0
1.0172588974237442
1.0
1.0
1.0
1.0
1.0
1.0
1.0
1.0
1.0
1.0
1.0
1.0
1.0
1.0
1.0
1.0
1.0172588974237442
1.0345177948474884
1.0517766922712326
1.0690355896949768
1.086294487118721
1.1035533845424652
1.1208122819662094
1.1380711793899536
1.1553300768136978
1.172588974237442
1.2142556409041088
1.2559223075707753
1.0
1.0
1.0
1.0
1.0
1.0
1.0
1.0
1.0
1.0
1.0
1.0
1.0
1.0
1.0
1.0
1.0
1.0
1.0
1.0
1.0
1.0
1.0
1.0
1.0
1.0
1.0
1.0
1.0
1.0
1.0
1.0
1.0
1.0
1.0
1.0
1.0
1.0
1.0
1.0
1.0
1.0
1.0
1.0
1.0
1.0
1.0
1.0
1.0
1.0
1.0
1.0
1.0
1.0
1.0
1.0
1.0
1.0
1.0
1.0
1.0180092842682549
1.0360185685365095
1.0900464213412742
1.0720371370730193
1.0540278528047644
1.0360185685365095
1.0180092842682549
1.0
1.0
1.0
1.0
1.0
1.0
1.0
1.0
1.0
1.0
1.0
1.0
1.0
1.0
1.0
1.0
1.0
1.0
1.0
1.0
1.0
1.0
1.0
1.0
1.0
1.0
1.0
1.0
1.0
1.1440742741460386
1.1260649898777837
1.1080557056095288
1.0900464213412742
1.0720371370730193
1.0540278528047644
1.0360185685365095
1.0180092842682549
1.0
1.0
1.0
1.0
1.0
1.0
1.0
1.0
1.0
1.0
1.0
1.0
1.0
1.0
1.0
1.0
1.0
1.0
1.0540278528047644
1.0360185685365095
1.0180092842682549
1.0
1.0
1.0
1.0
1.0
1.0
1.0
1.0
1.0
1.0
1.0
1.0
1.0
1.0
1.0
1.0
1.0
1.0
1.0
1.0
1.0
1.0
1.0
1.0
1.0180092842682549
1.0
1.0
1.0
1.0
1.0
1.0
1.0
1.0
1.0
1.0
1.0
1.0
1.0
1.0
1.0
1.0
1.0
1.0
1.0180092842682549
1.0360185685365095
1.0540278528047644
1.0720371370730193
1.0900464213412742
1.1080557056095288
1.1260649898777837
1.1440742741460386
1.1620835584142934
1.2055618192838586
1.0
1.0
1.0
1.0
1.0
1.0
1.0
1.0
1.0
1.0
1.0
1.0
1.0
1.0
1.0
1.0
1.0
1.0
1.0
1.0
1.0
1.0
1.0
1.0
1.0
1.0
1.0
1.0
1.0
1.0
1.0
1.0
1.0
1.0
1.0
1.0
1.0
1.0
1.0
1.0
1.0
1.0
1.0
1.0
1.0
1.0
1.0
1.0
1.0
1.0
1.0
1.0
1.0
1.0
1.0
1.0
1.0
1.0
1.0
1.0
1.0188278880986301
1.03765577619726
1.1207660978490657
1.0753115523945203
1.0564836642958901
1.03765577619726
1.0188278880986301
1.0
1.0
1.0
1.0
1.0
1.0
1.0
1.0
1.0
1.0
1.0
1.0
1.0
1.0
1.0
1.0
1.0
1.0
1.0
1.0
1.0
1.0
1.0
1.0
1.0
1.0
1.0
1.0
1.0
1.1317952166904102
1.1129673285917803
1.0941394404931502
1.0753115523945203
1.0564836642958901
1.03765577619726
1.0188278880986301
1.0
1.0
1.0
1.0
1.0
1.0
1.0
1.0
1.0
1.0
1.0
1.0
1.0
1.0
1.0
1.0
1.0
1.0
1.0564836642958901
1.03765577619726
1.0188278880986301
1.0
1.0
1.0
1.0
1.0
1.0
1.0
1.0
1.0
1.0
1.0
1.0
1.0
1.0
1.0
1.0
1.0
1.0
1.0
1.0
1.0
1.0
1.0
1.0
1.0188278880986301
1.0
1.0
1.0
1.0
1.0
1.0
1.0
1.0
1.0
1.0
1.0
1.0
1.0
1.0
1.0
1.0
1.0
1.0
1.0188278880986301
1.03765577619726
1.0564836642958901
1.0753115523945203
1.0941394404931502
1.1129673285917803
1.1317952166904102
1.1506231047890403
1.0
1.0
1.0
1.0
1.0
1.0
1.0
1.0
1.0
1.0
1.0
1.0
1.0
1.0
1.0
1.0
1.0
1.0
1.0
1.0
1.0
1.0
1.0
1.0
1.0
1.0
1.0
1.0
1.0
1.0
1.0
1.0
1.0
1.0
1.0
1.0
1.0
1.0
1.0
1.0
1.0
1.0
1.0
1.0
1.0
1.0
1.0
1.0
1.0
1.0
1.0
1.0
1.0
1.0
1.0
1.0
1.0
1.0
1.0
1.0
1.0
1.0197244541985648
1.0394489083971297
1.0591733625956945
1.0394489083971297
1.0197244541985648
1.0
1.0
1.0
1.0
1.0
1.0
1.0
1.0
1.0
1.0
1.0
1.0
1.0
1.0
1.0
1.0
1.0
1.0
1.0
1.0
1.0
1.0
1.0
1.0
1.0
1.0
1.0
1.0
1.0
1.1380711793899536
1.1183467251913888
1.098622270992824
1.0788978167942591
1.0591733625956945
1.0394489083971297
1.0197244541985648
1.0
1.0
1.0
1.0
1.0
1.0
1.0
1.0
1.0
1.0
1.0
1.0
1.0
1.0
1.0
1.0
1.0
1.0
1.0
1.0591733625956945
1.0394489083971297
1.0197244541985648
1.0
1.0
1.0
1.0
1.0
1.0
1.0
1.0
1.0
1.0
1.0
1.0
1.0
1.0
1.0
1.0
1.0
1.0
1.0
1.0
1.0
1.0
1.0
1.0
1.0197244541985648
1.0
1.0
1.0
1.0
1.0
1.0
1.0
1.0
1.0
1.0
1.0
1.0
1.0
1.0
1.0
1.0
1.0
1.0
1.0197244541985648
1.0394489083971297
1.0591733625956945
1.0788978167942591
1.098622270992824
1.1183467251913888
1.1380711793899536
1.0
1.0
1.0
1.0
1.0
1.0
1.0
1.0
1.0
1.0
1.0
1.0
1.0
1.0
1.0
1.0
1.0
1.0
1.0
1.0
1.0
1.0
1.0
1.0
1.0
1.0
1.0
1.0
1.0
1.0
1.0
1.0
1.0
1.0
1.0
1.0
1.0
1.0
1.0
1.0
1.0
1.0
1.0
1.0
1.0
1.0
1.0
1.0
1.0
1.0
1.0
1.0
1.0
1.0
1.0
1.0
1.0
1.0
1.0
1.0
1.0
1.020710676908493
1.041421353816986
1.0621320307254791
1.041421353816986
1.020710676908493
1.0
1.0
1.0
1.0
1.0
1.0
1.0
1.0
1.0
1.0
1.0
1.0
1.0
1.0
1.0
1.0
1.0
1.0
1.0
1.0
1.0
1.0
1.0
1.0
1.0
1.0
1.0
1.0
1.0
1.1742640614509583
1.1242640614509583
1.1035533845424652
1.0828427076339722
1.0621320307254791
1.041421353816986
1.020710676908493
1.0
1.0
1.0
1.0
1.0
1.0
1.0
1.0
1.0
1.0
1.0
1.0
1.0
1.0
1.0
1.0
1.0
1.0
1.0
1.0621320307254791
1.041421353816986
1.020710676908493
1.0
1.0
1.0
1.0
1.0
1.0
1.0
1.0
1.0
1.0
1.0
1.0
1.0
1.0
1.0
1.0
1.0
1.0
1.0
1.0
1.0
1.0
1.0
1.0
1.020710676908493
1.0
1.0
1.0
1.0
1.0
1.0
1.0
1.0
1.0
1.0
1.0
1.0
1.0
1.0
1.0
1.0
1.0
1.0
1.020710676908493
1.041421353816986
1.0621320307254791
1.0828427076339722
1.1035533845424652
1.1242640614509583
1.1742640614509583
1.0
1.0
1.0
1.0
1.0
1.0
1.0
1.0
1.0
1.0
1.0
1.0
1.0
1.0
1.0
1.0
1.0
1.0
1.0
1.0
1.0
1.0
1.0
1.0
1.0
1.0
1.0
1.0
1.0
1.0
1.0
1.0
1.0
1.0
1.0
1.0
1.0
1.0
1.0
1.0
1.0
1.0
1.0
1.0
1.0
1.0
1.0
1.0
1.0
1.0
1.0
1.0
1.0
1.0
1.0
1.0
1.0
1.0
1.0
1.0
1.0
1.0
1.0
1.0
1.0
1.0
1.0
1.0
1.0
1.0
1.0
1.0
1.0
1.0
1.0
1.0
1.0
1.0
1.0
1.0218007125352557
1.0436014250705117
1.0654021376057674
1.0436014250705117
1.0218007125352557
1.0
1.0
1.0
1.0
1.0
1.0
1.0
1.0
1.0
1.0
1.0
1.0
1.0
1.0
1.0
1.0
1.0
1.0
1.0
1.0
1.0
1.0
1.0
1.0
1.0
1.0
1.0
1.0
1.0
1.109003562676279
1.0872028501410234
1.0654021376057674
1.0436014250705117
1.0218007125352557
1.0
1.0
1.0
1.0
1.0
1.0
1.0
1.0
1.0
1.0
1.0
1.0
1.0
1.0
1.0
1.0
1.0
1.0
1.0
1.0654021376057674
1.0436014250705117
1.0218007125352557
1.0
1.0
1.0
1.0
1.0
1.0
1.0
1.0
1.0
1.0
1.0
1.0
1.0
1.0
1.0
1.0
1.0
1.0
1.0
1.0
1.0
1.0
1.0
1.0
1.0218007125352557
1.0
1.0
1.0
1.0
1.0
1.0
1.0
1.0
1.0
1.0
1.0
1.0
1.0
1.0
1.0
1.0
1.0
1.0
1.0218007125352557
1.0436014250705117
1.0654021376057674
1.0872028501410234
1.109003562676279
1.0
1.0
1.0
1.0
1.0
1.0
1.0
1.0
1.0
1.0
1.0
1.0
1.0
1.0
1.0
1.0
1.0
1.0
1.0
1.0
1.0
1.0
1.0
1.0
1.0
1.0
1.0
1.0
1.0
1.0
1.0
1.0
1.0
1.0
1.0
1.0
1.0
1.0
1.0
1.0
1.0
1.0
1.0
1.0
1.0
1.0
1.0
1.0
1.0
1.0
1.0
1.0
1.0
1.0
1.0
1.0
1.0
1.0
1.0
1.0
1.0
1.0
1.0
1.0
1.0
1.0
1.0
1.0
1.0
1.0
1.0
1.0
1.0
1.0
1.0
1.0
1.0
1.0
1.0
1.0
1.0
1.0
1.0
1.0
1.0
1.0
1.0
1.0
1.023011863231659
1.0460237264633179
1.0460237264633179
1.023011863231659
1.0
1.0
1.0
1.0
1.0
1.0
1.0
1.0
1.0
1.0
1.0
1.0
1.0
1.0
1.0
1.0
1.0
1.0
1.0
1.0
1.0
1.0
1.0
1.0
1.0
1.0
1.0
1.0
1.0
1.1150593161582947
1.0920474529266357
1.0690355896949768
1.0460237264633179
1.023011863231659
1.0
1.0
1.0
1.0
1.0
1.0
1.0
1.0
1.0
1.0
1.0
1.0
1.0
1.0
1.0
1.0
1.0
1.0
1.0
1.0
1.0460237264633179
1.023011863231659
1.0
1.0
1.0
1.0
1.0
1.0
1.0
1.0
1.0
1.0
1.0
1.0
1.0
1.0
1.0
1.0
1.0
1.0
1.0
1.0
1.0
1.0
1.0
1.0
1.023011863231659
1.0
1.0
1.0
1.0
1.0
1.0
1.0
1.0
1.0
1.0
1.0
1.0
1.0
1.0
1.0
1.0
1.0
1.0
1.023011863231659
1.0460237264633179
1.0690355896949768
1.0920474529266357
1.1150593161582947
1.0
1.0
1.0
1.0
1.0
1.0
1.0
1.0
1.0
1.0
1.0
1.0
1.0
1.0
1.0
1.0
1.0
1.0
1.0
1.0
1.0
1.0
1.0
1.0
1.0
1.0
1.0
1.0
1.0
1.0
1.0
1.0
1.0
1.0
1.0
1.0
1.0
1.0
1.0
1.0
1.0
1.0
1.0
1.0
1.0
1.0
1.0
1.0
1.0
1.0
1.0
1.0
1.0
1.0
1.0
1.0
1.0
1.0
1.0
1.0
1.0
1.0
1.0
1.0
1.0
1.0
1.0
1.0
1.0
1.0
1.0
1.0
1.0
1.0
1.0
1.0
1.0
1.0
1.0
1.0
1.0
1.0
1.0
1.0
1.0
1.0
1.0
1.0
1.0
1.0
1.0
1.0
1.0
1.0
1.0
1.0
1.0
1.024365502245286
1.0487310044905718
1.0487310044905718
1.024365502245286
1.0
1.0
1.0
1.0
1.0
1.0
1.0
1.0
1.0
1.0
1.0
1.0
1.0
1.0
1.0
1.0
1.0
1.0
1.0
1.0
1.0
1.0
1.0
1.0
1.0
1.0
1.0
1.0
1.0
1.0974620089811438
1.0730965067358578
1.0487310044905718
1.024365502245286
1.0
1.0
1.0
1.0
1.0
1.0
1.0
1.0
1.0
1.0
1.0
1.0
1.0
1.0
1.0
1.0
1.0
1.0
1.0
1.0
1.0
1.0487310044905718
1.024365502245286
1.0
1.0
1.0
1.0
1.0
1.0
1.0
1.0
1.0
1.0
1.0
1.0
1.0
1.0
1.0
1.0
1.0
1.0
1.0
1.0
1.0
1.0
1.0
1.0
1.024365502245286
1.0
1.0
1.0
1.0
1.0
1.0
1.0
1.0
1.0
1.0
1.0
1.0
1.0
1.0
1.0
1.0
1.0
1.0
1.024365502245286
1.0487310044905718
1.0730965067358578
1.0974620089811438
1.0
1.0
1.0
1.0
1.0
1.0
1.0
1.0
1.0
1.0
1.0
1.0
1.0
1.0
1.0
1.0
1.0
1.0
1.0
1.0
1.0
1.0
1.0
1.0
1.0
1.0
1.0
1.0
1.0
1.0
1.0
1.0
1.0
1.0
1.0
1.0
1.0
1.0
1.0
1.0
1.0
1.0
1.0
1.0
1.0
1.0
1.0
1.0
1.0
1.0
1.0
1.0
1.0
1.0
1.0
1.0
1.0
1.0
1.0
1.0
1.0
1.0
1.0
1.0
1.0
1.0
1.0
1.0
1.0
1.0
1.0
1.0
1.0
1.0
1.0
1.0
1.0
1.0
1.0
1.0
1.0
1.0
1.0
1.0
1.0
1.0
1.0
1.0
1.0
1.0
1.0
1.0
1.0
1.0
1.0
1.0
1.0
1.0
1.0
1.0
1.0
1.0
1.0
1.0
1.0
1.0
1.0
1.0258883461356163
1.0517766922712326
1.0517766922712326
1.0258883461356163
1.0
1.0
1.0
1.0
1.0
1.0
1.0
1.0
1.0
1.0
1.0
1.0
1.0
1.0
1.0
1.0
1.0
1.0
1.0
1.0
1.0
1.0
1.0
1.0
1.0
1.0
1.0
1.0
1.0
1.1035533845424652
1.077665038406849
1.0517766922712326
1.0258883461356163
1.0
1.0
1.0
1.0
1.0
1.0
1.0
1.0
1.0
1.0
1.0
1.0
1.0
1.0
1.0
1.0
1.0
1.0
1.0
1.0
1.0
1.0517766922712326
1.0258883461356163
1.0
1.0
1.0
1.0
1.0
1.0
1.0
1.0
1.0
1.0
1.0
1.0
1.0
1.0
1.0
1.0
1.0
1.0
1.0
1.0
1.0
1.0
1.0
1.0
1.0258883461356163
1.0
1.0
1.0
1.0
1.0
1.0
1.0
1.0
1.0
1.0
1.0
1.0
1.0
1.0
1.0
1.0
1.0
1.0
1.0258883461356163
1.0517766922712326
1.077665038406849
1.1035533845424652
1.0
1.0
1.0
1.0
1.0
1.0
1.0
1.0
1.0
1.0
1.0
1.0
1.0
1.0
1.0
1.0
1.0
1.0
1.0
1.0
1.0
1.0
1.0
1.0
1.0
1.0
1.0
1.0
1.0
1.0
1.0
1.0
1.0
1.0
1.0
1.0
1.0
1.0
1.0
1.0
1.0
1.0
1.0
1.0
1.0
1.0
1.0
1.0
1.0
1.0
1.0
1.0
1.0
1.0
1.0
1.0
1.0
1.0
1.0
1.0
1.0
1.0
1.0
1.0
1.0
1.0
1.0
1.0
1.0
1.0
1.0
1.0
1.0
1.0
1.0
1.0
1.0
1.0
1.0
1.0
1.0
1.0
1.0
1.0
1.0
1.0
1.0
1.0
1.0
1.0
1.0
1.0
1.0
1.0
1.0
1.0
1.0
1.0
1.0
1.0
1.0
1.0
1.0
1.0
1.0
1.0
1.0
1.0
1.0
1.0
1.0
1.0
1.0
1.0
1.0
1.0276142358779907
1.0552284717559814
1.0276142358779907
1.0
1.0
1.0
1.0
1.0
1.0
1.0
1.0
1.0
1.0
1.0
1.0
1.0
1.0
1.0
1.0
1.0
1.0
1.0
1.0
1.0
1.0
1.0
1.0
1.0
1.0
1.0
1.0
1.0
1.0828427076339722
1.0552284717559814
1.0276142358779907
1.0
1.0
1.0
1.0
1.0
1.0
1.0
1.0
1.0
1.0
1.0
1.0
1.0
1.0
1.0
1.0
1.0
1.0
1.0
1.0
1.0
1.0942809025446574
1.0276142358779907
1.0
1.0
1.0
1.0
1.0
1.0
1.0
1.0
1.0
1.0
1.0
1.0
1.0
1.0
1.0
1.0
1.0
1.0
1.0
1.0
1.0
1.0
1.0
1.0
1.0276142358779907
1.0
1.0
1.0
1.0
1.0
1.0
1.0
1.0
1.0
1.0
1.0
1.0
1.0
1.0
1.0
1.0
1.0
1.0
1.0276142358779907
1.0552284717559814
1.0828427076339722
1.0
1.0
1.0
1.0
1.0
1.0
1.0
1.0
1.0
1.0
1.0
1.0
1.0
1.0
1.0
1.0
1.0
1.0
1.0
1.0
1.0
1.0
1.0
1.0
1.0
1.0
1.0
1.0
1.0
1.0
1.0
1.0
1.0
1.0
1.0
1.0
1.0
1.0
1.0
1.0
1.0
1.0
1.0
1.0
1.0
1.0
1.0
1.0
1.0
1.0
1.0
1.0
1.0
1.0
1.0
1.0
1.0
1.0
1.0
1.0
1.0
1.0
1.0
1.0
1.0
1.0
1.0
1.0
1.0
1.0
1.0
1.0
1.0
1.0
1.0
1.0
1.0
1.0
1.0
1.0
1.0
1.0
1.0
1.0
1.0
1.0
1.0
1.0
1.0
1.0
1.0
1.0
1.0
1.0
1.0
1.0
1.0
1.0
1.0
1.0
1.0
1.0
1.0
1.0
1.0
1.0
1.0
1.0
1.0
1.0
1.0
1.0
1.0
1.0
1.0
1.0
1.0295866812978471
1.1010152527264185
1.0295866812978471
1.0
1.0
1.0
1.0
1.0
1.0
1.0
1.0
1.0
1.0
1.0
1.0
1.0
1.0
1.0
1.0
1.0
1.0
1.0
1.0
1.0
1.0
1.0
1.0
1.0
1.0
1.0
1.0
1.0
1.0887600438935416
1.0591733625956945
1.0295866812978471
1.0
1.0
1.0
1.0
1.0
1.0
1.0
1.0
1.0
1.0
1.0
1.0
1.0
1.0
1.0
1.0
1.0
1.0
1.0
1.0
1.0
1.0
1.0
1.0
1.0
1.0
1.0
1.0
1.0
1.0
1.0
1.0
1.0
1.0
1.0
1.0
1.0
1.0
1.0
1.0
1.0
1.0
1.0
1.0
1.0
1.0
1.0
1.0
1.0
1.0
1.0
1.0
1.0
1.0
1.0
1.0
1.0
1.0
1.0
1.0
1.0
1.0
1.0
1.0
1.0
1.0295866812978471
1.0591733625956945
1.130601934024266
1.0
1.0
1.0
1.0
1.0
1.0
1.0
1.0
1.0
1.0
1.0
1.0
1.0
1.0
1.0
1.0
1.0
1.0
1.0
1.0
1.0
1.0
1.0
1.0
1.0
1.0
1.0
1.0
1.0
1.0
1.0
1.0
1.0
1.0
1.0
1.0
1.0
1.0
1.0
1.0
1.0
1.0
1.0
1.0
1.0
1.0
1.0
1.0
1.0
1.0
1.0
1.0
1.0
1.0
1.0
1.0
1.0
1.0
1.0
1.0
1.0
1.0
1.0
1.0
1.0
1.0
1.0
1.0
1.0
1.0
1.0
1.0
1.0
1.0
1.0
1.0
1.0
1.0
1.0
1.0
1.0
1.0
1.0
1.0
1.0
1.0
1.0
1.0
1.0
1.0
1.0
1.0
1.0
1.0
1.0
1.0
1.0
1.0
1.0
1.0
1.0
1.0
1.0
1.0
1.0
1.0
1.0
1.0
1.0
1.0
1.0
1.0
1.0
1.0
1.0
1.0
1.0
1.0
1.03186257985922
1.0
1.0
1.0
1.0
1.0
1.0
1.0
1.0
1.0
1.0
1.0
1.0
1.0
1.0
1.0
1.0
1.0
1.0
1.0
1.0
1.0
1.0
1.0
1.0
1.0
1.0
1.0
1.0
1.0
1.06372515971844
1.03186257985922
1.0
1.0
1.0
1.0
1.0
1.0
1.0
1.0
1.0
1.0
1.0
1.0
1.0
1.0
1.0
1.0
1.0
1.0
1.0
1.0
1.0
1.0
1.0
1.0
1.0
1.0
1.0
1.0
1.0
1.0
1.0
1.0
1.0
1.0
1.0
1.0
1.0
1.0
1.0
1.0
1.0
1.0
1.0
1.0
1.0
1.0
1.0
1.0
1.0
1.0
1.0
1.0
1.0
1.0
1.0
1.0
1.0
1.0
1.0
1.0
1.0
1.0
1.0
1.0
1.0
1.03186257985922
1.0
1.0
1.0
1.0
1.0
1.0
1.0
1.0
1.0
1.0
1.0
1.0
1.0
1.0
1.0
1.0
1.0
1.0
1.0
1.0
1.0
1.0
1.0
1.0
1.0
1.0
1.0
1.0
1.0
1.0
1.0
1.0
1.0
1.0
1.0
1.0
1.0
1.0
1.0
1.0
1.0
1.0
1.0
1.0
1.0
1.0
1.0
1.0
1.0
1.0
1.0
1.0
1.0
1.0
1.0
1.0
1.0
1.0
1.0
1.0
1.0
1.0
1.0
1.0
1.0
1.0
1.0
1.0
1.0
1.0
1.0
1.0
1.0
1.0
1.0
1.0
1.0
1.0
1.0
1.0
1.0
1.0
1.0
1.0
1.0
1.0
1.0
1.0
1.0
1.0
1.0
1.0
1.0
1.0
1.0
1.0
1.0
1.0
1.0
1.0
1.0
1.0
1.0
1.0
1.0
1.0
1.0
1.0
1.0
1.0
1.0
1.0
1.0
1.0
1.0
1.0
1.0
1.0
1.0345177948474884
1.0
1.0
1.0
1.0
1.0
1.0
1.0
1.0
1.0
1.0
1.0
1.0
1.0
1.0
1.0
1.0
1.0
1.0
1.0
1.0
1.0
1.0
1.0
1.0
1.0
1.0
1.0
1.0
1.0
1.0690355896949768
1.0345177948474884
1.0
1.0
1.0
1.0
1.0
1.0
1.0
1.0
1.0
1.0
1.0
1.0
1.0
1.0
1.0
1.0
1.0
1.0
1.0
1.0
1.0
1.0
1.0
1.0
1.0
1.0
1.0
1.0
1.0
1.0
1.0
1.0
1.0
1.0
1.0
1.0
1.0
1.0
1.0
1.0
1.0
1.0
1.0
1.0
1.0
1.0
1.0
1.0
1.0
1.0
1.0
1.0
1.0
1.0
1.0
1.0
1.0
1.0
1.0
1.0
1.0
1.0
1.0
1.0
1.0
1.0345177948474884
1.0
1.0
1.0
1.0
1.0
1.0
1.0
1.0
1.0
1.0
1.0
1.0
1.0
1.0
1.0
1.0
1.0
1.0
1.0
1.0
1.0
1.0
1.0
1.0
1.0
1.0
1.0
1.0
1.0
1.0
1.0
1.0
1.0
1.0
1.0
1.0
1.0
1.0
1.0
1.0
1.0
1.0
1.0
1.0
1.0
1.0
1.0
1.0
1.0
1.0
1.0
1.0
1.0
1.0
1.0
1.0
1.0
1.0
1.0
1.0
1.0
1.0
1.0
1.0
1.0
1.0
1.0
1.0
1.0
1.0
1.0
1.0
1.0
1.0
1.0
1.0
1.0
1.0
1.0
1.0
1.0
1.0
1.0
1.0
1.0
1.0
1.0
1.0
1.0
1.0
1.0
1.0
1.0
1.0
1.0
1.0
1.0
1.0
1.0
1.0
1.0
1.0
1.0
1.0
1.0
1.0
1.0
1.0
1.0
1.0
1.0
1.0
1.0
1.0
1.0
1.0
1.0
1.0
1.03765577619726
1.0
1.0
1.0
1.0
1.0
1.0
1.0
1.0
1.0
1.0
1.0
1.0
1.0
1.0
1.0
1.0
1.0
1.0
1.0
1.0
1.0
1.0
1.0
1.0
1.0
1.0
1.0
1.0
1.0
1.0753115523945203
1.03765577619726
1.0
1.0
1.0
1.0
1.0
1.0
1.0
1.0
1.0
1.0
1.0
1.0
1.0
1.0
1.0
1.0
1.0
1.0
1.0
1.0
1.0
1.0
1.0
1.0
1.0
1.0
1.0
1.0
1.0
1.0
1.0
1.0
1.0
1.0
1.0
1.0
1.0
1.0
1.0
1.0
1.0
1.0
1.0
1.0
1.0
1.0
1.0
1.0
1.0
1.0
1.0
1.0
1.0
1.0
1.0
1.0
1.0
1.0
1.0
1.0
1.0
1.0
1.0
1.0
1.0
1.03765577619726
1.0
1.0
1.0
1.0
1.0
1.0
1.0
1.0
1.0
1.0
1.0
1.0
1.0
1.0
1.0
1.0
1.0
1.0
1.0
1.0
1.0
1.0
1.0
1.0
1.0
1.0
1.0
1.0
1.0
1.0
1.0
1.0
1.0
1.0
1.0
1.0
1.0
1.0
1.0
1.0
1.0
1.0
1.0
1.0
1.0
1.0
1.0
1.0
1.0
1.0
1.0
1.0
1.0
1.0
1.0
1.0
1.0
1.0
1.0
1.0
1.0
1.0
1.0
1.0
1.0
1.0
1.0
1.0
1.0
1.0
1.0
1.0
1.0
1.0
1.0
1.0
1.0
1.0
1.0
1.0
1.0
1.0
1.0
1.0
1.0
1.0
1.0
1.0
1.0
1.0
1.0
1.0
1.0
1.0
1.0
1.0
1.0
1.0
1.0
1.0
1.0
1.0
1.0
1.0
1.0
1.0
1.0
1.0
1.0
1.0
1.0
1.0
1.0
1.0
1.0
1.0
1.0
1.0
1.0
1.0
1.0
1.0
1.0
1.0
1.0
1.0
1.0
1.0
1.0
1.0
1.0
1.0
1.0
1.0
1.0
1.0
1.0
1.0
1.0
1.0
1.0
1.0
1.0
1.0
1.0
1.0
1.0
1.0
1.0
1.0
1.0828427076339722
1.041421353816986
1.0
1.0
1.0
1.0
1.0
1.0
1.0
1.0
1.0
1.0
1.0
1.0
1.0
1.0
1.0
1.0
1.0
1.0
1.0
1.0
1.0
1.0
1.0
1.0
1.0
1.0
1.0
1.0
1.0
1.0
1.0
1.0
1.0
1.0
1.0
1.0
1.0
1.0
1.0
1.0
1.0
1.0
1.0
1.0
1.0
1.0
1.0
1.0
1.0
1.0
1.0
1.0
1.0
1.0
1.0
1.0
1.0
1.0
1.0
1.0
1.0
1.0
1.0
1.0
1.0
1.041421353816986
1.0
1.0
1.0
1.0
1.0
1.0
1.0
1.0
1.0
1.0
1.0
1.0
1.0
1.0
1.0
1.0
1.0
1.0
1.0
1.0
1.0
1.0
1.0
1.0
1.0
1.0
1.0
1.0
1.0
1.0
1.0
1.0
1.0
1.0
1.0
1.0
1.0
1.0
1.0
1.0
1.0
1.0
1.0
1.0
1.0
1.0
1.0
1.0
1.0
1.0
1.0
1.0
1.0
1.0
1.0
1.0
1.0
1.0
1.0
1.0
1.0
1.0
1.0
1.0
1.0
1.0
1.0
1.0
1.0
1.0
1.0
1.0
1.0
1.0
1.0
1.0
1.0
1.0
1.0
1.0
1.0
1.0
1.0
1.0
1.0
1.0
1.0
1.0
1.0
1.0
1.0
1.0
1.0
1.0
1.0
1.0
1.0
1.0
1.0
1.0
1.0
1.0
1.0
1.0
1.0
1.0
1.0
1.0
1.0
1.0
1.0
1.0
1.0
1.0
1.0
1.0
1.0
1.0
1.0
1.0
1.0
1.0
1.0
1.0
1.0
1.0
1.0
1.0
1.0
1.0
1.0
1.0
1.0
1.0
1.0
1.0
1.0
1.0
1.0
1.0
1.0
1.0
1.0
1.0
1.0
1.0
1.0
1.0
1.0
1.0
1.0920474529266357
1.0460237264633179
1.0
1.0
1.0
1.0
1.0
1.0
1.0
1.0
1.0
1.0
1.0
1.0
1.0
1.0
1.0
1.0
1.0
1.0
1.0
1.0
1.0
1.0
1.0
1.0
1.0
1.0
1.0
1.0
1.0
1.0
1.0
1.0
1.0
1.0
1.0
1.0
1.0
1.0
1.0
1.0
1.0
1.0
1.0
1.0
1.0
1.0
1.0
1.0
1.0
1.0
1.0
1.0
1.0
1.0
1.0
1.0
1.0
1.0
1.0
1.0
1.0
1.0
1.0
1.0
1.0
1.0
1.0460237264633179
1.0
1.0
1.0
1.0
1.0
1.0
1.0
1.0
1.0
1.0
1.0
1.0
1.0
1.0
1.0
1.0
1.0
1.0
1.0
1.0
1.0
1.0
1.0
1.0
1.0
1.0
1.0
1.0
1.0
1.0
1.0
1.0
1.0
1.0
1.0
1.0
1.0
1.0
1.0
1.0
1.0
1.0
1.0
1.0
1.0
1.0
1.0
1.0
1.0
1.0
1.0
1.0
1.0
1.0
1.0
1.0
1.0
1.0
1.0
1.0
1.0
1.0
1.0
1.0
1.0
1.0
1.0
1.0
1.0
1.0
1.0
1.0
1.0
1.0
1.0
1.0
1.0
1.0
1.0
1.0
1.0
1.0
1.0
1.0
1.0
1.0
1.0
1.0
1.0
1.0
1.0
1.0
1.0
1.0
1.0
1.0
1.0
1.0
1.0
1.0
1.0
1.0
1.0
1.0
1.0
1.0
1.0
1.0
1.0
1.0
1.0
1.0
1.0
1.0
1.0
1.0
1.0
1.0
1.0
1.0
1.0
1.0
1.0
1.0
1.0
1.0
1.0
1.0
1.0
1.0
1.0
1.0
1.0
1.0
1.0
1.0
1.0
1.0
1.0
1.0
1.0
1.0
1.0
1.0
1.0
1.0
1.0
1.0
1.0
1.0
1.1767766922712326
1.0517766922712326
1.0
1.0
1.0
1.0
1.0
1.0
1.0
1.0
1.0
1.0
1.0
1.0
1.0
1.0
1.0
1.0
1.0
1.0
1.0
1.0
1.0
1.0
1.0
1.0
1.0
1.0
1.0
1.0
1.0
1.0
1.0
1.0
1.0
1.0
1.0
1.0
1.0
1.0
1.0
1.0
1.0
1.0
1.0
1.0
1.0
1.0
1.0
1.0
1.0
1.0
1.0
1.0
1.0
1.0
1.0
1.0
1.0
1.0
1.0
1.0
1.0
1.0
1.0
1.0
1.0
1.0
1.0517766922712326
1.0
1.0
1.0
1.0
1.0
1.0
1.0
1.0
1.0
1.0
1.0
1.0
1.0
1.0
1.0
1.0
1.0
1.0
1.0
1.0
1.0
1.0
1.0
1.0
1.0
1.0
1.0
1.0
1.0
1.0
1.0
1.0
1.0
1.0
1.0
1.0
1.0
1.0
1.0
1.0
1.0
1.0
1.0
1.0
1.0
1.0
1.0
1.0
1.0
1.0
1.0
1.0
1.0
1.0
1.0
1.0
1.0
1.0
1.0
1.0
1.0
1.0
1.0
1.0
1.0
1.0
1.0
1.0
1.0
1.0
1.0
1.0
1.0
1.0
1.0
1.0
1.0
1.0
1.0
1.0
1.0
1.0
1.0
1.0
1.0
1.0
1.0
1.0
1.0
1.0
1.0
1.0
1.0
1.0
1.0
1.0
1.0
1.0
1.0
1.0
1.0
1.0
1.0
1.0
1.0
1.0
1.0
1.0
1.0
1.0
1.0
1.0
1.0
1.0
1.0
1.0
1.0
1.0
1.0
1.0
1.0
1.0
1.0
1.0
1.0
1.0
1.0
1.0
1.0
1.0
1.0
1.0
1.0
1.0
1.0
1.0
1.0
1.0
1.0
1.0
1.0
1.0
1.0
1.0
1.0
1.0
1.0
1.0
1.0
1.0
1.0
1.0
1.0
1.0
1.0
1.0
1.0
1.0
1.0
1.0
1.0
1.0
1.0
1.0
1.0
1.0
1.0
1.0
1.0
1.0
1.0
1.0
1.0
1.0
1.0
1.0
1.0
1.0
1.0
1.0
1.0
1.0
1.0
1.0
1.0
1.0
1.0
1.0
1.0
1.0
1.0
1.0
1.0
1.0
1.0
1.0
1.0
1.0
1.0
1.0
1.0
1.0
1.0
1.0
1.0
1.0
1.0
1.0
1.0
1.0
1.0
1.0
1.0
1.0
1.0
1.0
1.0
1.0
1.0
1.0
1.0
1.0
1.0
1.0
1.0
1.0
1.0
1.0
1.0
1.0
1.0
1.0
1.0
1.0
1.0
1.0
1.0
1.0
1.0
1.0
1.0
1.0
1.0
1.0
1.0
1.0
1.0
1.0
1.0
1.0
1.0
1.0
1.0
1.0
1.0
1.0
1.0
1.0
1.0
1.0
1.0
1.0
1.0
1.0
1.0
1.0
1.0
1.0
1.0
1.0
1.0
1.0
1.0
1.0
1.0
1.0
1.0
1.0
1.0
1.0
1.0
1.0
1.0
1.0
1.0
1.0
1.0
1.0
1.0
1.0
1.0
1.0
1.0
1.0
1.0
1.0
1.0
1.0
1.0
1.0
1.0
1.0
1.0
1.0
1.0
1.0
1.0
1.0
1.0
1.0
1.0
1.0
1.0
1.0
1.0
1.0
1.0
1.0
1.0
1.0
1.0
1.0
1.0
1.0
1.0
1.0
1.0
1.0
1.0
1.0
1.0
1.0
1.0
1.0
1.0
1.0
1.0
1.0
1.0
1.0
1.0
1.0
1.0
1.0
1.0
1.0
1.0
1.0
1.0
1.0
1.0
1.0
1.0
1.0
1.0
1.0
1.0
1.0
1.0
1.0
1.0
1.0
1.0
1.0
1.0
1.0
1.0
1.0
1.0
1.0
1.0
1.0
1.0
1.0
1.0
1.0
1.0
1.0
1.0
1.0
1.0
1.0
1.0
1.0
1.0
1.0
1.0
1.0
1.0
1.0
1.0
1.0
1.0
1.0
1.0
1.0
1.0
1.0
1.0
1.0
1.0
1.0
1.0
1.0
1.0
1.0
1.0
1.0
1.0
1.0
1.0
1.0
1.0
1.0
1.0
1.0
1.0
1.0
1.0
1.0
1.0
1.0
1.0
1.0
1.0
1.0
1.0
1.0
1.0
1.0
1.0
1.0
1.0
1.0
1.0
1.0
1.0
1.0
1.0
1.0
1.0
1.0
1.0
1.0
1.0
1.0
1.0
1.0
1.0
1.0
1.0
1.0
1.0
1.0
1.0
1.0
1.0
1.0
1.0
1.0
1.0
1.0
1.0
1.0
1.0
1.0
1.0
1.0
1.0
1.0
1.0
1.0
1.0
1.0
1.0
1.0
1.0
1.0
1.0
1.0
1.0
1.0
1.0
1.0
1.0
1.0
1.0
1.0
1.0
1.0
1.0
1.0
1.0
1.0
1.0
1.0
1.0
1.0
1.0
1.0
1.0
1.0
1.0
1.0
1.0
1.0
1.0
1.0
1.0
1.0
1.0
1.0
1.0
1.0
1.0
1.0
1.0
1.0
1.0
1.0
1.0
1.0
1.0
1.0
1.0
1.0
1.0
1.0
1.0
1.0
1.0
1.0
1.0
1.0
1.0
1.0
1.0
1.0
1.0
1.0
1.0
1.0
1.0
1.0
1.0
1.0
1.0
1.0
1.0
1.0
1.0
1.0
1.0
1.0
1.0
1.0
1.0
1.0
1.0
1.0
1.0
1.0
1.0
1.0
1.0
1.0
1.0
1.0
1.0
1.0
1.0
1.0
1.0
1.0
1.0
1.0
1.0
1.0
1.0
1.0
1.0
1.0
1.0
1.0
1.0
1.0
1.0
1.0
1.0
1.0
1.0
1.0
1.0
1.0
1.0
1.0
1.0
1.0
1.0
1.0
1.0
1.0
1.0
1.0
1.0
1.0
1.0
1.0
1.0
1.0
1.0
1.0
1.0
1.0
1.0
1.0
1.0
1.0
1.0
1.0
1.0
1.0
1.0
1.0
1.0
1.0
1.0
1.0
1.0
1.0
1.0
1.0
1.0
1.0
1.0
1.0
1.0
1.0
1.0
1.0
1.0
1.0
1.0
1.0
1.0
1.0
1.0
1.0
1.0
1.0
1.0
1.0
1.0
1.0
1.0
1.0
1.0
1.0
1.0
1.0
1.0
1.0
1.0
1.0
1.0
1.0
1.0
1.0
1.0
1.0
1.0
1.0
1.0
1.0
1.0
1.0
1.0
1.0
1.0
1.0
1.0
1.0
1.0
1.0
1.0
1.0
1.0
1.0
1.0
1.0
1.0
1.0
1.0
1.0
1.0
1.0
1.0
1.0
1.0
1.0
1.0
1.0
1.0
1.0
1.0
1.0
1.0
1.0
1.0
1.0
1.0
1.0
1.0
1.0
1.0
1.0
1.0
1.0
1.0
1.0
1.0
1.0
1.0
1.0
1.0
1.0
1.0
1.0
1.0
1.0
1.0
1.0
1.0
1.0
1.0
1.0
1.0
1.0
1.0
1.0
1.0
1.0
1.0
1.0
1.0
1.0
1.0
1.0
1.0
1.0
1.0
1.0
1.0
1.0
1.0
1.0
1.0
1.0
1.0
1.0
1.0
1.0
1.0
1.0
1.0
1.0
1.0
1.0
1.0
1.0
1.0
1.0
1.0
1.0
1.0
1.0
1.0
1.0
1.0
1.0
1.0
1.0
1.0
1.0
1.0
1.0
1.0
1.0
1.0
1.0
1.0
1.0
1.0
1.0
1.0
1.0
1.0
1.0
1.0
1.0
1.0
1.0
1.0
1.0
1.0
1.0
1.0
1.0
1.0
1.0
1.0
1.0
1.0
1.0
1.0
1.0
1.0
1.0
1.0
1.0
1.0
1.0
1.0
1.0
1.0
1.0
1.0
1.0
1.0
1.0
1.0
1.0
1.0
1.0
1.0
1.0
1.0
1.0
1.0
1.0
1.0
1.0
1.0
1.0
1.0
1.0
1.0
1.0
1.0
1.0
1.0
1.0
1.0
1.0
1.0
1.0
1.0
1.0
1.0
1.0
1.0
1.0
1.0
1.0
1.0
1.0
1.0
1.0
1.0
1.0
1.0
1.0
1.0
1.0
1.0
1.0
1.0
1.0
1.0
1.0
1.0
1.0
1.0
1.0
1.0
1.0
1.0
1.0
1.0
1.0
1.0
1.0
1.0
1.0
1.0
1.0
1.0
1.0
1.0
1.0
1.0
1.0
1.0
1.0
1.0
1.0
1.0
1.0
1.0
1.0
1.0
1.0
1.0
1.0
1.0
1.0
1.0
1.0
1.0
1.0
1.0
1.0
1.0
1.0
1.0
1.0
1.0
1.0
1.0
1.0
1.0
1.0
1.0
1.0
1.0
1.0
1.0
1.0
1.0
1.0
1.0
1.0
1.0
1.0
1.0
1.0
1.0
1.0
1.0
1.0
1.0
1.0
1.0
1.0
1.0
1.0
1.0
1.0
1.0
1.0
1.0
1.0
1.0
1.0
1.0
1.0
1.0
1.0
1.0
1.0
1.0
1.0
1.0
1.0
1.0
1.0
1.0
1.0
1.0
1.0
1.0
1.0
1.0
1.0
1.0
1.0
1.0
1.0
1.0
1.0
1.0
1.0
1.0
1.0
1.0
1.0
1.0
1.0
1.0
1.0
1.0
1.0
1.0
1.0
1.0
1.0
1.0
1.0
1.0
1.0
1.0
1.0
1.0
1.0
1.0
1.0
1.0
1.0
1.0
1.0
1.0
1.0
1.0
1.0
1.0
1.0
1.0
1.0
1.0
1.0
1.0
1.0
1.0
1.0
1.0
1.0
1.0
1.0
1.0
1.0
1.0
1.0
1.0
1.0
1.0
1.0
1.0
1.0
1.0
1.0
1.0
1.0
1.0
1.0
1.0
1.0
1.0
1.0
1.0
1.0
1.0
1.0
1.0
1.0
1.0
1.0
1.0
1.0
1.0
1.0
1.0
1.0
1.0
1.0
1.0
1.0
1.0
1.0
1.0
1.0
1.0
1.0
1.0
1.0
1.0
1.0
1.0
1.0
1.0
1.0
1.0
1.0
1.0
1.0
1.0
1.0
1.0
1.0
1.0
1.0
1.0
1.0
1.0
1.0
1.0
1.0
1.0
1.0
1.0
1.0
1.0
1.0
1.0
1.0
1.0
1.0
1.0
1.0
1.0
1.0
1.0
1.0
1.0
1.0
1.0
1.0
1.0
1.0
1.0
1.0
1.0
1.0
1.0
1.0
1.0
1.0
1.0
1.0
1.0
1.0
1.0
1.0
1.0
1.0
1.0
1.0
1.0
1.0
1.0
1.0
1.0
1.0
1.0
1.0
1.0
1.0
1.0
1.0
1.0
1.0
1.0
1.0
1.0
1.0
1.0
1.0
1.0
1.0
1.0
1.0
1.0
1.0
1.0
1.0
1.0
1.0
1.0
1.0
1.0
1.0
1.0
1.0
1.0
1.0
1.0
1.0
1.0
1.0
1.0
1.0
1.0
1.0
1.0
1.0
1.0
1.0
1.0
1.0
1.0
1.0
1.0
1.0
1.0
1.0
1.0
1.0
1.0
1.0
1.0
1.0
1.0
1.0
1.0
1.0
1.0
1.0
1.0
1.0
1.0
1.0
1.0
1.0
1.0
1.0
1.0
1.0
1.0
1.0
1.0
1.0
1.0
1.0
1.0
1.0
1.0
1.0
1.0
1.0
1.0
1.0
1.0
1.0
1.0
1.0
1.0
1.0
1.0
1.0
1.0
1.0
1.0
1.0
1.0
1.0
1.0
1.0
1.0
1.0
1.0
1.0
1.0
1.0
1.0
1.0
1.0
1.0
1.0
1.0
1.0
1.0
1.0
1.0
1.0
1.0
1.0
1.0
1.0
1.0
1.0
1.0
1.0
1.0
1.0
1.0
1.0
1.0
1.0
1.0
1.0
1.0
1.0
1.0
1.0
1.0
1.0
1.0
1.0
1.0
1.0
1.0
1.0
1.0
1.0
1.0
1.0
1.0
1.0
1.0
1.0
1.0
1.0
1.0
1.0
1.0
1.0
1.0
1.0
1.0
1.0
1.0
1.0
1.0
1.0
1.0
1.0
1.0
1.0
1.0
1.0
1.0
1.0
1.0
1.0
1.0
1.0
1.0
1.0
1.0
1.0
1.0
1.0
1.0
1.0
1.0
1.0
1.0
1.0
1.0
1.0
1.0
1.0
1.0
1.0
1.0
1.0
1.0
1.0
1.0
1.0
1.0
1.0
1.0
1.0
1.0
1.0
1.0
1.0
1.0
1.0
1.0
1.0
1.0
1.0
1.0
1.0
1.0
1.0
1.0
1.0
1.0
1.0
1.0
1.0
1.0
1.0
1.0
1.0
1.0
1.0
1.0
1.0
1.0
1.0
1.0
1.0
1.0
1.0
1.0
1.0
1.0
1.0
1.0
1.0
1.0
1.0
1.0
1.0
1.0
1.0
1.0
1.0
1.0
1.0
1.0
1.0
1.0
1.0
1.0
1.0
1.0
1.0
1.0
1.0
1.0
1.0
1.0
1.0
1.0
1.0
1.0
1.0
1.0
1.0
1.0
1.0
1.0
1.0
1.0
1.0
1.0
1.0
1.0
1.0
1.0
1.0
1.0
1.0
1.0
1.0
1.0
1.0
1.0
1.0
1.0
1.0
1.0
1.0
1.0
1.0
1.0
1.0
1.0
1.0
1.0
1.0
1.0
1.0
1.0
1.0
1.0
1.0
1.0
1.0
1.0
1.0
1.0
1.0
1.0
1.0
1.0
1.0
1.0
1.0
1.0
1.0
1.0
1.0
1.0
1.0
1.0
1.0
1.0
1.0
1.0
1.0
1.0
1.0
1.0
1.0
1.0
1.0
1.0
1.0
1.0
1.0
1.0
1.0
1.0
1.0
1.0
1.0
1.0
1.0
1.0
1.0
1.0
1.0
1.0
1.0
1.0
1.0
1.0
1.0
1.0
1.0
1.0
1.0
1.0
1.0
1.0
1.0
1.0
1.0
1.0
1.0
1.0
1.0
1.0
1.0
1.0
1.0
1.0
1.0
1.0
1.0
1.0
1.0
1.0
1.0
1.0
1.0
1.0
1.0
1.0
1.0
1.0
1.0
1.0
1.0
1.0
1.0
1.0
1.0
1.0
1.0
1.0
1.0
1.0
1.0
1.0
1.0
1.0
1.0
1.0
1.0
1.0
1.0
1.0
1.0
1.0
1.0
1.0
1.0
1.0
1.0
1.0
1.0
1.0
1.0
1.0
1.0
1.0
1.0
1.0
1.0
1.0
1.0
1.0
1.0
1.0
1.0
1.0
1.0
1.0
1.0
1.0
1.0
1.0
1.0
1.0
1.0
1.0
1.0
1.0
1.0
1.0
1.0
1.0
1.0
1.0
1.0
1.0
1.0
1.0
1.0
1.0
1.0
1.0
1.0
1.0
1.0
1.0
1.0
1.0
1.0
1.0
1.0
1.0
1.0
1.0
1.0
1.0
1.0
1.0
1.0
1.0
1.0
1.0
1.0
1.0
1.0
1.0
1.0
1.0
1.0
1.0
1.0
1.0
1.0
1.0
1.0
1.0
1.0
1.0
1.0
1.0
1.0
1.0
1.0
1.0
1.0
1.0
1.0
1.0
1.0
1.0
1.0
1.0
1.0
1.0
1.0
1.0
1.0
1.0
1.0
1.0
1.0
1.0
1.0
1.0
1.0
1.0
1.0
1.0
1.0
1.0
1.0
1.0
1.0
1.0
1.0
1.0
1.0
1.0
1.0
1.0
1.0
1.0
1.0
1.0
1.0
1.0
1.0
1.0
1.0
1.0
1.0
1.0
1.0
1.0
1.0
1.0
1.0
1.0
1.0
1.0
1.0
1.0
1.0
1.0
1.0
1.0
1.0
1.0
1.0
1.0
1.0
1.0
1.0
1.0
1.0
1.0
1.0
1.0
1.0
1.0
1.0
1.0
1.0
1.0
1.0
1.0
1.0
1.0
1.0
1.0
1.0
1.0
1.0
1.0
1.0
1.0
1.0
1.0
1.0
1.0
1.0
1.0
1.0
1.0
1.0
1.0
1.0
1.0
1.0
1.0
1.0
1.0
1.0
1.0
1.0
1.0
1.0
1.0
1.0
1.0
1.0
1.0
1.0
1.0
1.0
1.0
1.0
1.0
1.0
1.0
1.0
1.0
1.0
1.0
1.0
1.0
1.0
1.0
1.0
1.0
1.0
1.0
1.0
1.0
1.0
1.0
1.0
1.0
1.0
1.0
1.0
1.0
1.0
1.0
1.0
1.0
1.0
1.0
1.0
1.0
1.0
1.0
1.0
1.0
1.0
1.0
1.0
1.0
1.0
1.0
1.0
1.0
1.0
1.0
1.0
1.0
1.0
1.0
1.0
1.0
1.0
1.0
1.0
1.0
1.0
1.0
1.0
1.0
1.0
1.0
1.0
1.0
1.0
1.0
1.0
1.0
1.0
1.0
1.0
1.0
1.0
1.0
1.0
1.0
1.0
1.0
1.0
1.0
1.0
1.0
1.0
1.0
1.0
1.0
1.0
1.0
1.0
1.0
1.0
1.0
1.0
1.0
1.0
1.0
1.0
1.0
1.0
1.0
1.0
1.0
1.0
1.0
1.0
1.0
1.0
1.0
1.0
1.0
1.0
1.0
1.0
1.0
1.0
1.0
1.0
1.0
1.0
1.0
1.0
1.0
1.0
1.0
1.0
1.0
1.0
1.0
1.0
1.0
1.0
1.0
1.0
1.0
1.0
1.0
1.0
1.0
1.0
1.0
1.0
1.0
1.0
1.0
1.0
1.0
1.0
1.0
1.0
1.0
1.0
1.0
1.0
1.0
1.0
1.0
1.0
1.0
1.0
1.0
1.0
1.0
1.0
1.0
1.0
1.0
1.0
1.0
1.0
1.0
1.0
1.0
1.0
1.0
1.0
1.0
1.0
1.0
1.0
1.0
1.0
1.0
1.0
1.0
1.0
1.0
1.0
1.0
1.0
1.0
1.0
1.0
1.0
1.0
1.0
1.0
1.0
1.0
1.0
1.0
1.0
1.0
1.0
1.0
1.0
1.0
1.0
1.0
1.0
1.0
1.0
1.0
1.0
1.0
1.0
1.0
1.0
1.0
1.0
1.0
1.0
1.0
1.0
1.0
1.0
1.0
1.0
1.0
1.0
1.0
1.0
1.0
1.0
1.0
1.0
1.0
1.0
1.0
1.0
1.0
1.0
1.0
1.0
1.0
1.0
1.0
1.0
1.0
1.0
1.0
1.0
1.0
1.0
1.0
1.0
1.0
1.0
1.0
1.0
1.0
1.0
1.0
1.0
1.0
1.0
1.0
1.0
1.0
1.0
1.0
1.0
1.0
1.0
1.0
1.0
1.0
1.0
1.0
1.0
1.0
1.0
1.0
1.0
1.0
1.0
1.0
1.0
1.0
1.0
1.0
1.0
1.0
1.0
1.0
1.0
1.0
1.0
1.0
1.0
1.0
1.0
1.0
1.0
1.0
1.0
1.0
1.0
1.0
1.0
1.0
1.0
1.0
1.0
1.0
1.0
1.0
1.0
1.0
1.0
1.0
1.0
1.0
1.0
1.0
1.0
1.0
1.0
1.0
1.0
1.0
1.0
1.0
1.0
1.0
1.0
1.0
1.0
1.0
1.0
1.0
1.0
1.0
1.0
1.0
1.0
1.0
1.0
1.0
1.0
1.0
1.0
1.0
1.0
1.0
1.0
1.0
1.0
1.0
1.0
1.0
1.0
1.0
1.0
1.0
1.0
1.0
1.0
1.0
1.0
1.0
1.0
1.0
1.0
1.0
1.0
1.0
1.0
1.0
1.0
1.0
1.0
1.0
1.0
1.0
1.0
1.0
1.0
1.0
1.0
1.0
1.0
1.0
1.0
1.0
1.0
1.0
1.0
1.0
1.0
1.0
1.0
1.0
1.0
1.0
1.0
1.0
1.0
1.0
1.0
1.0
1.0
1.0
1.0
1.0
1.0
1.0
1.0
1.0
1.0
1.0
1.0
1.0
1.0
1.0
1.0
1.0
1.0
1.0
1.0
1.0
1.0
1.0
1.0
1.0
1.0
1.0
1.0
1.0
1.0
1.0
1.0
1.0
1.0
1.0
1.0
1.0
1.0
1.0
1.0
1.0
1.0
1.0
1.0
1.0
1.0
1.0
1.0
1.0
1.0
1.0
1.0
1.0
1.0
1.0
1.0
1.0
1.0
1.0
1.0
1.0
1.0
1.0
1.0
1.0
1.0
1.0
1.0
1.0
1.0
1.0
1.0
1.0
1.0
1.0
1.0
1.0
1.0
1.0
1.0
1.0
1.0
1.0
1.0
1.0
1.0
1.0
1.0
1.0
1.0
1.0
1.0
1.0
1.0
1.0
1.0
1.0
1.0
1.0
1.0
1.0
1.0
1.0
1.0
1.0
1.0
1.0
1.0
1.0
1.0
1.0
1.0
1.0
1.0
1.0
1.0
1.0
1.0
1.0
1.0
1.0
1.0
1.0
1.0
1.0
1.0
1.0
1.0
1.0
1.0
1.0
1.0
1.0
1.0
1.0
1.0
1.0
1.0
1.0
1.0
1.0
1.0
1.0
1.0
1.0
1.0
1.0
1.0
1.0
1.0
1.0
1.0
1.0
1.0
1.0
1.0
1.0
1.0
1.0
1.0
1.0
1.0
1.0
1.0
1.0
1.0
1.0
1.0
1.0
1.0
1.0
1.0
1.0
1.0
1.0
1.0
1.0
1.0
1.0
1.0
1.0
1.0
1.0
1.0
1.0
1.0
1.0
1.0
1.0
1.0
1.0
1.0
1.0
1.0
1.0
1.0
1.0
1.0
1.0
1.0
1.0
1.0
1.0
1.0
1.0
1.0
1.0
1.0
1.0
1.0
1.0
1.0
1.0
1.0
1.0
1.0
1.0
1.0
1.0
1.0
1.0
1.0
1.0
1.0
1.0
1.0
1.0
1.0
1.0
1.0
1.0
1.0
1.0
1.0
1.0
1.0
1.0
1.0
1.0
1.0
1.0
1.0
1.0
1.0
1.0
1.0
1.0
1.0
1.0
1.0
1.0
1.0
1.0
1.0
1.0
1.0
1.0
1.0
1.0
1.0
1.0
1.0
1.0
1.0
1.0
1.0
1.0
1.0
1.0
1.0
1.0
1.0
1.0
1.0
1.0
1.0
1.0
1.0
1.0
1.0
1.0
1.0
1.0
1.0
1.0
1.0
1.0
1.0
1.0
1.0
1.0
1.0
1.0
1.0
1.0
1.0
1.0
1.0
1.0
1.0
1.0
1.0
1.0
1.0
1.0
1.0
1.0
1.0
1.0
1.0
1.0
1.0
1.0
1.0
1.0
1.0
1.0
1.0
1.0
1.0
1.0
1.0
1.0
1.0
1.0
1.0
1.0
1.0
1.0
1.0
1.0
1.0
1.0
1.0
1.0
1.0
1.0
1.0
1.0
1.0
1.0
1.0
1.0
1.0
1.0
1.0
1.0
1.0
1.0
1.0
1.0
1.0
1.0
1.0
1.0
1.0
1.0
1.0
1.0
1.0
1.0
1.0
1.0
1.0
1.0
1.0
1.0
1.0
1.0
1.0
1.0
1.0
1.0
1.0
1.0
1.0
1.0
1.0
1.0
1.0
1.0
1.0
1.0
1.0
1.0
1.0
1.0
1.0
1.0
1.0
1.0
1.0
1.0
1.0
1.0
1.0
1.0
1.0
1.0
1.0
1.0
1.0
1.0
1.0
1.0
1.0
1.0
1.0
1.0
1.0
1.0
1.0
1.0
1.0
1.0
1.0
1.0
1.0
1.0
1.0
1.0
1.0
1.0
1.0
1.0
1.0
1.0
1.0
1.0
1.0
1.0
1.0
1.0
1.0
1.0
1.0
1.0
1.0
1.0
1.0
1.0
1.0
1.0
1.0
1.0
1.0
1.0
1.0
1.0
1.0
1.0
1.0
1.0
1.0
1.0
1.0
1.0
1.0
1.0
1.0
1.0
1.0
1.0
1.0
1.0
1.0
1.0
1.0
1.0
1.0
1.0
1.0
1.0
1.0
1.0
1.0
1.0
1.0
1.0
1.0
1.0
1.0
1.0
1.0
1.0
1.0
1.0
1.0
1.0
1.0
1.0
1.0
1.0
1.0
1.0
1.0
1.0
1.0
1.0
1.0
1.0
1.0
1.0
1.0
1.0
1.0
1.0
1.0
1.0
1.0
1.0
1.0
1.0
1.0
1.0
1.0
1.0
1.0
1.0
1.0
1.0
1.0
1.0
1.0
1.0
1.0
1.0
1.0
1.0
1.0
1.0
1.0
1.0
1.0
1.0
1.0
1.0
1.0
1.0
1.0
1.0
1.0
1.0
1.0
1.0
1.0
1.0
1.0
1.0
1.0
1.0
1.0
1.0
1.0
1.0
1.0
1.0
1.0
1.0
1.0
1.0
1.0
1.0
1.0
1.0
1.0
1.0
1.0
1.0
1.0
1.0
1.0
1.0
1.0
1.0
1.0
1.0
1.0
1.0
1.0
1.0
1.0
1.0
1.0
1.0
1.0
1.0
1.0
1.0
1.0
1.0
1.0
1.0
1.0
1.0
1.0
1.0
1.0
1.0
1.0
1.0
1.0
1.0
1.0
1.0
1.0
1.0
1.0
1.0
1.0
1.0
1.0
1.0
1.0
1.0
1.0
1.0
1.0
1.0
1.0
1.0
1.0
1.0
1.0
1.0
1.0
1.0
1.0
1.0
1.0
1.0
1.0
1.0
1.0
1.0
1.0
1.0
1.0
1.0
1.0
1.0
1.0
1.0
1.0
1.0
1.0
1.0
1.0
1.0
1.0
1.0
1.0
1.0
1.0
1.0
1.0
1.0
1.0
1.0
1.0
1.0
1.0
1.0
1.0
1.0
1.0
1.0
1.0
1.0
1.0
1.0
1.0
1.0
1.0
1.0
1.0
1.0
1.0
1.0
1.0
1.0
1.0
1.0
1.0
1.0
1.0
1.0
1.0
1.0
1.0
1.0
1.0
1.0
1.0
1.0
1.0
1.0
1.0
1.0
1.0
1.0
1.0
1.0
1.0
1.0
1.0
1.0
1.0
1.0
1.0
1.0
1.0
1.0
1.0
1.0
1.0
1.0
1.0
1.0
1.0
1.0
1.0
1.0
1.0
1.0
1.0
1.0
1.0
1.0
1.0
1.0
1.0
1.0
1.0
1.0
1.0
1.0
1.0
1.0
1.0
1.0
1.0
1.0
1.0
1.0
1.0
1.0
1.0
1.0
1.0
1.0
1.0
1.0
1.0
1.0
1.0
1.0
1.0
1.0
1.0
1.0
1.0
1.0
1.0
1.0
1.0
1.0
1.0
1.0
1.0
1.0
1.0
1.0
1.0
1.0
1.0
1.0
1.0
1.0
1.0
1.0
1.0
1.0
1.0
1.0
1.0
1.0
1.0
1.0
1.0
1.0
1.0
1.0
1.0
1.0
1.0
1.0
1.0
1.0
1.0
1.0
1.0
1.0
1.0
1.0
1.0
1.0
1.0
1.0
1.0
1.0
1.0
1.0
1.0
1.0
1.0
1.0
1.0
1.0
1.0
1.0
1.0
1.0
1.0
1.0
1.0
1.0
1.0
1.0
1.0
1.0
1.0
1.0
1.0
1.0
1.0
1.0
1.0
1.0
1.0
1.0
1.0
1.0
1.0
1.0
1.0
1.0
1.0
1.0
1.0
1.0
1.0
1.0
1.0
1.0
1.0
1.0
1.0
1.0
1.0
1.0
1.0
1.0
1.0
1.0
1.0
1.0
1.0
1.0
1.0
1.0
1.0
1.0
1.0
1.0
1.0
1.0
1.0
1.0
1.0
1.0
1.0
1.0
1.0
1.0
1.0
1.0
1.0
1.0
1.0
1.0
1.0
1.0
1.0
1.0
1.0
1.0
1.0
1.0
1.0
1.0
1.0
1.0
1.0
1.0
1.0
1.0
1.0
1.0
1.0
1.0
1.0
1.0
1.0
1.0
1.0
1.0
1.0
1.0
1.0
1.0
1.0
1.0
1.0
1.0
1.0
1.0
1.0
1.0
1.0
1.0
1.0
1.0
1.0
1.0
1.0
1.0
1.0
1.0
1.0
1.0
1.0
1.0
1.0
1.0
1.0
1.0
1.0
1.0
1.0
1.0
1.0
1.0
1.0
1.0
1.0
1.0
1.0
1.0
1.0
1.0
1.0
1.0
1.0
1.0
1.0
1.0
1.0
1.0
1.0
1.0
1.0
1.0
1.0
1.0
1.0
1.0
1.0
1.0
1.0
1.0
1.0
1.0
1.0
1.0
1.0
1.0
1.0
1.0
1.0
1.0
1.0
1.0
1.0
1.0
1.0
1.0
1.0
1.0
1.0
1.0
1.0
1.0
1.0
1.0
1.0
1.0
1.0
1.0
1.0
1.0
1.0
1.0
1.0
1.0
1.0
1.0
1.0
1.0
1.0
1.0
1.0
1.0
1.0
1.0
1.0
1.0
1.0
1.0
1.0
1.0
1.0
1.0
1.0
1.0
1.0
1.0
1.0
1.0
1.0
1.0
1.0
1.0
1.0
1.0
1.0
1.0
1.0
1.0
1.0
1.0
1.0
1.0
1.0
1.0
1.0
1.0
1.0
1.0
1.0
1.0
1.0
1.0
1.0
1.0
1.0
1.0
1.0
1.0
1.0
1.0
1.0
1.0
1.0
1.0
1.0
1.0
1.0
1.0
1.0
1.0
1.0
1.0
1.0
1.0
1.0
1.0
1.0
1.0
1.0
1.0
1.0
1.0
1.0
1.0
1.0
1.0
1.0
1.0
1.0
1.0
1.0
1.0
1.0
1.0
1.0
1.0
1.0
1.0
1.0
1.0
1.0
1.0
1.0
1.0
1.0
1.0
1.0
1.0
1.0
1.0
1.0
1.0
1.0
1.0
1.0
1.0
1.0
1.0
1.0
1.0
1.0
1.0
1.0
1.0
1.0
1.0
1.0
1.0
1.0
1.0
1.0
1.0
1.0
1.0
1.0
1.0
1.0
1.0
1.0
1.0
1.0
1.0
1.0
1.0
1.0
1.0
1.0
1.0
1.0
1.0
1.0
1.0
1.0
1.0
1.0
1.0
1.0
1.0
1.0
1.0
1.0
1.0
1.0
1.0
1.0
1.0
1.0
1.0
1.0
1.0
1.0
1.0
1.0
1.0
1.0
1.0
1.0
1.0
1.0
1.0
1.0
1.0
1.0
1.0
1.0
1.0
1.0
1.0
1.0
1.0
1.0
1.0
1.0
1.0
1.0
1.0
1.0
1.0
1.0
1.0
1.0
1.0
1.0
1.0
1.0
1.0
1.0
1.0
1.0
1.0
1.0
1.0
1.0
1.0
1.0
1.0
1.0
1.0
1.0
1.0
1.0
1.0
1.0
1.0
1.0
1.0
1.0
1.0
1.0
1.0
1.0
1.0
1.0
1.0
1.0
1.0
1.0
1.0
1.0
1.0
1.0
1.0
1.0
1.0
1.0
1.0
1.0
1.0
1.0
1.0
1.0
1.0
1.0
1.0
1.0
1.0
1.0
1.0
1.0
1.0
1.0
1.0
1.0
1.0
1.0
1.0
1.0
1.0
1.0
1.0
1.0
1.0
1.0
1.0
1.0
1.0
1.0
1.0
1.0
1.0
1.0
1.0
1.0
1.0
1.0
1.0
1.0
1.0
1.0
1.0
1.0
1.0
1.0
1.0
1.0
1.0
1.0
1.0
1.0
1.0
1.0
1.0
1.0
1.0
1.0
1.0
1.0
1.0
1.0
1.0
1.0
1.0
1.0
1.0
1.0
1.0
1.0
1.0
1.0
1.0
1.0
1.0
1.0
1.0
1.0
1.0
1.0
1.0
1.0
1.0
1.0
1.0
1.0
1.0
1.0
1.0
1.0
1.0
1.0
1.0
1.0
1.0
1.0
1.0
1.0
1.0
1.0
1.0
1.0
1.0
1.0
1.0
1.0
1.0
1.0
1.0
1.0
1.0
1.0
1.0
1.0
1.0
1.0
1.0
1.0
1.0
1.0
1.0
1.0
1.0
1.0
1.0
1.0
1.0
1.0
1.0
1.0
1.0
1.0
1.0
1.0
1.0
1.0
1.0
1.0
1.0
1.0
1.0
1.0
1.0
1.0
1.0
1.0
1.0
1.0
1.0
1.0
1.0
1.0
1.0
1.0
1.0
1.0
1.0
1.0
1.0
1.0
1.0
1.0
1.0
1.0
1.0
1.0
1.0
1.0
1.0
1.0
1.0
1.0
1.0
1.0
1.0
1.0
1.0
1.0
1.0
1.0
1.0
1.0
1.0
1.0
1.0
1.0
1.0
1.0
1.0
1.0
1.0
1.0
1.0
1.0
1.0
1.0
1.0
1.0
1.0
1.0
1.0
1.0
1.0
1.0
1.0
1.0
1.0
1.0
1.0
1.0
1.0
1.0
1.0
1.0
1.0
1.0
1.0
1.0
1.0
1.0
1.0
1.0
1.0
1.0
1.0
1.0
1.0
1.0
1.0
1.0
1.0
1.0
1.0
1.0
1.0
1.0
1.0
1.0
1.0
1.0
1.0
1.0
1.0
1.0
1.0
1.0
1.0
1.0
1.0
1.0
1.0
1.0
1.0
1.0
1.0
1.0
1.0
1.0
1.0
1.0
1.0
1.0
1.0
1.0
1.0
1.0
1.0
1.0
1.0
1.0
1.0
1.0
1.0
1.0
1.0
1.0
1.0
1.0
1.0
1.0
1.0
1.0
1.0
1.0
1.0
1.0
1.0
1.0
1.0
1.0
1.0
1.0
1.0
1.0
1.0
1.0
1.0
1.0
1.0
1.0
1.0
1.0
1.0
1.0
1.0
1.0
1.0
1.0
1.0
1.0
1.0
1.0
1.0
1.0
1.0
1.0
1.0
1.0
1.0
1.0
1.0
1.0
1.0
1.0
1.0
1.0
1.0
1.0
1.0
1.0
1.0
1.0
1.0
1.0
1.0
1.0
1.0
1.0
1.0
