1 1 0 0
3 1 0 0
4 1 0 0
5 1 0 0
8 1 0 0
9 1 0 0
11 1 1 1
13 1 1 1
14 1 1 1
15 1 1 1
18 1 1 1
19 1 1 1
21 1 2 2
22 1.20711 2.41421 2
23 1 2 2
24 1 2 2
28 1 2 2
32 1.13807 3.41421 3
33 1 3 3
38 1 3 3
39 1.13807 3.41421 3
42 1.10355 4.41421 4
43 1 4 4
44 1.10355 4.41421 4
48 1 4 4
54 1 5.41421 5
55 1.16569 5.82843 5
58 1 5 5
59 1 5.41421 5
64 1 6.41421 6
65 1.13807 6.82843 6
68 1 6 6
74 1 7.41421 7
75 1.11835 7.82843 7
84 1 8.41421 8
85 1.10355 8.82843 8
93 1 9.82843 9
94 1 9.41421 9
95 1 9.82843 9
